61.3018   29.6901   90.9919 0.104382   0.0709804
63.0683   30.7201   93.7884 0.111088   0.072226
63.3089   30.7942   94.1031 0.110641   0.0747432
61.6347   29.7669   91.4016 0.106881   0.0724549
65.3399   30.1667   95.5066 0.109337   0.0735056
64.3182   33.0496   97.3678 0.110989   0.078752
67.3674   32.4455   99.8128 0.113528   0.0773247
63.1666   32.4264   95.593 0.107731   0.0768277
62.0321   29.903   91.9351 0.107668   0.0754855
65.8633   33.6629   99.5262 0.116602   0.0846713
66.4333   35.5793   102.013 0.118758   0.0886381
69.8637   39.9734   109.837 0.120833   0.0994813
69.68   36.914   106.594 0.124401   0.0990647
70.2139   32.065   102.279 0.124611   0.0964553
67.5207   32.83   100.351 0.123237   0.092301
71.4793   32.1677   103.647 0.123907   0.0913336
69.5095   29.4251   98.9346 0.119234   0.0843207
74.3251   30.6179   104.943 0.123573   0.0858846
73.3882   31.0314   104.42 0.121048   0.0883171
74.8173   31.0447   105.862 0.123961   0.0892946
73.0544   31.0878   104.142 0.125347   0.0865408
73.2391   31.1815   104.421 0.123206   0.0852729
72.6686   34.5272   107.196 0.12417   0.0979958
73.9534   32.966   106.919 0.124617   0.0881181
71.142   33.64   104.782 0.124548   0.092783
68.2628   33.2494   101.512 0.123101   0.0885035
71.875   36.0769   107.952 0.123811   0.0913986
72.6411   32.4661   105.107 0.123385   0.093347
78.1883   35.8566   114.045 0.125001   0.101326
73.1188   31.313   104.432 0.122628   0.0917733
71.6101   34.182   105.792 0.126267   0.097469
71.9836   35.3176   107.301 0.122187   0.105073
69.8805   34.5655   104.446 0.124876   0.107882
61.2226   41.7651   102.988 0.0992584   0.0885918
64.2362   42.1832   106.419 0.106332   0.0861467
62.2594   44.9006   107.16 0.105861   0.0887363
61.4716   46.4772   107.949 0.111462   0.0897134
66.6539   44.8321   111.486 0.114231   0.0927722
69.3228   40.9771   110.3 0.118866   0.0889518
69.4564   41.7733   111.23 0.120884   0.0944181
67.0755   39.8088   106.884 0.118788   0.0877489
69.3612   39.237   108.598 0.11349   0.0895548
71.3368   40.7321   112.069 0.11762   0.0908184
70.1605   39.0194   109.18 0.117996   0.0927268
74.2742   40.0465   114.321 0.122565   0.0969648
70.8315   38.258   109.089 0.120718   0.0948349
69.7236   37.3955   107.119 0.121006   0.0935823
68.7166   41.3981   110.115 0.121551   0.100807
74.9385   44.3915   119.33 0.126407   0.104042
68.6039   43.0061   111.61 0.1218   0.105472
56.3972   52.8853   109.283 0.0956696   0.0920144
60.0394   51.2482   111.288 0.0967078   0.0938611
61.7403   50.7044   112.445 0.0997822   0.0914829
62.1539   50.3513   112.505 0.101517   0.0931568
61.9931   49.2475   111.241 0.101845   0.0902465
60.7648   52.329   113.094 0.100877   0.0978355
65.7078   48.8092   114.517 0.103667   0.0947262
66.8064   47.4934   114.3 0.106725   0.0969186
65.6673   48.3849   114.052 0.107148   0.0977735
64.0406   48.0527   112.093 0.107909   0.0955322
67.2749   46.4367   113.712 0.109212   0.0946238
70.4046   46.5613   116.966 0.112324   0.0957972
71.3671   45.872   117.239 0.113497   0.0964845
70.4463   45.244   115.69 0.113464   0.0922219
67.6219   46.0529   113.675 0.111325   0.0980445
71.2901   48.7645   120.055 0.115668   0.104309
66.9003   49.2986   116.199 0.111873   0.104299
58.7952   56.3575   115.153 0.0926638   0.0965853
61.0274   52.6146   113.642 0.0943722   0.0908017
57.5678   54.9569   112.525 0.0902115   0.0947067
60.7933   53.4052   114.198 0.0945561   0.0942999
68.261   54.5729   122.834 0.103701   0.0957
65.5964   59.0121   124.609 0.105489   0.0981627
62.8991   54.2115   117.111 0.10238   0.0971184
63.2371   53.9143   117.151 0.10388   0.102474
66.0556   58.2168   124.272 0.107312   0.104111
61.059   53.6842   114.743 0.103443   0.0994397
61.6062   57.3015   118.908 0.105889   0.104603
65.5669   57.5526   123.12 0.110718   0.0998137
66.36   60.5864   126.946 0.110545   0.109079
68.6378   58.0373   126.675 0.110787   0.10477
63.2227   61.836   125.059 0.110969   0.11012
67.276   56.3282   123.604 0.113546   0.108033
65.5041   55.5914   121.095 0.11068   0.106504
70.3923   58.3036   128.696 0.11308   0.114097
55.4221   63.2522   118.674 0.0903425   0.0980604
54.419   59.5451   113.964 0.0938907   0.0948473
60.2292   61.126   121.355 0.100049   0.0986434
54.709   60.7737   115.483 0.0956637   0.0984456
56.6808   55.9025   112.583 0.0969676   0.0933367
62.4561   60.656   123.112 0.10329   0.0996266
63.2535   65.7252   128.979 0.101471   0.10382
63.5351   66.8082   130.343 0.100255   0.107059
63.4748   65.9567   129.432 0.102335   0.105123
64.4764   66.1314   130.608 0.104303   0.106292
66.7054   65.3754   132.081 0.106632   0.106619
65.9776   65.0783   131.056 0.104594   0.105887
71.8969   62.6144   134.511 0.11166   0.101925
72.9135   59.5037   132.417 0.112556   0.0985433
57.292   57.3125   114.605 0.0873886   0.0860549
62.1777   58.2554   120.433 0.0942801   0.0907876
62.1218   58.2981   120.42 0.0950698   0.0935614
65.8221   61.7519   127.574 0.0989641   0.0985402
64.2483   58.7389   122.987 0.0975408   0.0944287
69.456   56.5609   126.017 0.101229   0.0933348
61.9644   60.0274   121.992 0.0928862   0.0986157
63.6501   63.2695   126.92 0.0950569   0.104096
65.7792   63.6721   129.451 0.0980316   0.102148
72.9498   60.0361   132.986 0.10277   0.0995348
68.5726   56.2221   124.795 0.102282   0.0966491
71.1059   53.2719   124.378 0.105596   0.0917098
74.4977   57.0572   131.555 0.104326   0.0983671
72.9905   53.7108   126.701 0.109519   0.0894034
73.4323   56.3856   129.818 0.108068   0.0975529
57.5736   52.8861   110.46 0.0843075   0.0905946
54.9973   56.7936   111.791 0.085345   0.088928
60.6415   56.2108   116.852 0.0930513   0.0922548
57.397   56.6638   114.061 0.0881167   0.0948349
58.9679   55.0515   114.019 0.0905017   0.0968534
65.148   56.1655   121.314 0.0943567   0.101057
65.3035   52.1361   117.44 0.0958935   0.0918697
61.5408   52.1737   113.715 0.0907991   0.0911638
63.4971   56.2357   119.733 0.094186   0.0979432
61.009   59.4039   120.413 0.0945038   0.101993
62.3334   50.4938   112.827 0.0948918   0.0972906
65.3819   48.6534   114.035 0.0935197   0.0935867
62.0819   51.6626   113.745 0.092886   0.0940289
58.0311   52.0719   110.103 0.0837541   0.0861227
56.3073   53.4491   109.756 0.0857723   0.0878944
58.4153   57.3304   115.746 0.0873434   0.0998788
58.5061   54.9313   113.437 0.0925242   0.0948726
61.8116   54.2342   116.046 0.0937071   0.0935273
64.5836   59.4206   124.004 0.0974731   0.0995496
65.7484   55.0419   120.79 0.0979565   0.0987298
72.3879   52.1919   124.58 0.108772   0.0960882
67.7899   55.9275   123.717 0.109921   0.105268
74.8361   53.9351   128.771 0.111041   0.105859
55.5319   50.7837   106.316 0.0877189   0.0920384
56.2972   47.8427   104.14 0.0894269   0.0916176
61.7415   52.6267   114.368 0.0963908   0.0989472
59.1887   51.6654   110.854 0.0952251   0.0984915
61.7837   52.0367   113.82 0.100576   0.106676
62.306   50.7387   113.045 0.100231   0.10432
63.3923   47.1014   110.494 0.103752   0.101651
63.8417   50.3696   114.211 0.104425   0.104501
68.5688   54.4734   123.042 0.109579   0.109439
60.8637   44.6385   105.502 0.103727   0.0960589
53.2492   51.5583   104.807 0.0908069   0.0949857
49.021   50.6339   99.6549 0.0891129   0.100804
55.8304   51.4379   107.268 0.0971808   0.105644
57.7728   54.3099   112.083 0.0978489   0.108033
58.6431   47.4938   106.137 0.10171   0.102705
58.9614   45.8604   104.822 0.103514   0.095702
59.2731   46.752   106.025 0.101944   0.100852
61.6713   46.9654   108.637 0.105746   0.0994608
65.5385   46.4321   111.971 0.104331   0.0967454
65.0255   45.8207   110.846 0.104638   0.0989933
46.3219   37.0368   83.3587 0.0790026   0.0833474
46.1333   37.8343   83.9675 0.0826712   0.0902248
53.1975   35.4285   88.626 0.0879541   0.0874957
55.1651   40.3899   95.555 0.0927047   0.0957957
52.8647   42.3865   95.2512 0.0922136   0.107658
53.6524   41.0229   94.6753 0.0936996   0.104891
58.07   35.7031   93.7731 0.0983821   0.0940794
51.4255   36.7492   88.1748 0.0930659   0.0978116
48.9621   34.4544   83.4164 0.0930838   0.0904869
56.3469   27.1802   83.5272 0.0999473   0.0800989
43.4577   32.2096   75.6673 0.0807931   0.0899709
44.7633   31.3531   76.1164 0.0839837   0.0857031
49.4744   32.0085   81.4829 0.0878763   0.0864915
48.9706   29.7776   78.7482 0.0891726   0.0851195
49.0922   31.0401   80.1323 0.0884898   0.0865967
49.8616   33.9195   83.7811 0.0910506   0.0917364
49.2363   34.5816   83.8179 0.0894466   0.0942511
53.0937   32.6456   85.7393 0.091953   0.10016
47.5039   30.4231   77.927 0.0876133   0.0884136
51.0579   30.144   81.2019 0.0901649   0.0970396
44.8027   30.9901   75.7928 0.0797675   0.0912367
43.7281   29.2943   73.0223 0.082103   0.0934724
52.2894   27.7075   79.9969 0.0908651   0.0924769
49.9217   27.2726   77.1943 0.0886709   0.0946964
46.8196   30.7907   77.6103 0.0874253   0.100775
46.3127   26.0505   72.3632 0.0904714   0.101665
49.8846   24.6628   74.5473 0.0876808   0.091141
47.2095   27.9313   75.1409 0.0884488   0.0927181
50.0166   28.4587   78.4753 0.0896945   0.101217
51.2748   25.3839   76.6587 0.0928651   0.0906569
43.1097   23.8545   66.9642 0.0794923   0.0781315
45.2585   26.8278   72.0863 0.0842934   0.0871386
44.869   28.8155   73.6846 0.0874001   0.0964536
47.3157   28.5922   75.9079 0.0897036   0.0934997
43.7841   22.9932   66.7773 0.0884945   0.0882883
49.1957   23.3758   72.5714 0.0944064   0.0879137
46.2174   25.3255   71.5429 0.0938615   0.105406
47.8345   24.383   72.2175 0.0908193   0.0996036
47.8908   24.317   72.2078 0.0954211   0.10382
53.7872   21.2791   75.0663 0.100996   0.100137
40.5211   21.112   61.6331 0.0803353   0.0920916
45.092   20.5991   65.6911 0.0851376   0.090311
45.7505   20.1197   65.8702 0.0881513   0.0901724
47.6375   22.4092   70.0466 0.0878631   0.0996121
45.5402   19.7064   65.2466 0.0905071   0.0956468
49.258   16.9302   66.1882 0.0920768   0.0861001
47.7249   18.0158   65.7407 0.0908853   0.0929181
45.9499   18.0145   63.9645 0.0896875   0.0943499
45.5516   19.0869   64.6386 0.0905857   0.0866462
39.9684   20.6426   60.6111 0.0772337   0.0951899
40.0604   23.25   63.3104 0.0835753   0.098712
46.8214   22.0741   68.8955 0.0946079   0.0991202
46.716   19.4354   66.1514 0.0951446   0.0931038
47.1727   19.2502   66.4229 0.0941383   0.0933722
48.0925   19.5871   67.6795 0.0995497   0.0991918
52.951   21.8092   74.7602 0.103825   0.106617
51.8332   20.1691   72.0023 0.100109   0.102764
37.431   19.0002   56.4312 0.0801291   0.0919514
41.3339   18.1784   59.5124 0.0877135   0.095628
45.8127   18.4592   64.2719 0.094805   0.0966448
51.8321   21.8745   73.7066 0.104895   0.111624
47.7918   18.601   66.3927 0.102287   0.0966786
48.5603   20.692   69.2523 0.104863   0.108005
48.6333   14.3551   62.9884 0.105236   0.0880862
50.046   15.9551   66.0011 0.10464   0.0897696
36.8734   15.6304   52.5038 0.0835311   0.0725983
42.1013   15.7765   57.8779 0.0942165   0.0838541
45.3239   15.1623   60.4862 0.0971226   0.0901328
42.9975   13.9971   56.9946 0.0991791   0.0904792
46.2235   14.435   60.6585 0.105325   0.0970746
46.1299   12.8152   58.9451 0.103966   0.100119
49.8371   10.384   60.2211 0.113335   0.0894915
56.1899   11.577   67.7669 0.113523   0.0906577
41.9578   12.5368   54.4947 0.0867974   0.0879573
45.5305   13.6279   59.1584 0.0945336   0.0967432
50.0058   13.2422   63.2479 0.100386   0.0941164
51.3898   11.8351   63.2249 0.108425   0.0949593
53.7266   11.6083   65.3349 0.110784   0.102156
51.2348   9.81832   61.0532 0.11046   0.0847869
53.7864   9.17843   62.9648 0.112226   0.0850117
53.7692   10.222   63.9912 0.112753   0.0895357
37.8875   11.6134   49.5009 0.082132   0.0899795
43.577   13.7116   57.2887 0.093306   0.0961097
44.287   11.5015   55.7886 0.0995363   0.0823106
51.5689   11.5474   63.1163 0.107056   0.082777
49.0258   12.0725   61.0984 0.108697   0.0916436
51.4889   10.3188   61.8077 0.112528   0.0844421
56.1557   13.8287   69.9844 0.119078   0.103519
56.2941   11.3451   67.6392 0.119843   0.0919494
34.3415   14.6607   49.0022 0.0816747   0.0807305
39.465   13.5279   52.9929 0.0921147   0.0892144
42.1532   15.1712   57.3244 0.100634   0.0948202
50.0907   14.5506   64.6413 0.10596   0.0932729
51.6393   15.6112   67.2505 0.109684   0.0925564
55.1493   14.1461   69.2954 0.115674   0.0970465
53.7728   12.3072   66.08 0.114548   0.08979
54.1139   13.0601   67.174 0.120745   0.0890663
36.846   16.6609   53.5069 0.0844639   0.0855577
38.825   17.2815   56.1065 0.0868568   0.088517
42.484   17.7156   60.1996 0.091187   0.0981653
44.1535   15.6747   59.8281 0.100687   0.0892055
44.6459   16.5871   61.233 0.102446   0.0962502
44.1402   15.9559   60.0961 0.108746   0.0940981
41.8293   17.0612   58.8905 0.105951   0.105186
39.4111   16.5899   56.001 0.0854658   0.0834223
49.7528   18.1208   67.8736 0.106537   0.0938902
51.2337   19.233   70.4667 0.107974   0.0976018
56.613   18.3256   74.9385 0.113681   0.0962814
59.1669   18.0288   77.1957 0.114472   0.0952396
58.8858   17.0776   75.9634 0.117634   0.0931505
56.7961   18.8384   75.6345 0.117932   0.0889864
50.8551   19.7219   70.577 0.114779   0.0987155
49.6087   26.7815   76.3903 0.0935484   0.0934783
51.1385   26.9296   78.0681 0.0972092   0.091081
51.8249   24.4836   76.3085 0.0988187   0.0889414
53.0348   24.6548   77.6897 0.10201   0.0903217
49.2375   27.3416   76.5791 0.101277   0.0907856
61.6088   29.6302   91.239 0.114856   0.0952127
50.8137   29.0024   79.8161 0.109963   0.0928521
45.1144   30.8031   75.9174 0.106795   0.096987
52.4954   33.5344   86.0298 0.118043   0.108526
44.0163   29.1656   73.1818 0.0862098   0.0837747
48.578   32.6688   81.2467 0.0948048   0.0920247
50.2016   31.7083   81.9099 0.0940609   0.0902636
52.4634   27.9065   80.3698 0.102029   0.0881442
56.8402   28.1422   84.9824 0.105114   0.0877388
59.9885   25.8975   85.886 0.111109   0.0824522
68.1793   29.5068   97.6861 0.118821   0.0930814
67.0981   32.7122   99.8102 0.115851   0.0932127
71.3802   29.8581   101.238 0.120128   0.0961305
68.985   31.6215   100.607 0.122401   0.0941771
46.5372   30.3194   76.8566 0.0841012   0.0789121
50.9788   30.572   81.5508 0.0923529   0.0786586
50.9088   31.1215   82.0303 0.0972869   0.0802395
55.7594   31.3461   87.1055 0.10322   0.082015
57.4758   30.6015   88.0772 0.103293   0.0792715
56.9032   33.1223   90.0255 0.106202   0.083229
59.6052   33.6487   93.2539 0.106028   0.0858995
58.3365   34.6746   93.0111 0.109415   0.0873416
55.9666   34.8306   90.7972 0.107951   0.0842903
41.4335   36.7657   78.1992 0.0828218   0.079252
47.4666   39.8593   87.3259 0.0923774   0.0932019
44.6043   36.7704   81.3747 0.0849915   0.0813076
51.2735   38.9188   90.1923 0.092468   0.0899857
46.4539   35.4952   81.9491 0.089737   0.087188
52.8987   30.2256   83.1243 0.0933836   0.0793601
51.2098   32.9263   84.1361 0.095921   0.0841298
52.9067   31.527   84.4338 0.0980014   0.0826551
56.4471   29.3202   85.7673 0.105865   0.0808163
64.4622   27.8745   92.3367 0.110475   0.0779706
60.5401   27.5475   88.0876 0.107306   0.0785439
52.5419   30.4987   83.0405 0.0817899   0.0751816
53.3802   29.3782   82.7584 0.0870714   0.0708334
56.7856   29.1183   85.9039 0.0926692   0.0743023
67.8502   28.3628   96.2131 0.0998899   0.0735026
68.3842   27.1003   95.4845 0.103366   0.0748923
66.1646   25.9494   92.114 0.101309   0.0655894
63.0032   27.2623   90.2655 0.0991285   0.0710749
62.7466   28.8218   91.5684 0.100074   0.0748941
68.7855   27.0958   95.8812 0.103402   0.0670503
63.3307   27.606   90.9368 0.104368   0.0734594
67.5467   30.2021   97.7488 0.103918   0.0755052
67.0043   30.3699   97.3742 0.100251   0.0732452
50.2455   26.7158   76.9612 0.0810411   0.067592
53.2512   28.0016   81.2528 0.0848625   0.0709799
54.4292   25.0081   79.4373 0.0835316   0.0686657
53.9706   26.9849   80.9555 0.0850601   0.0731628
55.4814   31.5049   86.9863 0.0865364   0.0774456
57.5778   29.4183   86.9961 0.0952575   0.0780786
64.1041   29.9164   94.0204 0.0963971   0.0728601
70.1169   28.0928   98.2098 0.105664   0.0742542
67.1386   34.2747   101.413 0.105027   0.0852605
68.8151   29.9587   98.7737 0.10837   0.0811888
61.0077   31.5034   92.5111 0.100606   0.081827
64.2182   32.3316   96.5497 0.107418   0.0835441
57.1388   29.3261   86.4648 0.0910433   0.0719482
60.4412   29.4097   89.8509 0.0937799   0.0721711
59.227   28.5872   87.8142 0.0962172   0.0719476
64.2311   29.1532   93.3843 0.0970146   0.0703269
67.5736   33.6091   101.183 0.100136   0.0769086
68.1848   31.9703   100.155 0.102534   0.0783105
65.5211   31.2687   96.7898 0.100139   0.0717831
57.5184   32.9418   90.4602 0.0827008   0.070604
62.0932   34.3312   96.4243 0.0865691   0.0732633
61.3885   39.7643   101.153 0.0897492   0.077483
60.0051   35.5885   95.5936 0.0921974   0.0768926
66.3213   34.9117   101.233 0.0985995   0.0749018
66.3264   32.5884   98.9147 0.0959583   0.0742671
58.3997   34.5815   92.9812 0.0830591   0.0741915
63.5431   37.9665   101.51 0.0857262   0.0755051
71.1979   36.6189   107.817 0.0930853   0.0751671
71.6613   37.5665   109.228 0.0946857   0.0746849
67.9584   35.6882   103.647 0.0943721   0.0778274
72.9913   39.2476   112.239 0.0973542   0.0809785
56.0715   39.45   95.5215 0.0776291   0.0767808
57.4628   35.5608   93.0236 0.0838547   0.0722194
58.4086   38.8413   97.2499 0.0850404   0.0777604
57.794   39.28   97.074 0.086249   0.0840663
69.1209   39.9683   109.089 0.0938232   0.0808375
64.3959   40.4283   104.824 0.0926027   0.0824843
52.5565   42.1785   94.735 0.0779539   0.0778249
59.8683   40.647   100.515 0.0901292   0.0766563
62.1015   39.6227   101.724 0.0900395   0.0781293
68.4217   39.4401   107.862 0.0974112   0.0773185
75.8276   41.283   117.111 0.103637   0.0866986
66.1255   39.7788   105.904 0.0961173   0.0770311
64.7456   38.077   102.823 0.0933427   0.074505
65.7474   36.0706   101.818 0.0934283   0.073764
63.6045   37.0319   100.636 0.089241   0.0747844
62.2516   37.5297   99.7813 0.0899033   0.0733411
61.9802   37.2657   99.2459 0.0890753   0.0723095
56.5577   36.9698   93.5275 0.0835416   0.0718279
62.0264   37.1972   99.2236 0.0870017   0.0744143
64.3092   39.3605   103.67 0.0901067   0.0786737
63.1833   39.1085   102.292 0.0902189   0.0792473
55.7424   40.3069   96.0492 0.0898781   0.080646
50.3921   36.8259   87.218 0.0808602   0.0718695
54.543   40.0282   94.5713 0.0856338   0.0802598
55.6791   39.9137   95.5928 0.0867366   0.0815563
44.9355   33.3704   78.306 0.0753404   0.0704662
43.2403   33.4029   76.6433 0.0698063   0.0676995
51.1786   33.7573   84.9359 0.0771925   0.0725028
49.2763   31.9896   81.2659 0.0740552   0.0665064
53.1282   37.1086   90.2368 0.0825827   0.0739707
50.6631   34.4756   85.1387 0.0805882   0.0718541
43.735   31.5305   75.2655 0.0712103   0.0651083
58.2418   39.5377   97.7795 0.0908042   0.0838017
56.4885   35.0816   91.5701 0.0898068   0.0732699
62.328   39.0767   101.405 0.0917938   0.0766711
58.0333   34.2597   92.293 0.0886373   0.0677922
59.4347   36.5526   95.9873 0.0906142   0.0735599
46.3517   34.2532   80.6049 0.0742697   0.0653479
54.8643   40.3853   95.2496 0.0868891   0.075953
58.3033   40.2051   98.5084 0.0887707   0.0746316
51.6147   41.4933   93.108 0.0841589   0.0808102
55.0526   42.0933   97.1459 0.0857517   0.0801777
49.282   39.7973   89.0793 0.0774266   0.0781871
57.8492   41.3868   99.2361 0.0847785   0.0829633
56.9548   41.154   98.1088 0.0882746   0.082341
54.237   41.7906   96.0276 0.0879858   0.0859636
50.9665   41.5549   92.5214 0.0829623   0.0857391
50.5284   35.5819   86.1103 0.080327   0.0742217
62.1798   43.5101   105.69 0.0934473   0.0855151
55.6445   41.5259   97.1704 0.0893785   0.0809471
48.6565   35.9369   84.5934 0.0768839   0.0703463
55.8192   40.9604   96.7796 0.0868645   0.0781439
61.0219   44.7594   105.781 0.0927384   0.0876407
61.2131   44.8361   106.049 0.0976596   0.0886789
58.7956   41.857   100.653 0.094461   0.0855155
61.053   41.8845   102.938 0.0938968   0.0894286
63.7145   39.7743   103.489 0.0995151   0.0844914
63.7083   42.4204   106.129 0.103816   0.0933
61.6317   39.5929   101.225 0.106307   0.086779
58.9944   36.8393   95.8337 0.103473   0.0829181
50.1697   35.9197   86.0894 0.0854134   0.0797772
49.9698   37.1333   87.1031 0.0899276   0.0827637
51.4689   32.929   84.3979 0.0905665   0.0803538
52.4487   35.9843   88.433 0.0947411   0.0804299
54.7075   33.7516   88.4591 0.0957197   0.0743175
61.6532   32.9086   94.5618 0.105121   0.0790597
61.8154   36.4855   98.3009 0.10603   0.0809889
62.489   35.6688   98.1579 0.10837   0.0789352
46.9915   33.766   80.7575 0.0833035   0.0757935
50.2578   38.0011   88.2588 0.0881097   0.0810603
49.1176   35.1984   84.316 0.0891696   0.0752907
54.5098   36.3508   90.8606 0.0946762   0.0845859
57.4431   34.1695   91.6126 0.0971553   0.0756382
56.8563   29.8315   86.6878 0.0980281   0.0716365
44.5266   28.9074   73.4341 0.0812382   0.075919
47.8995   31.8894   79.7889 0.0865785   0.0793268
46.7143   29.0666   75.7809 0.0885075   0.0783467
50.8903   29.3627   80.253 0.093073   0.0815129
49.055   30.5987   79.6538 0.0920875   0.0806503
42.3703   31.1691   73.5395 0.0797935   0.0733392
42.2263   29.3163   71.5425 0.0757241   0.0689038
44.9784   28.3811   73.3595 0.0806499   0.0725488
53.0223   30.5766   83.599 0.0904432   0.0758725
57.5025   29.573   87.0754 0.100039   0.0804488
48.887   30.1812   79.0682 0.0850504   0.0740281
49.5295   29.291   78.8205 0.0856665   0.0697682
44.8901   27.8703   72.7604 0.0836357   0.0703145
45.9555   29.8746   75.8301 0.0847366   0.0753457
43.0388   33.1463   76.1851 0.0821717   0.0812079
43.891   27.551   71.442 0.0782969   0.0731627
47.14   30.1644   77.3044 0.0822483   0.0725354
48.0738   29.3448   77.4186 0.0875562   0.0734882
50.5431   32.8961   83.4393 0.0903847   0.0790013
49.472   32.1859   81.6579 0.0937324   0.078235
47.355   32.2778   79.6328 0.0902737   0.0784257
50.431   33.2072   83.6382 0.0940293   0.0857328
50.2521   32.7971   83.0492 0.091349   0.084095
47.4908   32.7553   80.2461 0.0912817   0.0850198
51.9808   31.9726   83.9534 0.0953776   0.0870002
50.4376   28.9001   79.3377 0.0953967   0.0817707
41.7756   30.1915   71.967 0.081381   0.0806899
46.1031   29.6953   75.7984 0.0886172   0.0822014
41.2711   27.1747   68.4459 0.0838163   0.0829003
38.1659   29.9853   68.1512 0.0868065   0.0910484
33.4966   23.4633   56.9599 0.0746481   0.0727442
34.6843   25.2844   59.9687 0.0792965   0.0774171
40.5755   26.007   66.5825 0.0895706   0.0832891
38.1348   22.8366   60.9713 0.0859665   0.0761219
34.7246   24.7773   59.5019 0.0812406   0.0785512
34.055   24.7431   58.7981 0.0806992   0.0763086
37.3191   28.9065   66.2256 0.0878441   0.0860314
36.9602   29.398   66.3581 0.0904999   0.0874159
36.377   27.3486   63.7256 0.0847291   0.0774016
33.9876   25.6462   59.6338 0.0871626   0.0763887
34.1493   28.5843   62.7337 0.086127   0.0789986
31.5972   27.5462   59.1434 0.0832088   0.0825478
35.6788   28.8597   64.5385 0.0926723   0.0838596
36.3392   27.1825   63.5217 0.0952356   0.0802859
41.6732   24.0005   65.6737 0.0984185   0.0748846
39.7599   27.5836   67.3435 0.0992137   0.0828337
36.948   27.0056   63.9535 0.0907813   0.0804535
34.5768   29.2626   63.8394 0.0893766   0.0815417
35.8022   26.978   62.7801 0.0913321   0.0788829
37.8651   30.2314   68.0965 0.0959304   0.0875547
38.4641   29.8313   68.2954 0.0958905   0.0824355
34.7502   28.8013   63.5515 0.0905346   0.0846267
36.7525   28.4631   65.2156 0.0915379   0.0834695
35.3354   29.7921   65.1275 0.0888717   0.0876238
39.2738   30.0808   69.3546 0.0966382   0.0798323
35.5842   29.7416   65.3258 0.0876027   0.0778576
33.4718   31.8053   65.2771 0.0824742   0.0764974
35.1735   30.8522   66.0257 0.084061   0.0796921
33.9237   30.195   64.1188 0.0803034   0.0758034
35.2191   32.3619   67.581 0.0818777   0.0818697
36.1346   32.598   68.7326 0.0841645   0.0846335
39.8372   26.4048   66.2419 0.0866654   0.0758322
34.4558   31.6964   66.1522 0.0785049   0.0815586
38.1484   29.5013   67.6497 0.0863867   0.0811367
37.7325   31.3678   69.1003 0.0833473   0.0819919
33.9424   28.9237   62.8661 0.0824755   0.0787331
36.2243   29.4919   65.7162 0.0839572   0.0796085
32.8813   27.0421   59.9234 0.0760203   0.0744278
38.9243   25.5683   64.4926 0.0853603   0.0763232
38.5952   27.9879   66.5831 0.0877163   0.0805175
38.9295   31.5004   70.4299 0.0843645   0.0805408
37.5717   29.9017   67.4734 0.0758257   0.0865463
36.0861   25.2081   61.2941 0.0750022   0.0695204
40.2017   33.3883   73.59 0.0816001   0.0873658
46.1636   32.4359   78.5995 0.0858744   0.082534
49.9947   35.6573   85.652 0.0858278   0.0815645
49.0859   34.8722   83.9581 0.0882046   0.0795564
51.39   37.9248   89.3149 0.090699   0.0873844
46.9339   32.94   79.8738 0.0852878   0.0800875
44.0332   35.6511   79.6843 0.0799514   0.0838849
43.6017   34.0294   77.6312 0.0855775   0.0812159
46.6917   31.6244   78.3161 0.0850142   0.0730167
45.9144   35.7727   81.6871 0.0863323   0.0821731
49.7724   34.9531   84.7256 0.0877434   0.0805371
51.8337   38.502   90.3357 0.0936049   0.087084
56.7219   39.5815   96.3034 0.09674   0.0856125
51.7493   39.7544   91.5037 0.0947789   0.0854016
53.418   43.4845   96.9025 0.0941785   0.091662
42.9913   35.6408   78.6321 0.0772652   0.0814922
44.6503   33.7155   78.3658 0.0841891   0.0774306
47.0751   33.5562   80.6313 0.0830249   0.0842592
42.549   41.0832   83.6323 0.0825927   0.0892144
40.2565   35.8329   76.0894 0.0753256   0.0806866
45.6837   34.6495   80.3332 0.0818412   0.0837753
50.8865   36.467   87.3536 0.0892433   0.081436
47.0329   34.4765   81.5093 0.0814845   0.0798066
42.8501   36.6795   79.5296 0.0762378   0.0773926
46.7763   38.4553   85.2316 0.0826144   0.0842394
45.182   35.8003   80.9823 0.0833617   0.0782349
47.7037   41.7109   89.4147 0.0888338   0.0833386
41.7161   38.404   80.12 0.077974   0.0850272
53.3476   39.9623   93.3099 0.097147   0.0927508
42.9732   38.3386   81.3118 0.0840663   0.0891973
38.465   39.5355   78.0005 0.075295   0.0796398
39.6649   39.6624   79.3273 0.0698151   0.0754038
36.9539   39.3588   76.3127 0.0717377   0.0790932
41.3855   41.5783   82.9638 0.077183   0.0876069
39.617   40.1568   79.7739 0.071498   0.0786002
40.0887   39.3373   79.4259 0.0710682   0.0789767
42.1164   41.1065   83.2229 0.0750356   0.0819087
44.1257   41.1901   85.3158 0.0777409   0.0801052
44.6063   39.8041   84.4105 0.0804498   0.0806505
44.5598   38.8141   83.3739 0.0794184   0.0798771
43.8357   35.1713   79.007 0.0760861   0.0773562
46.2903   39.3345   85.6248 0.0794586   0.0774302
47.9702   37.3917   85.3619 0.0791587   0.0739747
38.6221   34.0842   72.7063 0.0705826   0.0689964
42.7365   37.876   80.6125 0.0755863   0.0732895
44.5257   37.414   81.9398 0.0740861   0.0735339
41.0734   35.2423   76.3158 0.070472   0.0728398
38.7787   35.5202   74.299 0.0680209   0.0694795
40.9663   39.5276   80.4939 0.072829   0.0745804
42.251   37.4747   79.7256 0.0761827   0.0765727
50.1275   43.4727   93.6002 0.083872   0.0877054
52.9387   43.7982   96.737 0.0904575   0.094028
61.3991   46.7018   108.101 0.0952416   0.0990705
43.8865   37.5179   81.4043 0.0787672   0.0879119
47.2303   38.3278   85.558 0.0884876   0.0899449
42.066   33.2183   75.2843 0.0766828   0.0760642
45.1189   34.917   80.0359 0.0776351   0.0814232
43.0497   29.5945   72.6442 0.0741242   0.0698624
45.0595   34.5675   79.6269 0.0812981   0.0794654
40.8377   32.0934   72.9312 0.0764752   0.0754785
36.0632   28.2828   64.346 0.0708048   0.0650079
33.9331   27.6371   61.5702 0.0663553   0.0682138
38.8141   30.8614   69.6755 0.0732687   0.0756407
29.8781   27.8648   57.7428 0.0606456   0.0708426
34.4657   30.0016   64.4674 0.0688282   0.0717313
38.1177   31.8354   69.953 0.0723982   0.0750392
36.7334   30.0923   66.8257 0.067899   0.0728627
42.5509   31.4719   74.0228 0.0783626   0.0775935
43.2489   30.8945   74.1433 0.0797109   0.0789563
43.3487   31.298   74.6467 0.0825376   0.0768992
40.9914   34.5959   75.5873 0.0757416   0.0810208
44.3011   40.3631   84.6642 0.0833981   0.0879753
43.454   38.8356   82.2896 0.077977   0.0851906
53.8173   39.6572   93.4745 0.0950116   0.0942615
57.521   38.318   95.839 0.100456   0.0935042
51.3818   33.9262   85.308 0.0940951   0.0896628
54.4109   40.3111   94.7219 0.100003   0.0979938
43.3334   39.3157   82.649 0.0927512   0.107596
37.003   29.8943   66.8973 0.0828071   0.0815829
42.7035   32.1471   74.8506 0.0893171   0.0882354
38.8673   34.7082   73.5756 0.0874159   0.0924937
38.5187   33.4118   71.9305 0.087782   0.0887667
35.4842   27.5036   62.9878 0.0802206   0.0785069
34.0692   28.5125   62.5816 0.0797499   0.0808177
29.5682   25.7545   55.3227 0.0752436   0.0796532
33.1264   26.1716   59.2979 0.0828851   0.0838832
30.6635   25.1791   55.8425 0.0797637   0.0787549
28.92   27.6814   56.6014 0.0771201   0.0800039
29.5705   27.264   56.8345 0.0749885   0.0780832
29.7082   24.9338   54.6419 0.0767653   0.0756945
30.9468   23.2083   54.1551 0.0822687   0.0748253
31.1604   25.2388   56.3992 0.0829984   0.0828136
32.8726   25.1614   58.034 0.0860539   0.0778301
34.2598   27.3297   61.5895 0.089257   0.0844814
38.093   24.7544   62.8474 0.0939408   0.0772769
29.1369   24.871   54.0079 0.0817687   0.0835065
36.7812   27.1131   63.8943 0.088746   0.0868758
35.9737   27.0115   62.9852 0.0942337   0.0836484
32.3814   23.3278   55.7092 0.0864272   0.0770176
35.8069   23.3631   59.17 0.0900377   0.0757466
34.1357   23.6888   57.8244 0.0862011   0.0786023
32.3427   25.3108   57.6536 0.0903429   0.0821247
34.3649   24.4689   58.8338 0.0884934   0.0797899
30.7571   24.5639   55.321 0.086762   0.0803705
28.1425   27.0096   55.152 0.0787752   0.0822836
30.2301   24.8113   55.0414 0.0793963   0.0775958
28.8401   24.8879   53.728 0.0723051   0.0776936
28.7769   23.953   52.73 0.0766567   0.0748533
28.5019   24.3098   52.8117 0.0720958   0.0782504
28.0796   25.2029   53.2825 0.0724322   0.07963
30.3595   26.0226   56.3821 0.0768595   0.0830456
30.3707   25.0203   55.391 0.0743859   0.0774622
31.7153   25.1967   56.912 0.076867   0.0805263
32.6415   23.6736   56.3152 0.0793876   0.0776608
30.6104   23.7534   54.3638 0.0779551   0.0779227
31.6197   24.2872   55.9069 0.0789702   0.0804213
31.638   24.2324   55.8704 0.0791197   0.0794505
33.4617   22.0859   55.5476 0.0818801   0.0749947
31.0626   23.0948   54.1574 0.0796931   0.0781256
34.4098   20.1672   54.577 0.0839264   0.0702078
34.7814   23.7529   58.5344 0.08433   0.078768
33.68   22.6791   56.3591 0.0833958   0.0750608
32.5246   23.3408   55.8654 0.0808199   0.0767199
29.823   23.3839   53.207 0.0757784   0.0778599
29.4004   22.5216   51.922 0.0746835   0.0769529
30.9816   24.5332   55.5148 0.0761486   0.0803237
31.5769   21.8312   53.4081 0.0777755   0.0753841
29.7255   21.4274   51.1529 0.0791624   0.0739513
30.4654   21.7291   52.1945 0.0765462   0.0776041
28.3995   22.4309   50.8304 0.0736503   0.074373
31.0896   20.9236   52.0132 0.0765754   0.070292
31.1101   22.9113   54.0214 0.0771669   0.0776654
29.0642   21.0012   50.0653 0.0751983   0.0751384
31.0423   21.4811   52.5233 0.0772965   0.0749514
