1367         1367
1271         574
1290         587
1273         567
1299         572
1306         576
1329         597
1361         579
1352         593
1366         586
1311         576
1294         564
1309         559
1292         578
1296         560
1239         563
1267         547
1288         576
1328         582
1367         601
1398         606
1363         603
1344         582
1376         594
1323         585
1334         593
1305         571
1273         554
1302         580
1325         588
1385         625
1378         596
1317         567
1339         589
1310         559
1337         616
1303         604
1292         588
1216         551
1264         583
1263         583
1271         574
1255         564
1253         611
1295         606
1301         594
1280         606
1285         586
1259         576
1263         565
1242         592
1237         563
1228         589
1301         620
1330         618
1313         612
1297         608
1322         602
1325         633
1334         625
1338         612
1317         593
1369         616
1349         626
1352         628
1337         620
1321         607
1346         616
1318         598
1346         634
1351         646
1360         638
1317         642
1375         658
1327         621
1344         614
1310         608
1290         615
1270         590
1277         581
1324         592
1334         600
1304         619
1273         569
1326         592
1308         591
1317         622
1365         613
1325         579
1327         602
1349         571
1353         584
1352         604
1394         623
1417         633
1369         620
1396         618
1372         625
1395         630
1408         643
1424         647
1398         655
1455         659
1435         653
1419         665
1421         658
1457         686
1433         667
1455         669
1488         671
1490         709
1445         670
1445         673
1476         714
1441         666
1494         679
1510         682
1444         644
1427         651
1448         651
1471         651
1513         690
1463         681
1432         677
1498         674
1474         645
1492         656
1509         699
1496         668
1484         692
1514         656
1513         668
1448         632
1486         659
1459         662
1425         671
1440         665
1427         616
1488         673
1422         633
1405         629
1404         640
1376         621
1329         614
1329         621
1326         611
1319         611
1339         625
1332         586
1298         586
1289         550
1265         574
1319         590
1300         576
1262         569
1297         581
1277         583
1308         628
1343         621
1299         586
1319         558
1363         604
1335         595
1334         573
1312         572
1298         590
1312         552
1292         526
1270         563
1307         537
1331         533
1305         563
1329         549
1346         554
1336         547
1339         550
1305         577
1302         542
1367         566
1350         561
1320         532
1318         575
1247         563
1291         535
1230         511
1260         568
1243         533
1279         557
1249         552
1278         542
1275         536
1253         513
1263         527
1213         494
1242         521
1241         492
1270         526
1248         501
1306         532
1255         504
1279         529
1223         519
1249         542
1187         503
1202         534
1250         525
1233         512
1200         502
1177         517
1175         479
1144         494
1159         491
1128         501
1103         483
1147         510
1104         517
1080         467
1060         471
1060         483
1080         494
1042         467
1041         463
1013         462
1024         478
1025         441
1065         446
1052         466
1029         433
1026         438
1006         443
1027         439
1045         494
1029         483
1028         481
1028         498
1001         473
1039         484
1001         463
1031         479
1014         476
1024         461
1041         467
1008         444
1032         481
978         451
1008         457
989         471
986         469
990         420
984         428
993         418
1053         472
1044         470
1073         476
1080         469
1056         448
1052         436
1070         447
1095         465
1090         438
1074         435
1059         405
1030         394
1051         461
1081         467
1136         474
1149         498
1246         516
1199         500
1151         481
1131         443
1076         530
1074         526
1094         524
1104         519
1059         486
1086         536
1045         462
1007         422
1054         444
1040         510
1045         512
1078         533
1065         514
1065         540
1084         539
1078         573
1077         579
1120         594
1091         563
1111         553
1079         552
1051         523
1022         540
1028         556
1018         535
1068         562
1062         533
1040         518
1051         500
1032         513
1060         524
1067         554
1045         517
1070         566
1037         533
1068         539
1042         533
1120         583
1088         564
1149         642
1108         613
1163         612
1212         679
1198         661
1158         653
1143         635
1123         627
1166         665
1102         606
1147         650
1186         668
1154         620
1160         627
1174         651
1165         634
1199         641
1153         604
1226         665
1210         663
1218         639
1225         635
1170         606
1203         597
1217         627
1244         644
1202         615
1255         662
1263         674
1256         665
1283         654
1248         695
1286         717
1258         684
1250         650
1239         672
1298         691
1294         703
1377         741
1393         764
1323         756
1336         720
1373         749
1337         722
1284         685
1261         686
1268         670
1362         736
1289         695
1274         674
1266         664
1267         689
1276         702
1317         731
1280         687
1283         693
1289         703
1298         712
1293         692
1266         695
1264         677
1319         712
1313         713
1294         700
1198         620
1256         623
1254         636
1270         641
1229         596
1265         619
1275         663
1279         665
1267         643
1228         628
1240         614
1283         641
1251         629
1302         679
1314         654
1335         655
1270         624
1265         631
1259         656
1241         613
1265         642
1237         636
1258         682
1215         645
1206         616
1221         614
1224         629
1232         665
1249         622
1249         632
1237         642
1251         658
1207         626
1209         622
1231         650
1178         640
1172         613
1130         579
1153         570
1152         587
1121         555
1107         568
1108         553
1146         571
1138         586
1118         583
1134         576
1149         564
1167         570
1142         550
1138         575
1184         591
1155         580
1109         548
1141         553
1106         527
1137         546
1110         532
1139         531
1133         557
1185         557
1189         586
1175         574
1164         574
1196         578
1101         536
1138         542
1129         523
1119         560
1136         573
1113         549
1120         559
1122         527
1109         524
1122         536
1092         550
1035         520
1129         545
1078         528
1058         513
1046         520
1006         492
934         439
898         448
892         437
884         453
896         443
907         427
902         422
875         424
886         408
906         429
834         389
856         396
806         379
807         385
825         381
844         423
815         400
845         407
822         386
835         392
813         394
818         401
799         383
816         401
816         397
840         406
865         406
833         405
841         418
848         422
871         430
901         429
940         459
938         438
886         441
936         452
920         411
894         431
930         432
936         456
913         440
981         461
1008         495
1051         481
1063         492
1075         537
1172         582
1114         556
1151         566
1178         550
1177         550
1127         509
1144         549
1138         531
1134         567
1138         553
1224         586
1147         546
1143         567
1144         556
1120         530
1197         567
1167         515
1183         534
1192         558
1199         570
1187         577
1212         562
1229         566
1161         542
1161         537
1189         535
1143         549
1153         511
1126         510
1233         568
1210         515
1204         536
1238         554
1265         564
1250         561
1279         567
1246         554
1259         561
1259         576
1263         582
1315         606
1270         547
1252         565
1292         601
1268         582
1262         570
1250         562
1226         554
1327         597
1280         585
1392         644
1309         557
1242         533
1233         548
1245         581
1204         580
1219         554
1171         534
1148         509
1174         511
1147         529
1140         492
1114         500
1170         526
1199         541
1219         543
1178         542
1169         525
1176         541
1167         531
1161         557
1125         566
1154         572
1147         546
1089         544
1044         467
1012         446
969         478
971         444
965         438
955         442
960         427
933         392
928         399
891         384
876         375
879         394
874         387
886         376
868         375
867         382
880         383
857         405
823         356
907         414
856         381
864         374
898         397
905         396
861         358
889         388
837         354
831         357
902         380
896         398
870         375
891         395
886         387
876         395
865         408
889         412
876         411
859         392
857         400
863         399
871         408
850         389
866         410
862         412
848         403
846         402
852         393
846         393
867         406
872         406
816         375
847         398
827         385
853         406
871         403
821         386
846         401
