4340       4340
4035       417
4025       418
4086       425
4122       412
4158       410
4128       410
4111       419
4085       419
4098       422
4078       396
4040       397
4128       401
4239       401
4259       372
4240       332
4216       355
4142       352
4149       348
4164       356
4221       351
4202       347
4214       359
4213       365
4231       352
4245       374
4226       362
4242       375
4311       394
4340       347
4397       353
4374       341
4361       350
4348       336
4356       320
4296       471
4251       489
4343       506
4286       518
4274       483
4219       460
4180       442
4077       453
3980       438
4034       448
4059       420
4028       413
3961       403
4004       399
4015       410
4002       426
3883       407
3855       574
3854       546
3896       554
3916       540
3881       545
3889       534
3879       515
3846       490
3800       494
3695       503
3726       490
3768       486
3767       475
3857       490
3833       469
3749       467
3763       472
3786       583
3755       579
3780       580
3793       566
3751       570
3706       601
3715       558
3708       526
3672       559
3698       539
3658       547
3734       576
3723       555
3678       553
3696       561
3656       521
3655       521
3592       511
3620       645
3657       627
3669       619
3671       617
3681       598
3626       608
3612       633
3594       624
3618       627
3619       622
3615       613
3580       614
3549       614
3556       603
3537       666
3465       641
3416       623
3416       626
3448       622
3401       606
3353       608
3352       607
3394       623
3364       603
3319       581
3296       580
3324       580
3275       600
3345       578
3348       583
3367       638
3378       609
3316       597
3291       568
3239       555
3223       567
3171       572
3225       574
3155       582
3134       519
3167       519
3322       549
3316       604
3306       608
3371       574
3341       579
3309       579
3259       596
3187       557
3150       543
3100       531
3068       509
3034       551
3029       522
3028       531
2933       524
2919       487
2886       486
2826       463
2778       482
2760       497
2653       464
2647       542
2639       502
2620       486
2560       502
2488       462
2434       479
2441       463
2435       472
2380       479
2344       462
2225       444
2197       419
2153       404
2108       421
2121       393
2062       391
2020       379
1982       375
1931       380
1893       339
1900       358
1923       365
1900       370
1851       349
1868       358
1878       369
1825       366
1822       325
1843       344
1818       310
1802       339
1807       313
1781       299
1756       288
1758       305
1722       256
1713       270
1731       301
1673       281
1656       280
1701       305
1709       307
1690       298
1690       305
1614       260
1558       265
1532       240
1504       244
1480       234
1391       212
1389       229
1390       228
1369       223
1393       224
1383       206
1387       196
1338       193
1365       190
1364       220
1345       216
1342       235
1350       222
1301       208
1286       206
1282       197
1290       204
1281       196
1290       206
1298       190
1292       191
1292       195
1273       192
1244       191
1236       162
1200       177
1185       215
1097       188
1068       168
1037       154
1051       148
1025       128
960       116
975       127
970       142
943       140
928       140
911       124
931       113
926       115
929       107
934       114
963       129
990       142
998       139
1039       139
1063       131
1065       122
1100       133
1120       123
1138       181
1127       151
1171       160
1169       156
1223       168
1268       145
1209       137
1203       146
1245       194
1320       195
1284       180
1285       175
1320       172
1390       169
1353       162
1296       198
1309       193
1345       197
1386       190
1372       189
1418       183
1508       211
1512       199
1519       286
1556       295
1540       275
1511       272
1559       301
1563       311
1512       312
1518       317
1527       309
1463       348
1460       355
1468       351
1500       316
1572       320
1620       314
1620       317
1654       350
1652       310
1664       335
1690       384
1704       388
1779       387
1845       382
1862       386
1859       397
1805       391
1848       397
1829       413
1870       463
1796       427
1830       452
1806       432
1823       407
1786       380
1780       391
1746       381
1779       362
1759       357
1724       350
1738       405
1700       414
1748       391
1698       385
1648       361
1620       395
1581       383
1561       384
1543       404
1546       375
1578       400
1583       414
1560       395
1555       394
1572       364
1588       368
1617       406
1559       376
1614       410
1601       378
1632       402
1577       369
1649       385
1679       387
1687       407
1679       407
1696       397
1754       414
1722       437
1733       408
1714       435
1735       466
1761       468
1806       513
1775       462
1787       466
1797       438
1795       466
1790       502
1788       487
1812       503
1789       458
1795       484
1809       513
1814       492
1865       499
1828       467
1880       494
1874       490
1916       541
1890       530
1904       507
1907       510
1874       476
1867       516
1868       511
1886       489
1908       495
1902       511
1926       515
1866       514
1842       499
1843       500
1830       493
1832       499
1828       512
1808       498
1828       489
1770       473
1784       493
1714       465
1727       481
1767       501
1755       479
1763       484
1824       471
1799       478
1868       509
1861       505
1882       496
1909       524
1915       531
1932       538
1893       513
1874       525
1925       509
1901       498
1832       499
1862       486
1839       484
1874       479
1881       508
1890       513
1893       510
1901       524
1889       510
1873       505
1880       489
1880       468
1915       470
1886       454
1900       456
1826       444
1856       450
1870       448
1844       409
1825       447
1859       454
1830       416
1822       450
1862       451
1822       445
1831       468
1846       467
1799       429
1807       451
1800       416
1833       380
1810       402
1794       371
1728       360
1796       379
1785       425
1735       425
1753       391
1785       403
1797       367
1877       407
1870       419
1911       396
1892       396
1906       408
1855       376
1868       415
1868       399
1892       416
1856       411
1910       411
1856       387
1847       390
1815       385
1797       367
1843       353
1732       374
1732       361
1654       327
1568       329
1549       322
1562       326
1583       312
1600       300
1632       315
1605       324
1609       336
1596       336
1601       353
1561       335
1569       361
1565       333
1546       344
1530       338
1451       320
1462       333
1459       335
1494       358
1496       342
1540       345
1601       361
1558       340
1560       341
1545       340
1586       376
1553       382
1611       415
1628       387
1662       398
1635       395
1616       385
1554       348
1598       388
1587       363
1542       382
1614       367
1672       370
1634       363
1605       335
1613       347
1647       391
1599       345
1710       362
1698       382
1779       393
1925       437
1900       438
1925       434
1846       411
1817       425
1821       419
1838       433
1843       435
1899       434
1882       442
1891       462
1916       465
1970       474
1837       437
1825       435
1791       398
1804       460
1821       444
1848       413
1857       447
1806       432
1807       473
1810       456
1842       457
1887       500
1869       451
1855       430
1801       429
1914       496
1937       526
1862       497
1892       474
1944       510
1923       498
1909       501
1900       514
1848       493
1898       485
1802       454
1869       508
1876       505
1863       494
1857       516
1816       508
1794       483
1805       511
1879       530
1831       489
1838       495
1879       465
1853       471
1814       426
1778       426
1740       436
1736       428
1712       423
1749       435
1729       425
1726       435
1711       405
1709       408
1691       393
1682       418
1665       424
1653       413
1603       405
1653       391
1706       407
1798       427
1776       458
1786       455
1779       420
1713       409
1729       378
1715       411
1611       365
1555       366
1601       364
1641       375
1629       376
1634       350
1641       352
1582       323
1586       312
1593       319
1567       346
1591       349
1578       329
1534       310
1518       304
1514       323
1526       323
1523       320
1488       297
1489       312
1493       322
1455       302
1464       308
1474       301
1484       308
1468       306
1469       305
1483       328
1475       319
1475       320
1480       320
1460       310
1468       316
1480       313
1476       323
1481       312
1477       304
1478       304
1477       302
1490       305
1479       294
1462       295
1465       287
1470       301
1474       302
1458       304
1459       300
1468       292
1481       305
1467       289
1454       289
1475       280
1455       301
1469       297
1485       295
1469       279
1453       286
