0  1200819
111  1778
22  1714
140  3180
23  4611
28  2324
24  1832
29  3588
16  1678
49  1798
22  2517
74  2226
17  3581
54  2338
40  2341
153  2565
100  2179
128  9254
157  2380
162  2053
58  2721
34  2016
71  2444
29  8430
102  3014
29  1834
109  1989
61  1828
130  2123
77  1848
41  1739
158  1969
123  2334
41  2072
49  187557
108  1878
74  2443
26  2248
52  14123
26  1943
103  2391
23  2027
18  2163
99  12164
13  2967
16  2191
28  2615
37  2855
47  2097
14  1775
18  1556
36  316763
13  3265
20  2368
14  3920
14  2950
38  4304
101  2367
110  2738
105  2664
100  1803
93  2628
13  1905
80  1919
102  4801
105  2713
35  2131
29  1911
16  231338
39  2472
37  2089
34  2064
103  1628
26  3845
29  1804
150  2231
39  2123
52  5090
72  2107
23  2034
24  2630
147  3203
99  3612
142  2563
105  2709
101  2514
13  228797
104  8893
15  1576
20  3387
29  2051
50  1753
22  2890
106  2286
120  2763
68  21512
30  2841
151  2098
25  2000
141  2366
108  233648
20  3242
19  1590
102  4265
31  1870
74  2286
26  2428
34  2238
17  2533
13  1866
21  1948
24  2750
26  2455
78  3817
41  2283
38  213758
140  2321
80  2113
46  2328
25  1668
101  2466
45  2599
28  2099
61  1712
20  5570
32  2680
35  1645
27  1800
109  227859
28  1883
63  3329
19  2831
27  1913
27  3305
62  1858
32  2042
20  2461
22  1731
61  183039
101  2166
104  4902
67  2007
99  2331
31  3130
36  2782
47  2249
35  2247
27  1923
86  235389
29  1737
28  1590
30  1430
20  2018
20  3360
15  1803
22  2286
16  2360
48  2189
89  189993
81  2075
82  1941
34  1647
43  2909
21  2741
26  3008
31  2170
41  4408
74  2350
72  395992
23  4044
74  4268
36  2350
106  3295
33  1971
30  2104
38  2643
75  2450
108  4400
39  271237
87  3271
16  2505
41  1801
58  2308
44  2348
68  2580
87  6101
20  2266
103  2512
55  279712
39  2472
80  2530
27  2962
90  4359
69  1813
43  2317
67  1924
94  2616
29  2008
92  366304
59  2248
24  2630
20  2257
86  3144
91  2658
93  2358
29  2149
91  3225
42  259001
28  1790
58  2656
29  3177
23  2929
80  3122
77  2287
24  3432
70  582921
80  5007
45  3883
54  2281
70  2412
58  2419
23  1659
56  3423
46  266568
85  2145
20  2666
48  3649
77  2436
77  2111
48  2705
49  1823
72  572222
72  2208
63  2517
68  2809
56  1833
51  5225
49  2781
46  3060
40  170063
48  3162
53  6159
68  2672
70  2356
69  2892
63  2629
68  2723
61  237742
67  3296
50  1882
16  1889
53  2304
54  2505
55  2687
57  2211
75  207867
58  2492
60  3416
61  2099
43  1902
85  2797
85  3179
29  190288
84  3146
11  2197
56  5529
21  3218
87  8591
36  2714
63  1723
32  202681
67  1900
68  2346
39  2554
60  2024
16  1942
12  3784
54  2102
67  2462
21  166796
20  4049
15  1788
20  2822
16  1770
26  2549
34  2512
16  5856
49  2111
16  2322
93  228308
72  8405
29  3409
17  4695
32  2607
84  2320
71  2427
59  4750
30  2036
23  238551
26  2742
17  2266
65  1885
14  1833
57  1705
91  3656
26  2656
24  1732
18  2157
15  1966
65  165373
92  2482
35  2041
24  2505
20  3336
17  2007
67  1920
23  2247
35  1836
20  2709
12  2443
16  2055
65  235499
19  10797
12  22540
22  2259
14  1806
64  2835
24  1984
14  1906
30  2441
13  2231
14  2412
79  6160
15  242296
15  3253
17  2511
29  2052
30  2601
30  3632
22  2092
77  196731
49  2489
87  2748
21  1869
21  2598
105  2309
34  203839
24  3083
80  2863
103  2256
19  4142
27  3788
36  215169
54  25279
41  2229
112  4383
35  2810
20  2378
78  255548
116  2165
19  2428
27  1686
38  9288
22  2213
104  2420
108  2656
92  3797
42  2211
27  2127
40  1943
29  2147
78  4168
25  1897
17  2956
26  502376
78  4290
85  3432
42  3832
71  253656
81  3540
18  1978
74  2162
26  9790
75  608151
64  2314
15  1753
27  3887
17  6687
30  2487
32  262732
88  1960
21  2289
38  3310
87  2924
15  723572
22  1817
35  2936
15  3331
21  221475
10  1880
74  2709
16  2287
19  776390
36  2607
77  2712
20  1967
15  4805
79  2334
53  2977
31  2047
14  2786
18  2883
19  373203
30  4138
13  2309
103  3290
20  2178
46  2683
17  2113
17  2249
29  428634
31  2077
15  1645
18  2448
12  3127
21  2064
27  296662
99  2628
17  3574
19  4525
32  2754
35  463050
16  5008
97  3541
105  2371
14  2560
15  334831
27  1669
19  2675
73  1926
18  2802
73  669484
20  2287
20  2049
40  1850
16  2684
15  8218
19  2100
10  1913
24  1661
38  2573
13  2579
25  560191
23  1797
16  2540
14  3448
30  229936
25  2597
18  1605
15  2328
14  1188368
19  1786
13  9909
15  3108
62  283700
64  2728
60  2859
20  2404
59  2196
18  3333
19  6286
29  1860
15  2380
19  1768
58  1980
10  2033
22  3509
28  3325
20  591118
11  2518
14  2194
14  2359
17  2867
31  3275
18  1817
24  2753
18  2295
15  2010
66  470674
68  4008
14  1833
18  1857
28  2191
31  489145
68  3094
16  3874
14  2373
24  285821
14  2737
101  3182
18  2821
20  492534
19  4139
17  2555
18  3501
30  214887
14  2448
14  2535
35  2979
19  2543
32  2075
32  3357
26  2714
19  2968
18  395724
62  5896
51  1614
18  2584
27  231674
119  2111
23  2154
22  2166
17  523064
47  4606
29  2451
29  3583
18  258205
13  7744
20  2942
30  3582
24  431135
23  2791
23  5327
23  2137
90  300068
65  2135
24  3654
40  4486
39  2966
50  277737
110  2619
29  2256
59  2698
82  2851
17  3020
23  3325
28  2649
100  3449
14  2150
17  590523
12  2054
85  2510
92  715751
113  3315
32  260243
28  2494
19  7638
66  2226
18  4178
22  7640
106  2020
49  4419
18  750680
25  2470
18  2406
18  2469
45  2094
22  3043
27  3220
20  346610
19  2912
16  2357
78  2463
20  3437
17  3056
43  2032
41  526563
20  2227
26  2220
32  3285
29  2992
18  636812
21  3857
16  2103
64  2240
13  2655
23  3366
47  2688
21  2347
18  2569
20  2940
85  4042
19  3931
18  2555
62  555842
16  2798
26  2919
36  2907
26  2698
36  2453
23  3691
13  3111
10  2257
63  2917
13  2612
15  2957
84  2973
14  3120
11  2606
14  1805
38  1976
18  2347
84  6749
20  4316
20  3366
13  2292
21  4337
26  3245
52  2861
16  3480
24  2892
23  2722
70  2854
21  3598
22  2693
17  5568
17  2345
15  2982
13  4365
17  2152
13  7020
39  6747
20  2566
17  2547
