1592
1518
1510
1558
1562
1561
1554
1583
1542
1561
1585
1569
1592
1591
1601
1608
1620
1593
1626
1641
1582
1608
1605
1540
1537
1496
1492
1561
1559
1564
1540
1581
1560
1554
1570
1561
1609
1658
1641
1622
1684
1705
1668
1654
1595
1646
1671
1705
1636
1644
1591
1595
1563
1630
1625
1646
1620
1631
1611
1637
1661
1640
1614
1622
1633
1606
1599
1604
1601
1568
1627
1599
1588
1576
1563
1560
1538
1599
1517
1560
1580
1600
1600
1602
1551
1594
1570
1570
1565
1540
1538
1529
1514
1468
1496
1525
1490
1514
1500
1498
1508
1500
1514
1550
1498
1498
1541
1588
1579
1598
1566
1575
1549
1609
1583
1558
1558
1546
1581
1588
1542
1582
1555
1597
1596
1600
1577
1642
1589
1621
1565
1544
1570
1576
1610
1585
1559
1570
1592
1566
1582
1596
1602
1588
1578
1578
1604
1551
1593
1584
1587
1559
1541
1566
1528
1501
1493
1520
1502
1534
1573
1555
1540
1558
1531
1552
1503
1537
1559
1521
1524
1544
1518
1564
1580
1577
1524
1575
1533
1511
1543
1519
1585
1608
1516
1566
1607
1572
1573
1547
1571
1562
1595
1585
1579
1573
1555
1610
1567
1570
1585
1559
1594
1597
1615
1620
1579
1630
1611
1606
1580
1581
1624
1623
1596
1605
1644
1600
1636
1565
1642
1676
1616
1613
1603
1643
1625
1567
1608
1624
1616
1614
1607
1622
1547
1586
1556
1550
1577
1570
1588
1615
1635
1603
1584
1599
1587
1624
1645
1612
1608
1690
1619
1617
1635
1633
1646
1661
1608
1606
1605
1627
1595
1566
1565
1619
1615
1608
1547
1595
1577
1553
1531
1535
1536
1533
1619
1475
1500
1517
1494
1498
1551
1515
1465
1504
1466
1456
1447
1474
1484
1430
1460
1469
1470
1421
1514
1465
1449
1463
1440
1406
1376
1422
1470
1492
1486
1426
1473
1526
1511
1515
1473
1518
1522
1506
1535
1545
1503
1547
1544
1502
1541
1578
1544
1568
1525
1539
1544
1513
1552
1520
1537
1510
1517
1506
1508
1559
1538
1594
1623
1591
1568
1595
1538
1583
1561
1563
1589
1572
1585
1579
1570
1603
1601
1656
1660
1640
1649
1587
1578
1602
1626
1589
1585
1574
1555
1585
1558
1501
1561
1544
1559
1538
1549
1602
1552
1575
1572
1592
1580
1590
1589
1549
1594
1570
1549
1542
1563
1581
1594
1607
1595
1579
1597
1623
1653
1588
1613
1655
1680
1655
1594
1658
1618
1648
1561
1601
1587
1616
1639
1629
1605
1608
1554
1550
1563
1568
1564
1566
1537
1532
1557
1598
1569
1599
1552
1581
1580
1516
1570
1573
1529
1508
1510
1578
1548
1567
1600
1565
1555
1636
1607
1617
1583
1625
1613
1628
1636
1653
1683
1650
1686
1677
1653
1681
1653
1690
1644
1644
1660
1677
1686
1669
1691
1662
1700
1727
1685
1638
1649
1642
1661
1635
1667
1646
1674
1654
1686
1715
1687
1703
1706
1654
1688
1720
1695
1689
1671
1687
1679
1682
1668
1696
1748
1709
1652
1672
1662
1630
1637
1636
1722
1724
1782
1850
1810
1781
1779
1793
1762
1844
1812
1788
1748
1741
1806
1752
1716
1682
1639
1659
1584
1575
1618
1597
1617
1641
1619
1667
1706
1706
1656
1620
1700
1659
1665
1633
1563
1580
1574
1602
1562
1600
1564
1621
1608
1581
1624
1568
1550
1668
1637
1627
1528
1530
1525
1560
1496
1525
1508
1575
1575
1596
1554
1594
1591
1645
1624
1615
1685
1644
1651
1647
1665
1641
1647
1623
1626
1631
1615
1551
1542
1542
1538
1504
1503
1497
1531
1531
1508
1527
1508
1481
1496
1519
1485
1461
1520
1539
1502
1454
1497
1489
1530
1507
1474
1485
1509
1463
1469
1479
1518
1483
1438
1466
1492
1526
1462
1496
1507
1488
1511
1464
1530
1526
1568
1612
1618
1616
1600
1614
1569
1625
1585
1562
1562
1516
1541
1549
1519
1525
1522
1519
1506
1493
1504
1486
1511
1500
1499
1505
1485
1528
1508
1548
1551
1569
1533
1531
1573
1612
1563
1570
1552
1554
1571
1585
1587
1592
1575
1573
1607
1604
1616
1619
1620
1610
1609
1594
1604
1557
1589
1610
1571
1559
1537
1527
1570
1558
1523
1574
1609
1668
1629
1663
1699
1727
1726
1672
1663
1701
1693
1721
1700
1647
1667
1625
1641
1608
1626
1619
1601
1614
1690
1613
1613
1575
1613
1587
1580
1563
1607
1610
1634
1624
1678
1643
1660
1650
1638
1641
1627
1619
1617
1613
1596
1591
1619
1631
1632
1644
1683
1698
1653
1655
1637
1620
1519
1570
1569
1575
1621
1605
1543
1595
1546
1582
1620
1614
1612
1619
1605
1616
1591
1567
1574
1538
1572
1576
1625
1615
1609
1654
1613
1645
1677
1679
1724
1761
1687
1680
1675
1684
1602
1627
1619
1624
1666
1652
1622
1637
1594
1563
1568
1573
1559
1601
1610
1571
1567
1542
1593
1581
1587
1580
1582
1554
1545
1562
1549
1528
1542
1451
1507
1510
1519
1530
1498
1499
1467
1459
1386
1370
1396
1399
1429
1443
1429
1437
1419
1410
1432
1441
1472
1493
1452
1423
1422
1415
1472
1452
1474
1495
1515
1527
1525
1532
1460
1511
1521
1491
1467
1438
1428
1441
1447
1435
1455
1468
1488
1479
1465
1447
1467
1490
1469
1494
1507
1511
1538
1489
1507
1487
1434
1481
1465
1447
1381
1344
1374
1367
1397
1396
1384
1399
1377
1394
1396
1302
1348
1334
1345
1306
1367
1324
1354
1387
1340
1355
1298
1324
1358
1368
1333
1351
1362
1361
1348
1358
1315
1280
1239
1244
1127
1187
1204
1201
1178
1184
1203
1220
1224
1231
1191
1213
1192
1171
1126
1122
1137
1064
1050
1069
1138
1091
1093
1093
1117
1081
1090
1046
1112
1083
1099
1107
1142
1095
1082
1061
1075
1106
1065
1022
1022
1025
1024
1058
1084
1098
1114
1160
1148
1164
1182
1208
1157
1156
1140
1173
1155
1138
1162
1191
1191
1225
1244
1246
1250
1197
1176
1212
1192
1240
1230
1195
1176
1233
1217
1221
1194
1162
1168
1158
1220
1205
1232
1251
1340
1354
1379
1424
1373
1447
1483
1504
1458
1513
1466
1524
1475
1419
1458
1435
1381
1418
1402
1385
1400
1366
1424
1410
1435
1459
1532
1548
1478
1493
1450
1438
1410
1394
1378
1408
1477
1483
1480
1505
1517
1530
1534
1561
1541
1533
1522
1577
1551
1542
1570
1550
1514
1528
1497
1511
1507
1470
1447
1454
1460
1453
1430
1508
1504
1504
1487
1524
1515
1541
1512
1540
1561
1550
1575
1637
1654
1670
1634
1604
1629
1635
1671
1667
1626
1657
1693
1685
1657
1694
1703
1646
1680
1643
1655
1643
1629
1619
1648
1678
1607
1650
1682
1621
1647
1697
1772
1681
1656
1559
1584
1586
1628
1605
1579
1539
1561
1550
1561
1547
1521
1581
1513
1498
1511
1499
1474
1477
1490
1475
1433
1486
1483
1429
1528
1499
1551
1505
1540
1566
1509
1526
1494
1530
1506
1489
1471
1452
1444
1483
1465
1450
1470
1443
1410
1364
1340
1323
1297
1252
1235
1216
1231
1211
1233
1218
1235
1225
1265
1258
1224
1215
1207
1182
1141
1138
1161
1119
1119
1147
1109
1126
1137
1129
1119
1104
1107
1139
1107
1089
1137
1135
1142
1147
1191
1168
1165
1157
1166
1158
1179
1163
1162
1164
1146
1173
1164
1144
1141
1181
1123
1142
1195
1141
1157
1163
1166
1182
1157
1188
1177
1155
1167
1167
1175
1162
1179
1172
1157
1153
1163
1157
1134
1135
1120
1130
1158
1146
1112
1145
1133
1100
1138
1152
1102
1115
1099
1124
1098
1088
1087
1076
1115
1124
1117
1085
1075
1096
1094
1109
1067
1082
1091
1110
1105
1098
1070
1107
1071
1088
