14203
13737
13552
13556
13577
13631
13722
13761
13792
13725
13902
13897
13925
13954
13862
13707
13734
13736
13768
13692
13698
13699
13680
13887
13813
13829
14003
14021
13947
13958
13929
13824
13912
14036
13799
13893
13932
14078
14075
14250
14275
14348
14281
14360
14331
14297
14251
14199
14241
14339
14307
14202
14171
14120
14177
14146
14252
14237
14362
14439
14380
14264
14315
14352
14335
14266
14238
14268
14106
14006
13941
13874
13996
13924
13935
13879
13884
13848
13883
13834
13662
13670
13627
13484
13378
13248
13384
13447
13518
13586
13394
13362
13379
13422
13484
13370
13305
13195
13155
13208
13202
13222
13209
13157
13122
13013
13014
13138
13298
13219
13217
13355
13287
13375
13288
13353
13178
13101
13200
13189
13237
13218
13161
13091
13134
13111
13062
13128
13106
13166
13180
13273
13169
13037
12963
12999
12928
12973
13028
12992
13089
13103
13134
13095
13144
13113
13167
13117
12991
12907
12928
12962
13068
12923
12989
13130
13149
13071
13026
13014
13100
13053
13024
13051
13099
12980
13101
13105
13023
13035
13001
12998
13052
13135
13088
13200
13112
13105
13014
12991
13022
13015
13016
13001
13068
13110
13019
13183
13109
13052
13100
13082
13043
13152
13160
13051
12954
12812
12877
12863
12923
12797
12914
12999
13013
13046
12893
12821
12918
12836
12886
12910
12855
12910
12926
12808
12846
12990
13042
12979
12901
12909
12910
12990
12868
12893
12917
13058
12967
12952
12955
13041
12943
12989
12965
12913
13050
13013
12974
12936
12957
12888
12784
12841
12795
12856
12779
12816
12760
12799
12868
12808
12722
12669
12829
12896
13031
12910
13039
12894
12941
12844
12865
12894
12849
12810
12762
12858
12786
12824
12743
12673
12636
12498
12417
12421
12290
12288
12301
12079
12067
12059
11982
11954
11895
11889
11783
11737
11616
11683
11591
11543
11425
11355
11236
11087
11167
11083
11032
11107
10997
11003
10879
11006
10964
10861
10731
10684
10663
10707
10766
10778
10633
10631
10562
10497
10445
10335
10299
10176
10220
10226
10214
10150
10160
10198
10133
10042
10065
10052
10014
9925
9910
9892
9805
9718
9773
9810
9789
9729
9885
9690
9633
9589
9656
9610
9642
9680
9802
9738
9629
9631
9498
9468
9622
9579
9577
9539
9534
9476
9501
9509
9515
9533
9485
9454
9444
9467
9435
9426
9357
9313
9314
9362
9310
9320
9395
9288
9318
9319
9215
9251
9246
9260
9168
9283
9174
9116
9076
9137
9089
9154
9188
9066
9056
9010
8924
8942
8888
8817
8840
8823
8820
8674
8794
8781
8727
8765
8650
8555
8605
8604
8702
8631
8475
8552
8475
8524
8571
8546
8466
8449
8462
8400
8330
8275
8175
8272
8264
8312
8169
8124
8026
7981
7986
7956
8006
7827
7658
7692
7612
7659
7613
7639
7584
7508
7446
7499
7465
7484
7388
7399
7363
7366
7332
7388
7403
7450
7584
7586
7529
7574
7730
7773
7745
7708
7585
7531
7487
7408
7422
7350
7414
7380
7351
7329
7392
7389
7379
7435
7519
7555
7540
7615
7630
7619
7726
7950
7895
7878
7907
7800
7900
8014
8059
8086
8065
8011
8110
8295
8387
8323
8325
8422
8381
8533
8530
8501
8440
8491
8611
8675
8801
8755
8895
8956
9140
9069
8910
8875
9000
9069
9196
9209
9122
9072
9113
9100
8961
9061
9047
9160
9264
9191
9095
9005
8959
8637
8768
8815
8682
8679
8701
8733
8714
8677
8550
8437
8534
8486
8474
8500
8584
8390
8163
8106
8212
8394
8405
8326
8496
8480
8334
8170
8509
8428
8512
8509
8469
8644
8705
8850
8755
8892
8812
8994
8998
9108
9068
9130
9131
9131
9282
9292
9297
9369
9420
9386
9326
9478
9480
9225
9343
9468
9662
9751
9594
9543
9742
9716
9668
9665
9661
9657
9754
9782
9807
9554
9636
9819
9793
9868
10007
9949
10188
10196
10175
10020
10105
10174
10275
10201
10232
10129
10192
10160
10007
9997
9888
9847
9831
9883
9667
9582
9666
9575
9588
9470
9586
9574
9469
9381
9556
9742
9614
9562
9481
9448
9627
9610
9528
9579
9521
9462
9540
9622
9795
9546
9658
9690
9709
9710
9678
9545
9527
9509
9705
9711
9486
9653
9713
9643
9808
9920
9829
9857
9873
9864
9803
10025
9917
9822
9899
10009
10067
10043
10152
10175
10098
10116
10088
10189
10078
10233
10188
10103
10139
10160
10028
10200
10143
10186
10075
10168
10038
10015
9886
10156
10283
10103
10209
10167
10249
10152
10232
10142
10189
10215
10172
10128
10081
10004
10085
10217
10086
9930
9865
9867
9930
10004
9999
9986
10030
10038
10028
10007
9988
9986
10107
9989
10128
10037
10103
10329
10137
10326
10188
10052
10384
10239
10137
10130
10294
10593
10210
10117
10064
10190
10165
10167
10321
10195
10346
10185
10358
10239
10413
10311
10386
10335
10392
10662
10537
10290
10135
10294
10343
10544
10540
10430
10412
10537
10515
10393
10484
10466
10363
10427
10084
10179
10174
9913
9946
10032
10139
10028
9807
9845
10192
9827
9928
10255
10063
10136
10016
10278
10259
10231
10304
10432
10295
10085
10143
10237
10261
10250
10275
10264
10198
10208
10108
10068
10145
9898
10034
9945
9826
9708
9642
9653
9472
9621
9594
9603
9633
9607
9790
10001
9790
9728
9800
9809
9809
9595
9735
9762
9732
9560
9765
9696
9686
9755
9689
9699
9643
9754
9510
9618
9610
9751
9728
9807
9906
9895
9891
9892
9751
9880
9619
9723
9619
9674
9739
9920
9817
9732
9794
9658
9902
9964
9770
9682
9596
9551
9548
9465
9573
9538
9569
9373
9456
9383
9390
9458
9369
9424
9480
9264
9313
9331
9199
9138
9073
9152
9252
9031
8973
8932
8775
8651
8694
8592
8464
8265
8425
8447
8482
8369
8330
8268
8368
8406
8278
8500
8406
8274
8395
8334
8382
8111
8047
8060
8087
8041
7843
7868
7826
7779
7818
7833
7888
7999
7786
7785
7764
7907
7898
7848
7809
7890
7940
7912
7831
7664
7675
7709
7597
7583
7609
7608
7700
7710
7937
8052
7837
7917
7679
7828
7776
7891
8027
7921
8096
7955
8080
8123
8081
8151
7982
8125
8166
8272
8201
8316
8503
8333
8431
8502
8583
8721
8664
8634
8865
9005
8943
9071
9103
8984
9198
9004
9169
9496
9213
9523
9613
9771
9654
9847
9750
9816
9763
9685
9681
9514
9443
9462
9568
9506
9496
9610
9596
9599
9772
9867
9919
10193
10205
10190
10073
10013
9810
9729
9714
9728
9671
9773
9864
10106
9896
10156
9959
9867
9954
10059
10059
9846
9943
9844
9978
9825
10057
9931
10076
10045
9806
9977
9843
9843
10068
9870
9828
10193
10109
9979
10150
10056
10423
10057
10264
10087
10227
10332
10108
10265
10118
10073
10072
10021
10078
10145
10148
9886
9992
9900
9858
9927
9946
9866
9842
9749
9640
9732
9666
9749
9728
9840
9788
9927
9879
9932
9792
10113
10152
10260
10326
10229
10182
10102
10333
10153
10120
10159
10235
10033
10090
10262
10149
10178
10074
9892
9888
9939
9828
9765
9866
9719
9881
9769
9718
9683
9680
9686
9463
9550
9530
9412
9425
9428
9624
9558
9597
9698
9640
9550
9695
9782
9732
9656
9664
9416
9436
9405
9356
9194
9007
9100
9036
9014
8981
9028
8988
8993
8931
8832
8820
8749
8790
8773
8839
8691
8654
8693
8646
8634
8642
8591
8595
8584
8523
8505
8469
8506
8371
8379
8336
8330
8278
8274
8141
8081
8190
8233
8163
8067
8213
8165
8139
8074
8139
8169
8161
8157
8130
8145
8110
8126
8135
8225
8206
8141
8186
8077
8139
8227
8177
8156
8146
8154
8228
8198
8184
8166
8078
8130
8110
8178
8136
8140
8094
8154
8117
8119
8127
8123
8141
8143
8202
8141
8147
8114
8155
8135
8114
8111
8114
8145
8130
8200
8145
8134
8157
8185
8188
8151
8130
8170
8161
8129
8148
8155
8178
8146
8166
8161
8142
8125
8149
8142
