0.0352579 0.112089
0.0347035 0.110504
0.0345783 0.111423
0.0348952 0.114931
0.0342995 0.115048
0.0338604 0.114518
0.0337694 0.113249
0.034165 0.115035
0.0331221 0.111804
0.0338443 0.113734
0.0342022 0.114012
0.0338987 0.112902
0.0342926 0.114327
0.0342312 0.114017
0.0346334 0.115496
0.0346851 0.117312
0.0349349 0.117955
0.0341875 0.115973
0.0350363 0.1181
0.0355333 0.119851
0.0340801 0.115491
0.0345576 0.117381
0.0347147 0.117325
0.0333507 0.110895
0.0335304 0.111272
0.0331457 0.108178
0.0332153 0.106549
0.0350118 0.111333
0.0351943 0.11178
0.0354111 0.11205
0.035143 0.110561
0.0359482 0.114366
0.0355742 0.112133
0.0353809 0.110715
0.0356502 0.113776
0.0355168 0.112359
0.0365217 0.11549
0.0372442 0.117772
0.0366663 0.11659
0.0357355 0.113825
0.0369128 0.117968
0.0371484 0.118832
0.0365149 0.116799
0.0361799 0.115181
0.0347321 0.111297
0.0359161 0.115129
0.0363253 0.117255
0.0373061 0.120079
0.0357635 0.11488
0.0356957 0.114652
0.0345547 0.111204
0.0347775 0.112308
0.0339635 0.110296
0.0354163 0.115439
0.0353384 0.114622
0.0356609 0.116358
0.0351998 0.113668
0.0353942 0.114561
0.0351708 0.112171
0.0353579 0.113374
0.0360491 0.115508
0.0355401 0.114975
0.0350572 0.112749
0.0349163 0.113016
0.0351266 0.113917
0.0346494 0.112575
0.0345319 0.112305
0.0347705 0.112419
0.0346807 0.113498
0.0339218 0.111952
0.0351837 0.116706
0.0348822 0.115252
0.0344476 0.113461
0.0340337 0.113186
0.0337785 0.112164
0.0336926 0.1124
0.0334159 0.110775
0.0346044 0.115468
0.0327568 0.10927
0.0336062 0.112766
0.0341732 0.115649
0.034436 0.117045
0.0345334 0.117414
0.0346274 0.118807
0.0333958 0.115937
0.034206 0.12032
0.0337207 0.117304
0.0336874 0.116755
0.0337728 0.115772
0.0332054 0.113352
0.0330206 0.114828
0.0327971 0.114429
0.0325724 0.113162
0.0314522 0.109373
0.0322101 0.110946
0.0326657 0.114061
0.0319037 0.111988
0.0324315 0.11474
0.032164 0.114025
0.0320188 0.113416
0.0323584 0.114225
0.0321543 0.113447
0.0325507 0.114619
0.0331437 0.117808
0.0320277 0.114159
0.0320943 0.115116
0.0329922 0.118411
0.03386 0.120871
0.0338464 0.11874
0.0341906 0.120887
0.0336774 0.118484
0.0338513 0.117933
0.0333305 0.11658
0.0344392 0.120299
0.033866 0.11913
0.0334199 0.116678
0.0332522 0.118227
0.0330964 0.118006
0.0336964 0.119773
0.0340159 0.120403
0.0329107 0.116492
0.0337227 0.119685
0.0331769 0.118152
0.0341385 0.121992
0.0341244 0.121517
0.0340882 0.122035
0.0337427 0.120732
0.0349518 0.125076
0.0338143 0.121242
0.0345415 0.12312
0.0333426 0.118741
0.0328692 0.116326
0.0335134 0.119219
0.0337488 0.120887
0.0345094 0.1242
0.0339175 0.121932
0.0334786 0.120591
0.0337831 0.121021
0.0339026 0.122198
0.0333504 0.120536
0.0335674 0.120865
0.0339864 0.121804
0.0342213 0.121974
0.0338643 0.121268
0.0337216 0.120055
0.0335466 0.120339
0.0341429 0.12182
0.0331396 0.118244
0.0340734 0.122623
0.0339441 0.122724
0.0337976 0.122757
0.0331935 0.120275
0.0327044 0.117922
0.0334023 0.121179
0.0325238 0.117638
0.0319022 0.114318
0.0318005 0.113545
0.0323322 0.116288
0.0320563 0.115308
0.0328804 0.117873
0.0333588 0.120076
0.0330261 0.11913
0.0327451 0.118243
0.0332778 0.119378
0.0327165 0.116879
0.0330332 0.119569
0.0320107 0.114724
0.0325801 0.117283
0.033116 0.119711
0.0323369 0.116686
0.0325439 0.117222
0.0328175 0.118788
0.0323027 0.116304
0.0331054 0.119071
0.033567 0.120721
0.0334585 0.11947
0.0324193 0.116229
0.0333347 0.120183
0.0324891 0.117796
0.0320324 0.116311
0.0327316 0.118492
0.0322965 0.116711
0.033674 0.121773
0.034101 0.123683
0.0322039 0.116009
0.0332392 0.119451
0.034095 0.123435
0.0333333 0.119244
0.0335559 0.119994
0.0329633 0.118526
0.0332332 0.119924
0.0331037 0.119401
0.0339441 0.122288
0.0337083 0.120514
0.033523 0.119985
0.0332326 0.120527
0.0330443 0.12004
0.0341044 0.125663
0.0333489 0.12169
0.0333164 0.122056
0.0334452 0.12265
0.0332055 0.121825
0.0337991 0.123432
0.0336607 0.122856
0.0342938 0.124107
0.0342502 0.124176
0.0334307 0.12247
0.0345867 0.127135
0.0339222 0.12471
0.0337878 0.125117
0.0332003 0.122614
0.0335213 0.122463
0.0342486 0.126332
0.0343187 0.125716
0.0336354 0.123472
0.0338329 0.125312
0.0347539 0.127978
0.0337225 0.123172
0.0344966 0.125441
0.0331231 0.120579
0.0347926 0.127277
0.0354416 0.129832
0.0341627 0.125174
0.0339129 0.124172
0.0337965 0.124573
0.0346347 0.127433
0.034282 0.125803
0.0331584 0.120003
0.0340808 0.124007
0.0341931 0.125386
0.0339996 0.124739
0.0339354 0.123764
0.0339187 0.12416
0.0339501 0.124875
0.0327886 0.119321
0.0334719 0.122822
0.0327173 0.119234
0.0327765 0.119112
0.0330504 0.121551
0.0331363 0.121367
0.0333915 0.122559
0.0340444 0.12531
0.0344131 0.127894
0.0336885 0.124835
0.0334488 0.123798
0.0336894 0.124378
0.0335887 0.124188
0.0340647 0.126717
0.0344633 0.128918
0.0339218 0.125947
0.0339821 0.124961
0.0354602 0.131949
0.0341367 0.12726
0.0340686 0.127634
0.0345841 0.127446
0.0344007 0.126628
0.0343611 0.126314
0.0348152 0.12866
0.0338705 0.123322
0.0337672 0.124554
0.0336683 0.124024
0.0341634 0.126674
0.033434 0.12398
0.0328771 0.121452
0.0327659 0.121799
0.033989 0.126386
0.0339907 0.126548
0.0339069 0.125058
0.0325746 0.120992
0.0335881 0.124376
0.0331776 0.123754
0.0327382 0.122544
0.0321936 0.121162
0.0321304 0.12282
0.0321521 0.123701
0.0323547 0.12342
0.033825 0.131733
0.0309607 0.120036
0.0315325 0.121941
0.0317843 0.12559
0.0314526 0.123809
0.0313297 0.124223
0.032466 0.129444
0.0318197 0.126736
0.0307237 0.123161
0.0312779 0.126503
0.0308814 0.124417
0.0303846 0.124052
0.0303221 0.12457
0.030851 0.126166
0.0311784 0.12803
0.0297625 0.123885
0.0304878 0.12779
0.0305101 0.12937
0.0306224 0.130829
0.0295113 0.128168
0.031497 0.135578
0.0304929 0.132184
0.030056 0.131345
0.0302029 0.131719
0.0299258 0.130945
0.0292636 0.127783
0.0287559 0.126482
0.029721 0.129202
0.0305334 0.134075
0.030928 0.137372
0.0310612 0.138477
0.0298276 0.133471
0.0307484 0.138141
0.0316302 0.142524
0.0312992 0.140349
0.031457 0.140564
0.0305431 0.138531
0.0315082 0.14279
0.0314853 0.144102
0.0312714 0.14347
0.0317175 0.14696
0.0320573 0.149492
0.0311077 0.145937
0.0319074 0.152024
0.0320365 0.151076
0.0312188 0.146881
0.0319922 0.150871
0.03266 0.155468
0.0320192 0.151969
0.0323139 0.153756
0.0314641 0.150498
0.0317601 0.153256
0.0322291 0.153403
0.0311804 0.150517
0.0319079 0.154983
0.0313131 0.153149
0.0318272 0.155096
0.0311764 0.152649
0.0314313 0.154717
0.0310894 0.15497
0.0311442 0.154303
0.0323116 0.158919
0.0317782 0.157115
0.0328166 0.16384
0.0337443 0.164188
0.0329638 0.16419
0.0322733 0.162774
0.0329907 0.166336
0.0320137 0.159279
0.0328362 0.164724
0.0323852 0.161896
0.0322514 0.161467
0.0328197 0.16211
0.0325796 0.161429
0.0329542 0.164607
0.0327797 0.16395
0.032601 0.165298
0.0329693 0.169307
0.0332599 0.16639
0.0341387 0.172878
0.0344234 0.173332
0.0339488 0.171926
0.0340653 0.17296
0.0328537 0.167476
0.0327013 0.166088
0.033269 0.168472
0.0336862 0.170888
0.0328938 0.166684
0.032794 0.167106
0.0324623 0.16649
0.0320916 0.164655
0.03275 0.167424
0.0321072 0.16513
0.0312078 0.15924
0.0324114 0.166827
0.0318929 0.16579
0.0323498 0.167382
0.0317146 0.164281
0.0319263 0.16638
0.0331122 0.171888
0.0321838 0.165194
0.0326033 0.169574
0.0324505 0.168706
0.0328742 0.170834
0.0327014 0.17146
0.033074 0.171873
0.0329367 0.171858
0.0320465 0.167279
0.0328897 0.173866
0.0324924 0.169126
0.032016 0.168847
0.0319017 0.169153
0.0323275 0.172212
0.0324128 0.173033
0.032866 0.175377
0.0333216 0.175552
0.032977 0.173596
0.0326348 0.174167
0.0329877 0.176347
0.033631 0.180133
0.0341458 0.185231
0.0328432 0.177589
0.0334314 0.181481
0.0341956 0.187706
0.0346335 0.190045
0.0341441 0.187578
0.0330062 0.180726
0.0343834 0.191146
0.0336152 0.183989
0.0341166 0.187678
0.0323115 0.17887
0.0331765 0.182658
0.032866 0.183468
0.0335904 0.188895
0.0339443 0.190471
0.0336877 0.189331
0.03335 0.18444
0.0332582 0.186305
0.0321899 0.183363
0.0321937 0.181244
0.0323134 0.184425
0.0325116 0.183951
0.0324987 0.182476
0.0324997 0.183244
0.0319377 0.18155
0.0319533 0.181323
0.0323459 0.183999
0.0331151 0.190238
0.0326616 0.188355
0.0331936 0.193233
0.0322889 0.189847
0.0329313 0.191127
0.0329002 0.191191
0.0315505 0.182387
0.0328459 0.19219
0.0327852 0.193624
0.0320929 0.190506
0.03156 0.188949
0.0315834 0.189081
0.0331534 0.198341
0.0326039 0.193355
0.032887 0.200204
0.0334176 0.208932
0.0329217 0.203458
0.0328641 0.204283
0.034424 0.213605
0.0339854 0.211086
0.0340995 0.211677
0.0334871 0.208729
0.0345936 0.216436
0.0343835 0.216626
0.0346118 0.217096
0.0348063 0.219156
0.0352264 0.220871
0.0360316 0.227802
0.0351475 0.223003
0.0359021 0.228983
0.0358234 0.227668
0.0353863 0.22545
0.0359495 0.227531
0.0354257 0.223288
0.0360172 0.226846
0.0353062 0.216772
0.035304 0.216715
0.0354799 0.220481
0.0360057 0.221415
0.0360349 0.218111
0.0358902 0.214718
0.0363828 0.218334
0.0355706 0.21562
0.0363831 0.224127
0.0370053 0.229319
0.0362436 0.225057
0.0351819 0.221112
0.0351262 0.222177
0.0353247 0.223401
0.035745 0.224036
0.0349807 0.221545
0.0357725 0.226772
0.035507 0.224587
0.0359876 0.226461
0.0353426 0.223846
0.0363558 0.228486
0.0368176 0.230666
0.0361815 0.224365
0.0366205 0.225414
0.0368618 0.22626
0.0357259 0.217203
0.0366996 0.221232
0.0373881 0.225751
0.0368054 0.219389
0.0367742 0.212453
0.0363379 0.211653
0.0369365 0.214141
0.0369173 0.212343
0.0366201 0.215641
0.0366111 0.211139
0.0372248 0.21163
0.0380157 0.2169
0.0372664 0.211353
0.0362384 0.204836
0.0367061 0.208713
0.0363955 0.204932
0.0355988 0.196504
0.0355653 0.195183
0.0357768 0.196564
0.0375 0.206847
0.037384 0.204702
0.0390712 0.212624
0.0403939 0.216805
0.0394275 0.212192
0.0386301 0.209505
0.038881 0.210782
0.038844 0.211165
0.0381873 0.204622
0.0398074 0.212565
0.0388316 0.205886
0.0385686 0.204226
0.0376757 0.196515
0.0372741 0.194395
0.038551 0.197593
0.0376596 0.193186
0.0370666 0.192593
0.0364527 0.189521
0.0352807 0.182111
0.0358555 0.182931
0.0338773 0.172249
0.0338542 0.171028
0.0348137 0.177373
0.0343323 0.176036
0.035111 0.177439
0.0358101 0.18033
0.0353085 0.180672
0.0364252 0.183975
0.038134 0.188571
0.0379491 0.186245
0.0368327 0.178756
0.035749 0.176259
0.0374186 0.186916
0.0366007 0.184231
0.0366716 0.185847
0.036016 0.18907
0.0343584 0.178262
0.0350162 0.17924
0.0347546 0.181295
0.0354229 0.184583
0.034501 0.17952
0.0352671 0.183213
0.0348772 0.179481
0.0366493 0.186816
0.0363119 0.18807
0.0355841 0.187389
0.0365223 0.190298
0.0354438 0.184775
0.0356404 0.182912
0.0383475 0.196235
0.0374394 0.190704
0.0370042 0.193921
0.033765 0.187186
0.0339615 0.188749
0.0339931 0.185704
0.0346351 0.185847
0.0329124 0.177989
0.033594 0.183161
0.0331181 0.177495
0.0345047 0.185731
0.0347077 0.188985
0.0349234 0.195349
0.0337459 0.18263
0.03455 0.189131
0.0343502 0.186913
0.0353916 0.193325
0.0345974 0.191758
0.0340244 0.186835
0.0355163 0.193567
0.0344264 0.185763
0.0346376 0.188578
0.0344755 0.185223
0.0347694 0.188947
0.0344263 0.182455
0.034377 0.183041
0.0339476 0.178195
0.0340602 0.179312
0.0339841 0.178642
0.0338015 0.17687
0.0323266 0.169861
0.0322095 0.166128
0.0320769 0.165949
0.0321079 0.16543
0.0314585 0.160529
0.0311994 0.159554
0.0311999 0.159493
0.0320052 0.164165
0.0320306 0.161532
0.0315805 0.159072
0.0320509 0.165528
0.0316162 0.161404
0.0311789 0.156422
0.0314497 0.154833
0.0317152 0.155779
0.0310995 0.154784
0.0305412 0.153097
0.0315857 0.156025
0.0322364 0.158399
0.0315812 0.155358
0.0303302 0.15044
0.0313245 0.154953
0.0311611 0.154189
0.0323078 0.156859
0.0316424 0.154058
0.0307705 0.150301
0.0309407 0.155432
0.0316127 0.1566
0.030546 0.148997
0.0305234 0.150005
0.0308414 0.149878
0.03166 0.151694
0.0309726 0.14906
0.0300944 0.141146
0.0303998 0.143782
0.0313577 0.146634
0.0320299 0.152295
0.0304577 0.144681
0.0314411 0.147041
0.0314804 0.146667
0.0312605 0.145868
0.0317671 0.147674
0.0308698 0.144535
0.0323577 0.150118
0.0322942 0.150197
0.0331669 0.15669
0.034002 0.161248
0.0342151 0.163633
0.0340849 0.164111
0.0336977 0.16275
0.0339168 0.163311
0.0328359 0.162305
0.0344032 0.169589
0.0334015 0.163977
0.0328227 0.163133
0.0329327 0.162912
0.0319346 0.160084
0.0324121 0.160755
0.0325906 0.161792
0.0319938 0.160418
0.0321452 0.162563
0.0320955 0.159272
0.0321427 0.155923
0.0317956 0.156647
0.0315371 0.156139
0.0317608 0.158633
0.0313933 0.157282
0.031757 0.156954
0.0318539 0.156087
0.0315234 0.157326
0.0318896 0.157115
0.0314066 0.155971
0.0322315 0.161488
0.0318426 0.158071
0.0329089 0.160881
0.0328212 0.158346
0.0330748 0.164362
0.0323828 0.158729
0.0325316 0.157998
0.0331633 0.162015
0.0341634 0.166014
0.0330221 0.1615
0.0332219 0.164484
0.0327495 0.162905
0.0329768 0.163424
0.0331302 0.161875
0.0334862 0.163217
0.0335901 0.167299
0.0339041 0.164923
0.0333129 0.162154
0.0333107 0.163124
0.0342403 0.163846
0.0340791 0.161694
0.0343523 0.164411
0.0344095 0.164249
0.0344051 0.164084
0.0340972 0.16322
0.0342581 0.164133
0.0337276 0.159002
0.0338797 0.161742
0.0329252 0.158522
0.0335927 0.160521
0.0341029 0.160855
0.0332374 0.156054
0.0330255 0.155233
0.0323797 0.151399
0.032386 0.150074
0.0332916 0.155476
0.0331609 0.154013
0.0325059 0.150971
0.0333453 0.15448
0.0341904 0.159655
0.035638 0.163002
0.0346227 0.159894
0.0353785 0.164605
0.0361374 0.167571
0.0367807 0.16998
0.0367939 0.172118
0.0354215 0.163922
0.0352443 0.163955
0.0361077 0.166994
0.0359494 0.16804
0.0366233 0.169256
0.0361594 0.169356
0.0349126 0.164453
0.0353943 0.168622
0.0346069 0.160004
0.0348504 0.159584
0.0341409 0.159161
0.0345172 0.159271
0.0344395 0.159241
0.033967 0.15621
0.0342966 0.158983
0.035985 0.165168
0.034095 0.159042
0.0340972 0.158308
0.0333955 0.154185
0.0343586 0.158573
0.0335553 0.156694
0.0334852 0.15673
0.0331749 0.156237
0.034268 0.159346
0.0343028 0.157581
0.0347098 0.162007
0.0347305 0.163545
0.0357851 0.170096
0.0349196 0.166515
0.0352959 0.16717
0.0350907 0.164934
0.0347152 0.163816
0.0349179 0.16433
0.034545 0.162213
0.0341374 0.161287
0.0342229 0.161249
0.0342136 0.161187
0.0338171 0.159792
0.0337993 0.159323
0.0343854 0.160186
0.0348036 0.16328
0.0346291 0.161137
0.0349408 0.163794
0.0357469 0.166584
0.0360555 0.164392
0.0351216 0.163066
0.0352045 0.160275
0.0348996 0.160679
0.0345755 0.161162
0.0323625 0.146283
0.0333482 0.153335
0.0332289 0.15478
0.0334857 0.155479
0.0344769 0.15747
0.0341453 0.151515
0.0328242 0.151126
0.0340761 0.157655
0.0329736 0.153617
0.0337904 0.15525
0.0343891 0.15937
0.0344842 0.158749
0.0343959 0.156186
0.0345136 0.158803
0.0343007 0.155132
0.0346945 0.158665
0.0341036 0.153601
0.0335367 0.153042
0.0335008 0.151157
0.0331423 0.149161
0.0336537 0.151358
0.0337401 0.152492
0.0345502 0.15637
0.0344563 0.151473
0.0344318 0.1527
0.0353615 0.160739
0.0345863 0.159151
0.0352717 0.159802
0.0357623 0.162139
0.035728 0.159237
0.0366419 0.163567
0.0376733 0.16884
0.0361823 0.162025
0.0358798 0.159438
0.0357891 0.159296
0.0360252 0.162032
0.0342249 0.152804
0.0349179 0.155456
0.0347253 0.156229
0.0344403 0.155749
0.0353851 0.165212
0.0349837 0.162295
0.034452 0.159426
0.0347861 0.165137
0.0340242 0.160265
0.0330801 0.155801
0.0332457 0.15465
0.0334311 0.156861
0.0331279 0.158968
0.0341081 0.162621
0.0342393 0.157967
0.0334163 0.159866
0.0333163 0.157836
0.032766 0.150366
0.0339833 0.158303
0.0337719 0.155979
0.0338401 0.158446
0.0337211 0.153726
0.0337875 0.154206
0.0331718 0.151891
0.0330291 0.149942
0.0332694 0.149732
0.0330087 0.150461
0.0324499 0.151512
0.0327423 0.152026
0.0309395 0.141741
0.0322057 0.146867
0.0320649 0.147317
0.0322211 0.147835
0.0322812 0.149065
0.0315196 0.146892
0.0317336 0.146846
0.0309396 0.145133
0.030972 0.144915
0.0292763 0.136619
0.0291496 0.138412
0.029565 0.139127
0.0296643 0.140674
0.0302844 0.14543
0.0304257 0.14864
0.0302159 0.148206
0.0305615 0.148866
0.0302901 0.14981
0.0300652 0.146554
0.0304979 0.14926
0.0305045 0.150057
0.0312136 0.152808
0.0315905 0.155408
0.0308405 0.148315
0.0300281 0.142286
0.0300844 0.14525
0.0300878 0.145456
0.0313485 0.150204
0.0306977 0.148027
0.0311806 0.15027
0.0316543 0.15581
0.0321499 0.155624
0.0319296 0.156423
0.0320978 0.1567
0.0323493 0.160251
0.0308609 0.149514
0.0319207 0.155837
0.0321035 0.157031
0.0313888 0.152845
0.0309886 0.151409
0.0303914 0.148263
0.0302799 0.148087
0.0303336 0.147734
0.0307506 0.152156
0.0303325 0.149199
0.0311503 0.151405
0.0311122 0.150549
0.0316044 0.152961
0.0314808 0.150811
0.0311689 0.14789
0.0307617 0.146235
0.0311088 0.148317
0.0315919 0.150627
0.0312626 0.150651
0.0317656 0.151215
0.0320631 0.156669
0.0320419 0.155405
0.0328984 0.159892
0.0317701 0.153918
0.0320925 0.154739
0.0316599 0.149899
0.0304918 0.146073
0.0314071 0.152178
0.0311696 0.149581
0.0307245 0.149824
0.029097 0.139467
0.0284842 0.134886
0.0289867 0.140635
0.0289141 0.14119
0.0294732 0.145581
0.0295256 0.146163
0.0291387 0.144952
0.0295117 0.147808
0.0291016 0.143842
0.0294466 0.146152
0.0291751 0.145888
0.0273875 0.13891
0.0283909 0.142555
0.0280854 0.142172
0.0282712 0.143237
0.0276502 0.138084
0.0287789 0.145907
0.0280206 0.140492
0.0286161 0.142827
0.0293278 0.149719
0.028223 0.143885
0.0285449 0.145215
0.0273183 0.141102
0.0278643 0.144889
0.028756 0.149675
0.0289108 0.149476
0.0281384 0.144077
0.028632 0.149596
0.0288933 0.151789
0.0288739 0.152373
0.0284941 0.153618
0.0288476 0.156976
0.027752 0.151254
0.0270785 0.148976
0.0261973 0.146385
0.0262874 0.150514
0.0237308 0.133769
0.0249207 0.140523
0.0251494 0.141948
0.0252433 0.143506
0.0247328 0.141417
0.0247559 0.143203
0.0251574 0.143762
0.0254363 0.145134
0.0255847 0.147862
0.0254829 0.144824
0.0249597 0.141685
0.0250692 0.146604
0.0247236 0.141989
0.0242378 0.140509
0.0235324 0.134335
0.0234483 0.138331
0.023578 0.141295
0.0222046 0.13201
0.021855 0.129838
0.022256 0.132944
0.0236306 0.145098
0.0227003 0.138663
0.0227519 0.139663
0.022786 0.140506
0.0232239 0.142875
0.0223754 0.138006
0.0225584 0.138185
0.0216563 0.130766
0.0229652 0.14282
0.0224405 0.139114
0.0228122 0.141551
0.0229606 0.140003
0.0236268 0.144594
0.0225992 0.139526
0.0223766 0.138558
0.0219351 0.134474
0.0222807 0.13539
0.0228579 0.139788
0.0219832 0.135998
0.0211941 0.133351
0.021258 0.13316
0.0213288 0.132961
0.0213009 0.13479
0.0220178 0.139523
0.0225359 0.142463
0.0228194 0.144322
0.0231963 0.144675
0.0242293 0.150454
0.0238214 0.144639
0.0241169 0.14456
0.0244392 0.150823
0.0247688 0.152583
0.0240651 0.150671
0.0238952 0.147675
0.0238429 0.146605
0.0243578 0.14865
0.0243168 0.143889
0.0237787 0.143669
0.0241445 0.143528
0.0248762 0.149717
0.0247542 0.147401
0.0255246 0.150806
0.025837 0.153941
0.0258495 0.152865
0.0259767 0.156602
0.0248707 0.147323
0.024585 0.144012
0.0252111 0.146518
0.0247889 0.145348
0.025684 0.14911
0.0256667 0.144655
0.0251786 0.143406
0.0249486 0.139485
0.0261091 0.145025
0.025687 0.141792
0.0257758 0.140007
0.0251617 0.137812
0.0245905 0.134584
0.0246185 0.131754
0.0245116 0.128595
0.025783 0.13642
0.0255324 0.132841
0.0262011 0.13534
0.0267428 0.139248
0.0285848 0.145684
0.0288804 0.150378
0.0294275 0.150398
0.0302233 0.149958
0.0292233 0.149029
0.0307545 0.151948
0.0315754 0.15427
0.0320163 0.153925
0.0310556 0.151025
0.0322018 0.153651
0.0311716 0.150359
0.032429 0.155257
0.0312865 0.151081
0.0301357 0.146515
0.0310167 0.150604
0.0304103 0.15083
0.0293561 0.146246
0.0302178 0.149863
0.0295083 0.14653
0.0293128 0.145697
0.0291837 0.14743
0.0289935 0.142144
0.030039 0.148395
0.0297996 0.14689
0.0303646 0.146848
0.0308947 0.147867
0.0324624 0.154451
0.0327363 0.151869
0.031293 0.144831
0.0316106 0.146516
0.0308708 0.143949
0.0305717 0.143613
0.0301334 0.143731
0.0296798 0.143283
0.0292191 0.141857
0.0299161 0.144737
0.0314617 0.152725
0.031663 0.151745
0.0313819 0.150041
0.0320738 0.148921
0.0323302 0.153294
0.0326518 0.15065
0.0328571 0.154032
0.0335317 0.158204
0.0327942 0.154812
0.0325422 0.152401
0.0324009 0.151307
0.0334919 0.160167
0.032763 0.155989
0.0328483 0.156644
0.033217 0.157346
0.0327377 0.157761
0.032113 0.150542
0.0324437 0.153862
0.0317544 0.148571
0.031914 0.150423
0.0319829 0.153681
0.0309865 0.147339
0.0307049 0.147008
0.0308685 0.147719
0.0310064 0.145014
0.0308165 0.147214
0.030421 0.145503
0.0318883 0.147945
0.0319219 0.148778
0.0317695 0.150716
0.0316558 0.146502
0.0323519 0.151551
0.0320255 0.145352
0.0325965 0.153227
0.0319129 0.147311
0.0326112 0.152672
0.0332807 0.152635
0.0328515 0.150019
0.0337158 0.155817
0.0344566 0.159474
0.0349041 0.163471
0.0353671 0.16579
0.0347482 0.162232
0.034505 0.160064
0.0349069 0.161639
0.0347112 0.161163
0.0355676 0.164663
0.0354809 0.168622
0.0347934 0.16273
0.0353569 0.167374
0.0361536 0.171739
0.0359283 0.169739
0.0357204 0.1666
0.0361402 0.171701
0.0364582 0.173034
0.0351484 0.168838
0.0357249 0.174274
0.0350829 0.168824
0.0352158 0.171219
0.0350813 0.16853
0.0346286 0.167455
0.0345092 0.164533
0.0349931 0.168369
0.0356399 0.169034
0.034417 0.162668
0.0350081 0.16613
0.0360983 0.171773
0.0347117 0.160289
0.0351495 0.162234
0.036515 0.1654
0.03802 0.171606
0.0361078 0.164337
0.0354976 0.16264
0.0334083 0.154326
0.0334544 0.153295
0.034226 0.15621
0.0351188 0.16087
0.034705 0.157988
0.0339096 0.154275
0.0331082 0.153394
0.0334792 0.154708
0.0331828 0.151043
0.0335216 0.153808
0.0330704 0.151994
0.0325278 0.150983
0.0338689 0.159826
0.0324302 0.153014
0.0319853 0.150719
0.032496 0.153744
0.032204 0.153507
0.0316683 0.149402
0.0317839 0.15197
0.0317244 0.150794
0.0315886 0.150988
0.0306118 0.147458
0.0317963 0.153465
0.031607 0.153202
0.0308107 0.147533
0.0327027 0.161471
0.0321916 0.156963
0.0333455 0.162749
0.032274 0.159902
0.033055 0.163395
0.0336941 0.166101
0.0323237 0.156796
0.0327918 0.159657
0.0319928 0.155674
0.0327799 0.157764
0.0323231 0.156224
0.0323872 0.155916
0.031505 0.151728
0.0309806 0.148436
0.0309964 0.148376
0.0315465 0.153583
0.031216 0.151594
0.0309083 0.153993
0.0312374 0.155786
0.0306669 0.153429
0.0299516 0.150705
0.0289824 0.148358
0.0284731 0.148773
0.0279864 0.145385
0.0274846 0.143537
0.0266032 0.138895
0.0262203 0.137513
0.025661 0.134692
0.025857 0.13696
0.0255028 0.13466
0.02617 0.138058
0.0257022 0.137908
0.0261354 0.140023
0.0258799 0.140016
0.0266484 0.143914
0.026639 0.143395
0.0256997 0.138477
0.0255935 0.1398
0.0254555 0.139473
0.0250212 0.135971
0.0240997 0.131969
0.023892 0.131804
0.0244973 0.134344
0.0235653 0.130253
0.0235937 0.130192
0.0241937 0.133621
0.0233096 0.130119
0.0237909 0.132393
0.0240147 0.134254
0.0236366 0.13273
0.0236026 0.133676
0.0230929 0.131758
0.0232896 0.132798
0.0238884 0.136735
0.0232534 0.133728
0.0228173 0.131617
0.0236737 0.139663
0.023817 0.140453
0.0239212 0.139438
0.0240577 0.139317
0.0247862 0.145902
0.024429 0.144787
0.0243576 0.141848
0.0241888 0.141702
0.0244316 0.143261
0.0243083 0.143423
0.0247517 0.144858
0.0244153 0.142367
0.024152 0.142385
0.0243194 0.1427
0.0239503 0.140959
0.0244824 0.144015
0.0243103 0.143527
0.0238512 0.140783
0.0238364 0.140258
0.0246566 0.143587
0.0234422 0.136851
0.0238727 0.140278
0.0247869 0.145981
0.0238868 0.141265
0.0241696 0.142155
0.0242024 0.141364
0.0242034 0.142595
0.0245953 0.144924
0.0240681 0.142033
0.024677 0.145695
0.0244775 0.143048
0.024025 0.140888
0.0242645 0.142595
0.0244526 0.14291
0.0246512 0.145457
0.0243106 0.142927
0.0246849 0.145376
0.0245945 0.143311
0.0241459 0.142207
0.0241203 0.141646
0.024258 0.143687
0.0241042 0.141894
0.0236897 0.139707
0.0237358 0.139796
0.0234398 0.137812
0.0236684 0.139111
0.0240429 0.142243
0.0239659 0.140734
0.0231643 0.135577
0.023958 0.140646
0.0236955 0.13907
0.022921 0.135568
0.0237697 0.139546
0.0240974 0.14161
0.0228944 0.135815
0.0233821 0.137468
0.0229264 0.135445
0.0236378 0.137999
0.0228236 0.135055
0.0227563 0.132683
0.0226988 0.133456
0.0224129 0.132284
0.0231698 0.136692
0.0233524 0.137324
0.0231551 0.136419
0.022598 0.133113
0.0224473 0.132226
0.0228996 0.134149
0.0226492 0.134052
0.0231374 0.136425
0.0222928 0.130952
0.022485 0.132679
0.0227733 0.133407
0.0229937 0.136263
0.0230631 0.135317
0.0229434 0.134542
0.0222648 0.131417
0.0231367 0.136246
0.0223736 0.131427
0.0227206 0.133628
