45153
43742
43669
44648
45540
46101
46018
46334
46555
46123
46342
46285
46424
46478
46227
46360
46372
46596
46409
46182
46420
46531
46234
46176
45839
45134
44919
44585
44297
44167
43821
43980
43852
43922
44039
43951
44056
44517
44755
45389
45621
45897
45680
45716
45923
45829
46001
45703
45745
46056
46043
45863
46020
46024
45984
46157
46023
46081
45805
46298
46076
46145
46039
46454
46489
46350
46305
46131
46164
46224
46243
45840
46099
46307
46272
46301
46026
46208
46311
46420
46235
46463
46332
46264
46443
46600
46559
46605
46339
46378
46577
46620
46481
46674
46445
46685
46703
46683
46636
46785
46603
46650
46512
46766
46772
46675
46708
46899
46652
46738
46500
46527
46474
46720
46743
46619
46854
46712
46919
46684
46854
46912
46870
46780
46770
46937
46736
46979
46992
46929
46937
46974
46847
46698
46654
46731
46567
46473
46958
46956
47129
46960
46813
46893
46795
47039
46979
46802
46752
46665
46956
46967
47119
46883
46981
47050
46949
47012
46855
46654
47154
47084
47030
46818
46796
46983
46953
47176
47077
47036
46829
47048
46993
47243
47070
47133
47009
47248
47185
47171
47141
47033
47069
47154
47075
47113
47133
47160
46877
46931
47272
47185
46989
47021
47102
47333
47058
47208
46988
47124
47391
46950
47161
47444
47093
47299
47232
47128
47491
47532
47590
47164
47418
47292
47450
47439
47304
47446
47425
47248
47194
47289
47303
47563
47431
47438
47401
47258
47182
47495
47530
47561
47378
47776
47181
47383
47559
47290
47715
47380
47557
47438
47511
47583
47356
47463
47248
47674
47732
47521
47319
47659
47427
47463
47276
47470
47903
47709
47475
47561
47671
47624
47706
47632
47763
47633
47513
47424
47491
47487
47532
47437
47556
47774
47773
47381
47864
47641
47570
47728
47500
47814
47773
47612
47683
48085
47472
47919
47721
47778
47597
48047
47888
48148
48004
48151
48068
48044
48210
48439
48119
48046
47851
47845
48144
48241
47841
47808
47905
48245
48276
48161
48227
48178
48340
48159
48396
48195
48316
48484
48195
48112
48168
48316
48221
48524
48468
48457
47907
48524
48640
48542
48292
48434
48264
48441
48420
48249
48398
48573
48097
48265
48585
48347
48042
48209
48201
48463
48416
48251
48097
48170
48158
48621
48136
48508
48223
48308
48407
48305
48255
48153
48269
48307
48332
48487
48455
48397
48525
48097
48162
48412
48192
48495
48518
48381
48223
48308
48443
48427
48316
48074
48244
48336
48465
48319
48382
48336
48349
48777
48500
48227
48367
48384
48412
48259
48410
48351
48248
48398
48508
48471
48294
48221
48133
48305
48311
48257
48287
48109
48285
48356
48126
48349
48276
48146
48370
48229
48125
48185
48125
47945
48136
48256
48038
48172
48066
48009
48024
48050
47799
47979
47643
47782
47810
47597
47479
47648
47879
47537
47316
47525
47285
47420
47272
46974
46912
47036
47003
46925
46709
46945
46961
46813
46713
46760
46661
46922
46564
46567
46787
46576
46788
46503
46478
46724
46725
46669
46491
46558
46945
46483
46468
46740
46600
46357
46516
46799
46375
46581
46626
46504
46281
46297
45995
46004
46053
45929
45985
45673
45480
45931
45560
45561
45981
45859
45587
45551
45665
45788
46028
45728
45920
46116
45609
45799
45907
46104
45755
46159
46141
46323
46663
46359
46396
46708
46847
46522
46295
46142
46456
46269
46757
46523
46476
46516
46054
45825
45853
45765
44737
44955
44960
45316
45432
45327
45403
45341
45491
45122
45289
45225
45274
45368
44843
44230
44283
44430
44466
44239
43490
43497
43724
43968
45254
45051
44862
45041
45454
45395
45534
45646
45379
45700
46050
46136
46317
46480
46940
47466
47443
47754
47665
47773
47887
47667
47910
47809
47739
47993
47779
47979
47874
48072
47901
47809
48174
47981
47836
47798
47751
47643
47697
47500
47568
47895
47750
47837
48123
47741
47560
47939
47790
47784
47357
47626
47903
47995
47734
47895
48127
47955
47947
47881
47783
48224
47580
47643
48001
47581
47871
47600
47565
47425
47284
47253
47276
47409
47289
47411
47481
47587
47783
47234
47453
47589
47430
47472
47544
47529
47478
47441
47421
47258
47365
47341
47354
47335
47580
47090
47552
47194
47283
47407
47358
47039
47256
47438
47340
47062
47432
47185
47332
47258
47390
47124
47419
47333
47246
46956
47279
47222
46933
47067
47042
47051
47086
47218
46967
47261
47344
47289
47302
47210
47266
47206
47468
47150
47159
46983
46853
47203
47060
46804
47050
47006
47015
46954
46910
47203
47185
47109
47094
46992
47014
47175
47098
46956
47087
47099
47107
47010
47134
47060
46964
47309
47306
47162
46946
47295
47185
47114
46895
46935
47076
46760
46891
47051
47031
47021
47184
46996
47098
47426
47249
47145
47195
47072
47084
46863
47128
47051
47081
47094
47065
47011
46906
46854
46937
47079
47218
47035
47017
47005
47008
46807
46886
46818
47108
46804
46866
46909
46792
46578
46652
46725
46984
46406
46711
46710
47033
46871
46730
46774
46637
46638
46893
46994
47050
46744
46625
46823
46802
46745
46808
46595
46623
47154
47082
47222
47080
47059
46849
47249
47164
47052
47060
46939
47022
47013
47034
47061
46876
46814
46897
46855
46822
46847
46777
46950
46927
47088
47095
46898
46793
47092
47143
47396
47526
47237
47415
47107
47342
46999
47218
47161
47186
47427
47293
47020
46847
46898
46954
47239
47159
47261
47081
47389
47267
47029
46956
47300
47273
47229
47123
47824
47511
47358
47309
47336
47378
47501
47340
47316
47160
47505
47056
47309
46709
47184
47082
46981
47002
47039
47157
47164
46989
47032
47001
47157
46750
46868
46958
46968
47029
47155
47001
47096
47462
47184
47401
47278
47399
47281
47497
47405
47317
47340
47849
47540
47480
47498
47575
47233
47500
47251
47316
47293
47479
47469
47514
47516
47225
47318
47373
47185
47139
47136
47308
47075
47384
47270
47295
47323
47491
47631
47874
47577
47629
47827
47819
47963
47841
48307
47717
48386
48213
48313
47849
47850
48223
47918
48044
48032
48158
48061
48040
47968
48097
48312
48319
48300
48421
48261
48176
48213
48335
48453
48354
48370
48248
48386
48446
48221
48076
48057
48073
48052
48101
48117
48025
47876
48192
48265
48365
48771
48078
48378
47813
48157
47498
47858
48127
47877
48113
47993
48148
48202
48120
48129
47834
48074
48086
48279
47922
47461
47137
47225
47378
47370
47453
47254
47444
47243
47318
47195
47021
46779
46878
46883
46861
47116
46983
47050
46967
46976
46948
46985
47030
46995
47145
47087
47007
47188
47043
46926
47512
47249
47972
47114
47405
47316
47259
47225
47193
47287
47231
47231
46970
47037
46792
46968
47161
47065
46946
46837
47161
46923
46922
46858
46687
46553
46990
47108
46974
47086
47340
46943
47265
47346
47146
47097
47143
47346
47119
47440
47126
47103
47087
47150
47007
47290
47115
47341
46974
47107
47306
47275
47379
47223
46904
47182
46714
47509
47387
47219
47024
46486
46667
47103
46981
46983
46733
46865
46828
46899
46388
46873
46711
46830
47026
46832
46996
46834
47042
46915
47095
47082
46692
47132
46595
46699
46857
46474
46607
46555
46651
46665
47348
46339
46357
46247
46565
46484
46626
46711
46567
46779
46760
46680
46654
46834
46498
46547
46545
46470
46967
46694
46812
46735
46920
46380
46724
46565
46513
46632
46589
46477
46684
46536
46698
46675
46592
45975
46691
46868
46586
47010
46931
46913
47059
47054
47076
47063
47062
47273
47190
47062
47101
47387
47608
47485
47115
47389
47254
47334
47470
47224
47627
47473
47416
47240
47345
47631
47393
47485
47428
47409
47577
47329
47346
47765
47410
47807
47532
47680
47606
47727
48028
47655
47740
47677
48051
47812
47829
47832
47725
47638
47633
47634
48112
47863
47849
47912
47881
47964
47868
47898
47905
47837
48211
47767
47870
48053
48175
48058
48072
48142
48085
48075
48095
47725
47665
47798
47762
47653
47917
47802
47943
48000
47869
47818
47782
47743
48164
47818
48005
47792
47815
47991
47876
47806
48134
47686
47936
47551
48108
47811
47888
48008
48123
48132
48240
48013
47890
47861
48302
47931
47863
48121
47907
48274
47912
47857
48058
47846
47869
47886
