1258
1201
1194
1227
1249
1253
1238
1260
1228
1233
1258
1253
1257
1270
1293
1274
1278
1244
1303
1279
1245
1256
1256
1221
1220
1159
1173
1234
1241
1279
1279
1279
1255
1260
1252
1264
1318
1310
1312
1304
1337
1382
1327
1315
1290
1333
1332
1339
1267
1279
1254
1237
1247
1317
1280
1299
1306
1316
1284
1307
1316
1319
1301
1295
1324
1303
1306
1312
1274
1290
1312
1304
1310
1274
1290
1275
1248
1278
1222
1279
1271
1268
1311
1302
1258
1294
1268
1261
1225
1215
1222
1213
1186
1163
1162
1191
1157
1173
1155
1204
1205
1200
1220
1219
1190
1207
1203
1227
1230
1262
1222
1229
1203
1254
1237
1212
1193
1190
1188
1208
1188
1213
1165
1255
1248
1236
1227
1275
1246
1212
1192
1190
1218
1232
1255
1221
1213
1217
1237
1207
1242
1230
1231
1214
1191
1192
1209
1193
1209
1213
1216
1181
1180
1199
1167
1177
1134
1180
1146
1179
1218
1186
1176
1170
1181
1182
1139
1166
1186
1151
1156
1123
1134
1196
1205
1182
1118
1186
1140
1124
1126
1128
1162
1187
1116
1127
1178
1152
1147
1136
1139
1150
1201
1169
1182
1178
1163
1180
1163
1132
1151
1153
1176
1167
1163
1172
1147
1175
1158
1159
1164
1144
1155
1185
1180
1177
1193
1164
1192
1130
1173
1208
1143
1170
1118
1168
1136
1118
1112
1114
1109
1109
1108
1133
1046
1073
1041
1053
1065
1084
1108
1108
1119
1126
1089
1098
1103
1135
1153
1128
1116
1129
1073
1095
1082
1117
1108
1164
1095
1106
1125
1124
1100
1055
1095
1113
1126
1074
1058
1077
1068
1064
1066
1047
1076
1051
1102
1014
1014
1030
998
1022
1043
1023
1002
1033
987
1000
980
986
1015
968
994
980
997
963
1014
983
974
997
965
940
926
974
973
989
982
970
993
1007
1010
1019
934
995
1007
1001
1017
1028
1007
1019
996
949
984
1009
991
1016
961
964
988
1010
969
979
958
977
962
964
944
996
969
1034
1019
1026
998
1049
997
1032
1001
979
1004
985
981
988
954
993
1003
1019
1059
1031
1050
1010
1016
1033
1006
1017
985
1009
974
1007
977
951
968
971
947
934
951
996
932
943
938
962
955
970
968
966
990
942
960
956
985
973
1011
1051
1014
1015
1015
1019
1068
1009
1015
1052
1059
1062
1028
1042
1037
1058
1026
1049
1050
1039
1043
1057
1032
1026
979
976
1006
1002
1009
992
991
1002
1037
1052
1048
1079
1049
1051
1039
974
1035
1047
1044
991
1016
1066
1042
1028
1101
1035
1044
1095
1102
1134
1110
1109
1122
1145
1148
1146
1199
1164
1218
1226
1190
1208
1203
1227
1220
1182
1208
1208
1251
1231
1280
1250
1282
1282
1269
1229
1254
1218
1246
1231
1262
1261
1280
1260
1307
1347
1328
1357
1342
1299
1305
1351
1367
1380
1371
1405
1369
1404
1389
1413
1430
1438
1371
1391
1371
1367
1349
1364
1428
1451
1491
1547
1541
1487
1487
1489
1484
1545
1550
1520
1497
1490
1533
1491
1459
1397
1356
1396
1316
1320
1339
1360
1374
1385
1325
1373
1387
1378
1297
1269
1330
1306
1296
1285
1242
1263
1242
1302
1264
1284
1301
1327
1313
1295
1313
1301
1287
1372
1360
1318
1239
1263
1246
1287
1240
1248
1246
1312
1305
1313
1286
1289
1327
1397
1392
1383
1434
1404
1408
1407
1425
1390
1393
1375
1335
1351
1337
1270
1257
1241
1248
1262
1247
1243
1271
1270
1229
1253
1229
1200
1239
1242
1252
1236
1278
1280
1229
1223
1282
1288
1287
1273
1250
1262
1268
1237
1249
1229
1267
1237
1197
1215
1217
1246
1210
1213
1209
1179
1184
1164
1180
1207
1215
1260
1258
1242
1208
1246
1204
1223
1209
1178
1175
1116
1193
1155
1150
1168
1156
1125
1123
1133
1146
1134
1164
1150
1133
1130
1126
1172
1167
1162
1169
1159
1126
1148
1138
1168
1145
1129
1159
1143
1150
1163
1175
1182
1178
1187
1209
1220
1213
1218
1250
1234
1229
1214
1222
1216
1236
1207
1168
1173
1166
1179
1206
1206
1171
1198
1256
1317
1275
1310
1329
1352
1375
1345
1349
1369
1357
1361
1356
1354
1363
1337
1344
1340
1319
1298
1323
1334
1363
1339
1315
1307
1323
1304
1302
1312
1327
1361
1373
1387
1414
1383
1410
1386
1402
1381
1375
1349
1348
1351
1325
1331
1366
1389
1377
1387
1413
1406
1367
1349
1391
1358
1264
1303
1279
1294
1322
1307
1254
1281
1229
1253
1307
1276
1285
1258
1254
1242
1237
1229
1232
1179
1213
1248
1301
1265
1242
1305
1230
1264
1295
1303
1352
1377
1318
1308
1303
1310
1247
1227
1235
1248
1287
1256
1217
1248
1233
1208
1222
1205
1205
1236
1256
1224
1228
1185
1245
1215
1235
1231
1218
1201
1206
1222
1208
1209
1202
1116
1168
1183
1177
1197
1178
1160
1146
1157
1114
1097
1113
1113
1139
1101
1127
1140
1127
1106
1124
1112
1159
1153
1133
1122
1082
1101
1148
1148
1153
1151
1194
1199
1196
1183
1135
1184
1170
1154
1128
1102
1096
1107
1105
1134
1120
1126
1155
1157
1159
1136
1133
1125
1141
1163
1192
1178
1184
1133
1149
1135
1138
1180
1157
1139
1078
1070
1111
1096
1130
1144
1127
1142
1121
1135
1125
1065
1105
1093
1112
1061
1086
1070
1112
1104
1073
1092
1042
1067
1112
1102
1053
1044
1056
1093
1071
1065
1042
1008
971
981
902
937
961
975
964
967
1013
1019
1013
1033
986
993
996
985
955
933
947
886
883
892
965
939
900
909
917
912
913
886
944
929
935
961
972
944
917
889
887
908
888
827
835
831
849
874
925
946
944
993
989
1010
999
1029
991
993
955
966
950
928
960
974
964
980
1007
997
1008
958
922
965
930
978
963
946
920
990
973
961
949
940
928
910
950
929
942
977
1051
1045
1099
1126
1109
1145
1199
1187
1144
1194
1181
1241
1205
1149
1188
1175
1120
1169
1158
1124
1138
1126
1163
1180
1168
1177
1244
1220
1162
1164
1127
1096
1060
1030
1040
1042
1110
1109
1139
1147
1193
1202
1213
1225
1195
1213
1177
1237
1186
1173
1205
1219
1200
1195
1162
1162
1188
1132
1135
1113
1125
1128
1134
1204
1202
1188
1211
1210
1207
1223
1221
1222
1226
1222
1232
1242
1296
1306
1243
1246
1273
1257
1283
1294
1263
1276
1293
1288
1287
1302
1305
1254
1286
1271
1260
1255
1265
1242
1255
1277
1229
1232
1280
1205
1244
1322
1349
1291
1250
1174
1192
1195
1227
1206
1196
1150
1186
1177
1164
1166
1118
1212
1143
1122
1138
1137
1102
1078
1099
1083
1060
1110
1109
1052
1130
1118
1155
1150
1172
1188
1130
1153
1129
1163
1162
1139
1124
1114
1105
1143
1131
1097
1155
1097
1100
1050
1024
1002
999
938
953
925
958
962
975
972
987
979
1028
1008
992
981
974
961
935
924
928
918
914
922
900
907
887
877
886
870
894
911
879
898
938
938
929
947
993
966
977
946
974
955
980
973
989
978
955
976
957
953
936
980
941
960
964
959
958
972
964
977
951
958
965
948
946
959
957
956
970
965
950
950
951
940
931
946
922
947
955
942
932
945
929
914
931
930
900
930
895
907
892
894
870
874
908
894
907
883
870
879
893
901
859
881
886
890
892
885
866
899
876
884
