14230
13764
13578
13589
13597
13646
13750
13785
13806
13755
13921
13926
13947
13969
13878
13726
13758
13760
13786
13711
13724
13716
13708
13905
13833
13851
14025
14034
13958
13971
13950
13845
13929
14051
13807
13905
13946
14095
14101
14269
14293
14357
14295
14380
14345
14308
14268
14210
14259
14353
14326
14216
14191
14132
14199
14164
14270
14254
14382
14455
14403
14281
14330
14375
14354
14290
14255
14286
14122
14020
13958
13891
14002
13946
13944
13895
13899
13872
13897
13853
13679
13695
13641
13497
13394
13263
13397
13467
13539
13606
13410
13374
13398
13432
13502
13386
13322
13204
13177
13220
13217
13232
13222
13179
13139
13027
13032
13155
13311
13233
13229
13370
13308
13394
13305
13373
13197
13119
13214
13204
13251
13242
13179
13105
13150
13127
13084
13149
13126
13180
13198
13288
13184
13053
12984
13014
12942
12988
13042
13010
13111
13120
13150
13118
13161
13131
13186
13131
13004
12925
12953
12976
13081
12939
13012
13148
13169
13087
13043
13037
13126
13074
13041
13074
13123
12996
13126
13121
13032
13054
13015
13013
13061
13147
13103
13225
13129
13132
13033
13018
13041
13044
13036
13015
13088
13131
13036
13201
13134
13067
13118
13097
13068
13168
13179
13071
12965
12834
12903
12884
12943
12807
12926
13022
13031
13068
12916
12840
12946
12858
12907
12930
12872
12927
12946
12825
12869
13009
13060
12995
12924
12931
12930
13017
12893
12914
12938
13085
12988
12980
12978
13057
12961
13015
12987
12929
13067
13030
13002
12958
12981
12909
12809
12868
12823
12876
12807
12849
12781
12819
12894
12837
12745
12696
12854
12926
13061
12933
13065
12917
12963
12872
12892
12917
12867
12831
12781
12875
12800
12840
12764
12694
12662
12524
12438
12441
12317
12317
12324
12108
12089
12080
12005
11973
11912
11911
11809
11761
11636
11702
11607
11562
11443
11372
11253
11107
11188
11102
11047
11123
11011
11023
10901
11026
10984
10873
10747
10699
10687
10727
10777
10805
10644
10650
10575
10516
10461
10349
10323
10191
10239
10247
10230
10171
10181
10212
10152
10056
10090
10069
10040
9941
9928
9905
9813
9733
9794
9832
9799
9748
9902
9702
9648
9602
9667
9620
9655
9693
9812
9754
9646
9640
9516
9481
9639
9601
9589
9550
9543
9488
9512
9525
9528
9547
9500
9465
9460
9478
9443
9437
9373
9326
9331
9375
9323
9335
9411
9298
9332
9338
9232
9261
9261
9266
9179
9291
9189
9126
9088
9144
9101
9165
9204
9079
9071
9020
8931
8950
8898
8837
8856
8833
8831
8685
8805
8792
8737
8779
8659
8568
8620
8614
8712
8643
8494
8564
8486
8535
8577
8553
8469
8459
8473
8407
8343
8284
8183
8279
8272
8315
8178
8134
8036
7998
7998
7963
8018
7835
7662
7697
7617
7670
7619
7650
7593
7518
7449
7505
7475
7492
7393
7407
7369
7373
7339
7394
7413
7457
7593
7592
7535
7580
7740
7779
7753
7716
7589
7532
7488
7410
7426
7354
7421
7387
7357
7337
7396
7395
7385
7439
7521
7562
7555
7620
7636
7626
7733
7957
7900
7881
7910
7807
7906
8020
8061
8093
8075
8014
8115
8299
8389
8324
8329
8424
8388
8540
8540
8502
8446
8497
8621
8682
8806
8763
8901
8967
9148
9082
8922
8879
9005
9080
9208
9219
9137
9081
9121
9124
8972
9074
9067
9182
9274
9213
9121
9034
8978
8659
8792
8840
8700
8694
8718
8759
8734
8696
8564
8447
8562
8507
8482
8517
8604
8401
8173
8130
8229
8413
8415
8335
8513
8495
8346
8181
8526
8447
8532
8536
8489
8655
8713
8864
8764
8907
8817
9005
9027
9136
9088
9155
9157
9171
9306
9315
9315
9382
9438
9403
9355
9493
9506
9235
9360
9486
9677
9765
9608
9573
9759
9731
9688
9679
9677
9669
9768
9810
9821
9579
9647
9832
9804
9875
10023
9968
10207
10207
10189
10037
10113
10184
10291
10218
10252
10140
10210
10173
10025
10021
9907
9858
9857
9893
9690
9603
9683
9599
9600
9489
9605
9590
9489
9401
9569
9755
9626
9585
9494
9459
9643
9625
9542
9593
9535
9476
9556
9641
9826
9562
9677
9705
9736
9742
9694
9575
9557
9537
9727
9730
9505
9672
9726
9668
9833
9932
9841
9885
9891
9879
9826
10038
9943
9852
9915
10026
10096
10070
10172
10186
10125
10140
10093
10225
10111
10249
10213
10124
10165
10184
10054
10229
10160
10208
10088
10189
10073
10031
9903
10174
10302
10113
10224
10195
10268
10166
10252
10164
10201
10226
10185
10144
10094
10019
10097
10238
10104
9952
9887
9882
9940
10013
10015
9998
10040
10052
10042
10028
10022
10008
10133
10006
10142
10054
10118
10340
10151
10341
10206
10080
10400
10257
10173
10159
10327
10613
10228
10152
10077
10207
10186
10203
10354
10225
10363
10221
10377
10263
10444
10329
10398
10346
10412
10675
10561
10310
10151
10309
10367
10568
10557
10452
10418
10562
10552
10406
10500
10494
10376
10449
10143
10191
10197
9931
9965
10057
10159
10044
9842
9857
10209
9848
9937
10293
10077
10158
10052
10302
10294
10267
10324
10451
10362
10130
10172
10261
10280
10269
10309
10284
10212
10250
10143
10088
10164
9920
10042
9964
9861
9766
9664
9669
9486
9640
9600
9618
9657
9635
9815
10019
9810
9750
9823
9830
9837
9621
9755
9782
9746
9585
9789
9721
9708
9771
9727
9719
9659
9782
9536
9647
9636
9771
9743
9818
9924
9912
9901
9903
9762
9892
9631
9739
9640
9704
9763
9929
9830
9751
9837
9674
9919
9973
9791
9699
9619
9566
9564
9489
9590
9564
9588
9403
9474
9390
9398
9474
9390
9443
9492
9292
9323
9352
9216
9158
9082
9177
9268
9053
8999
8964
8791
8667
8702
8619
8493
8276
8441
8476
8495
8383
8346
8282
8386
8425
8286
8506
8413
8282
8400
8343
8387
8116
8063
8076
8102
8052
7854
7879
7841
7784
7833
7842
7896
8003
7802
7795
7771
7919
7909
7866
7823
7900
7953
7923
7847
7672
7692
7722
7616
7606
7621
7617
7711
7717
7941
8073
7846
7927
7690
7832
7783
7899
8043
7933
8121
7967
8092
8151
8098
8164
7993
8134
8173
8283
8217
8332
8528
8348
8444
8520
8603
8741
8681
8645
8870
9025
8965
9093
9123
8995
9213
9042
9193
9527
9237
9556
9629
9799
9687
9863
9783
9826
9777
9705
9694
9539
9456
9473
9594
9526
9527
9628
9611
9610
9789
9890
9953
10224
10229
10204
10133
10056
9832
9744
9736
9770
9698
9799
9865
10139
9926
10172
9986
9876
9972
10077
10083
9867
9964
9884
10004
9840
10070
9961
10103
10072
9820
9996
9865
9872
10098
9919
9847
10224
10129
10000
10168
10085
10444
10071
10286
10109
10242
10357
10119
10300
10127
10102
10095
10053
10110
10171
10179
9914
10005
9915
9884
9969
9972
9889
9856
9791
9663
9752
9699
9771
9760
9866
9815
9954
9894
9958
9821
10130
10167
10289
10366
10269
10211
10118
10365
10164
10149
10190
10268
10065
10119
10283
10177
10205
10092
9915
9898
9956
9839
9791
9888
9737
9897
9792
9737
9696
9720
9705
9495
9582
9563
9436
9466
9453
9646
9589
9628
9714
9669
9568
9716
9804
9757
9679
9688
9446
9457
9428
9370
9207
9021
9120
9047
9025
8984
9044
8996
9005
8939
8847
8835
8756
8798
8780
8851
8725
8662
8704
8665
8642
8663
8599
8605
8593
8530
8513
8486
8545
8400
8387
8348
8346
8286
8281
8147
8088
8202
8246
8170
8075
8222
8181
8158
8089
8156
8186
8176
8169
8149
8154
8135
8142
8153
8242
8222
8158
8204
8090
8152
8245
8187
8173
8167
8172
8242
8206
8200
8180
8095
8146
8122
8192
8149
8156
8114
8171
8137
8131
8141
8134
8155
8156
8210
8154
8160
8124
8166
8143
8119
8124
8125
8160
8147
8214
8155
8146
8173
8204
8207
8165
8137
8183
8178
8145
8164
8171
8193
8166
8177
8173
8153
8140
8166
8159
