0.0276563 0.0884048
0.0272589 0.0872566
0.0271456 0.0879364
0.0272794 0.0902936
0.0272392 0.0918585
0.0269991 0.0918218
0.026719 0.0900364
0.0270056 0.0914037
0.0262007 0.0889468
0.0265441 0.0896401
0.0269558 0.0903671
0.0268878 0.0899756
0.0268825 0.0901269
0.0271373 0.0909156
0.0277855 0.093169
0.027284 0.0928166
0.027358 0.0928914
0.0264991 0.090407
0.0278824 0.0945162
0.0274794 0.0932828
0.026627 0.090717
0.0267901 0.0915719
0.0269626 0.0916253
0.0262609 0.0878101
0.0264321 0.0881949
0.0254888 0.0836763
0.0259295 0.0836364
0.027476 0.0879293
0.0278158 0.0889096
0.0287726 0.0915468
0.0290141 0.0916846
0.0288831 0.0923799
0.0284213 0.0900998
0.0284965 0.0896733
0.0282255 0.0906786
0.0285663 0.0909026
0.0297202 0.0945074
0.0291987 0.0929408
0.0291012 0.093043
0.0285295 0.0913869
0.0290854 0.0935423
0.0299005 0.0962597
0.0288347 0.0928297
0.0285528 0.0914465
0.0279052 0.0899268
0.0288891 0.0931647
0.0287441 0.0933558
0.0290651 0.0942294
0.0274754 0.0888562
0.0275522 0.0891103
0.0270375 0.0875332
0.0267627 0.0870146
0.0269121 0.0878726
0.0284222 0.0931928
0.0276285 0.0901472
0.0279331 0.0917114
0.0281848 0.0915207
0.0283645 0.092325
0.0278332 0.0892783
0.0280304 0.0904185
0.0283492 0.0913699
0.0283863 0.0923605
0.0280678 0.0907886
0.0276822 0.090087
0.0282918 0.0922391
0.0279296 0.0911826
0.028027 0.091617
0.0282619 0.0918382
0.0274032 0.0902139
0.0277407 0.0920114
0.0281799 0.0939963
0.0282649 0.0938737
0.0282468 0.0935581
0.0273338 0.0913524
0.0277151 0.0925129
0.0273687 0.0917596
0.0269453 0.0897906
0.0274667 0.092128
0.0262198 0.0879326
0.027387 0.0923266
0.0273075 0.0929161
0.0270969 0.0925885
0.0281204 0.0961073
0.0279615 0.0964659
0.0269172 0.0939227
0.0275906 0.0975647
0.0270587 0.0946481
0.026879 0.0936363
0.0262431 0.0904794
0.0260155 0.0892988
0.0260593 0.091126
0.0258437 0.0906984
0.025337 0.0885207
0.0247557 0.0865843
0.0248402 0.0860613
0.0253302 0.0889736
0.0245982 0.0868488
0.0249447 0.0888367
0.0245844 0.0876527
0.025574 0.0910741
0.0256897 0.0911705
0.0255591 0.0906892
0.026065 0.0922705
0.0258828 0.0924956
0.0252761 0.0905701
0.0256994 0.0926537
0.0255707 0.0923112
0.0259628 0.0932725
0.0261697 0.0924048
0.0268089 0.0953676
0.0260866 0.0923728
0.0262198 0.0919222
0.0256941 0.0903968
0.0266383 0.093624
0.0262694 0.0929726
0.0258065 0.0906304
0.0252653 0.0903993
0.0252826 0.0907081
0.0251099 0.0899046
0.0256672 0.0914874
0.0251652 0.0896536
0.0256551 0.0916025
0.0246509 0.0883982
0.026633 0.095765
0.0264867 0.0949049
0.0261305 0.0941571
0.0260587 0.0937787
0.0269294 0.0969656
0.026323 0.0949261
0.0256031 0.0919575
0.0251955 0.0903167
0.0251437 0.0895545
0.0258056 0.0923847
0.0261894 0.0943844
0.026697 0.0966574
0.0259263 0.093822
0.0258564 0.0937259
0.0259898 0.0937019
0.026145 0.0948474
0.0255099 0.0927748
0.0261644 0.0947296
0.0259899 0.09375
0.0260894 0.0936122
0.0256839 0.0925446
0.0252427 0.0904946
0.0251344 0.0907775
0.0255203 0.0916882
0.0252969 0.0908537
0.0256492 0.0929714
0.0257888 0.0938491
0.0256936 0.0938779
0.0249446 0.0910142
0.0248526 0.0902072
0.0253757 0.0926656
0.0246504 0.0896864
0.0248449 0.0895193
0.0239706 0.0861113
0.0249198 0.0901658
0.024274 0.0878632
0.0250803 0.0904349
0.0256372 0.0927929
0.0249932 0.0907144
0.0248133 0.0901771
0.024785 0.0894906
0.0250498 0.0899947
0.0249615 0.0909511
0.0240717 0.0867743
0.0245231 0.0888652
0.0249947 0.0910068
0.0242796 0.0881722
0.0244931 0.0888206
0.0236575 0.0862983
0.0239357 0.0868234
0.0251202 0.0909713
0.0253978 0.0919637
0.0248696 0.0893762
0.023579 0.085155
0.0248966 0.0903137
0.0239607 0.0874703
0.0236343 0.086342
0.0236764 0.0863431
0.0237854 0.0864765
0.0244673 0.0891378
0.0249501 0.0912025
0.0235071 0.085269
0.0237004 0.0858274
0.0247677 0.0903651
0.0242119 0.0872661
0.0242479 0.0873306
0.0239956 0.0869366
0.0238764 0.0868273
0.0241612 0.0878064
0.0253466 0.0919039
0.0246432 0.0887758
0.0248847 0.0896881
0.0246815 0.0901232
0.02451 0.089703
0.0247701 0.0919433
0.02454 0.0901341
0.0238005 0.0878609
0.0240669 0.0889284
0.0243475 0.0900289
0.0247168 0.0909794
0.0243765 0.0896176
0.024461 0.0892487
0.024546 0.0896847
0.0240643 0.0888046
0.0246937 0.0915109
0.0241532 0.0894485
0.0241564 0.0901384
0.024247 0.0901836
0.0240331 0.0884764
0.0241193 0.0897296
0.0248272 0.0916686
0.0246522 0.0911478
0.024589 0.0917739
0.0249817 0.0927034
0.0243098 0.0894765
0.0249013 0.0912711
0.0236982 0.0869565
0.0246103 0.0907614
0.0252947 0.0934189
0.0239241 0.0883991
0.024372 0.0898825
0.0233325 0.0867137
0.0243775 0.0904445
0.023721 0.0878034
0.0234347 0.0854413
0.0233231 0.0856175
0.0232059 0.0858243
0.0230864 0.0854523
0.0230724 0.0849353
0.0231426 0.0854872
0.0234746 0.0870534
0.021937 0.0805421
0.0224027 0.0829917
0.0216541 0.0796663
0.0220353 0.0808135
0.0220831 0.0819105
0.0226466 0.0836549
0.0230656 0.0853555
0.0231098 0.0858316
0.0232994 0.0873604
0.023429 0.0875039
0.0227581 0.0849255
0.0228922 0.0852749
0.0231082 0.0861248
0.0235658 0.0883337
0.0239093 0.090212
0.0234976 0.0879944
0.0233419 0.0865519
0.0234135 0.0879489
0.0223667 0.0841899
0.0228196 0.0862476
0.0226223 0.0841761
0.0232776 0.086415
0.0228732 0.0848327
0.0241464 0.0900023
0.0228182 0.0838117
0.0230124 0.0856236
0.023364 0.0867855
0.0233549 0.0873213
0.0228211 0.0853242
0.0219139 0.0816753
0.0227023 0.0851014
0.0231205 0.086743
0.0234574 0.0880995
0.0223946 0.0834175
0.0220509 0.0826562
0.0224352 0.0838785
0.022231 0.0836728
0.0222009 0.0838191
0.0221986 0.0841889
0.0216941 0.0835995
0.0223084 0.0865091
0.0219585 0.0844787
0.0227775 0.0894698
0.0210802 0.0823252
0.0211004 0.0822785
0.0213626 0.0850677
0.0207934 0.0825544
0.0211638 0.0846026
0.0216027 0.0868805
0.0212664 0.0854422
0.0208117 0.0841169
0.0212744 0.0867266
0.0205835 0.0835803
0.0206718 0.0850268
0.020337 0.0842214
0.0204285 0.0842591
0.0211168 0.0874472
0.0199551 0.0837225
0.0205567 0.0868653
0.0201493 0.0861766
0.0205665 0.0885986
0.0198111 0.0867021
0.0208779 0.0906328
0.0202572 0.0885426
0.0200062 0.0881687
0.0203865 0.0896341
0.0198584 0.0876396
0.0193766 0.0852762
0.0191714 0.0849463
0.0201686 0.0883367
0.0200037 0.0885834
0.0202897 0.0909593
0.0203123 0.0913743
0.0200978 0.0906627
0.0205229 0.0929166
0.0206505 0.0938753
0.0207065 0.0937181
0.0209425 0.0943082
0.0191527 0.087749
0.0204308 0.0934272
0.020612 0.0952246
0.0205696 0.0951883
0.0207916 0.0972182
0.0211036 0.0993333
0.0206302 0.0975492
0.0207908 0.0999902
0.0204337 0.0972751
0.0195007 0.0926125
0.020195 0.0961877
0.0206403 0.0992036
0.0203182 0.0973382
0.0207026 0.0994908
0.0195994 0.0946612
0.0196606 0.0958632
0.0203867 0.0979187
0.0206009 0.100308
0.0196859 0.0965139
0.0199458 0.098481
0.0196026 0.0964948
0.0199522 0.0986371
0.0197054 0.0980332
0.0196803 0.0990445
0.0192716 0.0963855
0.0204048 0.101302
0.0197888 0.0988876
0.0210449 0.106073
0.0209236 0.102909
0.0210117 0.105751
0.0203031 0.103441
0.021455 0.109248
0.0205216 0.103134
0.0211649 0.107277
0.0205287 0.103677
0.0199604 0.101001
0.0204894 0.102324
0.0201687 0.100984
0.0201433 0.1017
0.0202621 0.10249
0.0195596 0.100252
0.0201702 0.104736
0.0205811 0.104056
0.0207346 0.106135
0.0216902 0.110439
0.0210765 0.107958
0.0214259 0.110028
0.020662 0.10645
0.0208124 0.106812
0.0212019 0.108451
0.0205772 0.105584
0.0208065 0.106526
0.02013 0.103684
0.02057 0.106603
0.019863 0.10296
0.0205615 0.106246
0.0198957 0.103463
0.019549 0.100774
0.0198544 0.103275
0.0198224 0.104118
0.0194041 0.10149
0.0190228 0.0996267
0.0193623 0.102006
0.0203319 0.106695
0.0190815 0.099033
0.0192685 0.10142
0.0191128 0.100514
0.0196098 0.10302
0.0195133 0.103445
0.0199203 0.10474
0.0198097 0.104524
0.0197469 0.104252
0.0201757 0.107855
0.0192453 0.101388
0.0196034 0.104473
0.0195413 0.104756
0.020132 0.108385
0.0197023 0.106409
0.0205978 0.111087
0.0215444 0.114675
0.0207159 0.110169
0.0207363 0.111796
0.0207168 0.111895
0.0208542 0.112971
0.0217981 0.119583
0.0206213 0.112737
0.0207796 0.114071
0.021469 0.119045
0.0215555 0.11958
0.0216452 0.120231
0.0210397 0.116408
0.0213363 0.119977
0.0212875 0.117774
0.0216382 0.120337
0.0210048 0.117432
0.0214919 0.11949
0.0215058 0.121261
0.0213408 0.121265
0.0213375 0.120998
0.0216032 0.122707
0.0211914 0.118457
0.0209683 0.118709
0.0200405 0.115258
0.0200328 0.113965
0.0205612 0.118548
0.0205349 0.117399
0.0207272 0.11764
0.020345 0.115983
0.0203612 0.117015
0.0206704 0.118454
0.0213129 0.122389
0.0215565 0.125134
0.021582 0.125614
0.0221597 0.130251
0.0215981 0.128193
0.0216527 0.126948
0.021394 0.125604
0.0200445 0.117138
0.0214135 0.126559
0.0215854 0.128719
0.0216922 0.129915
0.020518 0.123906
0.0210335 0.127032
0.022158 0.133869
0.0217151 0.129958
0.0213336 0.131206
0.0227583 0.143696
0.0215324 0.134468
0.0218287 0.137062
0.0227812 0.142764
0.0230592 0.144638
0.0236728 0.148235
0.0232485 0.146187
0.0233523 0.147513
0.0236694 0.150624
0.0240956 0.152565
0.024173 0.153579
0.0241609 0.152963
0.0254063 0.16218
0.0245409 0.157149
0.0256805 0.165287
0.0259394 0.166282
0.0252247 0.162147
0.0255753 0.163376
0.0255354 0.162282
0.0258943 0.164543
0.0259641 0.160674
0.0251334 0.15569
0.0255721 0.160319
0.0256775 0.159367
0.0264913 0.161628
0.0262244 0.158247
0.0272985 0.165097
0.026519 0.162001
0.0271939 0.168929
0.0272106 0.170207
0.0270535 0.169471
0.0261673 0.165857
0.0264892 0.168866
0.0259663 0.165624
0.0265768 0.167902
0.0261115 0.166644
0.0268482 0.171537
0.0269779 0.171869
0.0272863 0.173067
0.0266989 0.170385
0.0279548 0.17698
0.0286907 0.181073
0.0282643 0.176572
0.0289648 0.17945
0.0287705 0.177631
0.0278445 0.170472
0.0281383 0.170901
0.0291333 0.177157
0.0294733 0.176775
0.0298456 0.173432
0.0296208 0.173544
0.0305734 0.178277
0.0298974 0.173072
0.0303837 0.179839
0.0303017 0.175689
0.0308219 0.176185
0.0308862 0.177397
0.0311728 0.177684
0.0298901 0.169783
0.03035 0.173571
0.0298329 0.168946
0.0296845 0.164719
0.029126 0.160806
0.0296522 0.163864
0.0308997 0.171449
0.031279 0.172246
0.0324837 0.177754
0.033556 0.181148
0.0333723 0.180445
0.0320488 0.1749
0.0322931 0.17606
0.032047 0.175238
0.0319697 0.172138
0.0331389 0.177954
0.0330314 0.176016
0.0325991 0.173457
0.0320921 0.168183
0.0317298 0.166165
0.032534 0.167578
0.0318706 0.164171
0.0313413 0.163528
0.0300903 0.157338
0.0290122 0.150583
0.0300009 0.153744
0.0279851 0.142919
0.0282184 0.143183
0.0286386 0.146547
0.029089 0.149763
0.0296779 0.150641
0.0300558 0.151797
0.0287126 0.147682
0.0298096 0.151311
0.0307839 0.152972
0.0304308 0.150076
0.0286193 0.139853
0.0277881 0.13774
0.029038 0.145817
0.0285902 0.144565
0.0283143 0.144353
0.0281249 0.148401
0.0271108 0.141265
0.0277955 0.142873
0.0272243 0.142759
0.0285997 0.149758
0.0277363 0.144987
0.0281061 0.146592
0.0288432 0.148958
0.0298041 0.152599
0.029454 0.153316
0.0289606 0.153309
0.0293231 0.153352
0.029232 0.152933
0.0294151 0.151733
0.0313292 0.16109
0.0309084 0.158066
0.0297671 0.156886
0.0272051 0.151597
0.0278697 0.155351
0.0276024 0.151416
0.0284018 0.152978
0.0271275 0.147356
0.0273253 0.14973
0.0272076 0.146364
0.0285783 0.154444
0.0285877 0.156362
0.028554 0.160494
0.0277646 0.150833
0.0277556 0.152599
0.028488 0.155532
0.0298964 0.16366
0.029509 0.163977
0.0289949 0.159792
0.0300667 0.164582
0.0292537 0.158394
0.0293897 0.160657
0.0293046 0.157966
0.0296092 0.16162
0.0290079 0.154359
0.028922 0.154315
0.0286119 0.150504
0.0277951 0.146897
0.0279867 0.14757
0.0278211 0.146009
0.0263158 0.13848
0.026101 0.135074
0.0256548 0.133226
0.025897 0.133977
0.0262638 0.134513
0.0257485 0.132125
0.0257697 0.132192
0.0264263 0.135863
0.0264259 0.133783
0.0255882 0.129287
0.0261494 0.135679
0.025617 0.131303
0.0251146 0.126502
0.025907 0.128036
0.0257826 0.127189
0.0260926 0.130308
0.0257168 0.129113
0.0264241 0.130956
0.0266667 0.131538
0.0256936 0.126858
0.0253892 0.126356
0.0267056 0.132479
0.0268417 0.133209
0.0270378 0.131757
0.0265984 0.129766
0.0259729 0.127278
0.0261728 0.131747
0.0264304 0.13144
0.025706 0.125814
0.0258341 0.127397
0.0254953 0.124456
0.0262874 0.126409
0.0257028 0.124097
0.024925 0.117272
0.0250645 0.119036
0.025431 0.119443
0.026 0.124141
0.0250762 0.119648
0.0253426 0.119108
0.0250991 0.117481
0.0246092 0.115385
0.0247223 0.11549
0.0243897 0.114793
0.0247722 0.115573
0.0253721 0.118647
0.0255097 0.121197
0.0263814 0.125736
0.0264014 0.126981
0.0259914 0.125989
0.0252334 0.122552
0.0259827 0.125948
0.0250062 0.124252
0.0256739 0.127356
0.0252776 0.124858
0.0245555 0.122721
0.0245729 0.122396
0.0233122 0.11761
0.0249102 0.124206
0.0241012 0.120438
0.0240349 0.121193
0.0244362 0.124242
0.0241907 0.120807
0.0236087 0.115325
0.0235193 0.116663
0.0237521 0.118206
0.0240191 0.120708
0.0237801 0.119886
0.0242869 0.120709
0.0242411 0.119481
0.0236446 0.118738
0.023755 0.117794
0.0236346 0.118091
0.0245378 0.123681
0.0244659 0.122122
0.0245018 0.120527
0.0245392 0.11897
0.0242225 0.121209
0.0235826 0.116358
0.0241964 0.11829
0.0237742 0.116886
0.0245229 0.119893
0.0239791 0.118114
0.0236693 0.117911
0.0242555 0.121272
0.0240454 0.119849
0.0240385 0.118228
0.0243535 0.119527
0.0246548 0.123619
0.0249546 0.122208
0.0247084 0.121119
0.0249328 0.122776
0.0255435 0.122953
0.0257107 0.122835
0.0255664 0.12326
0.025668 0.123217
0.0263402 0.126378
0.0259276 0.124911
0.0259573 0.125076
0.0254823 0.12094
0.0256045 0.122901
0.0255301 0.123427
0.0259364 0.12466
0.0253502 0.120387
0.0245023 0.115689
0.024647 0.116485
0.0243734 0.114628
0.0248221 0.115747
0.0253772 0.119111
0.025478 0.118935
0.0248067 0.116021
0.0251792 0.117164
0.0264906 0.124221
0.0279292 0.1285
0.0268965 0.124841
0.0276611 0.129395
0.0280469 0.130743
0.028566 0.132757
0.0290938 0.136761
0.0282979 0.131489
0.0284006 0.132776
0.0288569 0.13411
0.0286106 0.134516
0.0287422 0.133575
0.028633 0.134617
0.0285245 0.134982
0.0287541 0.137635
0.0282999 0.131413
0.028364 0.13046
0.0282897 0.132503
0.0278188 0.12901
0.0274239 0.127317
0.0279043 0.128847
0.0281791 0.131222
0.0288216 0.13295
0.0281403 0.131739
0.0276237 0.128909
0.0275564 0.127811
0.0280083 0.129897
0.0274076 0.128549
0.0274319 0.128988
0.0276998 0.130951
0.0281293 0.131425
0.0288445 0.132936
0.0290048 0.135887
0.0295125 0.139369
0.0299862 0.143016
0.0292321 0.139951
0.0298217 0.141851
0.0293116 0.13842
0.0295656 0.13999
0.0292238 0.138128
0.0290391 0.136952
0.0282833 0.134202
0.0283682 0.134236
0.0284979 0.134723
0.0279147 0.132209
0.0281205 0.132994
0.0288569 0.134807
0.0294873 0.138817
0.0290611 0.135772
0.0293185 0.137955
0.029841 0.139652
0.0296712 0.135977
0.0288695 0.134667
0.0285098 0.130452
0.0295003 0.136292
0.0288225 0.134722
0.0267842 0.121538
0.0275208 0.127035
0.0269218 0.125725
0.027348 0.127375
0.0279398 0.128014
0.0276304 0.123151
0.0265133 0.122605
0.0271853 0.126182
0.0260365 0.121961
0.0265765 0.122759
0.0275616 0.128313
0.0270672 0.125061
0.0272286 0.124107
0.0266131 0.123032
0.0265999 0.121007
0.0264525 0.121515
0.0263158 0.119206
0.0261139 0.119751
0.0260322 0.117962
0.0252112 0.114145
0.0257701 0.116657
0.0265317 0.120626
0.0274722 0.124952
0.0267889 0.118501
0.0263711 0.117602
0.0276935 0.126576
0.0261591 0.12117
0.0268827 0.122611
0.0273929 0.124916
0.0275069 0.123297
0.02851 0.128067
0.0292183 0.131745
0.0280461 0.126512
0.0277148 0.12384
0.0276211 0.123484
0.0278019 0.125889
0.0264402 0.118762
0.0261092 0.116924
0.0262727 0.119025
0.0262571 0.119437
0.027117 0.126886
0.0263766 0.123246
0.0256291 0.119349
0.0263025 0.125667
0.0261173 0.123733
0.025376 0.120115
0.0257209 0.120287
0.0254112 0.119972
0.0254144 0.122434
0.0261289 0.125393
0.0265113 0.123029
0.0258446 0.124289
0.0259219 0.123579
0.0249905 0.115127
0.0263637 0.123549
0.0257524 0.11961
0.0261381 0.122861
0.0260783 0.119491
0.0258127 0.118321
0.0254449 0.116977
0.0255964 0.116815
0.0258406 0.116927
0.0255564 0.11658
0.0255026 0.119348
0.0253399 0.118168
0.0236275 0.108761
0.0247815 0.113619
0.0249478 0.115201
0.0247868 0.114172
0.0250791 0.116394
0.0246207 0.115354
0.024382 0.113171
0.024007 0.112984
0.0244046 0.114691
0.0233965 0.109603
0.0232061 0.110585
0.0234311 0.110834
0.0234578 0.111702
0.0239911 0.115506
0.0230484 0.112738
0.023679 0.116618
0.0240928 0.117903
0.023908 0.118807
0.0234312 0.11473
0.0237823 0.117083
0.0233771 0.115617
0.0244144 0.120017
0.0242222 0.119668
0.023903 0.115436
0.0235269 0.111987
0.0227278 0.110296
0.0232558 0.112923
0.0242809 0.116869
0.0241156 0.116785
0.0242257 0.117211
0.0241944 0.119634
0.0251665 0.122399
0.0249003 0.122572
0.025 0.122717
0.0247972 0.123422
0.0238275 0.115946
0.0248411 0.121798
0.0245134 0.120519
0.0241231 0.118105
0.0236582 0.115966
0.023126 0.113386
0.0230776 0.113469
0.0231401 0.113167
0.0233132 0.115877
0.0238185 0.117549
0.0238075 0.116231
0.0236923 0.115239
0.0243594 0.118547
0.0244593 0.117845
0.024499 0.116788
0.0239916 0.114609
0.0238572 0.114433
0.0236698 0.113602
0.024114 0.116882
0.024555 0.11757
0.0251923 0.123767
0.0248052 0.120957
0.0251359 0.122822
0.023992 0.116756
0.0242835 0.117689
0.0239856 0.114312
0.0240465 0.115768
0.0248651 0.121013
0.0244562 0.117617
0.0240275 0.117738
0.0225688 0.10868
0.0225463 0.10729
0.023309 0.113472
0.0230499 0.113001
0.0237066 0.117476
0.0240675 0.11959
0.0236001 0.117838
0.0239604 0.12035
0.0235638 0.116893
0.023845 0.118674
0.0233791 0.117334
0.0222911 0.113262
0.0231545 0.116635
0.0228953 0.1164
0.0232597 0.118323
0.0223472 0.111991
0.0227287 0.115655
0.0225239 0.113311
0.023382 0.117151
0.023205 0.118812
0.0224731 0.115092
0.0228777 0.116766
0.0218129 0.113064
0.0223348 0.11651
0.0234248 0.12244
0.023159 0.120083
0.0220972 0.113617
0.0219826 0.115321
0.0222574 0.117346
0.0230571 0.121932
0.0225071 0.121829
0.0224835 0.12288
0.0218646 0.119743
0.0212023 0.116951
0.020415 0.114329
0.0206153 0.118536
0.0189035 0.106859
0.0195693 0.110547
0.0199722 0.113125
0.0203962 0.116307
0.0201492 0.115504
0.0201274 0.116759
0.0211002 0.120797
0.0211569 0.12095
0.0210813 0.122254
0.0212968 0.121444
0.0205751 0.1172
0.0204296 0.119899
0.0205747 0.118571
0.0203097 0.118063
0.0198875 0.113867
0.0194217 0.114958
0.0195609 0.11745
0.0184215 0.109708
0.0183153 0.108985
0.0185028 0.11078
0.0199665 0.122867
0.0194761 0.119178
0.0186594 0.114781
0.0188777 0.116778
0.0189867 0.117069
0.0188115 0.116297
0.0188263 0.115628
0.0182831 0.110708
0.0194283 0.120995
0.0191883 0.119179
0.0193422 0.120319
0.0198722 0.121354
0.0200392 0.122898
0.0194223 0.12001
0.0188998 0.117218
0.018314 0.112532
0.0183128 0.11153
0.0186893 0.114603
0.018263 0.113164
0.0170811 0.107795
0.017301 0.108554
0.0172224 0.107615
0.0175966 0.111476
0.0181192 0.114909
0.019167 0.121375
0.0195985 0.124196
0.0195871 0.122423
0.020669 0.128677
0.0204546 0.124544
0.0208596 0.125108
0.0205776 0.127326
0.0210214 0.12981
0.0205414 0.128869
0.0204569 0.126788
0.0198967 0.122703
0.0199735 0.122294
0.0199149 0.118115
0.019306 0.11698
0.0198638 0.118212
0.020252 0.122254
0.0199421 0.11913
0.0203159 0.120231
0.0208122 0.124352
0.0205775 0.122122
0.0208428 0.12611
0.0198065 0.117777
0.0191732 0.11281
0.0199706 0.116504
0.0192355 0.11318
0.0201479 0.117379
0.0199838 0.112922
0.0198281 0.113321
0.0194121 0.108953
0.0208562 0.116197
0.0204317 0.1131
0.0201764 0.109942
0.019896 0.109319
0.0197995 0.108733
0.0194615 0.104622
0.0191615 0.100831
0.019963 0.105968
0.0195698 0.102167
0.0199108 0.103256
0.0207638 0.108616
0.0222825 0.114078
0.0221436 0.115572
0.023313 0.119547
0.0237483 0.11819
0.0234724 0.120061
0.0241806 0.11982
0.0253751 0.12452
0.0250989 0.121135
0.0242055 0.118096
0.025241 0.121059
0.0249604 0.12072
0.026249 0.126298
0.0254139 0.123248
0.0242625 0.118393
0.0251285 0.12255
0.024764 0.123179
0.0236766 0.118443
0.0247801 0.123403
0.0242483 0.1207
0.0236582 0.117993
0.0235933 0.11945
0.0237784 0.116951
0.0243989 0.121007
0.0248181 0.122789
0.024576 0.119318
0.0247753 0.119009
0.0262 0.124987
0.0256222 0.119327
0.024439 0.113599
0.0244743 0.114073
0.0238302 0.111221
0.0231326 0.10899
0.0224853 0.107811
0.0217612 0.105706
0.0218952 0.10682
0.0219688 0.106653
0.0234608 0.114457
0.0234903 0.113175
0.0239779 0.115459
0.0242592 0.113128
0.0252508 0.120189
0.0254737 0.118168
0.0258041 0.12147
0.0261255 0.124038
0.0252451 0.119836
0.0255756 0.120373
0.0248737 0.116731
0.0260827 0.125367
0.0248611 0.119029
0.0247929 0.118677
0.0252992 0.120452
0.0255679 0.123882
0.0252845 0.119166
0.025195 0.119968
0.0244745 0.115015
0.0243631 0.115369
0.0250432 0.120978
0.0236929 0.113245
0.023926 0.115053
0.0234592 0.112743
0.0237232 0.111408
0.0237599 0.113721
0.0239731 0.115162
0.0252973 0.117762
0.0253496 0.118669
0.0249281 0.1188
0.0256296 0.119099
0.0255161 0.11998
0.0253497 0.115569
0.0256971 0.121438
0.0256136 0.118705
0.0257041 0.120882
0.0259531 0.119703
0.0257209 0.117988
0.026181 0.121751
0.0259269 0.120583
0.0271442 0.127975
0.0274468 0.129281
0.0262153 0.12313
0.0265989 0.123943
0.0270719 0.125915
0.0264737 0.123587
0.0270852 0.126044
0.0273249 0.130522
0.0268176 0.126237
0.0270076 0.128694
0.0273778 0.130817
0.0272327 0.129201
0.0275247 0.129061
0.0275468 0.131661
0.0277017 0.132407
0.0265554 0.128077
0.0271194 0.133085
0.0269257 0.130332
0.0265873 0.12991
0.0265766 0.128441
0.0266844 0.129611
0.0262624 0.125887
0.0264277 0.127866
0.0268938 0.12829
0.02611 0.124217
0.0259096 0.12372
0.0272358 0.130333
0.0255757 0.118954
0.0263225 0.122357
0.0282183 0.128487
0.0286838 0.130137
0.0275003 0.125718
0.0265635 0.122417
0.0249522 0.116031
0.0249686 0.115002
0.0255724 0.117572
0.0262415 0.120899
0.0258543 0.118351
0.025475 0.116478
0.0245344 0.114257
0.0252335 0.117205
0.0249979 0.114461
0.0247849 0.114376
0.0247243 0.114258
0.023705 0.110781
0.0257604 0.122239
0.0243067 0.115478
0.0237662 0.112696
0.0242794 0.115662
0.0242384 0.116127
0.0234883 0.111448
0.0230003 0.110712
0.0232062 0.111044
0.0230005 0.1106
0.0224648 0.108863
0.0235614 0.11448
0.0234491 0.114095
0.0224993 0.108398
0.0239803 0.11901
0.0238146 0.116677
0.0246221 0.120778
0.0244749 0.121874
0.024959 0.123812
0.0253548 0.125674
0.0240104 0.117147
0.0245795 0.120242
0.0239891 0.117262
0.0247226 0.119724
0.0247571 0.120178
0.0245872 0.119043
0.0238956 0.115685
0.0235987 0.113627
0.0235482 0.113252
0.0241394 0.118091
0.0239289 0.116742
0.0232091 0.116134
0.0243805 0.122132
0.0231435 0.116356
0.0232136 0.117396
0.0221627 0.114044
0.0216134 0.113513
0.0210531 0.109868
0.0210369 0.110423
0.0197991 0.103934
0.0201127 0.106077
0.019401 0.102278
0.0200079 0.106492
0.0201533 0.10683
0.0205813 0.109073
0.0204052 0.109868
0.0207781 0.111715
0.0205759 0.111809
0.0215482 0.116845
0.0212327 0.114806
0.0207276 0.112078
0.020563 0.112436
0.0204411 0.112445
0.0202482 0.110409
0.0196631 0.107905
0.0193124 0.10692
0.0194852 0.107122
0.0192509 0.106757
0.0191884 0.106217
0.0193559 0.107297
0.018834 0.10551
0.0190755 0.106543
0.018636 0.104525
0.0182644 0.102633
0.0185966 0.105476
0.0181095 0.103732
0.0187245 0.107092
0.0190156 0.109154
0.0183761 0.106083
0.0187403 0.108441
0.0194497 0.115134
0.0196021 0.115974
0.0193731 0.113265
0.0197799 0.114844
0.0205807 0.121542
0.0201191 0.119628
0.020347 0.118828
0.0196907 0.115634
0.0203268 0.119392
0.019962 0.118062
0.0204884 0.120157
0.0203454 0.118861
0.0204826 0.120964
0.0203542 0.119721
0.0198793 0.117192
0.0202873 0.119696
0.019901 0.11764
0.0197903 0.117047
0.0194704 0.114804
0.0203746 0.118903
0.0195687 0.114449
0.0199921 0.117676
0.0199001 0.117504
0.0200004 0.118541
0.0199297 0.117517
0.0201476 0.11789
0.0199268 0.117748
0.0202432 0.11954
0.0196984 0.116444
0.0198048 0.11723
0.0199805 0.117083
0.0196346 0.115525
0.0195794 0.115366
0.0200071 0.117237
0.0199862 0.118221
0.019915 0.117358
0.0202205 0.119429
0.020163 0.117798
0.0197407 0.116579
0.0197896 0.116479
0.0197487 0.117205
0.0194952 0.115041
0.0193668 0.114416
0.0197055 0.116345
0.0192163 0.113254
0.0197596 0.116425
0.0197449 0.117106
0.019616 0.115498
0.0193421 0.11352
0.0196908 0.115894
0.0193465 0.113848
0.0189717 0.112506
0.0193624 0.114009
0.0193637 0.114209
0.0186197 0.110851
0.0194272 0.114476
0.0185916 0.110154
0.0189876 0.111152
0.0184626 0.109488
0.0186231 0.108839
0.0180854 0.106683
0.018129 0.107292
0.0187875 0.111098
0.0184856 0.108971
0.0187203 0.110515
0.0183138 0.108145
0.0180892 0.106919
0.0182828 0.107418
0.0184112 0.109195
0.0187166 0.11062
0.0178694 0.105218
0.0182319 0.10782
0.0184154 0.108141
0.0183528 0.108988
0.0185351 0.109086
0.0184107 0.108283
0.0179437 0.106219
0.0187081 0.110442
0.0182257 0.107274
0.0183822 0.108347
