45487
44059
43985
44979
45853
46409
46334
46657
46869
46451
46669
46601
46759
46799
46535
46694
46714
46945
46732
46544
46757
46883
46583
46495
46156
45471
45238
44912
44615
44452
44082
44282
44157
44216
44357
44248
44347
44865
45084
45707
45968
46220
46021
46055
46228
46142
46340
46069
46114
46421
46380
46221
46336
46337
46329
46504
46337
46396
46132
46628
46421
46466
46352
46781
46798
46653
46598
46423
46491
46502
46558
46135
46377
46609
46545
46586
46316
46529
46606
46701
46544
46795
46621
46564
46736
46900
46861
46914
46679
46703
46893
46936
46809
46979
46779
47019
47036
47024
46981
47079
46906
46950
46806
47097
47080
46966
47046
47260
47001
47074
46844
46873
46820
47075
47089
46965
47219
47068
47312
47064
47208
47281
47260
47122
47118
47301
47086
47346
47335
47338
47310
47328
47199
47042
47009
47095
46913
46826
47313
47315
47469
47326
47184
47267
47182
47425
47374
47160
47136
47036
47327
47345
47480
47250
47342
47374
47308
47352
47211
47009
47509
47453
47394
47206
47146
47353
47317
47547
47450
47406
47197
47469
47377
47611
47445
47528
47415
47637
47578
47558
47558
47424
47492
47575
47475
47552
47562
47580
47303
47342
47704
47597
47383
47437
47499
47728
47450
47638
47392
47562
47825
47356
47579
47874
47545
47747
47664
47583
47944
47979
48006
47601
47887
47730
47866
47867
47755
47882
47869
47683
47663
47757
47776
48006
47916
47913
47890
47707
47678
48005
48037
48066
47877
48265
47682
47896
48074
47787
48227
47866
48037
47945
48027
48060
47851
47964
47732
48163
48224
48005
47811
48220
47973
47985
47829
47986
48441
48206
47988
48061
48151
48127
48201
48143
48233
48139
48002
47958
47980
48005
48041
47926
48021
48262
48233
47863
48381
48102
48056
48215
47996
48290
48281
48104
48146
48556
47951
48375
48188
48266
48066
48509
48354
48637
48477
48609
48568
48526
48685
48905
48594
48512
48301
48293
48641
48744
48345
48264
48385
48764
48777
48657
48766
48701
48855
48664
48914
48712
48812
49012
48743
48665
48725
48885
48774
49076
49032
49032
48463
49027
49223
49083
48871
48967
48819
48983
48984
48812
48967
49133
48701
48830
49155
48893
48583
48760
48761
49047
49001
48838
48701
48761
48774
49231
48734
49145
48824
48917
49006
48882
48817
48722
48889
48879
48932
49052
49036
48975
49106
48647
48755
48985
48804
49099
49116
48987
48843
48940
49077
49057
48941
48694
48865
48919
49069
48947
48971
48922
48927
49385
49083
48783
48948
48948
48994
48863
48995
48930
48846
49001
49129
49064
48860
48837
48714
48895
48846
48809
48824
48686
48881
48928
48699
48931
48851
48720
48927
48795
48680
48759
48671
48475
48656
48802
48559
48692
48569
48539
48565
48592
48334
48505
48128
48299
48304
48109
47985
48187
48378
48067
47827
48066
47790
47903
47745
47490
47403
47519
47491
47432
47193
47431
47429
47264
47176
47233
47111
47385
46988
47029
47239
47045
47223
46941
46889
47136
47143
47114
46907
46967
47340
46907
46883
47144
47005
46742
46910
47193
46754
46949
46985
46850
46645
46652
46378
46373
46381
46238
46285
45955
45790
46209
45839
45844
46299
46130
45868
45832
45956
46051
46316
46000
46214
46389
45900
46102
46176
46398
46047
46463
46419
46622
46925
46627
46647
46959
47120
46783
46552
46427
46739
46532
47025
46778
46755
46753
46297
46081
46147
46059
45056
45283
45319
45667
45802
45680
45772
45689
45812
45439
45621
45525
45572
45684
45106
44524
44578
44716
44777
44506
43753
43793
44001
44277
45543
45318
45141
45314
45710
45672
45796
45909
45649
45983
46318
46441
46581
46728
47172
47698
47694
47994
47908
48013
48127
47918
48164
48057
48030
48273
48057
48260
48159
48373
48191
48051
48430
48235
48096
48059
48030
47917
47976
47781
47825
48172
47983
48062
48365
48000
47833
48170
48005
47985
47600
47860
48127
48218
47975
48121
48347
48205
48198
48127
48024
48475
47855
47923
48253
47864
48169
47909
47892
47725
47634
47572
47629
47761
47649
47785
47873
47955
48148
47636
47829
47973
47817
47872
47892
47923
47847
47798
47787
47652
47748
47701
47712
47687
47927
47440
47918
47569
47642
47763
47699
47425
47638
47848
47747
47445
47867
47629
47750
47699
47783
47535
47840
47755
47658
47366
47676
47608
47331
47451
47445
47452
47456
47594
47347
47641
47726
47630
47655
47613
47669
47592
47839
47498
47523
47335
47205
47579
47413
47155
47404
47359
47385
47329
47261
47530
47499
47441
47430
47352
47358
47468
47402
47244
47384
47367
47414
47331
47412
47340
47291
47583
47604
47430
47236
47578
47463
47365
47175
47184
47337
46997
47155
47311
47281
47285
47420
47256
47350
47696
47518
47407
47466
47332
47337
47105
47383
47308
47351
47386
47351
47317
47152
47116
47192
47346
47508
47316
47316
47303
47297
47121
47203
47147
47421
47142
47193
47270
47143
46952
47006
47063
47326
46765
47070
47038
47357
47221
47097
47123
47020
47019
47275
47370
47422
47128
46994
47195
47174
47119
47163
46995
47007
47530
47461
47618
47485
47448
47210
47604
47510
47420
47414
47304
47376
47360
47373
47418
47224
47180
47249
47204
47186
47200
47116
47290
47268
47407
47435
47233
47132
47419
47485
47729
47846
47576
47736
47409
47614
47272
47501
47447
47476
47769
47595
47317
47139
47202
47262
47568
47472
47601
47400
47690
47607
47343
47280
47604
47594
47573
47444
48152
47840
47707
47634
47663
47729
47838
47679
47652
47492
47839
47398
47610
47044
47526
47415
47303
47308
47350
47491
47529
47317
47363
47316
47490
47104
47224
47316
47320
47325
47456
47309
47404
47765
47458
47664
47549
47666
47533
47754
47662
47573
47599
48120
47777
47723
47739
47808
47478
47781
47505
47558
47576
47746
47732
47770
47773
47471
47584
47653
47492
47445
47404
47585
47368
47657
47542
47563
47586
47716
47881
48117
47803
47843
48044
48009
48164
48052
48505
47922
48606
48409
48499
48020
48039
48413
48096
48211
48209
48331
48213
48233
48152
48297
48481
48496
48460
48589
48415
48340
48359
48505
48604
48519
48542
48436
48584
48623
48416
48263
48251
48248
48236
48260
48269
48195
48043
48351
48419
48548
48950
48244
48541
47998
48364
47703
48068
48329
48094
48340
48238
48385
48451
48362
48368
48088
48321
48348
48541
48189
47710
47393
47468
47622
47630
47698
47476
47684
47491
47588
47471
47311
47053
47167
47192
47141
47414
47247
47352
47251
47293
47262
47304
47315
47278
47415
47357
47277
47448
47304
47175
47756
47510
48234
47354
47666
47546
47526
47507
47481
47615
47547
47560
47293
47379
47142
47332
47499
47431
47313
47211
47502
47281
47246
47186
47008
46889
47336
47428
47319
47426
47705
47312
47630
47677
47460
47430
47478
47695
47438
47778
47438
47444
47422
47475
47303
47594
47417
47657
47250
47421
47614
47593
47670
47541
47239
47510
47057
47904
47745
47583
47415
46844
47023
47481
47369
47356
47096
47246
47228
47296
46758
47265
47109
47222
47420
47204
47391
47222
47406
47292
47488
47483
47070
47550
46997
47115
47260
46849
47030
46945
47057
47050
47740
46730
46758
46646
46948
46873
47001
47084
46964
47160
47163
47049
47024
47210
46871
46909
46917
46869
47358
47086
47185
47111
47294
46757
47122
46946
46909
46987
46957
46855
47063
46909
47063
47042
46936
46325
47038
47206
46925
47350
47265
47266
47374
47400
47386
47377
47378
47594
47488
47376
47383
47678
47881
47734
47373
47635
47502
47580
47707
47474
47859
47707
47649
47461
47551
47845
47626
47686
47633
47634
47786
47548
47596
48017
47643
48041
47745
47908
47834
47918
48227
47852
47953
47877
48249
48014
48017
48043
47917
47841
47832
47824
48285
48049
48040
48109
48088
48155
48073
48099
48087
48019
48442
47949
48069
48244
48377
48263
48278
48372
48297
48282
48316
47933
47883
48004
47971
47860
48124
48005
48155
48217
48072
48007
47980
47926
48367
48022
48185
47992
48019
48177
48083
48028
48336
47871
48140
47768
48314
48005
48105
48210
48330
48362
48450
48215
48095
48078
48503
48139
48071
48322
48112
48494
48125
48070
48262
48054
48064
48090
