21169
20388
20176
20227
20307
20396
20415
20384
20579
20471
20747
20620
20739
20763
20652
20583
20635
20615
20699
20531
20546
20374
20275
20508
20456
20659
20894
20887
20708
20529
20405
20397
20472
20503
20390
20527
20790
20993
21010
21183
21324
21438
21283
21439
21355
21419
21356
21215
21186
21283
21184
21088
21040
21002
21052
21068
21215
21247
21297
21477
21410
21360
21450
21322
21349
21058
21010
20906
20923
20765
20626
20581
20629
20584
20678
20661
20499
20468
20576
20497
20315
20362
20294
20186
20049
19907
20068
20159
20265
20353
20070
20101
20084
20031
20002
19896
19847
19716
19664
19636
19594
19717
19839
19787
19671
19670
19697
19794
19860
19858
19871
20013
20054
20154
20093
20001
19920
19853
19971
19953
19929
20067
19984
19905
19890
19877
19789
19951
19940
20024
19947
20164
20004
19949
19825
19970
19812
19858
20016
19918
20033
19961
19969
19854
19961
19959
20162
20080
19926
19813
19855
19810
19822
19821
19786
20041
20060
19908
19897
19873
19997
19988
19893
19926
19949
19849
19941
20037
19977
20121
20039
19996
19919
20081
20005
20179
20112
20184
20093
20086
20160
20184
19997
20038
20076
20173
20032
20253
20031
20118
20239
20164
20104
20170
20295
20195
20200
20093
20118
20160
20191
19941
20065
20129
20170
20121
20183
20108
20265
20164
20254
20278
20356
20307
20298
20209
20233
20489
20439
20415
20309
20263
20248
20463
20341
20309
20298
20402
20319
20458
20450
20542
20470
20514
20526
20439
20598
20486
20595
20561
20491
20476
20307
20556
20427
20480
20301
20422
20328
20334
20317
20337
20227
20260
20365
20381
20513
20446
20425
20354
20392
20290
20347
20289
20238
20208
20161
20369
20300
20377
20218
20132
20126
19912
19765
19743
19594
19581
19596
19469
19381
19422
19138
19078
19037
19053
18898
18690
18666
18596
18595
18465
18295
18327
18175
18051
18006
18022
17987
18038
17944
17995
17816
17868
17805
17769
17801
17694
17781
17598
17726
17585
17549
17499
17474
17269
17333
17149
17147
17139
17049
17010
17105
16953
17047
17154
17143
16972
16936
17016
16937
16726
16847
16827
16741
16678
16701
16686
16673
16681
16805
16700
16667
16606
16605
16580
16486
16602
16629
16553
16456
16520
16488
16556
16641
16575
16578
16390
16474
16359
16386
16396
16394
16423
16362
16378
16265
16282
16310
16197
16193
16228
16212
16159
16122
16123
16206
16164
16177
16093
16032
15969
16002
16016
15851
15913
15806
15786
15832
16018
15862
15945
16001
15938
15932
15877
15837
15847
15660
15675
15686
15696
15718
15423
15508
15464
15430
15491
15377
15138
15199
15182
15209
15097
14905
14881
14831
14776
14718
14691
14682
14636
14610
14589
14453
14455
14350
14317
14218
14286
14054
13913
13878
13764
13613
13616
13605
13487
13359
13385
13113
13127
13087
13058
13012
13071
12968
12969
12886
12989
12812
12839
12836
12747
12805
12796
12862
12872
12987
13003
13066
13048
13278
13230
13016
13180
12993
12857
12917
12700
12718
12600
12689
12662
12565
12476
12657
12684
12611
12774
12737
12916
12731
12830
12897
12885
12899
13079
12958
12971
13141
12876
13169
13329
13247
13322
13499
13255
13521
13604
13549
13672
13731
13860
13861
13871
13871
13957
13920
13952
14059
14066
14167
14214
14310
14438
14470
14509
14405
14215
14342
14343
14581
14486
14473
14419
14392
14527
14503
14511
14565
14845
14897
15048
14733
14502
14489
14210
14270
14264
14153
14171
14151
14048
14092
13987
13802
13610
13601
13541
13724
13698
13578
13424
13491
13321
13388
13615
13497
13330
13510
13675
13477
13282
13680
13590
13750
13806
13865
14035
14078
14306
14160
14417
14460
14664
14489
14644
14761
14671
14809
14992
15102
14959
14989
15104
15071
15110
15012
15072
15047
14775
14964
15131
15439
15410
15470
15427
15647
15551
15390
15675
15669
15762
15674
15735
15842
15820
15713
15818
15909
15895
16124
15900
16033
16218
16334
16203
16456
16408
16482
16290
16381
16335
16510
16511
16291
16207
16106
16283
16068
16004
15917
15612
15864
15885
15956
15672
15805
15719
15727
15663
15735
15836
15822
15733
15731
15626
15835
15688
15783
15681
15762
15789
15737
15671
15890
15789
15821
16026
15811
15876
16092
15857
16084
15848
16052
16092
16044
16238
16144
16097
16179
16256
16131
16307
16210
16266
16376
16341
16347
16227
16491
16414
16609
16645
16645
16613
16621
16463
16606
16538
16669
16569
16454
16554
16555
16531
16359
16589
16617
16402
16423
16478
16438
16329
16278
16249
16322
16197
16372
16381
16396
16295
16456
16458
16465
16414
16424
16538
16394
16280
16258
16415
16295
16171
16263
16001
16143
16206
16257
16234
16275
16198
16303
16392
16293
16304
16264
16130
16418
16416
16436
16421
16446
16673
16451
16513
16449
16582
16556
16728
16554
16872
16700
16476
16469
16627
16637
16600
16783
16763
16969
16548
16954
16652
16848
16816
16781
16838
16870
16876
16878
16790
16730
16786
16756
16985
16986
16952
16911
17050
16933
16856
16969
16848
16752
16741
16542
16515
16652
16349
16332
16390
16426
16330
16113
16167
16445
16224
16271
16461
16520
16500
16441
16607
16498
16498
16477
16657
16631
16532
16577
16654
16675
16571
16591
16614
16473
16437
16396
16374
16447
16279
16169
16168
16084
15864
15905
15913
15683
15703
15965
15933
15974
15898
16150
16010
15926
15842
15900
16003
16087
15886
15940
16078
16000
15974
15893
15993
15819
15988
15848
15849
15745
15969
15751
15869
15701
15856
15866
15971
16052
16175
16005
16098
15937
16077
15810
15735
15670
15652
15549
15689
15626
15653
15849
15681
16032
15799
15647
15633
15586
15353
15381
15226
15407
15306
15372
15524
15502
15579
15446
15493
15410
15107
15250
15026
15187
15160
14925
15088
14917
14876
14874
14425
14526
14346
14389
14014
14214
13955
13924
13763
13930
13807
14014
13850
13724
13622
13739
13768
13670
13626
13568
13505
13462
13473
13410
13188
13149
12929
13043
12957
12842
12743
12665
12529
12795
12796
12777
12855
12724
12624
12609
12847
12829
12820
12848
12829
12906
12931
12854
12907
12693
12696
12554
12505
12512
12604
12559
12620
12749
12961
12789
12803
12853
12940
12695
12927
12992
13170
13121
13058
13216
13204
13360
13340
13297
13424
13440
13619
13475
13736
13999
13793
13923
13943
13986
14246
14166
14223
14542
14626
14597
14695
14825
14612
14957
14971
14946
15304
15460
15450
15589
15654
15702
15749
15851
15790
15812
15628
15527
15559
15381
15300
15510
15423
15535
15405
15549
15538
15751
15873
16031
16248
16324
16614
16428
16352
16231
16191
16263
16064
15821
15984
16202
16206
16192
16208
16268
16242
16300
16285
16157
16092
16310
16078
16202
16161
16268
16130
16196
16135
16153
16053
16121
16073
16202
16205
16204
16389
16615
16289
16332
16663
16803
16618
16917
16926
16863
16883
16701
16742
16671
16363
16552
16415
16428
16646
16340
16392
16150
16241
16156
16424
16199
16144
16191
15952
16020
16078
16074
16090
15939
16229
16116
16222
16254
16299
16112
16421
16513
16863
16907
16924
16727
16619
16860
16780
16527
16583
16585
16511
16637
16563
16524
16588
16520
16452
16194
16367
16332
16180
16093
15974
16177
15977
15946
15904
15899
16035
15886
15817
15991
15865
15903
15737
15847
15934
15784
15802
15795
15772
15998
15825
15887
15818
15760
15702
15502
15588
15349
15147
14915
15147
14879
14901
14711
14732
14621
14652
14676
14500
14543
14488
14497
14363
14374
14289
14171
14265
14152
14160
14188
14140
13972
14006
13979
13874
13858
13997
13795
13833
13697
13757
13632
13607
13700
13654
13500
13527
13612
13500
13578
13471
13324
13270
13342
13449
13507
13467
13338
13403
13336
13403
13401
13447
13335
13280
13426
13298
13340
13370
13387
13414
13457
13429
13408
13431
13476
13400
13360
13335
13348
13413
13378
13353
13367
13372
13314
13337
13282
13308
13436
13318
13441
13368
13370
13382
13324
13378
13377
13265
13341
13361
13411
13405
13406
13372
13417
13508
13529
13441
13409
13429
13458
13373
13427
13417
13411
13458
13403
13397
13416
13329
13416
13409
