0.0390549 0.0829987
0.0385975 0.0824995
0.0382158 0.0824247
0.038874 0.0854798
0.0380149 0.0849461
0.0376192 0.0847225
0.0371953 0.083566
0.0376586 0.085312
0.0368861 0.083143
0.037398 0.0839724
0.0376954 0.0839157
0.0376201 0.0841416
0.0379594 0.0846714
0.0376695 0.0840437
0.0385877 0.0860449
0.0382459 0.0858475
0.0386305 0.0865035
0.0378626 0.0852777
0.0391788 0.0874922
0.0394723 0.0884516
0.0377465 0.08498
0.038284 0.0871208
0.0377674 0.0858693
0.0372142 0.0834796
0.0376049 0.0839363
0.0370519 0.0806428
0.0371637 0.0795922
0.0385291 0.0819649
0.0385704 0.0822387
0.0386092 0.0828097
0.0384131 0.0822347
0.0395409 0.0849635
0.0390098 0.0832845
0.0385731 0.0823782
0.0390477 0.0840608
0.0388733 0.0829639
0.0398734 0.0842232
0.041056 0.0867432
0.0404324 0.0858163
0.0394225 0.0841713
0.0408599 0.087085
0.0407766 0.0869951
0.0403867 0.08636
0.0403444 0.085685
0.0386902 0.0828846
0.0399781 0.0852047
0.0403509 0.0865799
0.0408589 0.087721
0.0393077 0.0845842
0.0393515 0.0848565
0.0379361 0.0821847
0.0383092 0.083033
0.0378424 0.082462
0.0395724 0.0863727
0.0386134 0.0840775
0.039015 0.0852003
0.0386754 0.0836201
0.0393186 0.0849532
0.0384354 0.082406
0.0389934 0.083764
0.0397273 0.0851938
0.0393466 0.084691
0.0390746 0.0835431
0.0383361 0.0832473
0.0386342 0.0838447
0.0381435 0.0836737
0.0383215 0.0841504
0.0378979 0.0833732
0.0380988 0.0837834
0.0376932 0.0836022
0.0390484 0.08722
0.0387117 0.0859045
0.0381409 0.084929
0.037529 0.084143
0.0377031 0.0840507
0.0368726 0.0823774
0.03684 0.082443
0.0382444 0.0860367
0.0365169 0.0818915
0.0372708 0.0841099
0.0373593 0.0847649
0.0373384 0.0849622
0.037961 0.0863802
0.0379028 0.0865947
0.0371923 0.0858397
0.0373894 0.0872557
0.0373747 0.0864062
0.037226 0.0857681
0.0375119 0.0854676
0.0372535 0.0845576
0.0369612 0.0854509
0.0366886 0.0847719
0.0359826 0.0830014
0.0352673 0.0818731
0.0356665 0.0825417
0.0365513 0.0854443
0.0352954 0.0827833
0.0357151 0.084297
0.0360517 0.085181
0.0358047 0.0849969
0.0359819 0.0852812
0.0361301 0.0851549
0.0363385 0.0848833
0.0370688 0.0872795
0.0358147 0.0848457
0.0360899 0.0853076
0.0369885 0.0873737
0.0381321 0.0899768
0.0382529 0.0894763
0.0382112 0.0895861
0.0378063 0.0881184
0.0378441 0.087643
0.0377293 0.0870649
0.0382839 0.0884192
0.038041 0.0881401
0.0376042 0.0872956
0.0375037 0.0878514
0.0372042 0.0871909
0.0377217 0.088278
0.037572 0.0876059
0.037272 0.0872598
0.0379487 0.088354
0.0373377 0.0872198
0.0386457 0.0904295
0.0386771 0.090548
0.0386467 0.0908588
0.038431 0.0903532
0.0391767 0.0918751
0.0378781 0.0889167
0.0387249 0.0903915
0.0375203 0.087933
0.036931 0.0856973
0.0375664 0.0876325
0.0376596 0.0878239
0.0386056 0.0904918
0.0382053 0.0890336
0.038362 0.0897436
0.0382961 0.0892336
0.0380364 0.0888789
0.0376818 0.0884627
0.0379944 0.0890031
0.0381425 0.0893743
0.0385028 0.0898893
0.0380481 0.0895034
0.0377132 0.0880717
0.0384254 0.0901348
0.0388308 0.0900704
0.0375958 0.087251
0.0382038 0.0892803
0.0386404 0.0905971
0.0382641 0.0901032
0.0380337 0.0897527
0.0370402 0.0876804
0.0378296 0.0890974
0.0369159 0.0872839
0.0361968 0.0846265
0.0364807 0.084995
0.037341 0.0877537
0.036214 0.0849374
0.037707 0.0881095
0.0375615 0.0882132
0.0374549 0.0878527
0.0372221 0.0876188
0.0372435 0.0871725
0.0371491 0.0867713
0.0374052 0.0881656
0.0363368 0.0852013
0.0370205 0.0867894
0.0373688 0.0877009
0.0369224 0.0859301
0.0367948 0.085633
0.0372932 0.0873675
0.0370473 0.0870024
0.0381155 0.0892386
0.03862 0.0904274
0.0379509 0.0882601
0.0373846 0.086963
0.0381025 0.0887832
0.0373919 0.0873936
0.0371333 0.0867769
0.0372643 0.086756
0.0372807 0.0864546
0.0381735 0.0894634
0.0393026 0.0920252
0.0376706 0.0878661
0.0378875 0.088088
0.0392324 0.091853
0.038287 0.0887276
0.0388747 0.0905097
0.0376728 0.0874838
0.0381967 0.088789
0.0381863 0.0889208
0.0389633 0.0906287
0.0387229 0.0898364
0.0385723 0.089086
0.038785 0.0904184
0.0382734 0.0887129
0.0392558 0.0917733
0.0387874 0.0901183
0.0391157 0.0909226
0.0391462 0.0913773
0.0383809 0.0899153
0.0390427 0.0913033
0.0393345 0.0922053
0.0396807 0.0921666
0.039569 0.0925401
0.0392616 0.091364
0.0396605 0.0925005
0.0386023 0.0900567
0.0388364 0.091103
0.0389638 0.0910437
0.039051 0.0903442
0.0392676 0.0910297
0.039219 0.0909046
0.0392863 0.0913391
0.0392439 0.0916423
0.0402295 0.09356
0.03878 0.089365
0.0401331 0.0926171
0.0388176 0.0893461
0.0397496 0.0919297
0.0409226 0.0950007
0.0393923 0.0915646
0.0391564 0.0905537
0.0390981 0.0907035
0.0400941 0.0931607
0.0400747 0.0930634
0.0388298 0.089452
0.0396335 0.0915399
0.0393356 0.0908691
0.0397529 0.0918826
0.0395307 0.091033
0.0396239 0.0912066
0.0389736 0.0903286
0.0384451 0.0878885
0.0386671 0.0891922
0.0379771 0.0872415
0.0380888 0.0874744
0.0386447 0.0890507
0.038132 0.0874471
0.0387428 0.0894539
0.0395228 0.0910822
0.0402371 0.093613
0.0388628 0.0895116
0.0388012 0.0894894
0.0389429 0.0897949
0.0391531 0.0906359
0.039472 0.0916658
0.0399099 0.0932212
0.0395438 0.091915
0.0392752 0.0910075
0.0405693 0.0946059
0.0399033 0.093044
0.0403375 0.0939289
0.0403718 0.0931991
0.0401635 0.0930278
0.0398531 0.0925754
0.0402225 0.0933679
0.0395637 0.0914565
0.0396033 0.0920212
0.0395561 0.0919478
0.0404115 0.0942829
0.0398642 0.0928884
0.0385679 0.0900488
0.0385717 0.0905228
0.0394445 0.0924881
0.039724 0.0931005
0.039342 0.0911189
0.0384347 0.0894089
0.0390804 0.0905923
0.0386405 0.090365
0.0384077 0.090006
0.0380654 0.0894366
0.0378439 0.0902973
0.0379531 0.0912219
0.0378087 0.0902598
0.039537 0.0960498
0.0368807 0.0892191
0.0371795 0.0897632
0.0376106 0.0916842
0.0371515 0.0905526
0.0366415 0.0897436
0.0376136 0.0934267
0.0373976 0.0928294
0.0362 0.0901928
0.0364077 0.0914292
0.035966 0.0899037
0.0360928 0.0920278
0.0355082 0.0903247
0.0361208 0.0923317
0.0360762 0.0919064
0.0346291 0.0896832
0.0360262 0.0937961
0.0358239 0.0936323
0.0362783 0.0952957
0.0356195 0.0944546
0.0365647 0.0971343
0.0357531 0.0948285
0.0349937 0.0933452
0.0355475 0.0949662
0.0353479 0.0942934
0.0354271 0.0940261
0.0345067 0.0921643
0.0350428 0.0933512
0.0356532 0.0959281
0.0361042 0.0975294
0.0364339 0.0974103
0.0353718 0.0950605
0.0357862 0.0959451
0.0365935 0.0998409
0.0371211 0.10053
0.0368391 0.10037
0.0357188 0.0976694
0.0367156 0.100577
0.0366105 0.100778
0.037324 0.10348
0.0374195 0.103906
0.037915 0.105954
0.0370101 0.103692
0.0378153 0.106366
0.0373746 0.105109
0.0365836 0.102939
0.0377662 0.105759
0.0376209 0.106707
0.0379818 0.106822
0.0385421 0.108371
0.0376728 0.105874
0.0370463 0.105232
0.0377311 0.106164
0.0370148 0.10496
0.0377967 0.107929
0.0373609 0.107796
0.0379744 0.108209
0.0371293 0.106258
0.0374067 0.107222
0.0367826 0.106248
0.0377237 0.108676
0.0381425 0.109673
0.0376312 0.108619
0.0388048 0.112343
0.0391673 0.111514
0.0387965 0.111497
0.0386009 0.111838
0.0395487 0.114416
0.0383898 0.110388
0.0394339 0.113932
0.0386992 0.112459
0.0387027 0.112276
0.0395402 0.114378
0.0396252 0.114722
0.038916 0.113089
0.0394041 0.114165
0.0389654 0.113113
0.0399205 0.116453
0.0392837 0.112974
0.0402721 0.117164
0.0406384 0.117505
0.0403449 0.118182
0.0402976 0.117701
0.0393517 0.115472
0.0396604 0.116014
0.0402902 0.117529
0.0401292 0.117421
0.0393268 0.114961
0.0389418 0.11435
0.0391058 0.115032
0.0392984 0.116262
0.0391916 0.115772
0.0387431 0.114531
0.0375282 0.110761
0.0387524 0.114556
0.0392561 0.116281
0.0390769 0.115408
0.0381152 0.113683
0.0391225 0.116921
0.0396231 0.118154
0.039079 0.115513
0.0390993 0.116122
0.0390352 0.116153
0.0392695 0.117442
0.0396949 0.118825
0.0398225 0.119106
0.039075 0.11711
0.039076 0.117133
0.0395606 0.120182
0.0392676 0.118457
0.0381097 0.115969
0.0391467 0.11903
0.039292 0.119189
0.0388233 0.117493
0.0397476 0.120729
0.0396378 0.11916
0.0392512 0.11793
0.039272 0.118459
0.0394937 0.119257
0.0397499 0.120111
0.0409839 0.124455
0.0396594 0.120212
0.0399191 0.122222
0.0405596 0.124466
0.0410072 0.126036
0.0407142 0.124936
0.0393983 0.120308
0.0410762 0.127602
0.0400544 0.123549
0.0403407 0.125259
0.0383727 0.119443
0.0401385 0.124201
0.0394531 0.123106
0.040555 0.128022
0.0405603 0.128035
0.0405954 0.128442
0.0403104 0.126701
0.0394931 0.12572
0.0393592 0.126602
0.0390783 0.125596
0.0394047 0.127638
0.0399507 0.129467
0.0398234 0.129297
0.039598 0.128991
0.0386715 0.125937
0.0384728 0.125239
0.0394503 0.12909
0.0397948 0.130783
0.0393254 0.129869
0.0398203 0.131857
0.0391422 0.130244
0.0390563 0.130195
0.0396982 0.133211
0.0389235 0.129987
0.0392817 0.132774
0.0397633 0.136204
0.0386549 0.131863
0.0388214 0.133827
0.0385126 0.134357
0.0396406 0.137706
0.0385096 0.133627
0.0397389 0.139468
0.039868 0.142002
0.0392837 0.138663
0.0399855 0.143293
0.0409291 0.147254
0.0405874 0.145717
0.0411032 0.148262
0.0402427 0.145251
0.0408644 0.145972
0.0408623 0.1469
0.0413421 0.148971
0.0409631 0.148533
0.0412174 0.148048
0.0418533 0.151733
0.0412694 0.150012
0.0417586 0.151916
0.0418994 0.152977
0.0410918 0.149082
0.0411822 0.149734
0.0410705 0.148188
0.0410759 0.149006
0.0407824 0.145453
0.0407124 0.145043
0.0409308 0.145798
0.0409898 0.145616
0.0412424 0.1446
0.0409266 0.143159
0.0412442 0.146589
0.0400224 0.141275
0.0417115 0.149234
0.0420964 0.152057
0.0407881 0.146164
0.0398947 0.145591
0.039555 0.145384
0.0408556 0.149921
0.0410997 0.149736
0.0393391 0.144606
0.0405959 0.149861
0.0402644 0.148926
0.041248 0.150826
0.0406572 0.149243
0.0419503 0.153437
0.0423222 0.153515
0.0409817 0.149329
0.0413678 0.148266
0.041588 0.150499
0.0407162 0.14622
0.0410681 0.145848
0.0415539 0.147769
0.0412142 0.146523
0.041263 0.144277
0.0402969 0.14246
0.0410622 0.144014
0.0410605 0.141542
0.0409033 0.145309
0.0405623 0.139798
0.0411783 0.140221
0.0416858 0.144184
0.0414906 0.142246
0.0405066 0.136232
0.0402917 0.137986
0.0402682 0.135493
0.0395948 0.132755
0.0396536 0.13418
0.0395277 0.131729
0.041674 0.13881
0.0408372 0.135426
0.042454 0.13924
0.0441099 0.145123
0.0436333 0.143825
0.0422698 0.139142
0.042801 0.140158
0.0427975 0.141055
0.0419132 0.137065
0.0429595 0.141049
0.0422266 0.138632
0.0422105 0.137189
0.0408388 0.132006
0.0404372 0.13042
0.0418647 0.135107
0.0417575 0.133365
0.0409566 0.131135
0.040127 0.129792
0.0389933 0.125854
0.0395627 0.12717
0.0377391 0.120568
0.0374668 0.119909
0.0376491 0.120569
0.0374547 0.120466
0.0380863 0.121526
0.0393484 0.123701
0.0388655 0.122457
0.0393093 0.12363
0.0416031 0.12736
0.0417727 0.126036
0.0413725 0.12432
0.0406403 0.12181
0.0425358 0.130523
0.0417027 0.129706
0.0415809 0.129685
0.0408136 0.129627
0.0388802 0.123406
0.0393235 0.123878
0.0389066 0.124002
0.0394912 0.125538
0.0387456 0.123454
0.039253 0.126281
0.0383041 0.121487
0.0403422 0.127118
0.0402584 0.128677
0.0386465 0.12579
0.0406647 0.132417
0.0388017 0.126357
0.0397765 0.125546
0.0420127 0.132939
0.0411302 0.131978
0.0405541 0.132375
0.0377781 0.126232
0.0378548 0.127543
0.0371836 0.124216
0.0384393 0.126698
0.0366298 0.122916
0.0373187 0.126632
0.0369211 0.123982
0.0383947 0.127678
0.0380704 0.127773
0.038172 0.130929
0.0372372 0.124927
0.0374959 0.126932
0.0371717 0.124873
0.0381612 0.128133
0.0374928 0.126578
0.0370175 0.124831
0.0379667 0.127646
0.0368365 0.122676
0.0372053 0.124929
0.03732 0.123327
0.0376948 0.124481
0.0377355 0.122272
0.0377125 0.124301
0.0371147 0.1208
0.0371016 0.11964
0.037356 0.121805
0.0371226 0.119387
0.0357591 0.114061
0.0356709 0.1127
0.0355235 0.113778
0.0357405 0.113817
0.0352914 0.111295
0.0343772 0.109548
0.0342391 0.108405
0.0349259 0.110978
0.0350189 0.110735
0.0346139 0.109523
0.0351579 0.113029
0.0349796 0.111133
0.0349483 0.109312
0.0350836 0.107714
0.0349999 0.108436
0.034914 0.107369
0.0342816 0.105918
0.0356748 0.109286
0.0360124 0.110154
0.0356314 0.109682
0.0346034 0.105391
0.0356152 0.108175
0.0356692 0.107664
0.0354563 0.106801
0.0355999 0.10734
0.034615 0.10428
0.0343458 0.103856
0.035278 0.106791
0.0347589 0.104817
0.0343706 0.103589
0.0348769 0.104813
0.0355692 0.105371
0.0352319 0.10566
0.0338591 0.100543
0.0347987 0.103034
0.0357987 0.103832
0.035922 0.105227
0.0344229 0.100024
0.0351177 0.101475
0.0353735 0.102354
0.0356774 0.103806
0.0359487 0.103962
0.0354329 0.102418
0.0363026 0.103574
0.0364838 0.103991
0.0376224 0.10871
0.0379428 0.11057
0.0379465 0.111015
0.0383337 0.111159
0.0374997 0.110406
0.0380615 0.112722
0.036676 0.109694
0.0380072 0.114591
0.0371389 0.110691
0.0371379 0.110796
0.0371311 0.109927
0.0361471 0.109048
0.03627 0.1087
0.0366912 0.110503
0.0364252 0.109493
0.0366027 0.110388
0.0368181 0.110454
0.0370363 0.110003
0.0369184 0.109973
0.035584 0.106655
0.0361369 0.108321
0.0361873 0.109113
0.0363966 0.108873
0.0364098 0.108809
0.0366026 0.109738
0.0367224 0.110006
0.0363381 0.108489
0.0375498 0.112167
0.0363285 0.108852
0.0374522 0.111926
0.0379168 0.112209
0.03868 0.115587
0.0379959 0.113078
0.0381789 0.111506
0.0383955 0.114604
0.0392733 0.11615
0.0385073 0.112665
0.0379661 0.112632
0.0377863 0.110793
0.0381982 0.113011
0.0380777 0.111949
0.0387972 0.113535
0.0386906 0.113376
0.0391267 0.112575
0.0384305 0.111992
0.0386335 0.112754
0.0389332 0.11243
0.0396676 0.114235
0.0391901 0.113756
0.039513 0.113448
0.0390392 0.112893
0.0394244 0.113857
0.03917 0.11181
0.039048 0.112355
0.0391254 0.112742
0.0380839 0.110433
0.0384664 0.109817
0.0392541 0.112343
0.0385327 0.109097
0.0378844 0.106939
0.0370551 0.105197
0.0373362 0.10546
0.038024 0.107394
0.0374447 0.10642
0.03691 0.103697
0.0378968 0.107691
0.0388039 0.109065
0.0401047 0.112801
0.0392391 0.111705
0.0397804 0.11248
0.0406528 0.11495
0.0412157 0.116569
0.0415676 0.11865
0.0403142 0.114172
0.0396731 0.112174
0.0404587 0.115718
0.040523 0.115691
0.0404981 0.115063
0.0402084 0.114552
0.0396508 0.11403
0.0396103 0.114142
0.038788 0.111638
0.0386001 0.110955
0.0382853 0.110885
0.0382862 0.109761
0.0387926 0.11086
0.0382182 0.109417
0.0381793 0.10985
0.04026 0.114426
0.0381767 0.109309
0.0382673 0.109505
0.0380175 0.108749
0.0388063 0.110448
0.0379005 0.107933
0.0382159 0.109491
0.0374025 0.107801
0.038609 0.110899
0.0384401 0.109473
0.038482 0.11077
0.0391083 0.112609
0.0399546 0.114739
0.0392931 0.115055
0.0394287 0.114415
0.0392458 0.113415
0.0388102 0.112198
0.0392743 0.113219
0.0388683 0.112012
0.0382971 0.11168
0.0383986 0.110838
0.0383985 0.109993
0.0381947 0.11017
0.0381883 0.109789
0.0386207 0.11135
0.0388603 0.112461
0.0384189 0.109879
0.0394919 0.112695
0.0397663 0.11347
0.0406074 0.115949
0.040205 0.114496
0.0401607 0.112697
0.0403335 0.1144
0.0395231 0.111609
0.037313 0.105964
0.0384213 0.108551
0.0383748 0.108903
0.0386086 0.108022
0.0392069 0.110849
0.0390526 0.108286
0.0377028 0.105629
0.0385358 0.109007
0.0375766 0.106503
0.0384038 0.107656
0.0393533 0.110897
0.0389014 0.109217
0.0390741 0.108622
0.0398337 0.110899
0.0389412 0.106901
0.0393358 0.110225
0.039339 0.107703
0.0387387 0.108155
0.038385 0.106541
0.0377938 0.10383
0.0382101 0.105894
0.0381184 0.105298
0.0391236 0.108595
0.0388225 0.107371
0.0386772 0.106648
0.0405002 0.112269
0.0397138 0.110161
0.0402456 0.111283
0.0402656 0.112199
0.0405995 0.111805
0.0415119 0.114447
0.0423785 0.116328
0.0400189 0.109928
0.0399443 0.109267
0.0397435 0.109431
0.0399631 0.110406
0.0384846 0.105722
0.03873 0.106719
0.0386015 0.107032
0.0385811 0.108237
0.0391814 0.111111
0.0388114 0.110566
0.0381565 0.107495
0.0385157 0.110465
0.0386578 0.110397
0.0368545 0.105857
0.0372042 0.106417
0.0374883 0.107593
0.0373824 0.108732
0.0381555 0.110348
0.0381914 0.108787
0.0377205 0.108851
0.0374632 0.107861
0.0363997 0.1037
0.0380801 0.107627
0.0380293 0.107455
0.0378901 0.107658
0.0376631 0.105859
0.0378884 0.107104
0.0372458 0.105346
0.036975 0.10457
0.0369579 0.1038
0.0373636 0.104985
0.0366327 0.10392
0.0365721 0.103517
0.0347566 0.0975141
0.036325 0.101529
0.0363563 0.102891
0.036376 0.102947
0.0360849 0.102564
0.0349822 0.100589
0.0355481 0.101783
0.0350435 0.100939
0.0349928 0.100281
0.0334896 0.0960054
0.032621 0.0938633
0.0335488 0.0975942
0.0336093 0.097662
0.0341857 0.099913
0.0340669 0.101488
0.0338667 0.100346
0.0342347 0.100798
0.0339096 0.100937
0.0332378 0.098962
0.0337564 0.0989665
0.0334798 0.098977
0.034438 0.101352
0.0345896 0.102529
0.0339369 0.0986378
0.0334738 0.0987508
0.0332103 0.098267
0.0336484 0.0995455
0.0344106 0.101321
0.0341302 0.100544
0.035166 0.10294
0.0349633 0.103613
0.0355341 0.104705
0.0350896 0.104055
0.0349078 0.103375
0.0350595 0.103668
0.0339644 0.100799
0.0348941 0.102983
0.0356008 0.106265
0.0350714 0.103828
0.0340466 0.101401
0.0332521 0.0989968
0.0334794 0.0999682
0.0338811 0.100445
0.0349073 0.103866
0.0344872 0.102401
0.0349614 0.103624
0.0342247 0.101539
0.0348354 0.103051
0.0352489 0.103312
0.0347353 0.101358
0.0343239 0.0994745
0.0349055 0.102468
0.0350814 0.102435
0.0345431 0.101525
0.035619 0.103813
0.035876 0.106262
0.0356436 0.106451
0.0368462 0.109509
0.0355705 0.106121
0.0357761 0.10766
0.0356067 0.106189
0.0342524 0.102713
0.0347645 0.104389
0.0346918 0.10253
0.0340398 0.101907
0.0324906 0.0958708
0.0318301 0.0947528
0.0326904 0.0986771
0.0322546 0.0972302
0.0329819 0.0999615
0.0330652 0.101479
0.0329882 0.101489
0.0334357 0.103704
0.0326808 0.100019
0.0325438 0.100353
0.0325415 0.100963
0.0309222 0.09437
0.0315193 0.0962456
0.0314078 0.095449
0.0320022 0.0982131
0.0310774 0.0944297
0.032256 0.0990915
0.0314696 0.0981002
0.03215 0.0994098
0.0326467 0.102422
0.0312639 0.0974518
0.0313259 0.0978232
0.0300715 0.0954774
0.0304884 0.0957715
0.0320121 0.101026
0.0317454 0.100699
0.0309676 0.0983596
0.0316492 0.103224
0.0316508 0.102437
0.0323123 0.105813
0.0315687 0.103482
0.0314989 0.105537
0.0309285 0.102786
0.0303699 0.102544
0.0289385 0.0980322
0.0293326 0.100559
0.0267793 0.0910266
0.0277257 0.0953864
0.0278546 0.0949051
0.0279224 0.0956679
0.0274725 0.0950889
0.0270536 0.0947732
0.0277795 0.0964408
0.0283522 0.0984892
0.0284008 0.0991222
0.0279939 0.0990019
0.0279541 0.0980248
0.0276817 0.0989263
0.0273018 0.0975338
0.0267455 0.0956728
0.0262562 0.0934377
0.0260214 0.0941765
0.0259395 0.0949122
0.0247495 0.0914997
0.0241786 0.0888599
0.0247736 0.0916107
0.0262731 0.0982713
0.0256667 0.0965236
0.0249708 0.0945124
0.0250298 0.0956182
0.025313 0.094959
0.0245172 0.0923726
0.0246153 0.0929013
0.0235211 0.0882147
0.0247854 0.0941528
0.0245847 0.0937896
0.0249184 0.0950115
0.0251294 0.0941076
0.0259191 0.0974355
0.0247353 0.0932917
0.0244741 0.0919209
0.0239461 0.0901083
0.0246806 0.0920502
0.024764 0.0924909
0.0240548 0.0904777
0.0234651 0.0874719
0.0236641 0.0894194
0.0232025 0.0876654
0.023878 0.091206
0.0242132 0.0928429
0.0249651 0.0957481
0.0250989 0.0956046
0.0253526 0.0967434
0.0262871 0.0995246
0.0261636 0.0986744
0.0267334 0.0992979
0.0269447 0.10165
0.0274443 0.104272
0.0264348 0.098654
0.0264412 0.098609
0.0259672 0.0975975
0.0265321 0.0986308
0.0262181 0.0956743
0.0259224 0.0940015
0.0259778 0.0951147
0.0268065 0.0981008
0.0269527 0.0979116
0.0276015 0.100121
0.0277795 0.0999252
0.0279608 0.100825
0.0287346 0.103708
0.0278391 0.0995232
0.0274849 0.0975446
0.0282054 0.0992731
0.0275884 0.0981818
0.0285602 0.100102
0.0283921 0.0969355
0.0278206 0.0954832
0.027805 0.0938734
0.0290945 0.0982572
0.029119 0.0983126
0.0291651 0.0966587
0.0282387 0.0943103
0.028006 0.0927371
0.0277813 0.090359
0.0280805 0.090387
0.0295471 0.0954306
0.0289772 0.0927526
0.0300786 0.0950422
0.0307531 0.0980701
0.0325496 0.101625
0.0328459 0.102465
0.0329543 0.102971
0.0338658 0.103894
0.0327844 0.0992885
0.0339409 0.103042
0.0353228 0.106036
0.0357204 0.10681
0.0347363 0.10349
0.0355961 0.105848
0.0349567 0.103337
0.0362215 0.10741
0.0353713 0.105047
0.0340006 0.10206
0.0348914 0.105236
0.0350384 0.105791
0.0338393 0.103049
0.0348046 0.106275
0.0339477 0.103546
0.0335784 0.102444
0.0333626 0.102607
0.0330279 0.100617
0.0339213 0.103029
0.0340612 0.103295
0.0343919 0.102787
0.0344212 0.10206
0.0362391 0.106294
0.0361985 0.104998
0.0347326 0.100159
0.0350512 0.0993138
0.0342397 0.0975773
0.0343099 0.0983366
0.0337122 0.0968517
0.0336853 0.097338
0.0330744 0.0955543
0.0344438 0.100473
0.0355646 0.105113
0.0356875 0.104167
0.0352012 0.102086
0.0354058 0.102184
0.0361948 0.104496
0.0364785 0.105072
0.0369216 0.105545
0.0372079 0.106268
0.036168 0.103926
0.0362378 0.104452
0.0359294 0.104103
0.0369936 0.10788
0.0361556 0.104598
0.0363807 0.105859
0.0365724 0.106345
0.0360859 0.105377
0.035143 0.101549
0.0360514 0.104898
0.0348496 0.101136
0.0353692 0.10344
0.0356975 0.103758
0.0345192 0.101663
0.0345467 0.100614
0.0345805 0.100977
0.0341911 0.0990618
0.0343485 0.0995989
0.0340506 0.0984325
0.0356991 0.10263
0.0359677 0.101595
0.036015 0.104242
0.0359342 0.102927
0.0364442 0.102623
0.0358795 0.100637
0.0365652 0.103623
0.0362434 0.101082
0.0360117 0.100142
0.0368841 0.102236
0.0367408 0.102292
0.037982 0.105802
0.0380838 0.107693
0.0384102 0.108812
0.0391302 0.11251
0.0385247 0.10905
0.0384142 0.108376
0.0389141 0.110117
0.0385476 0.108675
0.0390176 0.111812
0.0394189 0.112555
0.039174 0.112879
0.0393488 0.113109
0.0406202 0.117232
0.0399863 0.113736
0.0401827 0.114575
0.0406917 0.117629
0.0402888 0.115805
0.0397889 0.116286
0.039971 0.116854
0.0397006 0.115126
0.039418 0.114782
0.0393199 0.113984
0.0388466 0.114185
0.0382715 0.110235
0.0385877 0.112373
0.0398806 0.115276
0.0386212 0.110496
0.038976 0.112277
0.0406544 0.117056
0.0386037 0.109372
0.0395199 0.11167
0.0413325 0.113384
0.0423364 0.116224
0.0406904 0.111439
0.039777 0.11048
0.0376331 0.105241
0.0377943 0.105694
0.0383715 0.105542
0.0391312 0.109336
0.0385901 0.107218
0.0382351 0.106904
0.0369675 0.103688
0.0374174 0.104466
0.0376032 0.105597
0.0373532 0.104878
0.0364826 0.102544
0.0363621 0.102542
0.0378486 0.106978
0.0363398 0.104298
0.0363223 0.103501
0.0367099 0.10409
0.0363229 0.104079
0.0359863 0.103648
0.0357513 0.103606
0.0355166 0.102738
0.0352468 0.102648
0.0348119 0.101781
0.0364758 0.106703
0.0356684 0.104849
0.0347596 0.100156
0.0368078 0.107831
0.0365099 0.107037
0.0375615 0.108811
0.0363186 0.106335
0.0373524 0.108973
0.0378475 0.11133
0.036743 0.107781
0.0376303 0.109389
0.0369 0.108654
0.0370904 0.1091
0.0365055 0.107249
0.0366261 0.106328
0.0361876 0.105138
0.0351993 0.103823
0.0353301 0.103166
0.0356884 0.105639
0.0359842 0.106662
0.0352556 0.104891
0.0359041 0.108502
0.0349118 0.104953
0.0343239 0.104828
0.0334841 0.103585
0.0328845 0.103319
0.0321347 0.0998878
0.0317261 0.100208
0.0306547 0.0964365
0.0298937 0.0953708
0.0298555 0.0956421
0.0298806 0.0969154
0.0293614 0.0947993
0.0299738 0.0958708
0.029613 0.0964138
0.0301028 0.0974352
0.0299489 0.09746
0.0302729 0.0987791
0.029976 0.0982385
0.0293957 0.0970502
0.0291053 0.0963678
0.0287316 0.0958295
0.0282426 0.0932352
0.0273546 0.0912239
0.0270834 0.0908192
0.0274674 0.0914858
0.0271127 0.0907355
0.0270367 0.0914687
0.027575 0.0930316
0.0270658 0.0917805
0.027743 0.0942771
0.0273346 0.093087
0.0274007 0.0931628
0.026808 0.0918449
0.02627 0.0905082
0.0268758 0.0929401
0.0270117 0.0933343
0.0267473 0.0930898
0.0261498 0.0914235
0.0270953 0.0946715
0.0273958 0.0952834
0.0270191 0.0952593
0.0277222 0.0973608
0.0280167 0.0985895
0.027459 0.096963
0.0277312 0.0973634
0.0273892 0.096949
0.0275968 0.098544
0.0275438 0.0985682
0.0281622 0.10021
0.0279112 0.0985203
0.0279551 0.0992078
0.027949 0.0989827
0.0268905 0.0961913
0.0275062 0.0980377
0.0277661 0.0993551
0.0269558 0.0961725
0.0264955 0.0943959
0.0274021 0.0973451
0.0261412 0.0936633
0.0264906 0.0951807
0.0278783 0.0998063
0.0269612 0.0965559
0.0274105 0.098051
0.0274525 0.0983545
0.0273596 0.0981549
0.0275459 0.0984047
0.0273378 0.0973471
0.0276013 0.0986671
0.0276619 0.0988962
0.0271229 0.096791
0.0272761 0.0970614
0.027769 0.0985821
0.0274318 0.0976048
0.0275784 0.0985377
0.0279347 0.0996404
0.0278515 0.0986357
0.0272975 0.0974735
0.0271285 0.0968322
0.0267422 0.0956834
0.0266708 0.0954981
0.0265633 0.0952381
0.0271081 0.0968734
0.0262965 0.0943382
0.0268947 0.0961827
0.0267716 0.095713
0.0269295 0.0964109
0.0262212 0.093371
0.0269017 0.0959007
0.0268524 0.0957367
0.0257637 0.0921387
0.0267292 0.095767
0.0273424 0.0973987
0.0257073 0.0922479
0.0266114 0.0953637
0.02603 0.0932464
0.0264873 0.0940049
0.02598 0.0929088
0.0259966 0.0924282
0.0258263 0.0919737
0.0254246 0.0910111
0.0261123 0.093389
0.0258461 0.0918715
0.0261971 0.0931333
0.0257814 0.0918086
0.0251659 0.0896413
0.0263522 0.0936034
0.0253664 0.090801
0.0262635 0.0938458
0.0252703 0.089819
0.025618 0.0916002
0.0263081 0.0936545
0.0257135 0.0919899
0.0263621 0.0939342
0.0262242 0.0933791
0.0251231 0.0897436
0.0263114 0.0941556
0.0257593 0.091607
0.0258269 0.0919532
