61.0401   463.994   525.034 0.104431   0.0320471
63.5352   537.282   600.817 0.11153   0.0372759
63.9704   536.825   600.795 0.111317   0.0369299
61.7313   529.594   591.325 0.107359   0.0360293
65.7869   521.26   587.047 0.109736   0.0354394
63.2793   541.202   604.481 0.110531   0.0369812
67.4789   535.942   603.421 0.113315   0.0365133
62.9294   566.114   629.044 0.108033   0.0387922
62.2312   596.938   659.169 0.108103   0.0415473
65.235   671.217   736.452 0.116283   0.0476404
66.1671   838.919   905.086 0.11922   0.0591038
70.1959   922.112   992.308 0.121572   0.0637425
69.9941   953.928   1023.92 0.125618   0.0663685
70.3037   988.704   1059.01 0.125722   0.0713443
67.3678   917.718   985.086 0.123838   0.0664147
73.6984   882.784   956.483 0.125125   0.0642156
71.5911   883.425   955.016 0.12024   0.0638636
72.9707   874.605   947.576 0.122588   0.0625612
73.8631   899.106   972.969 0.121685   0.0638218
74.9162   907.438   982.354 0.123982   0.0649562
73.4886   894.647   968.136 0.125837   0.0634847
74.4612   890.821   965.282 0.124102   0.0629923
73.2132   877.778   950.992 0.124937   0.0622869
73.9509   906.715   980.665 0.125023   0.0635043
71.0526   928.502   999.555 0.124544   0.065245
70.1741   958.803   1028.98 0.124599   0.066517
72.3955   986.076   1058.47 0.125382   0.0677343
73.1422   923.71   996.852 0.123551   0.0635963
77.9784   916.965   994.943 0.125805   0.0636568
76.0134   915.23   991.243 0.126731   0.0643676
71.1472   900.03   971.177 0.12686   0.0646836
73.62   901.237   974.857 0.124569   0.0663904
69.7176   978.016   1047.73 0.126721   0.0734246
62.109   751.817   813.926 0.101818   0.0498539
67.8083   881.164   948.972 0.11015   0.0586879
63.0771   769.093   832.17 0.108157   0.0509212
62.2467   775.939   838.185 0.113094   0.0522061
68.5931   879.234   947.827 0.116734   0.0595477
71.3968   879.292   950.689 0.121921   0.0604781
70.2254   907.301   977.527 0.125852   0.0636948
68.8618   912.995   981.856 0.121664   0.0648948
68.2271   910.882   979.109 0.11623   0.0651514
72.2055   921.34   993.546 0.120222   0.0648612
71.9093   873.546   945.455 0.121743   0.0617129
74.4695   875.153   949.623 0.125616   0.0617486
72.5595   874.767   947.326 0.124203   0.06223
68.4365   895.58   964.016 0.121413   0.0648806
69.234   963.357   1032.59 0.12415   0.0713528
74.5125   1018.6   1093.11 0.127408   0.0752901
70.0796   1068.1   1138.18 0.125478   0.0783785
54.3128   709.552   763.865 0.0983215   0.0487819
58.4871   720.659   779.146 0.099299   0.0495135
60.8272   732.019   792.847 0.101684   0.0501198
60.3121   737.923   798.235 0.103186   0.05066
58.5788   765.006   823.585 0.103741   0.0523314
59.3885   782.504   841.892 0.101896   0.05344
63.2823   785.243   848.525 0.104628   0.0540404
66.6946   842.995   909.689 0.107295   0.0579736
63.295   824.312   887.607 0.108475   0.0568197
63.7177   910.149   973.867 0.111265   0.0637248
65.6998   894.782   960.482 0.110979   0.0628417
68.2596   895.049   963.309 0.112857   0.0630983
69.0163   901.743   970.759 0.112956   0.0632048
69.2536   886.867   956.12 0.114944   0.0617789
67.7753   938.471   1006.25 0.112087   0.0662598
69.0445   976.002   1045.05 0.117389   0.0696456
64.1235   963.892   1028.02 0.111519   0.0684696
56.5257   714.267   770.792 0.093959   0.0478423
57.98   730.302   788.282 0.0968917   0.0488405
57.2331   714.781   772.014 0.091808   0.0478921
60.4078   713.731   774.139 0.0960073   0.0479626
64.277   732.321   796.598 0.10227   0.0491051
63.3615   808.922   872.284 0.106193   0.0547204
62.873   844.794   907.667 0.102678   0.0572949
63.3017   857.772   921.073 0.104602   0.0586838
63.8402   905.392   969.232 0.106194   0.0621266
59.0915   913.521   972.613 0.1037   0.061723
58.9085   928.457   987.365 0.10454   0.063799
64.4752   934.663   999.138 0.107848   0.0637748
67.5426   924.529   992.072 0.110605   0.0634195
65.4381   961.939   1027.38 0.108055   0.0658781
65.0693   978.18   1043.25 0.110599   0.0672397
65.4206   965.923   1031.34 0.113577   0.0664169
65.5487   993.261   1058.81 0.112654   0.0679226
59.4102   743.149   802.559 0.0947279   0.0497972
63.0623   748.661   811.724 0.0970937   0.0502221
65.4001   712.657   778.057 0.100822   0.0475485
62.84   731.848   794.688 0.0997778   0.0485813
60.5506   835.952   896.502 0.0967004   0.0555801
67.1664   793.662   860.829 0.102077   0.0531589
67.4695   814.442   881.911 0.105669   0.0544413
68.9586   863.807   932.766 0.104664   0.0584308
67.3906   872.377   939.768 0.102954   0.0588893
69.3073   917.427   986.734 0.104117   0.0614013
69.1776   926.919   996.097 0.104814   0.0627874
70.5995   938.264   1008.86 0.107321   0.0631523
69.9917   933.24   1003.23 0.106749   0.0633478
78.7703   940.225   1019 0.113748   0.0638169
77.1145   956.581   1033.7 0.112202   0.065206
61.6396   659.27   720.909 0.0898755   0.0439196
65.9349   699.627   765.562 0.096115   0.0466288
67.3859   701.84   769.226 0.0989031   0.0470597
68.6508   722.707   791.358 0.102362   0.0485658
69.4231   766.442   835.865 0.102672   0.0515515
72.0317   770.193   842.224 0.103469   0.0521005
66.2549   779.584   845.839 0.0983254   0.0531052
67.0009   806.965   873.965 0.0974795   0.0549822
69.5477   842.252   911.8 0.0989768   0.0569429
76.3726   848.259   924.632 0.101537   0.0577794
75.4145   849.247   924.662 0.104742   0.0582547
73.8102   805.357   879.167 0.106377   0.0550048
77.022   854.717   931.739 0.107874   0.0587091
74.1899   822.925   897.115 0.108329   0.0567619
78.5535   833.972   912.525 0.108757   0.0571941
57.3203   651.119   708.439 0.0852135   0.0433761
57.2683   722.674   779.942 0.0882862   0.0482823
60.9298   783.889   844.819 0.0930225   0.0525531
60.9697   775.462   836.432 0.092425   0.0518877
61.193   747.098   808.291 0.0903885   0.0501072
64.3864   762.373   826.759 0.0959968   0.0518027
68.5035   715.991   784.495 0.0997969   0.048454
62.8266   728.143   790.97 0.0949863   0.0494552
65.5139   750.902   816.416 0.0950067   0.0512276
62.5488   781.111   843.66 0.096039   0.0537606
66.1367   784.821   850.958 0.0976085   0.0545865
66.4659   800.375   866.841 0.0957919   0.0555645
66.5664   834.658   901.224 0.0972786   0.0571633
59.258   659.556   718.814 0.0862742   0.0435515
59.3052   702.101   761.406 0.0869031   0.0465769
61.1498   814.443   875.593 0.0916593   0.0543174
57.5187   792.815   850.334 0.0922618   0.0534479
62.7031   825.541   888.244 0.0952727   0.0560813
66.6659   892.072   958.738 0.101509   0.0607678
66.2692   916.688   982.958 0.103586   0.0635739
73.1399   941.577   1014.72 0.111621   0.0660159
68.4177   950.67   1019.09 0.111895   0.0681674
77.4852   987.636   1065.12 0.114729   0.0712169
75.3876   985.687   1061.08 0.113913   0.0720579
55.2015   597.3   652.501 0.0878656   0.0425962
60.6293   637.953   698.582 0.0937912   0.046309
60.2628   679.49   739.752 0.0988928   0.0496263
61.3028   713.605   774.908 0.0991954   0.05276
66.1608   723.148   789.308 0.103255   0.0541283
66.9296   705.384   772.314 0.103928   0.0533993
66.4313   704.264   770.696 0.106036   0.0540712
66.8937   729.033   795.927 0.106455   0.0569124
65.0106   678.068   743.078 0.104059   0.0543432
68.1421   712.645   780.787 0.108875   0.0570887
49.1327   568.472   617.605 0.0869385   0.0447581
50.3133   594.464   644.777 0.0911945   0.047492
52.8772   616.021   668.898 0.0899272   0.0492586
58.4797   585.207   643.687 0.098688   0.0473157
56.8026   596.062   652.865 0.100336   0.048518
58.3284   608.916   667.245 0.099728   0.0492681
62.2734   607.331   669.605 0.104904   0.0500938
63.2276   588.237   651.465 0.103694   0.0493369
63.1903   599.637   662.827 0.102158   0.0507397
63.7112   583.488   647.199 0.104274   0.0507945
45.9782   456.353   502.331 0.0801013   0.0392511
52.3117   498.676   550.988 0.0843396   0.0431143
57.5585   536.58   594.138 0.0915261   0.0468649
54.4126   574.27   628.682 0.0903488   0.0498514
55.2018   583.767   638.969 0.0917651   0.0515852
56.1055   565.765   621.87 0.0966503   0.0504427
53.9223   550.523   604.445 0.0917047   0.0499698
53.9555   536.074   590.029 0.0944378   0.0489227
54.886   538.613   593.499 0.0968647   0.0496709
58.2137   534.623   592.836 0.0968434   0.0498534
47.5271   460.99   508.517 0.0834907   0.0420558
49.5471   456.768   506.315 0.0877522   0.0422322
53.3211   459.166   512.487 0.0897285   0.0426403
55.6958   473.833   529.529 0.0927491   0.0444788
56.9828   486.813   543.796 0.096052   0.0455019
52.9939   486.836   539.83 0.0925209   0.0464597
55.3521   508.397   563.749 0.0941006   0.0486556
52.1046   515.633   567.737 0.0914829   0.0490502
51.6446   517.891   569.536 0.0914065   0.049856
54.8297   522.225   577.054 0.0944321   0.050327
53.1621   542.701   595.863 0.092581   0.0529924
48.7673   443.528   492.296 0.0831851   0.0428049
46.2055   456.173   502.378 0.0855305   0.0445322
46.5996   479.73   526.33 0.0851221   0.0470078
49.3727   501.145   550.518 0.0900961   0.0493318
51.0048   508.889   559.894 0.091884   0.0503577
52.7356   523.23   575.966 0.0948824   0.0515132
51.5435   502.633   554.176 0.0902372   0.0500605
52.0951   493.626   545.721 0.0905573   0.0489474
51.1799   501.655   552.835 0.091181   0.0497486
51.5786   498.22   549.799 0.0910926   0.049997
40.1231   420.318   460.441 0.07881   0.0420047
44.691   421.905   466.596 0.0824389   0.0427443
44.0663   456.884   500.951 0.08408   0.0466561
46.8832   433.373   480.256 0.0859611   0.0445834
47.3076   450.366   497.674 0.0940509   0.0469039
49.5884   433.89   483.478 0.0889566   0.044943
48.7083   436.782   485.49 0.0934899   0.0460244
53.11   433.553   486.663 0.0942595   0.0460557
47.5095   428.68   476.189 0.0909273   0.0462363
50.0807   424.423   474.504 0.088813   0.0458406
40.538   360.456   400.994 0.0786636   0.0382686
44.8741   375.498   420.372 0.0827173   0.040204
43.036   387.791   430.827 0.0863309   0.0422518
46.9359   407.937   454.873 0.0866687   0.0443999
51.4219   404.147   455.569 0.0923858   0.0446967
49.1103   421.003   470.113 0.0911307   0.0463022
48.753   405.289   454.042 0.0933803   0.045892
51.8958   404.604   456.5 0.0955548   0.0458652
51.3792   410.911   462.29 0.0983648   0.0473357
40.3693   342.397   382.766 0.0821813   0.0384634
43.583   357   400.583 0.0874107   0.0403317
43.8147   374.949   418.764 0.0902889   0.0432962
45.9889   394.548   440.537 0.0949471   0.045684
50.9665   409.778   460.745 0.100486   0.0484126
52.4216   417.673   470.094 0.101376   0.0503627
48.8142   433.126   481.94 0.104662   0.0527347
50.9647   452.991   503.956 0.108829   0.0559027
40.6914   338.885   379.576 0.0889322   0.0414307
48.4654   357.489   405.954 0.0984069   0.0450516
48.9991   378.129   427.128 0.102231   0.0489063
49.8982   406.946   456.844 0.107856   0.0542555
52.5011   418.6   471.102 0.1124   0.0563537
55.0242   446.797   501.821 0.114634   0.0616136
54.749   436.834   491.583 0.115091   0.062429
58.3552   429.294   487.649 0.113464   0.06314
40.3078   319.868   360.176 0.0866835   0.0452731
40.2314   341.238   381.469 0.0897221   0.0493532
45.9194   389.612   435.531 0.101659   0.0572453
47.0481   411.451   458.499 0.10682   0.0608905
50.7347   446.929   497.664 0.108269   0.0666909
50.3923   460.821   511.213 0.112255   0.0689542
51.4058   447.508   498.914 0.112535   0.0684923
46.7121   325.286   371.998 0.0924991   0.0477192
49.442   323.924   373.366 0.100492   0.0487822
50.8927   355.405   406.298 0.105259   0.0547569
53.6219   373.37   426.992 0.112199   0.057477
55.9033   369.887   425.79 0.119012   0.059132
62.5832   373.388   435.971 0.122975   0.0599365
59.1351   386.547   445.682 0.125722   0.0626485
39.426   320.603   360.029 0.0862923   0.0479848
46.6574   347.391   394.048 0.0948707   0.0520514
50.5576   364.846   415.404 0.100913   0.0550859
54.1789   389.056   443.235 0.107807   0.0590632
51.2274   404.825   456.052 0.11168   0.0615741
55.5029   405.68   461.183 0.114387   0.0620011
57.751   435.929   493.68 0.119567   0.0673176
57.9514   428.682   486.634 0.120287   0.066216
39.3092   346.14   385.449 0.0889795   0.048159
38.7897   395.954   434.743 0.0913559   0.0551544
40.3346   430.155   470.489 0.0984971   0.0598251
49.6072   461.966   511.574 0.108242   0.0644763
51.6255   500.574   552.2 0.111449   0.06955
56.014   503.876   559.89 0.119991   0.0706546
54.5601   534.585   589.145 0.12003   0.0737573
52.7624   524.141   576.903 0.118834   0.0731989
41.7178   416.952   458.67 0.0912612   0.0518549
44.1213   437.617   481.738 0.0969166   0.0542293
48.4588   475.194   523.653 0.0983435   0.05733
50.7085   536.004   586.713 0.108207   0.0657835
49.3064   552.426   601.732 0.108525   0.0691204
49.0123   580.872   629.884 0.116318   0.072233
46.5967   594.807   641.404 0.113928   0.0748373
43.352   480.35   523.701 0.0944745   0.0544452
50.547   570.953   621.5 0.106216   0.0657831
58.0046   600.059   658.064 0.116964   0.0686914
60.1969   654.733   714.93 0.120767   0.0730959
61.3587   662.549   723.907 0.123882   0.0742817
63.6515   672.093   735.744 0.128524   0.0771456
61.4747   669.819   731.293 0.128541   0.0777131
57.6932   669.816   727.509 0.125352   0.0789005
50.6681   495.327   545.995 0.0962749   0.0546804
51.3346   519.958   571.293 0.100854   0.0580505
52.8608   520.791   573.652 0.102917   0.059122
53.3191   544.444   597.763 0.106745   0.0628516
49.4996   587.67   637.169 0.105359   0.0664702
58.5913   591.37   649.961 0.115793   0.0676831
55.8657   574.548   630.414 0.116205   0.0668031
51.1991   606.078   657.277 0.11696   0.0712739
54.5213   636.232   690.753 0.124452   0.0751546
44.128   418.522   462.65 0.0876642   0.0481461
45.3096   434.888   480.198 0.0945639   0.0506121
47.4975   434.979   482.476 0.0956646   0.0502686
54.2208   451.891   506.112 0.102545   0.0520282
56.3484   484.409   540.757 0.109547   0.0550473
58.9722   524.562   583.534 0.114531   0.0584529
62.0978   540.835   602.932 0.11736   0.0600535
65.5751   564.896   630.471 0.11993   0.0617875
67.0607   583.181   650.241 0.11765   0.0639554
68.9537   608.565   677.519 0.121478   0.0653835
47.503   388.518   436.021 0.086594   0.0396251
49.4278   430.938   480.366 0.0906457   0.043504
49.9074   471.763   521.67 0.0930364   0.0477666
54.9683   492.986   547.954 0.0992432   0.0497457
56.8647   506.554   563.419 0.102275   0.0507951
56.7952   537.116   593.911 0.106273   0.053471
57.5314   536.31   593.841 0.10482   0.0540347
58.4892   594.322   652.811 0.108063   0.0587115
55.8135   612.627   668.441 0.108587   0.0604757
47.1841   444.712   491.896 0.0870786   0.0422696
48.6865   593.513   642.2 0.0923842   0.0575699
49.6079   517.586   567.194 0.0919304   0.0496355
50.0209   548.062   598.083 0.0930332   0.052804
52.2893   613.619   665.908 0.0951951   0.0584876
53.857   591.313   645.17 0.0969742   0.0567915
53.6816   610.731   664.413 0.0998211   0.0581065
57.2463   665.414   722.66 0.104464   0.062528
57.3953   665.278   722.674 0.106222   0.063796
63.2506   678.861   742.111 0.10808   0.0642766
60.119   696.146   756.265 0.11087   0.066139
53.3152   500.491   553.806 0.0900161   0.0455542
54.6086   504.42   559.029 0.0941121   0.0461543
60.5762   522.459   583.035 0.0987272   0.0477611
65.6838   553.083   618.767 0.102152   0.0507223
66.0248   544.289   610.313 0.103958   0.0506629
66.8143   545.074   611.889 0.105078   0.0509035
61.9121   541.183   603.095 0.0987434   0.0514628
65.9124   543.985   609.897 0.104086   0.0520722
69.9278   539.029   608.957 0.105174   0.0517893
64.4417   545.673   610.114 0.105254   0.0528247
67.4651   546.214   613.679 0.105455   0.053532
67.8123   543.19   611.002 0.104347   0.0537014
49.6875   420.128   469.816 0.0817229   0.0411839
51.8606   416.053   467.913 0.0828822   0.0412616
52.2138   439.714   491.928 0.0849992   0.0430947
53.1313   457.65   510.781 0.0871822   0.0449703
56.5631   491.674   548.237 0.0898234   0.0479588
61.4103   519.007   580.418 0.0971243   0.0507112
63.0446   528.606   591.651 0.0947224   0.0514652
73.4485   557.681   631.129 0.107741   0.0550152
67.8948   601.526   669.421 0.106514   0.0587911
68.1675   615.561   683.728 0.106846   0.0596069
63.7205   618.173   681.893 0.105974   0.0607729
64.8952   610.251   675.146 0.109482   0.0604209
59.679   440.074   499.753 0.0920769   0.041347
59.8313   459.816   519.647 0.0925772   0.0429677
62.1517   509.811   571.963 0.0987655   0.0478234
66.1262   501.272   567.398 0.098759   0.0474574
69.6054   506.683   576.288 0.10291   0.048244
67.8649   558.53   626.395 0.10517   0.0522319
71.5524   587.642   659.194 0.105936   0.0549051
58.1203   446.325   504.445 0.0840062   0.0397389
60.7252   471.89   532.615 0.0879165   0.0415104
57.279   492.739   550.018 0.0877742   0.0435095
60.3652   514.854   575.219 0.0926252   0.0456078
67.7321   538.492   606.224 0.100835   0.0473067
68.9465   553.383   622.33 0.0984548   0.0487747
60.6358   435.466   496.101 0.085927   0.0385829
64.8544   454.241   519.096 0.0879807   0.0399278
74.5111   474.655   549.166 0.0950051   0.0423318
72.2989   499.134   571.433 0.0953272   0.0440692
72.4253   515.149   587.574 0.0955119   0.0462806
76.4091   527.662   604.071 0.0992879   0.0471687
56.3814   428.856   485.238 0.0802174   0.0379913
57.9514   467.915   525.866 0.0866054   0.0411431
60.1422   512.074   572.216 0.0887053   0.0449103
59.365   570.826   630.191 0.0904954   0.050366
67.0982   599.059   666.158 0.0947907   0.0530584
63.4382   631.326   694.764 0.0946309   0.0557622
53.3805   415.051   468.432 0.0806874   0.0361013
58.0928   482.913   541.006 0.0878673   0.0424528
62.3762   539.846   602.222 0.0925071   0.0475169
69.2018   600.421   669.623 0.101661   0.0525848
72.8026   606.822   679.625 0.103665   0.0534349
64.9943   535.882   600.877 0.0953994   0.0478784
61.7621   526.03   587.792 0.0919352   0.0466272
63.1591   496.523   559.682 0.0925747   0.0438721
62.3111   491.62   553.931 0.0891687   0.0431192
63.549   498.283   561.832 0.0911097   0.0434941
62.9245   481.642   544.566 0.0886468   0.0424547
58.366   476.829   535.195 0.0871784   0.0416239
60.9905   503.361   564.351 0.0885938   0.0445379
66.0845   523.166   589.251 0.094291   0.04646
61.2863   493.383   554.669 0.0903167   0.0442575
57.7071   507.809   565.516 0.0913294   0.0455353
52.9627   433.091   486.053 0.083745   0.0381323
65.1352   616.265   681.4 0.102636   0.0547128
64.1344   638.832   702.966 0.100269   0.056447
49.6769   439.458   489.135 0.0817823   0.0395435
45.6564   382.072   427.729 0.0746891   0.0339857
50.3603   396.807   447.168 0.0770709   0.0352226
47.4826   413.804   461.287 0.0776041   0.0360009
51.0522   425.91   476.962 0.0829732   0.0372578
51.0977   431.126   482.223 0.0854068   0.037904
43.3462   374.981   418.327 0.0751017   0.0330166
56.5715   496.041   552.613 0.090951   0.0435932
63.3265   555.689   619.016 0.102234   0.0487367
62.6163   442.848   505.465 0.0959882   0.0390628
62.1269   440.705   502.831 0.0930242   0.0388276
60.401   467.274   527.675 0.0922153   0.0405432
48.2837   398.057   446.34 0.0764991   0.0343325
55.6773   433.286   488.964 0.0867924   0.0372858
58.0558   463.294   521.35 0.0908825   0.0396663
54.5162   463.602   518.119 0.0890303   0.0404704
55.1   476.506   531.606 0.0880191   0.0421358
49.8933   425.588   475.481 0.0809431   0.0373133
57.3217   480.415   537.737 0.0906272   0.0426647
56.025   483.514   539.54 0.0898917   0.0429056
55.2143   506.296   561.51 0.090545   0.0455523
47.577   449.645   497.222 0.0772354   0.0393734
52.2304   480.71   532.941 0.0839178   0.0425189
61.2638   526.325   587.589 0.0939053   0.0458128
57.7985   510.59   568.388 0.0936008   0.045125
46.5472   435.407   481.954 0.0761405   0.038291
54.3467   501.738   556.085 0.088021   0.0446704
56.3387   544.55   600.888 0.0927132   0.0479329
57.1178   545.518   602.636 0.0968567   0.0479287
56.9707   564.305   621.276 0.0974811   0.0494509
62.5568   588.349   650.906 0.0987479   0.0520579
62.9994   584.784   647.783 0.1053   0.0520846
60.5834   583.72   644.304 0.104044   0.0523852
59.5388   589.161   648.7 0.105995   0.0528003
57.2068   585.737   642.944 0.102784   0.0531894
48.4142   443.188   491.602 0.0869717   0.0400621
48.3445   458.086   506.431 0.0871857   0.0421326
52.8018   460.167   512.969 0.0929609   0.0428895
53.0821   492.507   545.59 0.095678   0.0450157
55.585   478.108   533.693 0.0967536   0.0437041
59.1879   502.966   562.154 0.0993562   0.045591
57.657   523.794   581.451 0.10241   0.0480009
61.0102   508.816   569.826 0.107919   0.0470204
47.4055   420.015   467.421 0.0830218   0.0381354
50.4748   433.173   483.648 0.0866371   0.0396941
51.2264   426.787   478.013 0.0885963   0.0390537
51.4118   460.625   512.037 0.0926006   0.0431321
56.8234   465.722   522.545 0.097367   0.0435865
55.462   468.54   524.002 0.0966798   0.0439944
43.8145   382.774   426.589 0.0835623   0.0361881
45.0706   383.704   428.775 0.0852802   0.0366357
47.2541   404.099   451.353 0.0884671   0.0388749
49.8846   481.199   531.083 0.0940333   0.0457576
49.6753   501.633   551.308 0.0954681   0.047114
39.2045   359.372   398.576 0.0791553   0.033841
42.1697   373.921   416.091 0.0798022   0.0355414
48.6863   391.16   439.847 0.0844829   0.0371382
53.8536   402.758   456.612 0.090207   0.0387619
54.1361   483.054   537.19 0.0956045   0.0465718
52.8978   491.124   544.021 0.0921106   0.0464627
50.185   405.667   455.852 0.0852762   0.0375948
43.3959   413.605   457.001 0.0840395   0.0376715
44.777   433.349   478.126 0.0833836   0.0403533
45.9295   438.899   484.828 0.08478   0.0412363
44.0593   385.873   429.932 0.0803583   0.0365252
45.9125   399.956   445.869 0.0836294   0.0377584
48.0132   418.159   466.172 0.088749   0.039449
50.3154   426.686   477.001 0.0899178   0.0395545
50.0677   460.326   510.393 0.0905618   0.0431721
48.5049   486.576   535.081 0.0908089   0.0458164
47.39   500.708   548.098 0.0889119   0.0475783
49.2969   507.179   556.476 0.0927723   0.0487649
46.07   500.87   546.94 0.0920612   0.0491917
48.754   492.727   541.481 0.0912356   0.0484122
49.0146   500.51   549.524 0.0928698   0.0495282
41.2328   383.145   424.377 0.0801304   0.0387149
42.6284   376.747   419.375 0.0846851   0.0391481
40.1205   377.942   418.063 0.0821207   0.0402119
37.5318   376.373   413.904 0.0864289   0.0412062
31.1089   329.042   360.151 0.0747554   0.036357
33.3258   346.907   380.233 0.0790514   0.0382906
36.413   359.44   395.853 0.0876215   0.0405643
35.9189   372.996   408.915 0.0847644   0.0419692
32.1485   342.078   374.226 0.0822914   0.0382018
36.0388   356.485   392.523 0.0822535   0.0399212
37.3997   370.91   408.309 0.0898672   0.0418162
36.8864   384.894   421.78 0.0864255   0.0432436
37.827   331.46   369.287 0.0845485   0.0375864
32.5195   326.249   358.769 0.0813326   0.0373475
35.4064   328.723   364.13 0.0844349   0.0385012
33.7372   333.299   367.036 0.0861743   0.0400632
34.9718   350.432   385.404 0.0870564   0.0422614
35.5679   374.266   409.834 0.0928667   0.0453117
39.5748   362.016   401.591 0.0949415   0.0443195
35.126   355.328   390.454 0.0924368   0.0440526
35.8902   356.933   392.823 0.0916347   0.0434481
36.5889   344.606   381.195 0.0905666   0.0414603
36.7488   345.095   381.843 0.0891962   0.0413576
37.2943   349.087   386.381 0.0944557   0.041872
37.8163   355.337   393.153 0.0939536   0.0426293
32.3126   340.83   373.143 0.0870625   0.04121
33.9719   345.273   379.245 0.0859117   0.0415141
34.4724   342.559   377.031 0.085966   0.0408063
34.9069   353.913   388.82 0.0882125   0.0413388
36.3398   345.696   382.036 0.0867298   0.0401598
34.3734   328.934   363.307 0.084604   0.0381126
35.4077   321.833   357.24 0.0875499   0.037703
34.1223   339.182   373.304 0.0837014   0.038848
35.3259   339.371   374.697 0.082808   0.0385465
36.9532   336.003   372.956 0.0825954   0.0379355
37.7902   351.55   389.34 0.083459   0.039597
34.9197   305.515   340.434 0.0763104   0.0344801
35.3078   326.621   361.929 0.08296   0.0365446
39.8659   332.847   372.713 0.0869675   0.0372571
34.8383   354.464   389.302 0.0816522   0.0384326
34.7669   350.677   385.444 0.0841134   0.0381689
34.3642   329.278   363.642 0.0808253   0.0357528
36.4968   351.696   388.193 0.0866613   0.0378168
36.824   374.176   411 0.0883069   0.0393461
38.8106   380.854   419.664 0.086502   0.0398438
36.2889   350.816   387.105 0.0764898   0.036071
38.6622   369.54   408.203 0.0807144   0.0375762
38.8733   388.351   427.224 0.0813887   0.039071
42.0259   423.236   465.262 0.0858422   0.0410175
49.2818   397.569   446.851 0.0871858   0.0375079
45.753   412.255   458.008 0.0897778   0.0386061
49.4616   441.194   490.655 0.0929729   0.0407678
43.4507   448.67   492.121 0.0855119   0.041437
40.8221   393.239   434.061 0.0781368   0.0368377
42.373   408.138   450.511 0.0845094   0.0385272
45.9391   442.087   488.026 0.0902734   0.0417492
44.3495   453.106   497.455 0.0858193   0.04243
48.626   448.25   496.876 0.0905723   0.0420902
50.4798   476.872   527.352 0.093385   0.0436887
53.9968   498.172   552.169 0.0969616   0.0450219
51.2979   515.667   566.965 0.0914583   0.0459952
49.197   514.692   563.889 0.0906022   0.045724
44.3185   429.352   473.671 0.0832663   0.038899
45.5655   430.276   475.841 0.0860538   0.0392829
43.7072   425.671   469.378 0.0802948   0.0399741
41.6216   434.382   476.003 0.0801786   0.040204
41.5559   398.933   440.489 0.0808285   0.0368232
43.802   422.692   466.494 0.0840959   0.0389122
48.2366   433.866   482.103 0.0889155   0.0396252
42.4027   465.411   507.814 0.0826564   0.0422615
44.6338   412.494   457.128 0.0817718   0.0371851
46.6535   452.448   499.101 0.0830381   0.0405498
45.5216   450.073   495.594 0.0840502   0.0401141
47.0339   457.199   504.233 0.085568   0.0403363
39.6296   431.38   471.01 0.0751699   0.0380936
52.0268   618.659   670.685 0.0929881   0.0552349
47.6191   593.232   640.851 0.0897458   0.0524423
39.4086   434.247   473.655 0.0749009   0.0385938
38.2645   399.717   437.981 0.0701672   0.0347237
40.1222   431.022   471.145 0.0732379   0.0380359
41.0185   457.501   498.519 0.0744099   0.0392902
43.6445   467.83   511.475 0.0784503   0.0398885
41.4566   439.508   480.965 0.0753927   0.0375676
42.941   440.664   483.605 0.0751467   0.0381683
44.959   446.757   491.716 0.0782747   0.0389339
46.0596   457.22   503.279 0.0823412   0.0400486
44.2253   465.925   510.15 0.0790091   0.0407304
46.0954   434.34   480.436 0.081035   0.0381023
46.8439   427.786   474.63 0.0804417   0.0378768
49.17   414.899   464.069 0.0795791   0.0369234
45.9289   433.377   479.305 0.0801551   0.0387523
42.9188   428.261   471.179 0.0769154   0.038346
43.578   396.74   440.318 0.0734666   0.0358484
40.3056   390.748   431.054 0.0698537   0.0349945
39.2734   377.847   417.12 0.0683356   0.034071
39.7997   394.696   434.496 0.0705252   0.0351769
47.4927   466.252   513.744 0.0836138   0.0416087
47.3943   462.236   509.63 0.0837567   0.0407138
88.4334   1022.97   1111.41 0.134831   0.0926739
75.3779   911.502   986.88 0.122699   0.0834948
46.7469   466.748   513.495 0.0834767   0.042038
45.697   444.579   490.276 0.0846084   0.0400251
43.3612   400.705   444.067 0.0781126   0.0364388
37.2987   413.955   451.253 0.0756737   0.0375874
33.5384   364.383   397.921 0.0670767   0.0338342
34.545   358.396   392.941 0.0678683   0.0331401
31.4839   336.006   367.49 0.0649599   0.0317163
30.5925   328.368   358.961 0.0622273   0.0307594
33.1737   342.118   375.292 0.0656256   0.0321675
38.1803   377.874   416.054 0.0696848   0.0358943
37.9211   417.5   455.421 0.0759603   0.0395676
40.8036   414.378   455.181 0.0766264   0.0391537
42.5089   424.091   466.6 0.0789762   0.0399577
39.7479   417.833   457.581 0.0810262   0.0391091
41.8291   454.731   496.561 0.0834912   0.0421985
45.2645   488.252   533.517 0.091462   0.0458823
46.2379   509.904   556.142 0.09341   0.049328
46.1985   475.514   521.712 0.0942399   0.0459962
46.2265   453.158   499.385 0.0982403   0.0461931
35.3202   398.732   434.053 0.0837964   0.0408822
34.6036   382.45   417.054 0.0867741   0.0398234
33.6376   396.728   430.366 0.0867693   0.0414646
33.6171   388.569   422.186 0.0846197   0.0410166
32.7749   353.814   386.589 0.0793005   0.037364
29.1973   324.227   353.424 0.0711696   0.0347375
26.863   310.532   337.395 0.0699556   0.0335695
26.0497   307.462   333.512 0.0701203   0.0338242
26.7078   302.327   329.035 0.072021   0.0334309
27.045   296.281   323.326 0.0741636   0.0328745
27.9374   291.122   319.06 0.0733587   0.0326395
29.7864   308.68   338.466 0.0808785   0.0342163
29.7203   308.415   338.136 0.0820031   0.0344477
32.7695   315.785   348.554 0.0833528   0.0353317
33.1294   328.447   361.577 0.0873468   0.0372606
34.9891   341.524   376.513 0.0887797   0.0384305
35.1765   347.036   382.213 0.0900518   0.0396222
36.2645   354.831   391.096 0.0956532   0.0407337
31.1759   307.823   338.999 0.0832309   0.0354396
31.9058   298.813   330.719 0.0875631   0.0350042
30.4074   304.322   334.729 0.0826661   0.0352926
30.7447   303.573   334.318 0.081551   0.0350344
30.5663   284.241   314.807 0.0865902   0.0329119
27.5165   285.162   312.678 0.0790136   0.0330862
26.9036   292.955   319.859 0.0772538   0.0340774
24.4284   285.563   309.992 0.0747809   0.0333719
26.931   282.118   309.05 0.0769458   0.0330752
27.4581   285.459   312.917 0.0764424   0.0330867
26.954   287.262   314.216 0.0749138   0.0332895
27.0821   287.483   314.566 0.0779716   0.0331833
26.5381   287.845   314.383 0.0723108   0.033253
25.9317   279.458   305.39 0.0710068   0.0322633
26.1018   279.154   305.256 0.0737338   0.0324127
26.1441   289.944   316.088 0.0728247   0.0333831
27.957   281.598   309.555 0.0747014   0.0326225
28.8059   281.564   310.37 0.0765605   0.0325376
27.9012   276.567   304.468 0.0777193   0.0320881
29.7132   279.801   309.515 0.0799099   0.032542
32.5923   281.772   314.364 0.0869128   0.0326012
31.0623   275.965   307.027 0.0816891   0.0317932
27.801   274.923   302.724 0.0792051   0.031794
31.6548   282.26   313.915 0.0818482   0.0324763
27.7202   278.385   306.105 0.0756693   0.0324093
28.8456   274.996   303.841 0.0762439   0.0318331
26.6432   268.334   294.977 0.0736406   0.0310163
26.5954   269.203   295.799 0.0750223   0.0310858
26.7828   275.71   302.492 0.0729115   0.0315157
25.6588   273.862   299.521 0.0699149   0.0314038
28.3572   275.152   303.509 0.0711597   0.0316122
27.9818   270.933   298.915 0.0729644   0.0312928
28.7818   277.433   306.215 0.0733605   0.0318645
27.726   278.748   306.474 0.0728674   0.0318496
27.7223   274.058   301.78 0.0735339   0.0315372
28.0685   270.537   298.606 0.0725284   0.0312784
26.8742   273.913   300.787 0.0722424   0.0315183
