1367         1367
1271         569
1290         584
1273         569
1299         574
1306         575
1329         599
1361         572
1352         595
1366         582
1311         575
1294         561
1309         555
1292         577
1296         557
1239         559
1267         544
1288         589
1328         595
1367         595
1398         607
1363         604
1344         584
1376         600
1323         586
1334         591
1305         570
1273         563
1302         577
1325         592
1385         619
1378         599
1317         560
1339         591
1310         550
1337         610
1303         615
1292         583
1216         550
1264         587
1263         585
1271         558
1255         566
1253         587
1295         600
1301         590
1280         592
1285         584
1259         563
1263         557
1242         584
1237         558
1228         552
1301         589
1330         598
1313         584
1297         564
1322         582
1325         604
1334         621
1338         583
1317         572
1369         592
1349         604
1352         611
1337         602
1321         604
1346         588
1318         575
1346         601
1351         598
1360         623
1317         629
1375         628
1327         596
1344         612
1310         605
1290         601
1270         569
1277         563
1324         597
1334         610
1304         605
1273         588
1326         576
1308         581
1317         627
1365         649
1325         648
1327         629
1349         626
1353         658
1352         638
1394         658
1417         654
1369         665
1396         660
1372         657
1395         655
1408         692
1424         687
1398         685
1455         686
1435         681
1419         670
1421         676
1457         696
1433         673
1455         687
1488         702
1490         752
1445         720
1445         693
1476         714
1441         684
1494         722
1510         672
1444         648
1427         655
1448         659
1471         677
1513         670
1463         686
1432         661
1498         689
1474         651
1492         677
1509         693
1496         684
1484         686
1514         682
1513         667
1448         623
1486         658
1459         656
1425         639
1440         655
1427         611
1488         675
1422         661
1405         628
1404         646
1376         609
1329         618
1329         640
1326         644
1319         626
1339         628
1332         624
1298         625
1289         565
1265         551
1319         588
1300         592
1262         566
1297         584
1277         593
1308         609
1343         618
1299         611
1319         574
1363         620
1335         628
1334         602
1312         601
1298         580
1312         588
1292         571
1270         566
1307         601
1331         569
1305         564
1329         594
1346         600
1336         593
1339         572
1305         588
1302         569
1367         565
1350         580
1320         574
1318         586
1247         540
1291         547
1230         548
1260         555
1243         555
1279         571
1249         575
1278         561
1275         566
1253         509
1263         542
1213         524
1242         545
1241         503
1270         557
1248         521
1306         563
1255         522
1279         563
1223         515
1249         542
1187         498
1202         541
1250         556
1233         538
1200         522
1177         543
1175         522
1144         491
1159         498
1128         485
1103         484
1147         507
1104         517
1080         466
1060         468
1060         457
1080         492
1042         479
1041         462
1013         467
1024         480
1025         475
1065         514
1052         465
1029         448
1026         451
1006         440
1027         468
1045         448
1029         456
1028         505
1028         492
1001         483
1039         477
1001         469
1031         508
1014         470
1024         456
1041         491
1008         501
1032         502
978         458
1008         485
989         483
986         481
990         441
984         424
993         409
1053         458
1044         463
1073         466
1080         454
1056         444
1052         457
1070         455
1095         492
1090         468
1074         454
1059         421
1030         409
1051         458
1081         475
1136         495
1149         498
1246         495
1199         495
1151         478
1131         460
1076         526
1074         509
1094         513
1104         499
1059         469
1086         506
1045         480
1007         437
1054         438
1040         503
1045         479
1078         496
1065         528
1065         514
1084         514
1078         529
1077         546
1120         570
1091         567
1111         548
1079         545
1051         536
1022         553
1028         556
1018         534
1068         548
1062         541
1040         514
1051         541
1032         527
1060         539
1067         537
1045         549
1070         555
1037         537
1068         548
1042         540
1120         585
1088         542
1149         592
1108         580
1163         613
1212         643
1198         635
1158         635
1143         627
1123         633
1166         664
1102         612
1147         639
1186         649
1154         608
1160         625
1174         614
1165         609
1199         629
1153         632
1226         665
1210         681
1218         637
1225         638
1170         601
1203         592
1217         648
1244         646
1202         629
1255         669
1263         676
1256         645
1283         675
1248         691
1286         690
1258         652
1250         651
1239         671
1298         700
1294         705
1377         737
1393         784
1323         758
1336         758
1373         769
1337         702
1284         669
1261         678
1268         656
1362         707
1289         670
1274         661
1266         661
1267         674
1276         680
1317         702
1280         681
1283         671
1289         682
1298         698
1293         697
1266         709
1264         669
1319         688
1313         700
1294         678
1198         631
1256         632
1254         634
1270         639
1229         607
1265         611
1275         653
1279         611
1267         615
1228         598
1240         577
1283         622
1251         619
1302         652
1314         667
1335         655
1270         631
1265         641
1259         638
1241         612
1265         626
1237         616
1258         632
1215         623
1206         609
1221         616
1224         622
1232         652
1249         617
1249         611
1237         617
1251         607
1207         589
1209         584
1231         633
1178         598
1172         582
1130         561
1153         556
1152         556
1121         554
1107         568
1108         554
1146         574
1138         595
1118         563
1134         565
1149         571
1167         582
1142         578
1138         555
1184         583
1155         573
1109         524
1141         528
1106         534
1137         530
1110         520
1139         495
1133         528
1185         576
1189         597
1175         566
1164         574
1196         588
1101         516
1138         537
1129         541
1119         548
1136         549
1113         541
1120         559
1122         552
1109         534
1122         533
1092         531
1035         500
1129         534
1078         527
1058         514
1046         503
1006         488
934         434
898         416
892         421
884         415
896         423
907         390
902         438
875         416
886         426
906         447
834         399
856         419
806         391
807         401
825         383
844         416
815         380
845         391
822         404
835         412
813         394
818         402
799         371
816         395
816         401
840         395
865         419
833         406
841         404
848         407
871         426
901         447
940         452
938         457
886         425
936         458
920         426
894         413
930         425
936         421
913         417
981         448
1008         474
1051         479
1063         477
1075         489
1172         565
1114         509
1151         532
1178         508
1177         522
1127         501
1144         508
1138         516
1134         536
1138         540
1224         556
1147         560
1143         543
1144         532
1120         529
1197         544
1167         519
1183         514
1192         520
1199         542
1187         513
1212         545
1229         561
1161         541
1161         549
1189         527
1143         559
1153         530
1126         526
1233         545
1210         547
1204         551
1238         556
1265         549
1250         571
1279         574
1246         559
1259         559
1259         568
1263         582
1315         617
1270         573
1252         558
1292         593
1268         577
1262         574
1250         564
1249         568
1246         565
1352         655
1228         614
1233         560
1207         540
1227         555
1171         492
1148         500
1174         509
1155         484
1133         491
1170         505
1199         547
1149         499
1213         532
1201         538
1167         490
1161         501
1125         494
1129         495
1104         490
1044         470
976         421
960         398
923         387
955         397
960         413
948         410
910         384
885         371
875         370
903         364
893         380
887         368
858         362
891         393
848         379
861         394
893         390
858         379
871         374
877         364
887         367
917         377
885         353
858         348
889         348
845         326
856         350
887         359
901         359
899         347
872         367
875         365
881         354
898         359
887         374
874         376
874         359
881         371
855         375
869         380
831         351
884         386
877         366
875         378
850         361
853         354
857         367
851         367
862         398
869         383
857         392
859         380
851         377
870         387
847         372
