17159       17159
16402       14526
16325       14478
16438       14413
16574       14536
16725       14699
16731       14708
16639       14634
16649       14678
16636       14593
16470       14367
16250       14089
16529       14194
16977       14466
16983       14373
16617       13858
16591       13818
16494       13747
16764       13833
16954       13980
17214       14087
17063       13970
17139       14092
17162       14141
17008       14092
17069       14278
16909       14231
17098       14414
17188       14558
17240       14524
17354       14404
17306       14218
17124       13914
16921       13574
16824       13320
16562       15080
16645       15014
16743       15103
16579       14863
16618       14765
16374       14539
16184       14244
15977       14068
15892       13981
16064       14204
16032       14155
16000       14172
15939       14057
15732       13803
15595       13501
15599       13529
15639       13627
15564       14545
15573       14554
15722       14605
15713       14566
15782       14618
15851       14642
15740       14530
15794       14541
15739       14507
15578       14282
15575       14238
15507       14185
15671       14267
15753       14355
15692       14163
15578       14013
15625       14077
15780       14929
15837       14952
15778       14924
15760       14881
15851       14913
15676       14782
15641       14744
15617       14616
15569       14573
15775       14800
15553       14552
15680       14655
15605       14578
15679       14601
15652       14547
15678       14543
15787       14623
15622       14923
15670       14907
15734       14988
15812       15064
15843       15040
15742       14930
15773       14960
15632       14783
15717       14813
15820       14941
15661       14762
15744       14857
15645       14732
15630       14733
15616       14670
15561       15010
15606       15004
15521       14913
15544       14881
15562       14867
15499       14782
15403       14680
15413       14676
15563       14791
15488       14681
15401       14578
15475       14641
15494       14558
15438       14497
15566       14581
15532       15011
15562       14967
15551       14916
15590       14945
15525       14910
15335       14716
15381       14776
15324       14723
15359       14658
15336       14529
15292       14377
15450       14404
15795       14601
15721       15144
15712       15074
15760       14994
15604       14833
15507       14720
15425       14680
15271       14419
15151       14262
14811       13946
14712       13868
14572       13679
14469       14022
14281       13776
14228       13692
14110       13525
13917       13359
13819       13209
13589       13024
13412       12809
13106       12477
13127       12483
13090       12701
12927       12517
12899       12505
12768       12368
12693       12285
12764       12359
12555       12123
12330       11922
12208       11817
11898       11487
11903       11626
11864       11566
11744       11449
11822       11519
11650       11316
11515       11216
11337       11017
11300       10957
11175       10843
11079       10723
11212       10961
11090       10815
11044       10768
10914       10653
10985       10698
10779       10478
10758       10448
10855       10512
10740       10387
10740       10376
10611       10241
10639       10361
10524       10243
10472       10205
10460       10158
10408       10105
10500       10157
10347       10040
10412       10084
10413       10083
10295       9965
10253       10006
10131       9870
10081       9792
9964       9720
9880       9601
9990       9654
9821       9490
9732       9413
9631       9271
9633       9258
9624       9419
9553       9339
9430       9178
9439       9187
9310       9042
9382       9092
9152       8831
9163       8821
9056       8680
9103       8901
9048       8851
8884       8660
8888       8636
8732       8464
8617       8293
8546       8213
8442       8103
8391       8179
8162       7935
7995       7731
7855       7500
7845       7428
7678       7251
7497       6997
7352       6799
7268       7065
7155       6914
7099       6806
7160       6757
7156       6701
7220       6683
7075       6533
7012       6816
6857       6640
6779       6490
6843       6496
6700       6255
6741       6229
6771       6170
6868       6681
6923       6674
6939       6623
7025       6587
7112       6574
7185       6543
7216       6475
7336       6474
7447       7187
7578       7179
7709       7190
7741       7164
7978       7197
8023       7131
8075       7247
8151       7160
8403       8040
8562       8069
8784       8288
8724       8148
8660       7992
8885       8041
8981       7948
9134       8822
9100       8679
9205       8735
9460       8957
9483       8919
9406       8712
9345       8619
9295       8489
9334       9058
9322       8957
9165       8808
9066       8662
9234       8841
9122       8737
9016       8600
8905       8503
8904       8465
8919       8692
8835       8592
8903       8653
9019       8685
9193       8799
9437       8974
9451       9005
9635       9142
9654       9118
9890       9307
10015       9804
10182       9905
10198       9876
10255       9910
10310       9972
10420       10045
10298       9925
10536       10122
10588       10130
10725       10520
10549       10309
10665       10427
10642       10379
10795       10491
10755       10412
10906       10510
11084       10641
10934       10428
11134       10561
11204       10525
11215       10986
11146       10929
11205       10939
11145       10904
10982       10743
10874       10708
10724       10516
10659       10446
10623       10408
10578       10329
10499       10203
10467       10115
10411       10201
10335       10083
10489       10203
10452       10176
10522       10252
10457       10234
10586       10271
10488       10136
10581       10231
10791       10327
10738       10171
10845       10100
10849       10643
10989       10701
11013       10660
10991       10562
11003       10502
11198       10693
11236       10702
11365       11231
11514       11368
11541       11324
11520       11288
11611       11383
11619       11345
11400       11286
11530       11376
11381       11212
11532       11326
11418       11131
11485       11186
11443       11288
11544       11372
11607       11402
11604       11333
11620       11290
11706       11321
11673       11496
11554       11375
11583       11361
11645       11418
11585       11356
11461       11192
11550       11281
11564       11317
11645       11401
11700       11456
11589       11344
11697       11455
11566       11301
11510       11260
11360       11148
11360       11152
11468       11357
11422       11263
11503       11317
11224       11113
11340       11242
11359       11265
11572       11494
11529       11431
11472       11374
11426       11357
11487       11378
11513       11401
11469       11336
11541       11350
11735       11525
11703       11594
11746       11620
11809       11679
11631       11455
11512       11308
11507       11405
11392       11260
11414       11269
11315       11114
11529       11420
11432       11305
11637       11488
11516       11315
11499       11371
11404       11232
11543       11360
11578       11381
11669       11411
11583       11301
11532       11227
11453       11142
11479       11158
11323       11012
11243       11062
11053       10872
10916       10729
11169       10940
11166       10939
11313       11032
11190       10912
11101       10821
11134       11013
11078       10912
11076       10928
10870       10679
10876       10685
10856       10650
10711       10577
10625       10473
10588       10394
10722       10516
10841       10647
10735       10619
10632       10520
10689       10532
10574       10390
10584       10372
10698       10570
10919       10790
11131       10979
10870       10738
10812       10643
10650       10564
10684       10592
10694       10600
10888       10787
10773       10662
10738       10620
10645       10523
10524       10400
10321       10182
10308       10177
10256       10105
9985       9896
9729       9623
9501       9398
9241       9133
9121       9050
9143       9059
8944       8861
8988       8887
9036       8954
9032       8929
8985       8870
9001       8900
8918       8818
8849       8735
8649       8538
8438       8319
8427       8292
8434       8259
8333       8168
8233       8066
8391       8215
8481       8311
8507       8344
8531       8337
8479       8335
8394       8270
8413       8317
8481       8394
8635       8561
8695       8608
8701       8630
8614       8536
8812       8731
8891       8804
8931       8857
8952       8878
8915       8860
9017       8937
9011       8933
9308       9223
9298       9187
9282       9209
9382       9300
9585       9509
9666       9558
9780       9725
9911       9834
10019       9939
10444       10318
10667       10599
10754       10678
10921       10822
10923       10827
10749       10674
10673       10593
10690       10589
10800       10678
10762       10649
11018       10915
11171       11065
11310       11211
11364       11256
11109       11037
11025       10953
10724       10648
10900       10804
10899       10833
10953       10862
11064       10949
11119       11012
11189       11093
11256       11157
11337       11219
11434       11334
11391       11324
11305       11200
11406       11312
11332       11251
11585       11511
11399       11332
11716       11644
11801       11728
11780       11699
11624       11545
11560       11474
11506       11416
11540       11439
11467       11399
11362       11294
11301       11236
11270       11183
11250       11168
11138       11067
11250       11166
11156       11090
11295       11220
11282       11205
11433       11353
11703       11038
11261       10916
11176       11103
11172       11107
11060       10996
11077       11013
10837       10769
10876       10814
10634       10594
10723       10675
10689       10635
10586       10527
10623       10551
10659       10583
10712       10613
10746       10683
10873       10776
10747       10641
10423       10337
10409       10338
9887       9810
9816       9753
9674       9603
9655       9567
9580       9473
9558       9469
9419       9333
9317       9250
9174       9090
9129       9043
9108       9012
9021       8919
9112       9021
9031       8953
9015       8937
8885       8814
8965       8886
8845       8758
8807       8711
8750       8685
8610       8536
8716       8622
8763       8665
8706       8636
8688       8618
8678       8596
8641       8557
8603       8529
8697       8627
8718       8629
8743       8663
8742       8656
8735       8661
8690       8612
8754       8685
8710       8632
8739       8653
8702       8619
8683       8598
8711       8643
8759       8680
8712       8647
8757       8691
8659       8589
8712       8638
8738       8651
8731       8660
8818       8748
8782       8720
8767       8704
8721       8658
8764       8706
8801       8752
8751       8690
8715       8649
8759       8690
