0  2091113
40  2105
40  1964
45  2436
62  2281
37  2607
34  2729
39  2420
32  3409
38  3942
45  2832
63  4165
63  4676
68  4803
96  2651
64  1773
79  2259
87  3300
82  3040
73  2757
122  2226
49  3725
86  2322
53  3386
58  2170
60  3059
62  8277
73  2338
79  3127
83  5271
94  2001
83  3390
97  3725
70  1736
71  287577
77  1787
65  1795
69  4879
73  2964
70  2809
111  3010
85  1677
128  1877
71  3652
99  2181
77  1596
97  2172
62  1995
96  3978
78  2079
92  2524
79  581986
76  2535
90  1981
102  2270
79  6771
93  3937
94  4737
88  12091
63  2066
94  1888
78  1780
107  2722
75  2023
105  1916
77  1849
120  2906
73  2211
99  650949
75  5602
73  2255
79  2190
68  1751
85  2406
86  1862
80  2932
82  5472
89  3012
102  3977
83  2916
119  1836
81  5510
114  3589
104  3247
83  2930
122  400683
120  2270
94  3231
96  2061
82  2588
134  1975
84  3438
121  26778
97  2827
114  5300
91  9129
131  2551
86  3265
102  7065
92  4135
128  553632
108  3040
95  2815
91  2327
91  2060
122  1862
86  3592
91  2689
100  2347
88  3161
106  1807
89  15139
113  2079
87  2218
123  2594
114  597845
94  2729
109  2808
113  2558
130  4083
133  4084
108  1962
131  3476
103  8159
106  3571
137  1638
101  2884
124  4678
104  250730
108  4763
107  2404
115  1971
103  7356
108  4516
125  1938
116  3206
122  8553
131  3048
116  1891
143  271776
117  4488
101  1977
120  4568
112  2438
108  1977
107  3204
109  2523
109  4054
110  2512
115  225016
108  2738
98  5500
95  1910
91  5615
105  3289
103  14398
106  3721
107  3325
108  2821
111  237085
96  8754
100  5652
97  5063
101  2058
116  7314
90  4783
139  2508
159  2786
140  7051
127  770945
101  2853
99  2319
95  4198
96  4338
96  2669
104  2699
108  11956
107  2446
102  2228
97  2574
103  376872
96  3004
100  2252
103  2569
101  2732
106  2851
115  2555
110  7271
124  2966
112  2592
107  322233
110  2745
97  3141
111  1787
116  6556
103  6584
98  4301
100  2849
96  4317
120  2244
94  411833
96  2706
106  2325
101  4066
94  6112
99  3789
101  3546
125  7397
101  3440
98  330472
93  1747
96  5831
100  3241
109  3601
102  4280
102  2658
136  8356
134  326066
89  4931
94  2638
124  10623
93  10566
99  3496
88  2903
85  2952
105  656174
99  3169
91  2615
83  2376
80  3760
85  21506
114  5048
83  320083
102  3622
104  3255
88  5102
94  6247
99  4527
84  2552
87  284756
78  3143
86  2057
80  2988
77  3105
83  3617
78  2045
80  2208
81  255724
75  2619
86  6029
89  2165
85  3445
104  3265
124  2983
106  1793
99  295724
74  2331
84  2965
85  2919
83  2414
87  2364
110  2480
92  393867
89  3084
98  3820
123  2068
116  4751
110  2183
93  2127
85  2586
83  225721
77  2805
84  1821
91  2995
93  4129
110  2551
139  2195
84  2041
86  3394
118  294566
86  2364
78  2435
103  2581
83  3896
82  2623
103  2594
83  2516
97  3513
122  2054
88  248121
80  2714
84  4458
81  2240
90  1999
85  2787
82  2235
77  3289
92  4275
80  322456
90  2770
81  3323
114  2639
72  2335
87  4584
108  2046
105  2712
86  8328
134  2645
107  4767
129  392888
127  3756
134  6034
89  2764
92  2401
106  2159
110  4311
84  2173
94  2219
97  3287
94  6233
95  2669
99  227335
89  5690
80  2860
103  5227
90  2708
110  2938
104  2303
86  2376
86  2327
91  6585
108  2230
83  2887
95  229374
89  5200
91  9470
94  2841
86  3486
125  1686
88  2333
88  240094
95  3922
96  2208
130  2496
95  2760
98  6626
89  248162
80  3883
93  3566
99  3519
118  7713
119  3287
119  261186
116  3606
96  2156
97  2348
91  3723
96  2468
107  421626
99  1971
101  3977
100  2804
101  3761
100  3182
93  7852
73  2343
65  10059
76  2328
92  5851
93  2869
106  2811
111  3280
101  2999
99  1930
100  296189
102  3271
111  3009
119  2735
97  671716
100  2361
98  2757
106  2131
102  2423
102  244010
90  4156
110  2776
101  2835
100  3328
102  2504
114  510412
115  2784
87  2262
99  6250
99  5870
75  293480
79  7770
70  3269
77  2296
79  677132
78  2572
75  3134
102  2695
118  331837
120  2957
135  2718
89  3809
99  2949
110  4814
94  2713
99  3373
120  2159
99  2284
101  659608
87  2499
83  2743
95  2476
95  4032
94  3725
102  2827
116  2431
89  551530
82  4668
76  3125
82  2316
76  2948
81  3376
99  272161
98  2855
86  2955
113  8167
138  2703
135  850281
117  2353
100  2578
99  2615
104  2375
114  263153
117  2270
117  4655
120  7833
105  3108
114  528805
103  2491
108  5193
105  7164
107  2715
118  3860
119  3397
118  3322
118  2412
105  4001
131  5084
126  911119
102  5079
106  2419
113  4202
103  305036
109  4987
120  4791
117  2760
100  771515
81  2361
96  4092
84  2269
77  413841
74  2972
101  2802
105  3424
100  4332
107  3638
82  3463
80  5027
78  3193
80  3580
89  3633
81  2515
88  2231
78  3031
88  620346
94  8545
97  4401
96  4565
103  3046
92  10832
93  5720
80  3469
77  5995
106  3471
93  741613
81  3367
89  3365
90  2788
91  6405
92  644421
92  3417
97  8950
98  5005
129  623447
125  4569
110  2913
125  8337
116  1184541
129  3254
123  5873
144  3371
139  332438
162  3787
158  6097
148  2906
145  4682
125  3943
139  2876
145  4147
142  2510
133  710489
151  4259
141  3797
181  5178
174  840682
123  4956
113  3310
133  5813
106  460000
114  3340
139  3504
110  5008
121  383169
106  5802
160  4865
178  5298
126  787573
127  5333
119  3301
157  2293
161  477100
188  3367
174  3206
170  2734
145  4641
151  1139745
133  5232
133  5018
173  4316
141  8823
149  10585
126  8173
131  3554
137  6966
133  6888
155  642821
156  3620
294  3776
276  674559
186  4154
172  6538
169  3057
161  4755
168  8880
161  815719
159  4044
142  5422
186  3969
182  5330
162  4835
144  6331
158  1224711
154  4092
153  2821
175  5041
185  4255
176  4684
180  849268
175  6800
149  3437
158  5910
172  4878
195  411011
171  6022
117  3913
105  8291
107  6639
108  7903
97  4093
126  4647
111  4898
121  3439
107  2885
140  6320
133  3799
121  1224546
108  3977
130  3250
103  3522
78  5343
91  10352
84  3471
74  3839
70  3442
80  5007
107  4838
96  2924
106  9167
87  3746
110  5715
94  3606
75  2650
78  5315
85  4090
57  5047
102  4691
68  5626
90  2011
78  6104
73  4795
71  7646
81  7759
100  3930
63  3081
63  2351
62  2793
56  5685
54  5888
65  5538
58  2877
72  4472
63  3526
68  2534
