1728
1656
1641
1695
1697
1688
1685
1701
1678
1688
1709
1709
1718
1713
1746
1731
1749
1726
1779
1782
1699
1737
1716
1682
1670
1626
1626
1683
1676
1673
1652
1711
1676
1660
1678
1673
1719
1781
1765
1756
1820
1827
1798
1802
1740
1798
1809
1823
1764
1773
1711
1713
1690
1782
1748
1762
1748
1767
1721
1772
1799
1772
1762
1748
1753
1732
1733
1713
1723
1695
1758
1732
1714
1689
1706
1675
1652
1734
1652
1700
1689
1694
1719
1718
1677
1703
1701
1687
1692
1671
1678
1671
1627
1603
1613
1660
1610
1627
1631
1641
1631
1649
1641
1678
1637
1647
1690
1737
1726
1740
1714
1720
1703
1743
1732
1713
1709
1690
1736
1710
1699
1730
1701
1758
1755
1769
1741
1796
1741
1770
1718
1689
1711
1731
1753
1738
1733
1736
1736
1720
1745
1746
1764
1733
1719
1744
1771
1702
1745
1753
1742
1729
1703
1716
1681
1651
1659
1696
1651
1706
1727
1725
1705
1708
1699
1719
1660
1696
1712
1690
1678
1701
1689
1743
1763
1735
1713
1750
1712
1687
1707
1702
1754
1794
1723
1737
1794
1749
1760
1708
1748
1755
1772
1763
1757
1777
1750
1794
1765
1777
1794
1752
1782
1799
1803
1799
1787
1817
1783
1793
1789
1768
1792
1801
1815
1799
1854
1783
1832
1770
1825
1881
1799
1812
1797
1836
1839
1757
1825
1817
1817
1825
1814
1796
1749
1768
1746
1743
1788
1757
1784
1812
1849
1796
1784
1799
1783
1830
1849
1814
1792
1873
1836
1845
1858
1846
1845
1872
1812
1828
1821
1854
1836
1774
1793
1821
1822
1810
1765
1797
1785
1770
1748
1739
1762
1730
1815
1689
1701
1727
1709
1700
1742
1717
1661
1700
1642
1670
1640
1666
1668
1611
1666
1654
1677
1647
1707
1655
1626
1663
1641
1629
1586
1621
1666
1704
1684
1623
1660
1702
1734
1706
1661
1713
1721
1735
1751
1764
1725
1774
1742
1701
1747
1762
1762
1802
1764
1739
1754
1736
1775
1752
1760
1734
1747
1719
1743
1778
1754
1820
1809
1804
1817
1854
1775
1832
1801
1804
1833
1828
1803
1826
1810
1868
1829
1880
1888
1879
1881
1832
1845
1871
1855
1838
1814
1828
1827
1817
1793
1754
1796
1827
1810
1774
1831
1842
1811
1819
1834
1824
1834
1840
1819
1823
1839
1808
1778
1821
1818
1822
1854
1837
1830
1822
1851
1857
1900
1837
1843
1892
1913
1902
1824
1923
1856
1883
1786
1862
1833
1871
1893
1881
1850
1829
1823
1806
1831
1826
1826
1830
1785
1772
1811
1839
1815
1827
1809
1798
1834
1791
1802
1840
1763
1755
1757
1810
1771
1814
1830
1797
1821
1861
1848
1878
1830
1852
1835
1871
1847
1871
1888
1877
1894
1886
1842
1871
1861
1872
1840
1834
1851
1846
1871
1855
1863
1825
1891
1908
1846
1818
1806
1846
1848
1791
1835
1819
1857
1844
1882
1909
1863
1877
1872
1840
1836
1858
1849
1848
1811
1831
1822
1838
1809
1821
1877
1853
1793
1798
1797
1772
1780
1760
1864
1844
1901
1980
1947
1905
1912
1935
1895
1958
1931
1922
1863
1856
1921
1893
1855
1815
1764
1787
1723
1704
1722
1703
1724
1760
1738
1768
1821
1843
1817
1789
1869
1828
1832
1815
1722
1726
1717
1740
1710
1743
1684
1749
1732
1689
1759
1681
1680
1793
1758
1742
1647
1658
1635
1681
1618
1648
1629
1702
1685
1703
1665
1696
1685
1742
1720
1713
1770
1728
1743
1746
1764
1759
1770
1734
1735
1755
1736
1687
1669
1683
1683
1647
1627
1613
1634
1643
1621
1640
1639
1622
1637
1643
1624
1598
1674
1662
1646
1597
1646
1640
1622
1644
1603
1601
1629
1613
1609
1626
1656
1635
1574
1635
1638
1677
1612
1629
1646
1654
1664
1635
1661
1666
1721
1749
1759
1757
1726
1769
1705
1751
1714
1709
1706
1659
1677
1680
1679
1684
1683
1694
1685
1621
1653
1642
1676
1645
1675
1680
1653
1723
1664
1708
1732
1783
1737
1748
1771
1812
1771
1741
1743
1739
1750
1769
1777
1767
1749
1765
1773
1798
1785
1790
1776
1787
1784
1783
1792
1740
1752
1788
1749
1720
1700
1694
1728
1703
1677
1730
1769
1817
1793
1811
1857
1869
1891
1834
1815
1855
1857
1854
1835
1802
1813
1753
1760
1737
1755
1770
1735
1736
1824
1754
1749
1743
1755
1738
1740
1708
1758
1757
1761
1766
1826
1792
1800
1770
1780
1789
1767
1751
1765
1752
1747
1742
1762
1761
1761
1792
1823
1852
1817
1827
1822
1783
1680
1745
1741
1755
1779
1769
1708
1758
1705
1728
1791
1767
1766
1803
1763
1773
1771
1741
1740
1700
1731
1728
1795
1759
1749
1841
1791
1809
1847
1841
1888
1919
1810
1817
1803
1821
1736
1748
1755
1766
1803
1788
1751
1774
1754
1704
1704
1714
1711
1744
1749
1733
1709
1661
1731
1715
1719
1709
1718
1687
1666
1683
1703
1659
1666
1579
1642
1662
1660
1658
1621
1628
1606
1604
1527
1488
1538
1529
1562
1574
1557
1566
1550
1525
1543
1543
1581
1587
1550
1532
1532
1536
1575
1562
1616
1611
1630
1632
1624
1631
1572
1614
1639
1612
1577
1543
1531
1572
1591
1583
1590
1573
1598
1611
1592
1565
1590
1601
1573
1610
1636
1617
1664
1614
1626
1610
1551
1585
1587
1558
1488
1454
1493
1472
1503
1518
1521
1545
1496
1495
1514
1426
1453
1445
1469
1423
1472
1449
1476
1494
1435
1453
1389
1409
1467
1481
1434
1459
1454
1486
1449
1444
1422
1402
1329
1354
1228
1281
1291
1278
1266
1261
1295
1320
1321
1321
1296
1305
1272
1251
1220
1206
1219
1146
1114
1146
1225
1202
1170
1163
1183
1153
1150
1113
1172
1159
1170
1184
1213
1170
1151
1135
1149
1166
1135
1099
1103
1089
1115
1131
1162
1169
1188
1227
1215
1247
1263
1305
1236
1245
1203
1239
1212
1209
1218
1252
1259
1302
1309
1327
1354
1299
1272
1312
1284
1343
1320
1284
1266
1338
1334
1337
1305
1281
1281
1278
1354
1328
1368
1386
1474
1478
1494
1550
1497
1563
1618
1625
1580
1626
1600
1656
1613
1545
1586
1597
1532
1567
1544
1519
1541
1498
1549
1556
1569
1579
1642
1653
1592
1593
1551
1564
1533
1534
1508
1565
1608
1619
1609
1618
1647
1645
1660
1676
1655
1664
1637
1696
1675
1662
1673
1673
1610
1642
1601
1622
1640
1585
1582
1581
1564
1577
1555
1644
1643
1650
1629
1666
1640
1668
1663
1660
1686
1679
1715
1757
1768
1812
1761
1740
1759
1766
1786
1795
1773
1799
1854
1832
1817
1853
1845
1812
1833
1802
1804
1789
1768
1754
1779
1834
1766
1786
1839
1756
1795
1846
1898
1837
1788
1708
1733
1722
1760
1737
1727
1670
1677
1704
1693
1658
1635
1713
1633
1638
1663
1636
1622
1608
1608
1596
1553
1636
1620
1558
1662
1655
1695
1649
1685
1695
1674
1682
1667
1669
1645
1616
1627
1587
1586
1618
1622
1597
1630
1588
1561
1527
1480
1456
1443
1391
1363
1363
1368
1339
1362
1348
1364
1360
1382
1378
1340
1325
1311
1282
1248
1243
1264
1245
1234
1258
1228
1260
1239
1246
1223
1217
1222
1244
1230
1203
1259
1257
1247
1274
1303
1275
1287
1275
1282
1277
1306
1280
1301
1298
1252
1291
1287
1258
1240
1283
1222
1237
1297
1257
1278
1284
1277
1294
1269
1294
1296
1262
1279
1288
1269
1267
1293
1286
1269
1263
1251
1247
1229
1255
1208
1241
1257
1258
1221
1254
1240
1196
1235
1262
1203
1238
1207
1225
1215
1204
1202
1183
1222
1208
1227
1195
1168
1218
1191
1229
1166
1199
1216
1199
1222
1216
1163
1216
1189
1199
