14198
13732
13547
13548
13569
13625
13712
13757
13782
13714
13897
13883
13917
13949
13854
13701
13725
13730
13758
13688
13688
13696
13677
13879
13813
13822
14000
14014
13943
13951
13920
13822
13906
14027
13795
13889
13926
14075
14071
14246
14272
14344
14279
14355
14327
14288
14247
14189
14236
14335
14299
14195
14167
14112
14172
14142
14248
14233
14361
14435
14380
14258
14315
14350
14333
14260
14232
14265
14100
13999
13937
13865
13994
13919
13931
13878
13879
13846
13880
13828
13659
13667
13618
13478
13375
13247
13380
13445
13515
13584
13394
13357
13376
13420
13479
13367
13300
13191
13153
13201
13198
13220
13207
13152
13120
13010
13010
13134
13289
13214
13214
13351
13282
13372
13281
13345
13173
13095
13195
13186
13228
13214
13159
13084
13129
13105
13055
13126
13103
13156
13178
13267
13167
13032
12960
12992
12923
12967
13025
12985
13083
13096
13128
13093
13139
13108
13164
13115
12987
12901
12926
12957
13066
12918
12984
13124
13145
13063
13021
13007
13094
13048
13022
13049
13093
12973
13095
13101
13018
13031
12999
12998
13050
13131
13085
13196
13103
13096
13005
12988
13020
13011
13016
12998
13060
13109
13010
13176
13098
13048
13098
13078
13042
13147
13156
13046
12951
12809
12875
12856
12919
12793
12909
12992
13004
13041
12888
12819
12913
12832
12885
12901
12853
12908
12921
12802
12842
12989
13036
12976
12899
12902
12906
12986
12860
12890
12910
13050
12958
12942
12949
13037
12942
12983
12963
12911
13047
13006
12970
12932
12949
12877
12777
12834
12789
12853
12775
12811
12755
12796
12865
12807
12713
12663
12823
12893
13027
12905
13031
12887
12930
12840
12858
12890
12848
12807
12758
12850
12779
12819
12737
12669
12628
12489
12412
12417
12288
12277
12297
12072
12061
12052
11977
11953
11891
11882
11778
11728
11611
11678
11584
11540
11421
11354
11234
11081
11155
11077
11028
11101
10993
10997
10869
11003
10959
10855
10724
10681
10661
10704
10760
10775
10629
10628
10553
10489
10439
10331
10298
10168
10215
10217
10209
10146
10156
10195
10129
10035
10057
10048
10009
9922
9907
9887
9803
9715
9767
9806
9782
9724
9882
9689
9631
9589
9652
9606
9638
9673
9793
9737
9620
9624
9495
9466
9616
9576
9570
9532
9530
9471
9494
9506
9511
9530
9485
9453
9441
9462
9433
9420
9354
9308
9314
9359
9306
9317
9386
9281
9318
9317
9210
9247
9244
9260
9165
9281
9171
9110
9074
9132
9086
9146
9185
9065
9052
9006
8921
8938
8885
8815
8834
8823
8818
8669
8790
8777
8725
8763
8648
8550
8600
8598
8699
8630
8474
8549
8469
8518
8568
8542
8460
8445
8458
8393
8328
8269
8173
8271
8258
8308
8169
8122
8022
7977
7982
7955
8006
7822
7655
7691
7611
7657
7611
7636
7580
7507
7445
7499
7462
7483
7386
7399
7361
7363
7330
7386
7400
7448
7581
7581
7526
7572
7726
7772
7745
7706
7583
7528
7487
7405
7422
7349
7412
7377
7350
7326
7391
7384
7379
7435
7517
7552
7539
7615
7629
7619
7724
7947
7894
7877
7902
7798
7897
8013
8057
8086
8066
8008
8108
8294
8383
8321
8322
8419
8379
8531
8529
8500
8438
8489
8611
8674
8799
8753
8894
8953
9139
9066
8909
8874
8996
9064
9193
9205
9121
9069
9111
9100
8959
9058
9043
9158
9260
9187
9091
9002
8954
8633
8757
8812
8678
8675
8695
8720
8706
8672
8547
8433
8529
8483
8471
8499
8582
8384
8163
8100
8211
8391
8403
8324
8491
8474
8330
8162
8507
8422
8504
8504
8463
8641
8703
8848
8750
8888
8809
8986
8989
9100
9063
9123
9119
9122
9279
9280
9288
9356
9415
9379
9315
9475
9477
9209
9338
9463
9650
9742
9587
9531
9737
9712
9648
9659
9654
9655
9748
9774
9801
9547
9632
9818
9788
9849
9987
9931
10177
10195
10167
10005
10085
10165
10262
10196
10224
10121
10185
10151
9995
9990
9882
9842
9822
9875
9662
9572
9656
9564
9579
9462
9573
9568
9465
9370
9546
9733
9603
9548
9464
9445
9624
9606
9516
9572
9507
9455
9539
9617
9794
9531
9648
9681
9701
9701
9673
9536
9523
9502
9697
9704
9475
9647
9708
9640
9798
9914
9826
9845
9865
9857
9796
10018
9905
9809
9888
10002
10061
10037
10146
10170
10089
10104
10075
10177
10074
10219
10178
10086
10127
10153
10023
10191
10138
10181
10073
10166
10032
10005
9883
10146
10275
10098
10206
10160
10244
10147
10222
10135
10182
10207
10163
10115
10077
9999
10079
10208
10079
9918
9860
9863
9926
10002
9991
9983
10022
10037
10023
10003
9977
9980
10095
9980
10122
10028
10098
10322
10131
10319
10181
10045
10378
10228
10131
10119
10276
10589
10197
10107
10054
10183
10156
10160
10308
10184
10345
10179
10345
10231
10398
10307
10381
10328
10386
10655
10533
10286
10128
10283
10330
10535
10537
10420
10407
10529
10508
10388
10477
10458
10350
10417
10078
10173
10168
9908
9942
10019
10136
10021
9799
9843
10175
9821
9923
10256
10055
10129
10012
10276
10249
10220
10290
10424
10289
10080
10140
10225
10257
10248
10271
10258
10189
10202
10098
10064
10142
9894
10025
9938
9818
9703
9641
9652
9466
9621
9588
9600
9626
9602
9787
9996
9788
9722
9798
9806
9801
9582
9734
9759
9728
9559
9759
9694
9682
9754
9685
9695
9638
9753
9504
9614
9607
9749
9723
9801
9900
9891
9885
9890
9746
9875
9616
9719
9614
9672
9731
9918
9813
9729
9788
9652
9899
9960
9761
9678
9592
9545
9539
9464
9567
9535
9567
9372
9453
9381
9381
9450
9363
9419
9474
9262
9312
9323
9193
9138
9071
9147
9251
9030
8973
8926
8775
8649
8692
8587
8461
8265
8422
8442
8479
8366
8325
8263
8368
8397
8275
8491
8399
8265
8395
8333
8379
8110
8043
8058
8084
8041
7840
7862
7825
7773
7816
7828
7887
7997
7784
7783
7762
7907
7897
7846
7808
7891
7938
7909
7830
7658
7670
7710
7594
7579
7607
7607
7699
7706
7937
8044
7832
7908
7679
7821
7773
7887
8024
7919
8092
7956
8079
8118
8079
8151
7975
8124
8164
8270
8198
8313
8500
8331
8411
8497
8577
8710
8657
8629
8855
8994
8934
9061
9097
8979
9198
9003
9169
9491
9209
9520
9608
9767
9652
9841
9745
9803
9761
9685
9677
9498
9437
9457
9562
9502
9492
9605
9592
9592
9768
9864
9913
10186
10198
10187
10063
10008
9808
9723
9708
9717
9666
9768
9854
10102
9893
10153
9957
9864
9953
10055
10053
9840
9937
9842
9970
9819
10054
9926
10074
10041
9805
9975
9836
9837
10063
9868
9825
10185
10104
9972
10144
10048
10407
10052
10260
10085
10224
10324
10100
10260
10119
10068
10066
10017
10065
10141
10147
9880
9982
9894
9849
9921
9941
9864
9838
9742
9636
9728
9659
9745
9722
9836
9783
9923
9871
9926
9787
10108
10143
10255
10318
10218
10180
10096
10329
10153
10116
10153
10220
10032
10089
10259
10144
10175
10069
9886
9885
9935
9827
9762
9862
9716
9877
9767
9716
9676
9678
9679
9458
9547
9524
9404
9422
9425
9619
9550
9592
9693
9638
9544
9691
9775
9727
9654
9659
9408
9432
9388
9339
9189
8998
9095
9034
9005
8981
9022
8986
8984
8929
8826
8820
8745
8784
8767
8834
8688
8647
8689
8643
8628
8640
8589
8595
8571
8513
8503
8464
8498
8366
8378
8331
8326
8274
8270
8141
8080
8187
8228
8160
8063
8210
8162
8134
8068
8134
8167
8156
8150
8126
8140
8106
8122
8133
8222
8200
8138
8184
8077
8136
8225
8172
8149
8142
8149
8224
8191
8180
8159
8071
8124
8104
8169
8129
8131
8092
8150
8113
8116
8124
8116
8137
8143
8193
8138
8145
8108
8149
8129
8107
8105
8110
8142
8123
8195
8141
8133
8150
8177
8178
8146
8127
8165
8156
8124
8145
8150
8173
8144
8159
8154
8138
8119
8146
8138
