0.0383855 0.121707
0.0379782 0.120594
0.0376912 0.121134
0.0380805 0.125111
0.0373747 0.125064
0.0367164 0.12389
0.0367206 0.122885
0.0368054 0.123646
0.036149 0.121753
0.0366988 0.123086
0.0369769 0.122976
0.0370354 0.1231
0.0371074 0.123446
0.0369531 0.122805
0.037889 0.126029
0.0374376 0.126341
0.0378219 0.127432
0.0371478 0.12571
0.0384599 0.129307
0.0387046 0.130187
0.0366931 0.124123
0.0374337 0.126825
0.0372049 0.125466
0.0365382 0.12119
0.0365379 0.120901
0.0361301 0.117639
0.0363068 0.116143
0.0378517 0.120094
0.0379357 0.120204
0.0379727 0.11992
0.0377954 0.118678
0.0390194 0.123788
0.0383208 0.120524
0.0378857 0.118343
0.0381963 0.121638
0.0381624 0.120455
0.0391162 0.123438
0.040118 0.126536
0.0395465 0.125435
0.0388023 0.123263
0.0400132 0.127522
0.0399126 0.12737
0.0394731 0.125919
0.0395453 0.125531
0.0380095 0.121449
0.0393634 0.12584
0.0394436 0.126974
0.0399912 0.12848
0.0386698 0.123911
0.0386047 0.123683
0.037258 0.119659
0.0374467 0.120676
0.0368248 0.119291
0.0388472 0.126276
0.0381152 0.123342
0.0382702 0.124593
0.0380869 0.122684
0.038459 0.124148
0.0376628 0.119838
0.0383857 0.122757
0.0391615 0.125104
0.0385109 0.124281
0.0383953 0.123088
0.037731 0.121812
0.0378054 0.122305
0.0374697 0.121459
0.0375344 0.121768
0.0372213 0.120084
0.0374224 0.122199
0.0367703 0.12108
0.0381246 0.126139
0.0378935 0.124919
0.0372828 0.122481
0.0365632 0.121345
0.0369832 0.122461
0.0362664 0.120695
0.0359819 0.119029
0.0376359 0.125235
0.0357762 0.11902
0.0367329 0.122939
0.0366171 0.123655
0.036533 0.123948
0.0371973 0.12623
0.037228 0.127467
0.036207 0.125383
0.0366307 0.128557
0.0366374 0.12713
0.0362889 0.125474
0.0366139 0.125194
0.0361321 0.123012
0.036135 0.12528
0.0359525 0.125103
0.0350889 0.121636
0.0344442 0.119449
0.034817 0.119668
0.0356606 0.124186
0.034562 0.121053
0.0349367 0.123342
0.0350715 0.124002
0.0351829 0.124309
0.0350904 0.123579
0.0354616 0.124735
0.0353778 0.124252
0.0359792 0.127585
0.0351039 0.124771
0.0353996 0.126595
0.036298 0.1299
0.0371551 0.132252
0.0371143 0.129882
0.0373423 0.131679
0.0369779 0.129711
0.0370834 0.128829
0.036766 0.128219
0.0374147 0.130347
0.0371722 0.130412
0.0368673 0.128363
0.0365929 0.129735
0.036291 0.129057
0.0371226 0.131565
0.0367252 0.129683
0.0363835 0.12844
0.0369943 0.130922
0.0364053 0.129265
0.0377099 0.134363
0.0376521 0.133674
0.037825 0.134987
0.037383 0.133359
0.0383556 0.136828
0.0371691 0.13287
0.0378367 0.134539
0.036722 0.130369
0.0360674 0.127308
0.0366334 0.129946
0.0371914 0.132827
0.03769 0.135262
0.0373138 0.133775
0.0373548 0.134102
0.0374889 0.133878
0.0370829 0.133282
0.0367506 0.132461
0.0371545 0.133379
0.0372997 0.133323
0.0378127 0.134369
0.0370711 0.132361
0.0368457 0.130832
0.0372069 0.133049
0.0378322 0.134534
0.0364837 0.129775
0.0374464 0.134365
0.0377022 0.135881
0.0372214 0.134767
0.0369468 0.133441
0.0362672 0.130338
0.0367192 0.132838
0.0358973 0.129467
0.0352026 0.1258
0.0354616 0.126208
0.0362115 0.129832
0.0353488 0.126795
0.0367024 0.13116
0.0367447 0.131892
0.0367694 0.132204
0.0363811 0.130932
0.036599 0.130891
0.0364373 0.129764
0.0367182 0.132506
0.0354731 0.126766
0.0360721 0.129456
0.0364845 0.13151
0.0360595 0.129691
0.0359507 0.129087
0.0362756 0.130866
0.0360728 0.129425
0.0370347 0.132739
0.037601 0.134734
0.0369345 0.131479
0.0365869 0.130733
0.0371763 0.133629
0.0364209 0.131642
0.0358974 0.129889
0.0363369 0.131106
0.0363287 0.130812
0.0373987 0.134757
0.0381962 0.138021
0.0367628 0.13193
0.0370031 0.132504
0.0382141 0.137894
0.0372262 0.132741
0.0376954 0.134372
0.0365191 0.130901
0.0371165 0.133455
0.0373468 0.134195
0.0378535 0.135869
0.0376364 0.134099
0.0374435 0.133551
0.037705 0.13621
0.0373429 0.135125
0.0381507 0.140058
0.0377217 0.137087
0.0378754 0.138223
0.038023 0.138865
0.0374703 0.13695
0.0379367 0.138043
0.0380805 0.13847
0.0384394 0.13865
0.0381791 0.13795
0.0380019 0.138656
0.0387082 0.141743
0.0376804 0.138078
0.0378709 0.139729
0.0377578 0.138844
0.0376354 0.137044
0.0379259 0.139423
0.0382264 0.139526
0.0384282 0.140469
0.0380781 0.140525
0.0393681 0.14437
0.0377251 0.13727
0.0387897 0.140534
0.0376252 0.136406
0.0388207 0.141484
0.0399499 0.145791
0.0381791 0.139393
0.0382569 0.139535
0.0380422 0.139736
0.0388613 0.142436
0.0389726 0.142448
0.037329 0.134636
0.0388587 0.14084
0.0384128 0.140396
0.0383908 0.14032
0.0385428 0.139986
0.0384558 0.140164
0.0377295 0.138335
0.0372294 0.134922
0.0374568 0.136937
0.0368595 0.133824
0.0370087 0.134015
0.0376389 0.137857
0.0372301 0.135865
0.0376681 0.137771
0.0383565 0.140716
0.0390934 0.144713
0.0378983 0.139941
0.0378319 0.139495
0.0380636 0.139967
0.0378942 0.139569
0.0385523 0.142846
0.0389034 0.144963
0.0383356 0.141763
0.0380185 0.139293
0.0394515 0.146248
0.0388901 0.144419
0.03906 0.1457
0.0394874 0.144896
0.039063 0.143178
0.038676 0.141629
0.0394122 0.14506
0.0383322 0.139053
0.0386151 0.141848
0.0383732 0.140835
0.0391164 0.144393
0.0386811 0.14279
0.0374072 0.137626
0.0377196 0.139555
0.0383926 0.142188
0.0385152 0.142812
0.0383296 0.140856
0.0373363 0.138117
0.0380036 0.140183
0.0377187 0.140143
0.0374841 0.139711
0.0369252 0.138423
0.0365567 0.139243
0.0370581 0.141959
0.036665 0.139325
0.0380759 0.147705
0.0356126 0.137574
0.0359096 0.138326
0.0363441 0.143058
0.0361425 0.141696
0.0357053 0.141055
0.0366105 0.145445
0.036216 0.143646
0.034978 0.139685
0.0354988 0.143074
0.0347175 0.139412
0.0350068 0.142394
0.034506 0.141245
0.0350103 0.142661
0.0351802 0.143992
0.0336565 0.139601
0.0349398 0.145872
0.0344849 0.145676
0.0350859 0.149279
0.0343662 0.148633
0.0356554 0.153026
0.0345844 0.149409
0.0338517 0.147443
0.0344742 0.149806
0.034246 0.149277
0.0340631 0.148131
0.0332907 0.14592
0.0340217 0.147323
0.034746 0.152021
0.0354786 0.156978
0.0353462 0.157031
0.0340888 0.151952
0.0347877 0.155708
0.0354074 0.159006
0.0360852 0.161152
0.0355639 0.158329
0.0345761 0.156271
0.0357001 0.161178
0.0357492 0.163082
0.0361986 0.165411
0.0363429 0.167736
0.0367684 0.170748
0.0358673 0.167508
0.0367615 0.174469
0.0362939 0.170534
0.0355018 0.166487
0.0364247 0.171124
0.0366077 0.173664
0.036706 0.173494
0.0373162 0.176753
0.0365755 0.174153
0.0360362 0.173293
0.0367738 0.174406
0.0359413 0.172771
0.0366607 0.17734
0.0362658 0.176577
0.036614 0.177652
0.0359676 0.175382
0.0363701 0.178211
0.0356432 0.176943
0.0361731 0.178458
0.0370185 0.181318
0.0364036 0.179309
0.0376445 0.187166
0.0377575 0.18306
0.0375427 0.186191
0.037591 0.188662
0.0385543 0.193347
0.03713 0.1839
0.0381985 0.190714
0.0375513 0.186864
0.0374103 0.186499
0.0380512 0.187175
0.0380873 0.187737
0.0376574 0.187422
0.0381028 0.189734
0.0377729 0.190627
0.0386302 0.197338
0.0381773 0.190204
0.0389363 0.196324
0.0393374 0.197283
0.0390896 0.197125
0.0390451 0.197377
0.038119 0.193433
0.0384471 0.194333
0.0390736 0.196823
0.0386137 0.195037
0.0382455 0.192865
0.0377107 0.191249
0.0378994 0.193378
0.0379179 0.193518
0.0377245 0.192031
0.0371298 0.190077
0.0366608 0.1862
0.0374737 0.192003
0.0379605 0.196283
0.0377547 0.194331
0.03676 0.18955
0.0379592 0.196755
0.0382626 0.197703
0.0377575 0.192947
0.0378454 0.195992
0.0380648 0.196823
0.0378462 0.195771
0.038159 0.199131
0.0384744 0.198983
0.0378848 0.196776
0.0379302 0.196868
0.0381377 0.200655
0.0376032 0.194807
0.036924 0.193872
0.0378925 0.19989
0.037801 0.200353
0.0375391 0.199518
0.0384328 0.20405
0.0382732 0.200853
0.0380204 0.199238
0.0378472 0.200993
0.038436 0.204485
0.0386674 0.206196
0.0394494 0.212981
0.0381897 0.205527
0.0383814 0.207428
0.0392849 0.214634
0.0396271 0.21655
0.0394409 0.215573
0.0379494 0.20685
0.0400993 0.221825
0.0387514 0.211149
0.039172 0.214538
0.0371418 0.204699
0.0387949 0.212484
0.0381549 0.211957
0.0390981 0.21883
0.039412 0.220116
0.0391028 0.218772
0.0386375 0.212668
0.0380028 0.211935
0.0379736 0.215129
0.0377114 0.211253
0.0380649 0.2162
0.0380647 0.21437
0.0381506 0.213119
0.0381879 0.214236
0.037283 0.210993
0.037145 0.209828
0.0378221 0.214117
0.0383005 0.219111
0.0379771 0.217939
0.038107 0.220946
0.0378381 0.221339
0.0376214 0.217386
0.0383923 0.222088
0.0374882 0.215575
0.0378834 0.22059
0.0385647 0.226545
0.037187 0.219771
0.0369202 0.220008
0.0369405 0.22012
0.0382139 0.22753
0.0374767 0.221209
0.0382692 0.23191
0.0384058 0.239059
0.0379875 0.23365
0.0387035 0.239259
0.0393446 0.243046
0.0392824 0.242806
0.0398227 0.24594
0.0389155 0.241425
0.0396175 0.246703
0.0393018 0.246474
0.0399846 0.2495
0.0394726 0.247521
0.0400582 0.250033
0.0405987 0.255619
0.0401772 0.253683
0.0405108 0.257302
0.0404686 0.256146
0.0395925 0.251296
0.0401761 0.253317
0.040062 0.251486
0.0400513 0.251343
0.0396825 0.242712
0.0395455 0.241921
0.0397244 0.245947
0.0397785 0.243793
0.0401476 0.242169
0.0400501 0.238677
0.0402324 0.240542
0.0391959 0.236828
0.040637 0.249374
0.0410428 0.253454
0.0398446 0.246561
0.0391996 0.24551
0.0385996 0.243331
0.0398885 0.251191
0.03993 0.249325
0.0384467 0.242782
0.0395202 0.24966
0.0393859 0.248294
0.0400794 0.251252
0.0395632 0.249729
0.0407545 0.255048
0.0411538 0.256759
0.0401076 0.247838
0.0405137 0.248543
0.0405942 0.248309
0.0399037 0.241628
0.0400462 0.240661
0.0405093 0.243864
0.0402841 0.239384
0.0403758 0.232541
0.0395027 0.229415
0.0402161 0.232449
0.0401879 0.230575
0.0401529 0.235701
0.0398291 0.229074
0.0400784 0.227256
0.0409361 0.232965
0.0405337 0.229162
0.0394534 0.222291
0.0395817 0.224525
0.0394685 0.221633
0.0388205 0.213648
0.0387926 0.212334
0.0385931 0.211513
0.0407182 0.223985
0.0400904 0.219028
0.0417894 0.226877
0.0433555 0.232095
0.0425388 0.22828
0.0414311 0.224118
0.0419096 0.226594
0.0420497 0.227942
0.0411885 0.220067
0.0423727 0.225732
0.0414876 0.219457
0.0415792 0.219582
0.0402541 0.209467
0.0398343 0.207305
0.0411067 0.210198
0.0408141 0.208802
0.0401898 0.208216
0.0394488 0.20453
0.0380739 0.196087
0.0387291 0.197154
0.03696 0.187425
0.0367289 0.185117
0.0371345 0.188795
0.0366947 0.187783
0.0375215 0.189222
0.038507 0.193407
0.0380024 0.193995
0.0387176 0.195187
0.0408095 0.201371
0.0411219 0.201245
0.0405589 0.19622
0.0396261 0.194732
0.041292 0.205588
0.0404801 0.203066
0.0404987 0.204601
0.0401913 0.21024
0.0379864 0.196643
0.038376 0.195869
0.0380322 0.197857
0.0385921 0.200576
0.0378939 0.196665
0.0385406 0.199885
0.037654 0.19343
0.0396581 0.201684
0.0392219 0.202644
0.0381075 0.200285
0.0396788 0.206238
0.0380955 0.198161
0.0387454 0.198324
0.04134 0.210966
0.0403183 0.204847
0.0397236 0.207777
0.0364905 0.201764
0.0369076 0.204691
0.0365347 0.199123
0.0374221 0.200334
0.0356922 0.19255
0.0364022 0.197982
0.0358708 0.19185
0.037391 0.20085
0.0372219 0.202281
0.0373522 0.20865
0.0362437 0.195721
0.0368423 0.201377
0.0364537 0.198142
0.0375569 0.204845
0.0367176 0.203238
0.0361637 0.198241
0.0373749 0.203378
0.0362492 0.195298
0.0366384 0.1992
0.0366237 0.196445
0.036913 0.20025
0.0369934 0.195749
0.0370394 0.196907
0.0363537 0.190549
0.0364266 0.191438
0.0366626 0.192371
0.0364262 0.190372
0.0352612 0.184938
0.0349551 0.179869
0.035113 0.181358
0.0352416 0.181202
0.0345529 0.176037
0.0338606 0.172809
0.0336989 0.17198
0.0342321 0.175416
0.0344546 0.173404
0.0340275 0.171046
0.0345045 0.178087
0.0344574 0.175519
0.034249 0.171404
0.0345162 0.169637
0.0343933 0.168651
0.0341098 0.169396
0.033501 0.167663
0.0348975 0.171922
0.0349028 0.171128
0.034714 0.170605
0.0334128 0.165338
0.0345501 0.170499
0.0344299 0.16986
0.0343171 0.166393
0.0346185 0.168201
0.0335538 0.163555
0.0334385 0.167697
0.0342126 0.169124
0.0337836 0.16429
0.0335299 0.164385
0.034011 0.165093
0.0346378 0.165816
0.0342559 0.164636
0.0330346 0.154662
0.0340235 0.160373
0.0345322 0.161109
0.0353112 0.167616
0.0336879 0.159841
0.0343323 0.160256
0.0344842 0.160398
0.0348695 0.16222
0.0350966 0.162754
0.0346002 0.161545
0.0352258 0.163083
0.0353618 0.164122
0.0365214 0.172186
0.0369986 0.175075
0.0373081 0.178
0.0371695 0.178521
0.0364481 0.175728
0.0372955 0.179139
0.035784 0.176464
0.0371699 0.182929
0.0362184 0.177506
0.0360229 0.178691
0.0360783 0.178098
0.0350525 0.175333
0.0353738 0.17518
0.0354445 0.175585
0.0354833 0.17739
0.0356161 0.179723
0.0356115 0.176304
0.035979 0.174047
0.0357097 0.175466
0.0343338 0.169774
0.0350175 0.174662
0.0348036 0.173849
0.0353475 0.174148
0.035041 0.171247
0.0353555 0.176019
0.0357302 0.175512
0.0350844 0.173872
0.036495 0.182232
0.0352527 0.174442
0.0364342 0.177602
0.0367924 0.176843
0.0377562 0.187074
0.0368508 0.180037
0.0373145 0.18056
0.0374942 0.182558
0.0385655 0.186785
0.0375817 0.183087
0.0369741 0.182571
0.0369287 0.183031
0.0370481 0.183014
0.0370449 0.180468
0.0375194 0.182296
0.0377635 0.187546
0.0377717 0.183166
0.0371298 0.180161
0.0375292 0.183091
0.0379113 0.180955
0.038359 0.18136
0.0380816 0.181661
0.0381826 0.181818
0.0378436 0.18003
0.0379881 0.181292
0.0381262 0.182115
0.0378781 0.17798
0.0380015 0.180919
0.036938 0.177388
0.0371667 0.177184
0.0380167 0.178764
0.0371432 0.17384
0.0365607 0.171366
0.035937 0.167554
0.0360556 0.166568
0.0367652 0.171276
0.0363594 0.168547
0.0359108 0.166452
0.0367717 0.169991
0.0377185 0.175601
0.0389455 0.177806
0.0382417 0.176164
0.0386487 0.179556
0.0396312 0.183371
0.0399257 0.184084
0.0404535 0.188666
0.0389873 0.179963
0.0385899 0.179029
0.0395059 0.182202
0.0395696 0.184354
0.0395655 0.182373
0.0391433 0.182915
0.0383241 0.18011
0.0386139 0.183446
0.0374349 0.172777
0.0374723 0.17129
0.036981 0.172014
0.0373579 0.171958
0.0377729 0.174213
0.0369149 0.169367
0.036985 0.171085
0.0389494 0.178439
0.0371862 0.173064
0.0370787 0.171774
0.0370898 0.170765
0.0374968 0.172685
0.0368658 0.171824
0.0370016 0.17267
0.0363644 0.170817
0.0376091 0.174422
0.0375524 0.17212
0.0375088 0.17472
0.0378824 0.17806
0.0390647 0.185193
0.0382073 0.181689
0.0383869 0.181342
0.0377391 0.176965
0.0378385 0.17816
0.0381873 0.179205
0.0376294 0.176312
0.0370237 0.174455
0.0374727 0.176095
0.0372718 0.175147
0.0371354 0.175103
0.0371262 0.174549
0.0375365 0.174542
0.0376822 0.176453
0.0374689 0.173977
0.0382065 0.1787
0.038836 0.180531
0.0394546 0.179423
0.0387412 0.179351
0.039006 0.177052
0.0389975 0.178961
0.0381872 0.177501
0.0359159 0.161881
0.0372037 0.17061
0.0370063 0.171849
0.037456 0.173436
0.037965 0.173122
0.0377661 0.16706
0.0364622 0.1675
0.0376897 0.173939
0.0364885 0.169584
0.0370243 0.169695
0.0381575 0.176349
0.037877 0.173917
0.0378061 0.171323
0.0385875 0.177042
0.037805 0.17042
0.0381939 0.174182
0.038109 0.171194
0.0373998 0.170169
0.0371652 0.16734
0.0367615 0.164936
0.0371842 0.166747
0.037115 0.167312
0.0383031 0.172829
0.0376442 0.165087
0.0375402 0.16605
0.0395175 0.178981
0.0385501 0.176836
0.038925 0.175921
0.0395309 0.1788
0.0393107 0.174751
0.0402679 0.179178
0.0411926 0.184165
0.0389231 0.173921
0.0389196 0.172571
0.0386296 0.171584
0.0390705 0.175298
0.0371942 0.165696
0.0376124 0.167145
0.0377525 0.169565
0.0375649 0.169531
0.0384066 0.178905
0.0379731 0.175759
0.0372942 0.172207
0.0378074 0.179047
0.0375677 0.176423
0.0361722 0.170077
0.0362337 0.168114
0.0365373 0.171041
0.0364757 0.17461
0.0372681 0.177182
0.0373056 0.171892
0.0369896 0.176459
0.0364455 0.172226
0.0353841 0.161954
0.0370362 0.172153
0.0367395 0.169316
0.0367583 0.171694
0.0365749 0.16631
0.036799 0.167626
0.0361134 0.165068
0.0357082 0.161905
0.0359393 0.161454
0.0364099 0.165517
0.0353302 0.164583
0.0354687 0.1643
0.033761 0.154425
0.0351923 0.160086
0.0354069 0.162178
0.0353176 0.16162
0.0350766 0.16163
0.0341961 0.159093
0.0345589 0.159577
0.0339707 0.159041
0.0341553 0.15938
0.032351 0.150562
0.0317399 0.150394
0.0326706 0.153416
0.0325105 0.153854
0.0331966 0.159096
0.0332798 0.162218
0.0330118 0.161498
0.0333966 0.162246
0.0331792 0.163744
0.0325973 0.158507
0.0329398 0.16093
0.0327344 0.160729
0.0336026 0.164243
0.0336464 0.165278
0.0329907 0.158373
0.0324027 0.153261
0.0324872 0.156518
0.0327449 0.157992
0.0336158 0.160747
0.0331002 0.15929
0.0342874 0.164881
0.0341944 0.168128
0.0346749 0.167454
0.0342002 0.16723
0.0342529 0.166941
0.0345119 0.170625
0.0333072 0.161082
0.034171 0.166495
0.0346805 0.169283
0.0340228 0.165266
0.0333898 0.162829
0.0326831 0.159154
0.032535 0.15885
0.0331828 0.161181
0.0339146 0.167403
0.0335659 0.164656
0.0341392 0.165504
0.0334119 0.16135
0.0340203 0.164353
0.0343871 0.164371
0.0339627 0.160808
0.0333539 0.158225
0.0338053 0.16085
0.0340255 0.161881
0.0335502 0.1614
0.0343167 0.163038
0.0349036 0.170133
0.034367 0.166375
0.0356898 0.173081
0.0345292 0.166873
0.0347147 0.167095
0.0343687 0.162331
0.0330619 0.158056
0.0336869 0.162915
0.0338531 0.162137
0.0331595 0.161417
0.0314222 0.150318
0.0308875 0.145984
0.0315765 0.152956
0.0312043 0.152098
0.0317806 0.156693
0.032189 0.159036
0.0321157 0.159451
0.0326922 0.16325
0.0316963 0.156371
0.0316476 0.156791
0.0317194 0.158252
0.0300742 0.152155
0.0306702 0.153708
0.0304936 0.154035
0.0309583 0.156593
0.0302021 0.150582
0.0310581 0.157215
0.0307474 0.153838
0.0312752 0.155795
0.0316619 0.161304
0.0302845 0.154102
0.0306728 0.155851
0.0292896 0.151093
0.0297063 0.154191
0.0311359 0.161724
0.0313738 0.161911
0.0303351 0.15501
0.0309918 0.161573
0.0309053 0.162042
0.0316096 0.16648
0.0306946 0.165128
0.0307306 0.166956
0.030078 0.163599
0.0297362 0.16327
0.0281538 0.157074
0.0286785 0.163823
0.0259126 0.145809
0.0269474 0.151741
0.0270157 0.152259
0.0269053 0.152761
0.0266296 0.152072
0.0264084 0.152608
0.0271335 0.154756
0.0275787 0.157199
0.0276684 0.159637
0.027397 0.155576
0.02722 0.154304
0.027022 0.157895
0.0264268 0.151519
0.0259366 0.150126
0.0255471 0.145602
0.0252481 0.148705
0.0253215 0.15156
0.0239569 0.142219
0.023218 0.137803
0.0238974 0.14252
0.0254831 0.15625
0.0250678 0.152887
0.0243938 0.149521
0.0242808 0.14962
0.0246299 0.151356
0.0239013 0.147292
0.0238298 0.14581
0.0230755 0.139177
0.0242344 0.150565
0.0240531 0.148914
0.0243218 0.150734
0.024597 0.149741
0.0251326 0.153603
0.0241845 0.149121
0.0238376 0.147413
0.0235009 0.143835
0.023851 0.144747
0.0241278 0.147427
0.023462 0.144955
0.0228274 0.14351
0.0229816 0.143807
0.0226908 0.141245
0.0232379 0.146826
0.0235728 0.149228
0.0241967 0.152754
0.0243308 0.153674
0.0247753 0.154306
0.0256646 0.159227
0.0252468 0.153081
0.025881 0.155022
0.0261577 0.161261
0.026811 0.165023
0.0257505 0.160958
0.0257823 0.159187
0.0251937 0.154766
0.0257637 0.157094
0.0255475 0.151047
0.0252998 0.152671
0.0253375 0.150519
0.0261837 0.157366
0.0262046 0.155836
0.0271726 0.160384
0.0272238 0.162025
0.0275763 0.162802
0.0281989 0.169781
0.0270473 0.159897
0.0266454 0.155806
0.0273481 0.158646
0.0267533 0.156624
0.027877 0.161554
0.0275966 0.155294
0.0271046 0.154123
0.0269093 0.150517
0.0283956 0.157467
0.0282262 0.155532
0.0282939 0.153502
0.0275654 0.150745
0.0271773 0.148453
0.0270647 0.144664
0.0271205 0.142095
0.0286962 0.151556
0.0282121 0.146562
0.0291778 0.150379
0.0297144 0.15436
0.0315335 0.160252
0.0316089 0.164167
0.03196 0.16294
0.0329857 0.163313
0.0319469 0.162558
0.0333021 0.164181
0.034549 0.168401
0.0346815 0.166377
0.0337419 0.163697
0.0346902 0.165227
0.034118 0.164187
0.035337 0.168928
0.034314 0.165249
0.0328996 0.159525
0.0338318 0.163894
0.0339599 0.168141
0.0326708 0.16234
0.0334994 0.165697
0.0325945 0.161472
0.0322403 0.159861
0.0322176 0.162347
0.0318846 0.15596
0.0327623 0.161489
0.0329871 0.162219
0.0332944 0.160627
0.0335209 0.160077
0.0348746 0.165641
0.0350345 0.162282
0.0337882 0.156109
0.0337994 0.156376
0.0330922 0.154129
0.0333397 0.156275
0.0328484 0.156301
0.0327582 0.15777
0.032064 0.155336
0.0333632 0.161058
0.034348 0.166356
0.0346674 0.165745
0.0342107 0.163284
0.0345653 0.160166
0.0351983 0.166481
0.0351924 0.162021
0.0356522 0.166717
0.0360911 0.169911
0.0353059 0.166282
0.0354216 0.16549
0.0349346 0.162837
0.0361105 0.172358
0.0354753 0.168562
0.0354954 0.168868
0.0354735 0.167803
0.0354277 0.170384
0.0342189 0.160135
0.0349488 0.165424
0.0340356 0.158924
0.0343389 0.161538
0.034904 0.167262
0.0334918 0.158897
0.033666 0.160838
0.0336555 0.16072
0.0332886 0.155421
0.0335346 0.159809
0.0331684 0.15827
0.0348645 0.161414
0.0349753 0.162609
0.0349613 0.165463
0.0347839 0.160588
0.0354732 0.165804
0.0347598 0.157586
0.035378 0.165937
0.0352122 0.162086
0.0352419 0.164601
0.0360418 0.164906
0.0356832 0.162631
0.0368231 0.169802
0.0370761 0.171248
0.0373998 0.174721
0.0384901 0.179976
0.0375504 0.174945
0.0375405 0.173705
0.0377979 0.174764
0.0375969 0.174145
0.0381087 0.176013
0.0383097 0.18168
0.0380586 0.17762
0.0385035 0.181827
0.0397283 0.188242
0.0391855 0.184659
0.0393052 0.182778
0.0396669 0.187855
0.0396186 0.187538
0.0388308 0.185999
0.0391057 0.190224
0.038609 0.185238
0.0385083 0.186769
0.0383182 0.183581
0.0376948 0.181856
0.0374947 0.178325
0.0378801 0.181846
0.0390828 0.184823
0.0379516 0.178908
0.0380032 0.179931
0.0396012 0.187902
0.0377115 0.173724
0.0384294 0.176969
0.0398489 0.18001
0.0408339 0.18395
0.0395914 0.179781
0.0384359 0.175639
0.0367185 0.169176
0.0367169 0.16778
0.0372703 0.169605
0.0380746 0.173982
0.0376667 0.171082
0.0372062 0.168982
0.0360279 0.166467
0.0360568 0.166221
0.0366003 0.166098
0.0364596 0.166897
0.0355276 0.162948
0.0350512 0.16238
0.0368007 0.173275
0.0350926 0.1652
0.0350795 0.164872
0.0358823 0.169228
0.035251 0.167589
0.0349592 0.16447
0.0347008 0.1655
0.034323 0.162802
0.0342688 0.163407
0.0332605 0.159839
0.0351186 0.169078
0.034628 0.16739
0.0336858 0.160967
0.0356729 0.175724
0.0356612 0.173353
0.0365546 0.177971
0.0354715 0.175351
0.0362803 0.178837
0.0365712 0.179841
0.0359853 0.174031
0.0362656 0.176126
0.0358302 0.173791
0.0358647 0.172186
0.0354121 0.170679
0.0352469 0.169321
0.0349629 0.167888
0.0339589 0.162353
0.0341487 0.163051
0.0345173 0.167599
0.0346774 0.167926
0.0341487 0.169749
0.0347555 0.172816
0.0338528 0.169152
0.0332659 0.167149
0.0325586 0.166177
0.0315417 0.164481
0.0308867 0.160088
0.0306734 0.15973
0.0296443 0.15447
0.0290167 0.151765
0.0288527 0.151075
0.0288176 0.152237
0.0282746 0.149043
0.0289874 0.152537
0.0285237 0.152731
0.0289443 0.154649
0.0288142 0.155517
0.0291851 0.157332
0.0292544 0.15718
0.028204 0.151687
0.0279754 0.152509
0.0277097 0.151613
0.0271956 0.147543
0.0264194 0.144394
0.0261541 0.144066
0.0267287 0.146296
0.0262886 0.144953
0.0260816 0.143572
0.0265973 0.146774
0.0258755 0.14425
0.0266977 0.148183
0.0262256 0.146385
0.0261501 0.146623
0.025853 0.146187
0.0255168 0.145261
0.0257713 0.146681
0.0261482 0.149411
0.025904 0.148658
0.0252662 0.145466
0.0262806 0.154649
0.0264448 0.155569
0.0261782 0.152315
0.0267929 0.154837
0.0271804 0.159681
0.0267268 0.15813
0.0269772 0.15676
0.0267217 0.156212
0.0269277 0.15761
0.0268735 0.15828
0.0274913 0.160561
0.0269377 0.156728
0.0271194 0.159514
0.0271952 0.159264
0.0262237 0.154073
0.0270118 0.1586
0.0269484 0.158771
0.0262905 0.154888
0.0259583 0.152465
0.0268432 0.156045
0.0255616 0.149024
0.0259101 0.152003
0.0269596 0.15848
0.0263793 0.155627
0.026765 0.15708
0.0267879 0.156109
0.0265687 0.156265
0.0269887 0.158792
0.0264596 0.155859
0.0269381 0.158792
0.0270191 0.157588
0.0263092 0.154072
0.0266553 0.156357
0.0270566 0.157862
0.0266759 0.15723
0.0265657 0.155958
0.0271365 0.159551
0.0270515 0.157424
0.0265453 0.156108
0.0264824 0.155331
0.0261415 0.154597
0.026028 0.153006
0.0257253 0.151485
0.0263114 0.154633
0.0253281 0.148695
0.0260539 0.152908
0.0261521 0.15448
0.0263698 0.154489
0.0254927 0.14903
0.0262987 0.154092
0.0259914 0.152241
0.0249713 0.147509
0.0258482 0.151552
0.0264592 0.155247
0.0250453 0.14839
0.0260286 0.152745
0.0252363 0.148829
0.0258166 0.150454
0.0253172 0.149575
0.0252437 0.146919
0.0251607 0.147648
0.0246968 0.145457
0.0254498 0.149939
0.0251415 0.147731
0.0254935 0.150037
0.0249462 0.146698
0.0244367 0.143718
0.0255137 0.149173
0.024707 0.146027
0.0257054 0.15128
0.0244117 0.143155
0.0249771 0.147117
0.0254489 0.148783
0.0248833 0.147225
0.0255675 0.149773
0.0254718 0.149129
0.0242468 0.14291
0.0254729 0.149772
0.0249 0.145961
0.0250968 0.147334
