45017
43604
43538
44511
45405
45974
45887
46216
46419
45996
46218
46145
46298
46356
46082
46237
46243
46463
46256
46041
46303
46402
46123
46034
45706
45004
44785
44463
44180
44058
43709
43850
43736
43816
43931
43839
43946
44394
44631
45255
45485
45775
45550
45568
45778
45677
45863
45585
45617
45927
45923
45745
45893
45872
45861
46041
45895
45945
45695
46163
45938
46013
45891
46328
46369
46224
46171
46022
46042
46097
46112
45707
45973
46194
46129
46186
45912
46073
46176
46280
46126
46369
46213
46148
46317
46491
46428
46488
46212
46247
46437
46478
46368
46539
46328
46550
46583
46570
46505
46642
46480
46501
46385
46638
46633
46526
46559
46750
46505
46596
46352
46382
46320
46586
46594
46464
46703
46568
46764
46562
46697
46764
46724
46619
46611
46768
46572
46825
46840
46780
46784
46829
46706
46543
46511
46578
46393
46307
46814
46802
46966
46810
46651
46748
46654
46873
46812
46651
46600
46496
46801
46797
46957
46733
46828
46900
46783
46836
46706
46482
47000
46914
46865
46668
46628
46816
46796
47017
46924
46867
46675
46891
46822
47064
46887
46975
46820
47073
47006
46995
46977
46850
46900
46968
46868
46942
46946
46983
46690
46770
47095
46992
46812
46843
46924
47129
46863
47024
46790
46917
47182
46757
46973
47242
46905
47120
47024
46941
47319
47345
47381
46977
47250
47114
47231
47245
47094
47263
47229
47043
47011
47084
47120
47364
47237
47245
47187
47068
46965
47302
47329
47350
47171
47602
46979
47201
47369
47097
47504
47193
47361
47241
47297
47390
47156
47263
47052
47468
47528
47319
47135
47476
47210
47235
47053
47257
47704
47498
47271
47339
47455
47397
47465
47424
47535
47431
47306
47222
47273
47285
47324
47220
47339
47570
47547
47184
47668
47427
47369
47518
47285
47612
47582
47410
47487
47889
47296
47705
47528
47586
47413
47866
47682
47963
47797
47925
47875
47854
48033
48239
47918
47823
47641
47646
47948
48029
47643
47611
47718
48069
48053
47970
48039
47983
48141
47930
48180
47976
48094
48257
47997
47913
47962
48132
48003
48290
48229
48257
47697
48301
48417
48310
48069
48210
48034
48228
48185
48030
48182
48347
47911
48052
48336
48088
47805
47960
47961
48222
48172
47995
47879
47923
47918
48356
47908
48284
47995
48069
48175
48060
47988
47884
48040
48058
48103
48233
48183
48165
48290
47844
47927
48129
47941
48259
48236
48141
47964
48064
48181
48195
48062
47824
48014
48062
48220
48081
48153
48057
48094
48536
48240
47997
48132
48141
48158
48025
48163
48102
48018
48161
48275
48224
48064
47956
47895
48070
48086
47996
48041
47854
48031
48104
47881
48128
48007
47890
48102
47971
47863
47921
47877
47705
47882
48015
47792
47944
47809
47792
47770
47775
47567
47712
47409
47535
47563
47365
47256
47401
47649
47305
47050
47300
47044
47159
47025
46747
46690
46793
46792
46707
46504
46718
46753
46604
46524
46570
46453
46740
46368
46377
46596
46407
46603
46317
46306
46561
46534
46488
46330
46378
46788
46279
46281
46584
46432
46184
46333
46609
46179
46387
46450
46330
46115
46111
45847
45866
45899
45770
45845
45529
45337
45775
45419
45436
45852
45715
45446
45425
45530
45646
45885
45604
45778
45996
45490
45669
45770
45980
45622
46017
46008
46209
46544
46225
46281
46593
46732
46381
46156
46009
46331
46141
46618
46394
46372
46410
45947
45706
45734
45664
44622
44818
44799
45147
45263
45158
45236
45159
45332
44976
45146
45087
45126
45225
44723
44102
44159
44322
44331
44126
43360
43372
43603
43853
45135
44923
44752
44920
45332
45272
45413
45519
45269
45593
45939
46034
46223
46383
46844
47368
47358
47670
47573
47674
47788
47549
47787
47698
47630
47869
47658
47843
47747
47931
47756
47666
48050
47865
47733
47686
47638
47530
47566
47359
47427
47771
47611
47700
47969
47618
47416
47796
47641
47633
47265
47489
47774
47879
47614
47745
47987
47808
47809
47729
47647
48055
47434
47492
47851
47448
47732
47434
47412
47254
47153
47113
47123
47272
47148
47270
47355
47432
47647
47108
47324
47442
47286
47329
47408
47398
47318
47282
47260
47083
47186
47213
47205
47179
47415
46945
47376
47019
47115
47212
47202
46879
47075
47224
47136
46845
47234
46985
47124
47087
47199
46939
47240
47149
47056
46781
47105
47030
46767
46873
46873
46880
46930
47041
46792
47072
47156
47106
47139
47032
47088
47045
47305
46983
47001
46838
46699
47047
46900
46655
46886
46858
46857
46812
46745
47041
47033
46955
46930
46859
46879
47020
46952
46828
46968
46970
46978
46859
47000
46938
46830
47168
47170
46994
46804
47144
47025
46969
46744
46788
46949
46618
46743
46902
46891
46901
47042
46848
46958
47294
47101
47006
47044
46921
46941
46733
46999
46903
46941
46940
46901
46839
46721
46691
46776
46904
47046
46855
46859
46841
46843
46644
46727
46672
46937
46651
46712
46725
46634
46421
46472
46551
46818
46244
46552
46558
46863
46727
46590
46587
46459
46474
46723
46832
46886
46586
46502
46686
46674
46608
46674
46474
46487
47012
46945
47086
46951
46922
46689
47108
47028
46911
46908
46796
46883
46851
46892
46942
46738
46680
46765
46726
46686
46714
46656
46829
46773
46957
46971
46770
46658
46940
47002
47268
47403
47108
47276
46962
47201
46881
47076
47031
47053
47296
47165
46891
46716
46783
46843
47137
47050
47167
46983
47280
47157
46908
46853
47190
47131
47113
47008
47719
47412
47259
47197
47233
47260
47380
47230
47211
47057
47374
46912
47161
46574
47079
46972
46849
46875
46921
47034
47053
46885
46916
46872
47051
46624
46743
46839
46845
46912
47051
46879
46985
47355
47074
47282
47173
47293
47159
47360
47259
47198
47239
47731
47416
47375
47387
47451
47116
47395
47126
47194
47186
47384
47371
47423
47431
47116
47205
47272
47077
47047
47011
47207
46989
47277
47148
47205
47213
47390
47537
47787
47500
47541
47750
47727
47863
47744
48217
47612
48294
48133
48233
47755
47766
48141
47836
47980
47955
48071
47950
47963
47898
48031
48240
48259
48233
48361
48185
48105
48136
48264
48378
48285
48296
48174
48326
48376
48144
47995
47993
47982
47979
48023
48046
47951
47809
48125
48182
48284
48674
47999
48289
47750
48091
47441
47787
48071
47816
48045
47916
48083
48121
48016
48027
47738
47974
47994
48176
47832
47372
47047
47120
47261
47254
47342
47135
47331
47123
47184
47072
46885
46644
46744
46759
46746
46990
46859
46934
46832
46855
46826
46872
46896
46863
47007
46961
46879
47026
46892
46777
47370
47115
47831
46982
47280
47170
47125
47105
47083
47182
47117
47131
46869
46911
46669
46828
47031
46908
46815
46701
47032
46810
46792
46743
46561
46438
46876
46977
46859
46967
47216
46823
47162
47223
47050
46983
47039
47235
46986
47325
46991
46976
46983
47026
46882
47154
46976
47195
46832
46965
47181
47148
47228
47103
46779
47053
46574
47389
47273
47077
46897
46350
46537
46972
46866
46855
46586
46723
46667
46752
46228
46714
46569
46664
46873
46673
46847
46688
46903
46780
46964
46926
46533
46996
46438
46564
46709
46325
46481
46399
46519
46516
47199
46203
46225
46115
46417
46353
46510
46557
46435
46668
46646
46548
46534
46694
46346
46410
46397
46339
46849
46573
46692
46585
46783
46251
46590
46409
46369
46488
46444
46348
46519
46380
46525
46536
46453
45848
46535
46733
46444
46875
46774
46766
46899
46909
46925
46900
46922
47140
47044
46923
46973
47240
47471
47357
46986
47259
47125
47199
47353
47104
47511
47363
47312
47140
47238
47526
47290
47359
47313
47298
47458
47195
47244
47648
47306
47694
47417
47575
47483
47613
47906
47533
47635
47550
47939
47705
47707
47714
47609
47519
47506
47517
47973
47729
47743
47794
47758
47850
47769
47796
47806
47742
48109
47651
47749
47932
48064
47946
47960
48036
47966
47968
47983
47604
47571
47693
47648
47539
47805
47692
47855
47910
47774
47698
47694
47632
48065
47706
47896
47683
47708
47895
47779
47696
48033
47563
47828
47450
47991
47695
47773
47901
48016
48048
48130
47903
47797
47739
48205
47811
47764
48004
47782
48185
47795
47739
47965
47737
47751
47775
