61.3555   3.18251   64.538 0.103857   0.0997653
62.2552   2.42308   64.6782 0.110232   0.0965369
63.0731   2.34186   65.415 0.110681   0.0833402
62.8388   2.48021   65.3191 0.108411   0.0984209
66.2545   2.53955   68.7941 0.1121   0.0997205
64.0926   2.37171   66.4643 0.111124   0.0870883
67.9217   2.22415   70.1459 0.113065   0.0841418
62.5702   2.59688   65.1671 0.108241   0.0893422
62.1211   2.03576   64.1569 0.108667   0.0862612
64.6776   2.09041   66.768 0.116139   0.0990717
67.2307   1.92035   69.1511 0.118642   0.0818332
69.7924   2.03288   71.8253 0.120992   0.0919856
69.8647   1.80545   71.6702 0.124692   0.0965482
71.2071   2.02541   73.2325 0.125328   0.112523
67.1695   1.85653   69.026 0.12425   0.114365
72.3047   1.62984   73.9346 0.12393   0.0884178
70.7859   2.07069   72.8566 0.120466   0.110339
74.6768   1.82601   76.5028 0.124323   0.114126
74.1507   1.71841   75.8691 0.123249   0.0944182
75.9962   1.3952   77.3914 0.126759   0.0898198
74.5157   2.33201   76.8477 0.125857   0.125828
74.2845   1.48974   75.7743 0.124694   0.0975815
73.3183   1.35358   74.6719 0.125998   0.0900386
73.6936   2.13758   75.8312 0.125528   0.114309
70.9924   1.98282   72.9753 0.124236   0.10256
70.1809   3.09864   73.2795 0.123225   0.111596
71.5022   1.65266   73.1549 0.123921   0.101183
72.5016   1.91695   74.4186 0.122345   0.108098
75.7181   1.52158   77.2396 0.122244   0.0911128
71.0709   2.46669   73.5376 0.1208   0.120916
70.1871   1.75895   71.9461 0.124386   0.0997514
70.174   1.92177   72.0958 0.119357   0.121888
67.9732   0.994295   68.9675 0.123933   0.076094
69.7616   0.900807   70.6624 0.128073   0.0684157
60.5215   2.20855   62.7301 0.101387   0.10618
57.2316   2.4667   59.6983 0.0979545   0.129826
54.4265   1.65881   56.0853 0.10275   0.0987385
62.6654   1.86515   64.5305 0.108137   0.0969746
67.7874   1.36852   69.1559 0.116613   0.0906303
66.8381   2.17027   69.0084 0.114143   0.108153
65.4135   2.44327   67.8567 0.113303   0.135236
65.5095   1.83016   67.3396 0.113247   0.0878479
67.9624   2.17249   70.1349 0.110001   0.0894027
69.6435   1.96939   71.6129 0.112316   0.0989642
72.5064   1.4863   73.9927 0.115931   0.0874294
68.8899   1.94014   70.8301 0.114983   0.102653
68.8903   2.27524   71.1656 0.115388   0.137615
70.34   2.23768   72.5777 0.119633   0.104402
68.8   1.65882   70.4588 0.120161   0.124412
66.6986   2.42821   69.1269 0.117138   0.123468
68.606   3.5139   72.1199 0.121699   0.129824
56.8262   4.43623   61.2624 0.0939845   0.128462
63.8402   3.18345   67.0237 0.100383   0.109648
64.336   2.61845   66.9544 0.106481   0.104459
64.8957   2.47781   67.3736 0.104902   0.10411
64.9085   3.506   68.4145 0.103029   0.119117
64.4216   2.67335   67.095 0.106009   0.102558
66.5312   3.34402   69.8752 0.109074   0.119146
69.7529   3.38897   73.1419 0.110579   0.125673
65.2776   4.06784   69.3454 0.111841   0.135897
71.0067   3.80257   74.8092 0.111058   0.141359
71.4808   3.53101   75.0118 0.114491   0.122605
71.3819   3.93771   75.3196 0.1144   0.113513
70.6154   3.50726   74.1227 0.113686   0.132947
66.404   3.29411   69.6981 0.111006   0.118351
69.4914   2.93255   72.424 0.116375   0.110523
65.4388   3.70658   69.1454 0.112123   0.117919
72.0548   3.59529   75.65 0.116694   0.126298
55.5276   3.41408   58.9416 0.0946009   0.107136
57.3843   2.28064   59.665 0.0916048   0.0861703
54.9692   2.41638   57.3856 0.0936337   0.0910696
58.836   3.54723   62.3832 0.0977775   0.118636
56.1657   2.77894   58.9446 0.101011   0.111903
61.104   3.60964   64.7136 0.104113   0.14516
63.153   4.41075   67.5637 0.106056   0.15847
62.2752   3.50554   65.7807 0.101354   0.137114
62.2299   4.00139   66.2313 0.10679   0.144108
57.8283   3.08591   60.9142 0.106055   0.122457
63.2091   2.5444   65.7535 0.107921   0.120588
67.2053   2.67402   69.8793 0.11209   0.111728
66.3137   2.09372   68.4074 0.111878   0.113378
63.4407   2.15926   65.5999 0.112617   0.0988972
66.1215   2.78796   68.9095 0.112605   0.120517
67.0139   3.58275   70.5967 0.110773   0.127955
66.5067   3.61742   70.1241 0.11368   0.144697
52.5329   3.21931   55.7522 0.0857586   0.122407
56.2247   2.56704   58.7917 0.0937182   0.11049
56.1766   3.02839   59.205 0.0963138   0.0964455
56.447   3.20844   59.6555 0.0945247   0.113239
58.9147   3.35655   62.2712 0.0968779   0.102126
63.9914   3.31075   67.3021 0.100169   0.0991243
67.8657   3.01421   70.8799 0.107428   0.0888273
63.8348   4.52135   68.3561 0.103098   0.119402
64.8889   4.53918   69.4281 0.105918   0.139954
65.1209   5.51956   70.6404 0.106129   0.129062
67.781   4.99473   72.7757 0.108467   0.128289
66.4617   5.03107   71.4928 0.107566   0.135487
73.6397   4.02381   77.6635 0.115182   0.124448
76.945   3.36144   80.3065 0.111833   0.13012
72.0538   3.65045   75.7042 0.116693   0.133553
64.7705   2.68167   67.4522 0.0912689   0.105716
61.8364   1.71127   63.5477 0.0922015   0.0821408
68.1511   3.11392   71.265 0.0970353   0.124391
67.1468   2.96582   70.1126 0.0971547   0.111777
71.5089   3.39201   74.9009 0.100064   0.107911
68.3839   2.9443   71.3282 0.0973714   0.104162
69.2264   2.56077   71.7871 0.0955857   0.0968765
68.3038   2.63315   70.937 0.0981612   0.0885589
72.484   2.49221   74.9762 0.102975   0.10883
71.9259   3.26235   75.1883 0.0994673   0.120828
72.5853   2.40746   74.9927 0.104932   0.0974679
74.8211   2.71446   77.5356 0.103649   0.0982314
69.6865   2.5069   72.1934 0.102702   0.0910495
70.4575   1.80715   72.2646 0.104356   0.0777826
74.5844   2.02961   76.614 0.105003   0.0837616
55.6372   3.53282   59.17 0.0839131   0.0943764
60.7521   3.99711   64.7492 0.0905982   0.113019
62.2522   3.34501   65.5972 0.0896704   0.101262
60.0735   3.19636   63.2699 0.0901811   0.104067
65.3426   2.24458   67.5872 0.0950254   0.103596
62.4308   2.78725   65.218 0.0927741   0.118104
64.7754   2.47236   67.2478 0.0919975   0.113238
63.0247   2.23657   65.2613 0.0939592   0.0947701
62.8678   1.70647   64.5742 0.0935997   0.0720031
65.5859   1.50252   67.0885 0.0957552   0.0919908
62.8317   2.83465   65.6664 0.0931991   0.0996947
63.0837   2.69714   65.7808 0.0934158   0.10039
59.0553   3.24477   62.3001 0.0907054   0.109129
57.7968   3.14039   60.9372 0.0846509   0.0980349
58.3469   3.6581   62.005 0.0845934   0.109415
55.9577   3.46857   59.4263 0.0878228   0.111053
57.6463   4.07244   61.7187 0.0907578   0.116577
60.9541   3.76539   64.7195 0.0938285   0.112065
61.7964   3.62096   65.4173 0.0947434   0.116648
67.1653   3.32724   70.4925 0.10369   0.122325
68.0265   3.23073   71.2572 0.105861   0.141451
74.2887   3.29488   77.5836 0.107209   0.133216
71.9343   1.69162   73.6259 0.111434   0.0808098
55.039   3.27108   58.31 0.0830818   0.105746
62.7812   2.3814   65.1626 0.0911414   0.0988135
62.8323   2.22996   65.0623 0.0969485   0.0929151
60.6727   4.0159   64.6886 0.0975916   0.120718
66.3185   2.63095   68.9495 0.101731   0.0966079
66.7612   3.06524   69.8265 0.100217   0.105942
66.469   3.65192   70.121 0.101759   0.128589
68.9347   2.60789   71.5426 0.105636   0.110193
66.1991   2.58461   68.7837 0.103442   0.124061
67.7413   2.47468   70.216 0.109515   0.0924154
49.2753   2.44209   51.7174 0.0850943   0.101331
54.5102   1.71441   56.2247 0.095065   0.10561
53.3186   2.5628   55.8814 0.0906676   0.125015
56.956   2.92326   59.8793 0.0960325   0.124877
57.0954   2.3221   59.4175 0.0979674   0.106682
60.0119   1.65836   61.6703 0.101463   0.0940469
63.3576   2.3217   65.6793 0.104738   0.111442
66.3092   2.61847   68.9276 0.102572   0.11222
65.8194   2.49032   68.3097 0.0998461   0.0962444
65.3999   1.6401   67.04 0.103444   0.0779313
46.8341   2.9588   49.7929 0.0782612   0.111373
55.4543   2.41248   57.8667 0.085909   0.0899062
55.4177   2.12716   57.5448 0.090768   0.0850864
55.8839   2.64867   58.5325 0.0905589   0.102662
54.2796   2.12517   56.4048 0.091575   0.10538
55.8274   1.9252   57.7526 0.0942712   0.0865908
53.0956   2.30451   55.4001 0.0934069   0.0918132
56.5978   1.6811   58.2789 0.0964132   0.11462
57.2264   1.17761   58.4041 0.0993342   0.0718052
62.135   1.69164   63.8266 0.0980849   0.115049
48.2529   1.61113   49.864 0.0833923   0.105648
50.1457   1.54182   51.6876 0.08655   0.0932264
52.6521   1.67551   54.3276 0.0873217   0.0841966
54.7283   1.42296   56.1512 0.0908705   0.0848686
54.6853   1.14285   55.8281 0.0929706   0.0767012
50.9081   1.49408   52.4022 0.0878685   0.122466
52.2038   1.74547   53.9493 0.0920107   0.133242
50.9532   0.932988   51.8861 0.0916533   0.0721383
54.6162   1.55575   56.172 0.0908201   0.0892401
54.1831   1.37748   55.5606 0.0924311   0.0943482
51.7905   1.68981   53.4804 0.0902012   0.142001
47.1075   0.944693   48.0522 0.0818691   0.0861423
43.7131   1.44565   45.1587 0.0810251   0.0862214
47.3563   2.43943   49.7957 0.084409   0.143778
45.7921   1.17277   46.9648 0.0852104   0.117277
47.7032   1.743   49.4462 0.0876199   0.133053
47.6176   1.63273   49.2503 0.0897824   0.135309
48.002   1.34676   49.3487 0.0872397   0.147125
48.7937   1.53056   50.3243 0.0893113   0.136252
49.958   0.685216   50.6432 0.0914535   0.0845945
49.3618   0.491728   49.8536 0.0904505   0.108469
39.522   0.252274   39.7743 0.0776616   0.0413564
43.0016   0.562887   43.5645 0.0826557   0.0776397
42.6548   0.967225   43.622 0.080944   0.0980296
44.0329   0.97533   45.0083 0.0868043   0.106788
49.0467   1.44287   50.4896 0.0931031   0.111562
49.871   1.00606   50.8771 0.0891455   0.171488
48.8937   0.952999   49.8467 0.0938999   0.129366
51.2156   1.1629   52.3785 0.0919875   0.132148
49.6206   0.401185   50.0218 0.0908857   0.121571
50.5582   0.386978   50.9452 0.0900573   0.076883
41.5048   0.665307   42.1701 0.0760074   0.131419
42.0846   0.888159   42.9728 0.0798772   0.112425
43.2682   0.318614   43.5868 0.0836477   0.0633009
44.6305   0.987029   45.6175 0.0875394   0.104632
47.9728   0.675357   48.6481 0.0894625   0.100301
45.0754   0.37461   45.45 0.0861424   0.0775055
47.2967   0.331017   47.6277 0.0943355   0.0746655
49.8502   0.704696   50.5549 0.0960505   0.141885
48.6868   0.781815   49.4687 0.0963015   0.126781
39.3722   0.635321   40.0075 0.0799544   0.0925225
43.1108   0.597363   43.7081 0.0849306   0.0671194
42.7785   0.871067   43.6496 0.0896636   0.0789487
45.8935   1.09769   46.9911 0.0958977   0.126657
49.2715   0.826042   50.0975 0.101222   0.0968018
49.4264   0.81182   50.2382 0.100242   0.0820306
49.7394   1.50674   51.2462 0.10245   0.126617
52.2296   0.980786   53.2104 0.105792   0.13497
42.4351   0.606398   43.0415 0.0885725   0.0978061
48.103   1.09468   49.1977 0.0946847   0.144037
48.6179   0.756442   49.3744 0.100937   0.187547
51.0203   0.676918   51.6972 0.110801   0.131867
53.7672   0.98146   54.7487 0.109781   0.163577
55.9288   0.786569   56.7153 0.111442   0.131095
55.5775   0.30893   55.8864 0.112787   0.102977
61.3005   0.207741   61.5082 0.114609   0.10052
41.1667   0.432639   41.5993 0.0859788   0.152696
42.3884   0.121137   42.5095 0.0910795   0.117229
46.404   0   46.404 0.103072   -nan
48.1572   0.417394   48.5746 0.106795   0.158504
52.8123   0.214781   53.0271 0.110133   0.109211
52.1825   0.0119475   52.1944 0.111066   0.023895
52.3138   0.21528   52.5291 0.114614   0.0922629
42.8103   0.441331   43.2516 0.0875586   0.117167
48.6471   0.265108   48.9122 0.0958878   0.137125
50.8533   0.259917   51.1132 0.101822   0.13444
53.9724   0.114628   54.087 0.109652   0.05015
54.2736   0.392127   54.6657 0.117526   0.199387
64.3977   0.552996   64.9507 0.12493   0.159338
58.3719   0.141432   58.5133 0.123643   0.0707162
39.8806   0.00092299   39.8815 0.0853182   0.0276897
46.1942   0.168715   46.3629 0.0943549   0.0915882
48.5055   0.147475   48.6529 0.1025   0.0829549
53.5463   0.155427   53.7017 0.111501   0.155427
52.7252   0.187601   52.9128 0.117746   0.175094
51.8424   0.496875   52.3393 0.109619   0.140625
56.8076   0.0515044   56.8591 0.121051   0.120177
55.7759   0.112383   55.8883 0.118993   0.0648362
35.6217   0.177937   35.7996 0.0810874   0.0518262
40.281   0.254746   40.5358 0.0937439   0.0649352
43.1838   0.842216   44.026 0.0996856   0.131596
53.5863   0.241643   53.828 0.1129   0.0521532
54.3471   0.299698   54.6468 0.110612   0.0634654
57.3678   0.544627   57.9125 0.119489   0.108925
59.9292   0.427612   60.3568 0.121962   0.100615
58.8069   0.664351   59.4713 0.127141   0.13287
39.5551   0.605827   40.1609 0.088576   0.0639958
41.7385   0.57235   42.3108 0.0929174   0.0837585
44.0018   0.550503   44.5523 0.0964247   0.0793995
49.2392   0.494817   49.734 0.109931   0.100796
49.7924   0.503307   50.2957 0.109974   0.126884
46.5605   0.458876   47.0194 0.11397   0.0800365
43.6684   0.191031   43.8595 0.109445   0.0707523
43.9955   0.352263   44.3478 0.0959492   0.0798462
53.0265   0.337493   53.364 0.110334   0.112498
58.6032   0.0526407   58.6558 0.115832   0.017744
63.8152   0.389185   64.2044 0.12255   0.076447
64.7944   0.0989945   64.8934 0.12619   0.0479006
64.0027   0.562931   64.5656 0.12858   0.0943459
61.7028   0.149537   61.8523 0.126139   0.0435544
59.6936   0.719826   60.4134 0.125565   0.121319
48.433   0.512075   48.9451 0.0931225   0.0817141
52.0168   0.368776   52.3856 0.100123   0.0674106
54.6625   0.545083   55.2076 0.10126   0.0945552
55.1162   0.482026   55.5983 0.106166   0.149199
48.7982   1.03386   49.832 0.100126   0.195069
59.5237   0.486758   60.0105 0.115566   0.106687
56.0523   0.615727   56.668 0.111673   0.0715961
48.3992   1.01066   49.4099 0.115168   0.161705
52.1244   1.34109   53.4655 0.120658   0.114135
43.2029   1.13075   44.3337 0.0857286   0.134613
47.0803   1.25941   48.3397 0.091864   0.174112
48.4283   1.03257   49.4608 0.0948025   0.139536
51.8026   1.06405   52.8666 0.0997354   0.0991352
57.9917   0.89399   58.8857 0.108724   0.0880445
62.2475   0.897196   63.1447 0.111555   0.100432
65.9513   1.145   67.0963 0.120422   0.156136
68.5115   1.5232   70.0347 0.120619   0.1568
72.3294   0.890376   73.2198 0.122178   0.0847977
66.8951   0.570268   67.4654 0.124598   0.17108
44.7537   1.62089   46.3746 0.0862196   0.139331
47.7489   1.69752   49.4464 0.0895739   0.124512
48.6964   1.31409   50.0105 0.0974253   0.1413
56.2448   1.35903   57.6038 0.103661   0.0858332
55.6915   0.975185   56.6666 0.10658   0.107163
57.735   2.403   60.138 0.110181   0.128732
56.8526   1.62142   58.474 0.106114   0.14223
59.5464   2.82757   62.374 0.112133   0.140442
56.203   1.12603   57.3291 0.1085   0.144027
43.5618   1.2225   44.7843 0.0852482   0.0991214
46.8412   0.555428   47.3966 0.0877846   0.0579018
47.9623   1.31428   49.2766 0.0930585   0.0900192
50.0367   0.871726   50.9084 0.0930396   0.0947528
53.7196   0.85164   54.5713 0.101103   0.085164
51.5369   1.10493   52.6418 0.0924263   0.121868
53.7713   1.1197   54.891 0.0967883   0.117178
54.2537   1.01406   55.2678 0.0994699   0.161328
56.3454   1.20277   57.5481 0.102052   0.100231
58.3762   1.489   59.8652 0.101166   0.101754
60.0653   0.938648   61.0039 0.10917   0.068018
50.2501   1.22117   51.4713 0.0822088   0.0658606
51.5059   0.96681   52.4727 0.0853641   0.0674519
55.7195   0.835002   56.5545 0.0905762   0.0933543
61.8427   0.864138   62.7068 0.0972003   0.064296
63.8856   1.10008   64.9857 0.0988304   0.0862809
61.7577   1.38091   63.1386 0.101408   0.119732
59.83   1.0957   60.9257 0.0966716   0.078545
57.6642   0.894067   58.5582 0.0991677   0.0884242
64.302   0.925827   65.2279 0.101562   0.0780191
62.0702   1.21834   63.2885 0.100922   0.0906951
64.7216   1.20862   65.9302 0.101967   0.0820331
64.3833   1.08943   65.4727 0.100616   0.115352
46.9545   0.320775   47.2752 0.0785937   0.0531672
48.0703   0.670254   48.7405 0.0784223   0.0852018
52.3593   0.314794   52.674 0.0859934   0.0466361
52.2382   0.54417   52.7824 0.0846283   0.080025
53.0698   1.27968   54.3495 0.089143   0.0962167
59.0821   0.489117   59.5712 0.0980616   0.0479526
61.2214   0.627544   61.8489 0.0947406   0.0765298
71.1693   1.0571   72.2264 0.104913   0.107501
67.0505   0.84631   67.8968 0.103793   0.0619251
67.0249   1.18028   68.2052 0.105258   0.0929356
63.0748   1.26732   64.3421 0.103232   0.0792075
62.6314   1.32616   63.9576 0.104916   0.0916704
58.8467   1.13761   59.9843 0.0890987   0.0703679
62.5426   1.35681   63.8994 0.0922639   0.0953261
61.0814   1.0164   62.0978 0.0971241   0.0652936
63.2314   1.19646   64.4279 0.0956361   0.0799418
68.1985   1.02299   69.2215 0.101738   0.0619993
65.2304   1.24528   66.4756 0.102327   0.100969
65.9548   1.58463   67.5394 0.102824   0.0883624
54.836   1.05522   55.8912 0.0813878   0.0919487
60.2517   1.73991   61.9916 0.0875312   0.11114
56.5209   1.19919   57.7201 0.0848195   0.0846487
59.547   1.49405   61.041 0.0922256   0.0933782
66.8693   1.55399   68.4233 0.097142   0.0871395
66.4958   1.18457   67.6804 0.0958429   0.0669247
58.9961   1.84287   60.8389 0.0815163   0.10571
63.6667   2.13956   65.8063 0.0839663   0.118637
71.1105   1.70601   72.8165 0.0908103   0.0999618
68.0263   0.985453   69.0118 0.0922808   0.0740942
69.3455   0.945444   70.2909 0.0919498   0.0906176
74.289   1.00148   75.2905 0.0966151   0.0639241
55.2468   0.5022   55.749 0.0774928   0.0439425
57.0311   0.774242   57.8053 0.0827091   0.0768332
56.6585   1.22923   57.8877 0.0854019   0.097817
58.0129   0.735404   58.7483 0.086889   0.0568612
67.8443   1.51082   69.3551 0.0914385   0.0776107
62.3228   1.39653   63.7193 0.092467   0.0695107
54.3491   1.9624   56.3115 0.0797454   0.104941
58.9245   1.24091   60.1655 0.087182   0.0909759
61.4941   1.4439   62.938 0.0914411   0.0962599
68.332   0.937793   69.2698 0.0992621   0.0588573
66.3435   1.31443   67.6579 0.0983741   0.0696695
64.0748   1.37533   65.4501 0.0961602   0.0667638
62.3501   1.43945   63.7895 0.0922844   0.0750294
66.5504   1.36971   67.9202 0.0932558   0.063609
63.4621   1.11429   64.5764 0.0904319   0.0577352
62.3146   1.32934   63.6439 0.0906966   0.0581346
62.6456   1.13118   63.7767 0.090008   0.0692559
55.7316   1.41235   57.1439 0.0848661   0.066936
60.6502   1.33506   61.9853 0.0874635   0.0646449
62.082   1.78561   63.8676 0.0892582   0.0861227
62.826   1.11023   63.9363 0.0876679   0.0705929
52.5557   0.912699   53.4684 0.0857152   0.0677268
50.5242   1.32348   51.8477 0.0792785   0.0842981
53.6929   0.72853   54.4215 0.083056   0.0561848
57.8618   2.35007   60.2119 0.0918118   0.122969
45.7987   0.877541   46.6763 0.0758353   0.0564754
43.0563   1.12034   44.1766 0.0712705   0.0793162
45.1296   1.3205   46.4501 0.0720499   0.0680672
45.1489   1.48936   46.6383 0.073809   0.0705859
53.2821   1.52524   54.8073 0.0836289   0.067414
48.8208   1.79325   50.6141 0.0805535   0.0825116
41.4947   1.87113   43.3658 0.0677096   0.0725245
50.8611   1.52221   52.3833 0.0795367   0.0790072
55.2965   1.27148   56.5679 0.0865834   0.0716327
57.5816   1.45483   59.0364 0.0863724   0.069832
55.5127   0.888402   56.4011 0.0846059   0.0659704
57.0121   1.69696   58.7091 0.0861253   0.101817
47.1127   1.22245   48.3352 0.0737942   0.0694574
53.884   1.02738   54.9114 0.0834247   0.0863347
59.2077   1.08565   60.2933 0.0890029   0.0822461
55.3267   1.38687   56.7136 0.0863535   0.076764
53.2277   1.55586   54.7835 0.0831187   0.0981173
52.1953   1.46362   53.6589 0.0828309   0.0674034
57.9993   1.18106   59.1804 0.0879355   0.089249
58.6814   1.76806   60.4495 0.0916539   0.102496
53.3642   1.43226   54.7965 0.0854192   0.102062
48.9515   1.31269   50.2642 0.078664   0.0918882
50.3343   1.02137   51.3557 0.0803506   0.0752853
59.1099   1.49507   60.605 0.0908917   0.0841502
54.6001   0.932241   55.5324 0.0879513   0.102444
44.7801   0.831788   45.6119 0.0751428   0.0687428
55.8422   0.943763   56.7859 0.0884745   0.0725971
55.2059   0.884348   56.0903 0.0892245   0.0806773
54.9398   1.0997   56.0395 0.0917703   0.0848095
57.0903   1.19134   58.2817 0.0941719   0.0791126
60.822   1.14352   61.9655 0.0950266   0.0816798
62.1194   1.22801   63.3475 0.102223   0.0798703
63.5615   1.82887   65.3904 0.104618   0.0927312
61.9325   0.847058   62.7796 0.105597   0.0677647
59.6029   0.76328   60.3662 0.101062   0.0791205
51.6865   1.13674   52.8232 0.0883983   0.0869955
46.2309   0.887991   47.1189 0.0867589   0.0986657
47.192   0.752991   47.945 0.0908194   0.0474325
48.5452   1.29375   49.839 0.0887968   0.084375
54.1996   0.784948   54.9846 0.0944758   0.0612643
56.9737   0.915694   57.8894 0.102748   0.0718192
56.9413   0.689585   57.6309 0.104961   0.0696551
58.9572   0.8405   59.7977 0.108807   0.0928729
42.7341   0.4688   43.2029 0.0799176   0.0456354
46.8178   1.27868   48.0964 0.0837727   0.0693677
46.4866   0.460761   46.9474 0.082997   0.043468
51.9679   0.8184   52.7863 0.0927722   0.0835102
56.3708   1.09524   57.4661 0.097247   0.101411
56.3863   0.891602   57.2779 0.0974589   0.0820274
42.7316   0.904883   43.6364 0.0819502   0.08673
45.3101   0.75234   46.0625 0.0841622   0.0551838
45.1798   0.637692   45.8175 0.0856875   0.0641066
53.0356   0.576434   53.6121 0.0981838   0.0768579
46.1377   0.71605   46.8537 0.090289   0.0926653
38.8025   0.724456   39.5269 0.0764958   0.059626
41.3465   0.630288   41.9768 0.0755877   0.0523344
43.428   0.812346   44.2404 0.0769636   0.0678841
47.7541   1.43126   49.1854 0.0841235   0.110097
50.5526   0.632906   51.1855 0.0903967   0.0765375
46.2973   0.254122   46.5514 0.0806526   0.0518616
47.3575   0.774153   48.1316 0.0804259   0.0866589
43.7477   0.378904   44.1266 0.0800653   0.0631507
43.6266   0.619001   44.2456 0.0776045   0.0687779
44.1288   0.706695   44.8355 0.0811511   0.074389
41.4921   0.749141   42.2412 0.0760439   0.0932541
44.444   0.299269   44.7433 0.0797037   0.0682544
48.7157   0.578186   49.2939 0.0879344   0.0634594
47.9522   0.921951   48.8741 0.0871594   0.0987805
46.901   0.781733   47.6827 0.085161   0.0878351
48.3389   0.936372   49.2753 0.0890274   0.10521
44.7433   0.45372   45.197 0.0840671   0.0835068
44.3043   0.695616   44.9999 0.0856673   0.0838091
43.4551   0.453638   43.9087 0.0885454   0.064194
47.7422   0.736449   48.4787 0.0900608   0.0846133
48.9615   0.890907   49.8524 0.0919926   0.101239
41.562   0.846364   42.4084 0.0786217   0.100359
47.5682   0.335457   47.9036 0.0882199   0.0860146
43.1372   0.742922   43.8801 0.0875586   0.101308
38.2844   0.747458   39.0319 0.0847   0.0922788
30.4448   0.840201   31.285 0.0708088   0.105575
37.0245   0.74073   37.7652 0.0832011   0.0726206
37.7576   0.481119   38.2387 0.0875755   0.0673567
38.2211   0.469057   38.6901 0.0881686   0.0525064
34.8213   0.636161   35.4575 0.0802273   0.104862
35.2179   0.579223   35.7972 0.0833984   0.0921491
36.6196   0.267372   36.8869 0.0881691   0.0445621
37.9267   0.294285   38.221 0.0924139   0.0668829
37.0195   0.273399   37.2929 0.0809267   0.0665024
33.804   0.383338   34.1874 0.0824015   0.0708343
37.0396   0.408349   37.4479 0.0852251   0.0695706
36.1804   0.422135   36.6025 0.0880034   0.0625385
39.0753   0.396452   39.4717 0.0936721   0.0671953
43.5893   0.405911   43.9952 0.102322   0.0579873
42.787   0.123149   42.9101 0.096273   0.0307872
38.6   0.256674   38.8567 0.0936325   0.0410679
37.238   0.14577   37.3837 0.0865329   0.024295
35.7779   0.225177   36.0031 0.0851044   0.0402101
35.3986   0.0706477   35.4692 0.0836846   0.0156995
38.1676   0.476247   38.6438 0.0927673   0.056922
38.2285   0.283446   38.5119 0.0953328   0.0971816
31.1968   0.272435   31.4693 0.0851907   0.0675458
31.097   0.644016   31.7411 0.0810956   0.0940697
35.8052   0.376446   36.1816 0.0912001   0.0697122
34.3664   0.512803   34.8792 0.0862491   0.086782
35.1016   0.588421   35.69 0.0840153   0.065868
33.1055   0.467697   33.5732 0.0833392   0.0522428
35.4782   0.386633   35.8648 0.0860077   0.0644389
32.8318   0.719   33.5508 0.078146   0.0700324
33.3137   0.705978   34.0197 0.0808585   0.0661854
34.6182   0.75819   35.3764 0.0798882   0.0760726
37.159   0.966051   38.1251 0.0787744   0.0805042
33.5759   0.603546   34.1795 0.0744477   0.0648974
35.6209   0.795636   36.4166 0.0777523   0.0820243
40.6441   0.889903   41.534 0.0896561   0.0988781
35.6766   0.830727   36.5074 0.0823465   0.092303
35.319   0.734885   36.0539 0.0818043   0.0599906
35.4325   1.13534   36.5679 0.0789847   0.0946116
34.5746   1.024   35.5986 0.0792449   0.0787693
35.7263   0.680991   36.4073 0.0818597   0.0599112
38.569   1.51934   40.0883 0.0837001   0.0986585
32.8602   0.990604   33.8508 0.0687404   0.0728385
35.888   0.6943   36.5823 0.0739858   0.0595115
36.9349   0.842284   37.7772 0.0787413   0.0527527
42.1793   0.918546   43.0979 0.0814745   0.070839
50.034   0.561632   50.5957 0.0847316   0.0748842
44.3951   1.15184   45.547 0.0823708   0.095721
48.9842   0.88765   49.8719 0.0857667   0.0814358
46.002   0.721607   46.7236 0.0809562   0.0453841
43.7486   0.495958   44.2445 0.0772075   0.0500509
45.1433   0.861891   46.0052 0.0886902   0.0766126
45.5549   1.33906   46.894 0.0823976   0.0811551
42.4004   1.31774   43.7181 0.0774613   0.0807808
48.1347   0.868049   49.0028 0.0836454   0.0600246
45.8337   1.36512   47.1989 0.0865604   0.0717225
53.1916   1.4461   54.6377 0.0911809   0.0855221
50.6085   0.808862   51.4173 0.0914711   0.0523382
52.6067   0.734624   53.3413 0.0920234   0.0601056
43.6798   0.692761   44.3726 0.079761   0.0504438
44.9912   1.28622   46.2774 0.0847856   0.0674869
48.1071   1.43614   49.5432 0.0843984   0.0976967
42.5172   0.69842   43.2156 0.080525   0.0576016
42.4826   1.29993   43.7825 0.0770543   0.0648881
46.1019   1.32697   47.4288 0.0815061   0.0786355
52.1379   1.10732   53.2452 0.0853193   0.0876298
43.2854   1.31946   44.6048 0.07713   0.0868067
43.2601   1.26188   44.5219 0.0739821   0.0707249
47.6272   0.414946   48.0422 0.079414   0.0420554
42.7279   1.3075   44.0354 0.0770983   0.0764617
42.9684   1.20615   44.1745 0.077467   0.0867732
39.6691   0.886706   40.5558 0.0692507   0.0730801
40.3625   1.32048   41.683 0.0736274   0.0591258
38.782   1.67953   40.4615 0.0748687   0.0956088
38.5555   1.33425   39.8897 0.0728562   0.0733105
38.947   1.2651   40.2121 0.069055   0.0627719
39.6324   1.58322   41.2157 0.0718326   0.0855794
39.0909   1.60081   40.6917 0.0691426   0.0702108
48.0304   1.58851   49.6189 0.0809274   0.0727563
46.2921   1.83967   48.1318 0.0782755   0.0876035
40.7173   2.53394   43.2512 0.0711634   0.107371
44.572   1.70597   46.278 0.0771221   0.0926566
45.9367   1.36016   47.2969 0.0805818   0.07885
45.3759   2.50141   47.8774 0.0798451   0.102939
47.8655   1.36284   49.2284 0.0790121   0.088115
46.5101   1.53125   48.0413 0.0776615   0.077938
52.2109   2.29024   54.5011 0.0801601   0.109059
46.5096   1.66599   48.1756 0.0770756   0.103203
43.2878   2.25523   45.543 0.0735697   0.10717
41.6993   0.546727   42.2461 0.0706003   0.0476243
39.8653   1.03721   40.9025 0.0672567   0.0735607
39.1198   0.938632   40.0584 0.0673774   0.0757398
39.9818   2.22617   42.208 0.0702331   0.123055
42.2377   1.12532   43.363 0.0771182   0.0970107
47.5544   1.35594   48.9104 0.0768544   0.0826791
53.7765   2.37806   56.1545 0.0909602   0.112571
64.8788   1.44988   66.3287 0.100882   0.101016
51.8296   2.18626   54.0159 0.084381   0.0968803
45.7236   1.6352   47.3588 0.0815715   0.0654079
41.2866   1.58368   42.8703 0.0753681   0.063095
41.4353   1.54607   42.9814 0.0717412   0.0557477
42.6037   0.965399   43.5691 0.0754582   0.0598388
41.1496   1.02916   42.1788 0.0757384   0.0614422
38.7896   0.890651   39.6803 0.0720402   0.0793649
36.8152   1.02584   37.8411 0.0713981   0.0852501
33.7037   0.759629   34.4633 0.0669277   0.0630834
37.044   0.686109   37.7301 0.0727371   0.0640368
29.3053   0.853959   30.1592 0.0590674   0.0571848
34.4123   1.03415   35.4465 0.0705411   0.0756696
34.5407   1.5437   36.0844 0.0685117   0.0852624
36.2181   1.14507   37.3632 0.06853   0.0803556
38.5623   0.672329   39.2346 0.0726996   0.0715243
40.8827   0.469355   41.3521 0.0762026   0.04978
42.9984   0.259184   43.2576 0.0815025   0.0490348
39.2047   0.566304   39.771 0.0724969   0.0592644
38.0608   0.261564   38.3224 0.0718943   0.0292796
43.3149   0.304571   43.6195 0.0799082   0.0417557
47.1343   0.747372   47.8817 0.0914578   0.0775818
49.7366   0.57638   50.313 0.0943887   0.0561409
50.3248   1.19164   51.5165 0.095796   0.105663
49.3692   1.55985   50.929 0.0936719   0.10521
36.2336   1.16954   37.4032 0.0800802   0.0886012
37.1134   1.31768   38.4311 0.0837946   0.091737
41.3404   0.94095   42.2813 0.0912255   0.0733208
38.43   1.17698   39.6069 0.0898421   0.0763447
37.2724   0.913335   38.1857 0.0869225   0.0702565
30.9798   0.891098   31.8709 0.0754915   0.0552619
30.9516   0.953174   31.9048 0.0774564   0.0794312
33.7844   1.06387   34.8482 0.080439   0.0728677
31.2322   0.893392   32.1256 0.0815196   0.0744493
30.1235   1.216   31.3395 0.081159   0.0801757
31.5817   1.17757   32.7592 0.0798324   0.0853311
30.0881   0.776595   30.8647 0.078431   0.0698063
31.0004   1.05629   32.0567 0.0836154   0.078244
31.9955   0.848298   32.8438 0.0843837   0.0727112
30.4123   0.54851   30.9609 0.0857491   0.0598374
34.736   0.772012   35.508 0.0913504   0.0791808
32.5644   0.75333   33.3177 0.0865562   0.0788369
35.4456   0.967767   36.4134 0.0938211   0.0725825
28.0029   0.484162   28.4871 0.0806769   0.0515066
38.3598   0.774395   39.1342 0.0940191   0.0645329
34.4763   0.651158   35.1274 0.093629   0.0604167
34.5491   0.408806   34.9579 0.0937305   0.0567786
36.1926   0.441994   36.6346 0.0961929   0.0570315
35.0098   0.376703   35.3865 0.0897764   0.0457535
34.4633   0.188932   34.6523 0.0931945   0.0314887
35.3517   0.122644   35.4744 0.091982   0.0229957
32.5042   0.316591   32.8208 0.093059   0.0523497
30.6332   0.314817   30.948 0.0873487   0.0449739
32.9164   0.340229   33.2566 0.086622   0.0378032
30.7573   0.59389   31.3512 0.084965   0.0494908
30.6284   0.461728   31.0901 0.0862286   0.0501878
30.9135   0.421344   31.3348 0.0826196   0.046816
29.349   0.406281   29.7552 0.0801789   0.0507851
27.6689   0.437998   28.1069 0.0758744   0.0625711
28.616   0.32215   28.9381 0.0766363   0.0536917
28.5595   0.299397   28.8589 0.0779958   0.0498995
28.7829   0.35688   29.1398 0.0762966   0.0509828
28.924   0.321   29.245 0.081052   0.0416111
28.3781   0.339959   28.718 0.0783925   0.0509938
30.1005   0.266696   30.3672 0.0817504   0.0437206
29.4946   0.312739   29.8074 0.0823518   0.0514633
29.4419   0.307631   29.7496 0.0813313   0.0512719
31.2513   0.321946   31.5733 0.0813837   0.0603648
29.8274   0.344968   30.1724 0.0830848   0.0492811
28.8365   0.302482   29.139 0.0818703   0.0428715
27.4242   0.256835   27.681 0.0747956   0.0366907
27.3919   0.24622   27.6381 0.0739323   0.0492439
27.8677   0.234366   28.1021 0.0762107   0.0468731
27.8402   0.311705   28.1519 0.0792041   0.0445292
30.0374   0.301416   30.3388 0.076652   0.0430595
26.8568   0.264688   27.1215 0.0755384   0.0441146
28.6287   0.268017   28.8967 0.0809292   0.0382881
28.9275   0.227921   29.1554 0.0790368   0.0455841
30.2303   0.195743   30.426 0.0791921   0.0391486
30.5735   0.308898   30.8824 0.0794577   0.035642
29.4198   0.243783   29.6636 0.0774545   0.0443242
29.9513   0.274366   30.2256 0.0817001   0.0457276
