1367         1367
1271         568
1290         590
1273         564
1299         569
1306         579
1329         591
1361         576
1352         600
1366         578
1311         571
1294         556
1309         566
1292         576
1296         560
1239         568
1267         540
1288         583
1328         587
1367         600
1398         601
1363         599
1344         592
1376         595
1323         581
1334         587
1305         571
1273         569
1302         577
1325         592
1385         619
1378         588
1317         564
1339         587
1310         548
1337         544
1303         596
1292         584
1216         529
1264         579
1263         581
1271         585
1255         577
1253         578
1295         617
1301         620
1280         625
1285         599
1259         597
1263         587
1242         572
1237         569
1228         563
1301         604
1330         635
1313         604
1297         618
1322         630
1325         607
1334         609
1338         630
1317         583
1369         639
1349         624
1352         623
1337         621
1321         598
1346         597
1318         583
1346         617
1351         586
1360         626
1317         587
1375         601
1327         556
1344         586
1310         595
1290         614
1270         582
1277         545
1324         585
1334         599
1304         592
1273         563
1326         587
1308         604
1317         585
1365         612
1325         599
1327         583
1349         597
1353         608
1352         638
1394         631
1417         619
1369         612
1396         613
1372         624
1395         617
1408         639
1424         688
1398         617
1455         709
1435         670
1419         702
1421         691
1457         714
1433         702
1455         724
1488         695
1490         703
1445         723
1445         691
1476         721
1441         678
1494         675
1510         710
1444         663
1427         670
1448         694
1471         666
1513         687
1463         672
1432         704
1498         670
1474         671
1492         684
1509         674
1496         675
1484         651
1514         682
1513         689
1448         637
1486         635
1459         649
1425         652
1440         647
1427         642
1488         692
1422         645
1405         662
1404         688
1376         648
1329         621
1329         651
1326         666
1319         653
1339         652
1332         639
1298         618
1289         579
1265         573
1319         588
1300         593
1262         582
1297         591
1277         604
1308         646
1343         659
1299         632
1319         598
1363         645
1335         610
1334         617
1312         592
1298         592
1312         568
1292         587
1270         576
1307         633
1331         578
1305         579
1329         602
1346         602
1336         588
1339         579
1305         567
1302         555
1367         601
1350         586
1320         574
1318         575
1247         539
1291         561
1230         537
1260         544
1243         530
1279         550
1249         546
1278         546
1275         545
1253         508
1263         520
1213         526
1242         507
1241         526
1270         559
1248         520
1306         556
1255         545
1279         561
1223         546
1249         526
1187         517
1202         509
1250         536
1233         523
1200         501
1177         519
1175         505
1144         492
1159         507
1128         477
1103         478
1147         486
1104         493
1080         485
1060         493
1060         479
1080         508
1042         481
1041         460
1013         489
1024         501
1025         492
1065         534
1052         478
1029         465
1026         450
1006         450
1027         479
1045         469
1029         456
1028         488
1028         507
1001         499
1039         492
1001         461
1031         515
1014         472
1024         467
1041         489
1008         473
1032         480
978         447
1008         472
989         469
986         468
990         439
984         429
993         433
1053         474
1044         491
1073         480
1080         491
1056         462
1052         446
1070         449
1095         456
1090         447
1074         452
1059         408
1030         399
1051         458
1081         480
1136         505
1149         520
1246         513
1199         497
1151         489
1131         475
1076         520
1074         519
1094         539
1104         519
1059         487
1086         515
1045         501
1007         420
1054         432
1040         503
1045         512
1078         510
1065         519
1065         533
1084         558
1078         547
1077         568
1120         592
1091         536
1111         519
1079         533
1051         499
1022         542
1028         522
1018         524
1068         535
1062         531
1040         518
1051         511
1032         533
1060         515
1067         537
1045         531
1070         557
1037         555
1068         545
1042         552
1120         577
1088         550
1149         611
1108         603
1163         615
1212         636
1198         646
1158         609
1143         618
1123         581
1166         633
1102         615
1147         634
1186         639
1154         597
1160         612
1174         608
1165         617
1199         595
1153         602
1226         646
1210         678
1218         646
1225         636
1170         611
1203         596
1217         660
1244         677
1202         628
1255         661
1263         670
1256         637
1283         641
1248         673
1286         688
1258         666
1250         645
1239         688
1298         693
1294         723
1377         758
1393         783
1323         737
1336         754
1373         768
1337         712
1284         689
1261         663
1268         667
1362         741
1289         674
1274         681
1266         675
1267         672
1276         688
1317         674
1280         666
1283         675
1289         713
1298         701
1293         687
1266         696
1264         656
1319         693
1313         695
1294         716
1198         613
1256         637
1254         646
1270         630
1229         603
1265         604
1275         626
1279         611
1267         637
1228         606
1240         612
1283         639
1251         638
1302         666
1314         656
1335         661
1270         638
1265         645
1259         665
1241         640
1265         640
1237         630
1258         659
1215         640
1206         624
1221         622
1224         626
1232         650
1249         620
1249         595
1237         631
1251         618
1207         598
1209         606
1231         640
1178         607
1172         607
1130         586
1153         589
1152         584
1121         532
1107         519
1108         546
1146         573
1138         554
1118         542
1134         541
1149         534
1167         558
1142         560
1138         560
1184         579
1155         578
1109         521
1141         538
1106         527
1137         540
1110         511
1139         507
1133         547
1185         564
1189         567
1175         559
1164         574
1196         588
1101         546
1138         562
1129         543
1119         545
1136         557
1113         554
1120         550
1122         550
1109         542
1122         532
1092         517
1035         490
1129         530
1078         532
1058         528
1046         539
1006         492
934         452
898         429
892         445
884         431
896         433
907         434
902         422
875         415
886         410
906         457
834         410
856         434
806         411
807         417
825         426
844         444
815         412
845         430
822         420
835         423
813         411
818         401
799         366
816         383
816         392
840         398
865         417
833         397
841         412
848         420
871         412
901         433
940         471
938         451
886         458
936         453
920         433
894         431
930         448
936         436
913         436
981         460
1008         478
1051         485
1063         469
1075         517
1172         590
1114         538
1151         571
1178         568
1177         566
1127         509
1144         552
1138         547
1134         575
1138         529
1224         583
1147         553
1143         571
1144         547
1120         530
1197         570
1167         528
1183         551
1192         565
1199         611
1187         561
1212         584
1229         599
1161         554
1161         554
1189         572
1143         548
1153         518
1126         529
1233         564
1210         551
1204         565
1238         593
1265         591
1250         572
1279         577
1246         570
1259         568
1259         605
1263         598
1315         651
1270         603
1252         588
1292         590
1268         592
1262         580
1250         569
1226         547
1327         618
1280         591
1392         643
1309         614
1242         560
1233         547
1245         577
1204         564
1219         543
1171         538
1148         515
1174         503
1147         509
1140         496
1114         487
1170         504
1199         528
1219         530
1178         536
1169         527
1176         540
1167         529
1161         542
1125         515
1154         526
1147         525
1089         527
1044         452
1012         442
969         453
971         427
965         428
955         410
960         399
933         420
928         383
891         371
876         395
879         383
874         370
886         379
868         354
867         380
880         376
857         377
823         347
907         408
856         368
864         368
898         376
905         389
861         369
889         384
837         349
831         350
902         380
896         362
870         355
891         374
886         366
876         364
865         373
889         366
876         377
859         356
857         362
863         368
871         358
850         362
866         384
862         359
848         352
846         366
852         370
846         365
867         351
872         391
816         355
847         353
827         366
853         381
871         384
821         379
846         366
