2792       2792
2599       28
2610       31
2655       25
2660       28
2692       25
2686       25
2660       27
2642       26
2645       29
2635       23
2635       21
2692       23
2778       22
2792       18
2764       18
2768       16
2728       18
2727       18
2711       16
2733       18
2751       15
2727       18
2758       15
2769       15
2753       18
2783       19
2786       27
2827       16
2877       17
2906       16
2893       20
2852       17
2882       15
2876       13
2804       13
2802       20
2811       19
2830       16
2812       19
2793       15
2756       20
2710       18
2668       20
2668       24
2649       19
2617       17
2629       18
2600       16
2612       21
2583       13
2531       19
2525       27
2525       34
2587       29
2576       25
2553       23
2540       29
2529       26
2541       28
2497       26
2425       29
2433       26
2465       28
2476       34
2489       26
2533       27
2470       26
2503       31
2511       28
2530       31
2527       26
2478       26
2490       29
2475       24
2421       24
2443       27
2433       25
2450       27
2430       25
2442       21
2448       23
2436       18
2445       21
2430       23
2400       28
2391       25
2396       26
2396       23
2452       31
2390       28
2400       32
2401       33
2321       33
2377       37
2367       32
2351       42
2396       38
2352       37
2345       32
2316       25
2290       27
2252       25
2254       20
2255       25
2266       26
2254       31
2246       28
2227       26
2232       29
2211       22
2180       27
2166       24
2155       27
2128       27
2171       23
2159       24
2169       37
2146       35
2168       33
2138       30
2094       21
2106       23
2076       21
2065       23
2043       23
2047       16
2046       28
2161       26
2170       29
2127       32
2186       33
2145       31
2156       34
2064       33
2064       31
2045       27
1986       22
1971       24
1943       20
1955       30
1927       24
1903       24
1872       33
1867       27
1827       28
1806       28
1756       23
1730       20
1711       26
1686       24
1645       16
1616       20
1621       23
1584       21
1551       17
1549       20
1514       23
1482       25
1407       21
1384       26
1356       26
1342       25
1325       25
1278       20
1252       22
1239       25
1210       14
1205       16
1207       14
1236       15
1208       16
1199       19
1181       16
1176       14
1153       12
1142       13
1174       12
1143       17
1123       14
1123       11
1093       10
1098       16
1086       16
1071       10
1074       13
1067       12
1059       9
1035       11
1059       8
1048       4
1064       6
1053       7
1027       9
989       9
950       12
920       5
923       7
838       8
860       3
837       5
834       5
846       7
839       5
850       9
838       6
842       4
833       4
820       4
806       6
837       6
788       8
797       11
772       8
786       8
774       9
802       11
788       7
805       6
796       7
769       4
753       5
737       6
712       6
703       3
669       2
676       2
662       1
634       0
617       2
558       1
561       0
565       2
535       3
538       1
526       1
533       2
544       1
527       3
547       2
550       0
563       1
571       1
585       1
603       1
601       3
658       0
657       1
661       3
680       3
704       6
694       4
737       4
730       5
705       4
696       5
761       9
784       6
778       6
729       4
751       3
754       5
761       2
745       4
740       3
754       2
783       5
794       2
826       5
849       3
884       5
896       6
895       5
911       5
883       3
914       5
925       4
862       8
894       6
946       11
908       8
887       7
870       7
930       10
974       10
965       8
1008       7
1009       9
988       10
996       3
1024       11
1081       13
1097       9
1176       15
1145       9
1133       18
1150       11
1141       20
1129       7
1121       12
1098       9
1090       14
1069       9
1071       10
1060       9
1058       9
1005       6
1007       12
984       14
983       13
987       18
959       14
984       8
959       13
920       12
908       11
873       13
851       10
848       11
842       13
854       14
850       9
869       6
856       7
871       6
879       6
897       13
864       10
896       8
897       9
898       13
906       12
908       16
943       14
940       16
931       14
917       15
961       14
968       16
948       12
944       17
970       11
966       15
1008       14
991       16
978       17
1037       17
1028       17
1021       18
990       17
980       13
980       10
1000       15
986       11
981       10
1016       12
980       12
1045       19
1042       20
1036       18
1014       13
1042       15
1062       15
1029       18
1052       20
1060       19
1048       21
1032       19
1035       22
1051       16
1048       21
1040       20
1048       20
1000       15
1047       13
1016       15
997       12
1010       19
969       15
1006       14
938       19
927       21
987       22
933       21
982       25
979       19
1009       17
1024       20
1046       13
1038       16
1013       17
1062       11
1071       13
1050       18
1037       15
1078       21
1046       13
1006       17
1011       14
1050       14
1059       13
1056       17
1060       9
1057       12
1080       13
1071       10
1050       12
1078       15
1077       14
1070       15
1045       19
1065       12
1045       9
1036       13
1045       9
1084       15
1077       15
1036       12
1043       12
1055       9
1054       9
1015       10
1021       18
1005       10
1016       9
1036       10
1008       10
1007       10
1002       13
993       9
957       7
972       7
995       12
950       12
962       11
992       13
1008       8
1035       4
1061       8
1083       6
1056       9
1051       9
1038       8
1036       4
1099       9
1066       9
1058       8
1044       8
1042       5
1030       8
1005       7
1001       8
1036       8
995       8
949       3
913       7
857       8
865       7
877       10
876       7
894       8
906       6
905       6
881       6
880       4
874       4
893       5
912       5
883       6
864       5
861       7
809       4
791       6
796       6
796       5
842       4
855       8
887       2
889       4
883       6
864       5
888       5
906       8
875       8
895       6
967       10
926       10
887       9
873       12
879       9
877       9
878       9
864       9
906       12
922       12
920       13
910       11
899       15
899       13
916       11
940       15
1013       12
1051       7
1060       12
1064       10
1034       15
1002       9
1023       11
1048       16
1047       16
1056       14
1039       19
1066       16
1085       15
1085       12
1030       13
999       19
972       14
978       12
1000       20
1021       16
1010       12
1000       15
1017       17
1001       9
995       17
1045       13
1014       12
1054       22
1040       17
1028       18
1084       20
1028       18
1066       22
1079       21
1057       21
1024       23
1070       18
1042       17
1055       24
1072       15
998       19
1014       21
1034       16
1027       21
1013       11
1020       14
1023       12
1030       18
1035       11
1048       16
1070       21
1012       14
1014       22
979       25
986       25
971       27
975       16
957       16
950       11
940       12
932       12
948       10
936       14
915       13
941       18
918       14
896       9
916       9
920       5
967       9
1022       8
1012       7
993       9
955       10
951       11
918       14
876       13
877       14
914       12
890       15
912       13
924       16
910       12
922       14
920       12
896       15
921       13
892       11
846       13
860       11
840       9
861       9
813       9
829       13
842       9
811       12
815       10
797       7
806       7
809       8
824       6
799       5
810       6
808       7
811       9
818       12
810       9
803       9
797       8
801       7
802       6
812       6
808       7
805       7
815       6
807       6
808       6
801       6
813       5
809       7
812       7
807       7
808       5
812       5
809       7
802       7
799       6
807       7
814       5
800       5
814       8
808       5
801       6
