0  1349754
93  2661
72  2314
84  2863
121  2077
116  1967
73  2125
78  2359
96  5352
113  2905
95  1996
69  2270
72  2069
105  1738
108  3876
112  2164
123  4588
86  2975
72  2067
125  2894
119  3793
116  2386
92  3705
86  4679
117  3066
93  2217
92  2142
72  2182
80  3808
83  4662
79  2790
85  2446
77  2145
84  3057
105  2602
115  225452
112  2761
79  1558
75  2622
93  2153
75  1920
78  2502
77  5163
74  2631
84  6132
75  1948
33  2130
71  2248
71  1879
76  1712
99  1772
100  2307
99  316557
102  1803
103  4412
75  1931
72  2324
95  2234
115  2801
114  2313
85  2344
72  2414
69  1920
70  3904
73  2216
48  1706
68  4515
70  2883
68  2862
101  248253
71  2603
73  1877
73  1828
75  1992
74  2397
72  2420
72  2648
72  2503
70  2755
89  3296
72  2644
72  3234
71  3218
70  2027
110  3878
79  2769
72  297709
73  1911
74  1902
78  1993
72  2036
73  3166
72  2885
72  2823
117  1645
108  1678
73  7294
116  2455
75  1949
76  2548
76  2179
73  216035
71  2570
72  1778
70  2511
72  2140
73  1637
87  2271
73  1863
77  2469
72  2108
22  2942
70  2370
72  2751
103  2391
75  2662
30  153651
71  2751
109  2616
115  2261
25  2123
100  2310
70  1521
71  3413
110  2454
103  2022
105  2472
106  2422
88  2536
78  178524
75  2162
80  2663
75  2599
74  2281
108  4571
59  2637
49  2278
58  2417
71  3080
80  188797
70  2803
72  1926
67  1638
66  2536
83  2926
64  1898
65  3621
65  4077
65  2821
22  237870
61  1806
62  3478
60  2630
44  2676
65  4248
89  6052
36  2256
86  2141
70  3065
61  196097
85  2057
73  2681
47  2401
58  4076
70  1629
54  1847
87  2158
85  2331
64  1940
70  394003
22  1738
39  1997
87  3752
67  3345
62  1747
54  3239
56  1901
39  3340
54  1688
84  3938
59  245845
53  3235
48  1793
52  3230
76  2953
62  1725
49  2629
43  2346
51  3656
52  2155
47  250336
50  5718
7  1765
45  1796
56  3262
46  2692
64  1857
74  1946
61  2772
48  2002
47  264435
25  2124
47  3030
47  2323
60  2183
56  2088
49  2873
45  3420
44  5532
43  236513
40  1609
45  2037
43  1994
42  2384
46  2748
38  2100
47  2216
38  540160
38  2107
55  2335
62  2421
63  2681
52  2247
28  1896
40  2190
48  172472
40  1801
37  1949
28  2410
53  2632
41  2142
57  2424
36  237112
34  2140
41  2085
48  2018
49  3459
53  2280
29  2282
55  205064
54  2281
35  2423
17  2486
36  2578
17  2163
35  2823
10  4511
35  191513
35  2708
32  3507
52  2173
45  2413
24  2698
12  1957
16  1800
28  185087
60  1864
60  2548
40  2123
30  2107
41  2421
49  2872
48  232668
23  1992
8  1308
57  15967
23  2366
60  1862
43  1851
46  2047
45  181882
50  1711
23  2567
26  2031
19  2298
42  3075
28  1574
42  2780
16  2057
17  219405
27  1853
47  2154
49  4315
42  2213
22  2221
42  2245
15  2417
17  2179
14  2375
13  178360
44  1746
68  2506
63  2499
27  1941
45  2402
10  1626
52  3249
44  2364
17  258318
27  1741
39  2134
12  2803
12  2823
9  2360
32  4102
38  2173
16  2316
18  2537
44  1565
10  176453
36  2279
52  2069
28  2346
40  2686
38  4223
47  2273
37  1797
61  2419
75  3052
79  4774
67  2286
32  201797
44  1816
45  2136
13  1467
43  2635
58  2243
29  2900
45  2657
48  2219
45  2476
61  1999
32  2287
47  207759
47  2239
55  1957
52  1897
47  2257
48  2476
75  2598
76  211585
54  2578
72  3293
70  2131
30  2147
67  2698
62  190766
53  2074
55  3165
63  2312
50  2035
80  2674
33  202005
25  1731
42  2560
50  2923
76  1902
78  4339
22  190714
54  3004
43  2635
41  2374
79  2684
76  2097
65  2796
72  2166
79  4201
52  6208
50  2558
23  3645
52  3220
59  1969
74  2724
28  2262
46  185032
63  2332
80  2445
28  2081
39  283464
71  2724
87  2524
86  3292
24  2028
86  301978
52  3018
55  1745
45  2337
53  2586
31  2297
79  578663
52  2362
52  2047
57  1882
59  3199
38  219719
15  2154
57  2694
9  1853
55  446834
15  1989
62  2133
77  3840
79  222165
77  2564
19  2767
67  2240
77  5856
32  2748
36  1982
33  2902
44  2121
17  2136
36  527268
49  1745
49  2911
16  2745
50  3087
40  2199
41  2875
26  2377
35  665417
25  2499
56  1836
60  2534
62  2415
78  2585
42  425599
56  3190
71  2796
33  1996
14  3847
20  272139
36  2848
46  2444
54  2775
17  2829
46  553060
78  3030
79  2288
76  2595
61  1912
38  223837
71  3450
29  1980
18  2769
14  1828
54  3326
53  2834
84  3675
84  4563
86  4502
55  3274
60  542608
46  2246
17  2063
9  3160
43  482652
36  2142
12  2353
12  2191
41  239197
42  2123
12  2465
11  4519
9  186214
16  2897
34  1754
46  4431
17  2540
38  1705
28  2973
56  2935
11  2739
8  1975
12  1960
7  2666
56  3330
22  2233
61  546826
18  1852
9  2002
16  2201
40  2832
28  4126
10  2653
44  2734
31  2681
67  3062
36  622143
67  3001
59  2287
7  2193
10  2777
11  228599
14  2511
23  2337
61  2015
14  492299
65  2257
67  2709
68  2812
80  346161
15  2246
52  1661
66  2229
56  495438
20  1911
22  2782
75  2350
42  3382
35  2374
76  2225
31  2251
30  2286
26  230577
76  2600
42  2419
27  3451
27  507262
93  2658
23  2356
30  2614
27  230035
57  3167
77  3138
27  2830
82  557114
80  3070
76  2645
78  3856
15  229001
37  2652
80  3368
80  2346
19  306105
17  2090
80  2246
50  2334
51  2070
29  533824
44  3332
53  3961
30  2723
27  7286
57  2086
68  2290
89  6553
91  4913
38  4135
35  602289
75  3034
70  4058
52  237172
78  6952
76  451885
28  1911
63  2027
53  2221
40  2827
17  1822
55  2466
44  2978
13  227134
75  3262
13  2797
33  2230
24  2726
52  2700
32  2949
14  494595
17  2497
51  2292
31  1923
64  3180
50  2378
45  2932
53  386043
64  2659
24  2736
20  2647
20  2575
10  232778
16  3075
67  2257
14  2620
14  3106
11  2574
13  2672
19  2458
13  2707
12  2358
10  1873
9  2492
15  2099
40  782027
15  4040
8  2498
19  2220
12  2852
10  3153
58  1969
13  2157
9  2653
39  2435
21  2106
7  2419
8  2550
9  1949
14  3207
44  3251
20  4999
12  3056
15  3270
11  2423
16  2743
9  2734
21  2659
26  2020
15  2115
11  4120
18  2522
25  2530
38  1918
7  2600
21  2205
12  2342
23  1936
20  2561
10  2456
8  1975
41  3818
15  2489
10  2223
13  2651
