1.43574
1.47822
1.46957
1.51617
1.50502
1.46831
1.50998
1.46887
1.4104
1.47856
1.55633
1.40863
1.43983
1.43315
1.45751
1.38235
1.48595
1.40857
1.40415
1.42292
1.4234
1.38571
1.40416
1.45408
1.41234
1.40031
1.43061
1.35736
1.39292
1.39738
1.49117
1.46044
1.46856
1.46312
1.35403
1.37665
1.40574
1.36653
1.39506
1.36817
1.40874
1.41194
1.38006
1.39674
1.40435
1.37067
1.34497
1.43593
1.4318
1.37778
1.36304
1.38963
1.36609
1.36571
1.38864
1.46617
1.45179
1.40445
1.42693
1.30935
1.43574
1.37658
1.46445
1.50865
1.44375
1.45324
1.51012
1.39147
1.4055
1.41436
1.39623
1.34637
1.45305
1.42959
1.4433
1.42543
1.45979
1.45562
1.46837
1.45573
1.46952
1.52986
1.46518
1.44074
1.43721
1.5222
1.43551
1.39765
1.42409
1.44095
1.49303
1.45883
1.32941
1.4818
1.33526
1.44389
1.4019
1.41667
1.39621
1.40134
1.34031
1.42254
1.48499
1.46263
1.46903
1.42609
1.48375
1.50753
1.40511
1.45628
1.46348
1.50519
1.44287
1.42161
1.44225
1.34025
1.38178
1.42894
1.40027
1.37085
1.41425
1.43587
1.39482
1.39745
1.43036
1.50541
1.38047
1.41948
1.47968
1.44524
1.48605
1.45856
1.4537
1.42637
1.47543
1.43083
1.38209
1.41707
1.34901
1.47968
1.4578
1.44791
1.44025
1.37827
1.34832
1.29389
1.31094
1.34833
1.31962
1.3035
1.28314
1.313
1.28691
1.3066
1.31644
1.29476
1.34403
1.25909
1.23086
1.28842
1.25829
1.26524
1.25987
1.22615
1.17632
1.1546
1.15453
1.19476
1.23073
1.17823
1.15309
1.16419
1.20682
1.19506
1.21259
1.17182
1.21643
1.1694
1.24158
1.31289
1.13004
1.14873
1.24008
1.23079
1.28115
1.24733
1.31378
1.28397
1.29728
1.3322
1.32624
1.30527
1.29396
1.2851
1.25567
1.18958
1.25405
1.24278
1.28768
1.22819
1.24628
1.22847
1.25297
1.27467
1.17022
1.22241
1.18836
1.15835
1.16077
1.19007
1.21419
1.13331
1.19105
1.19996
1.15099
1.18258
1.23329
1.20064
1.20035
1.15404
1.24667
1.20663
1.28025
1.21805
1.30832
1.2794
1.25537
1.20599
1.2233
1.16072
1.22603
1.16828
1.14646
1.20641
1.22736
1.23403
1.12847
1.61943
1.12946
1.14234
1.13269
1.1199
1.21305
1.16149
1.22762
1.18109
1.19287
1.07434
1.13124
1.12683
1.13593
1.18891
1.10982
1.16095
1.13821
1.168
1.20661
1.16535
1.18176
1.09499
1.20482
1.17142
1.19189
1.20734
1.10517
1.16734
1.219
1.2201
1.10031
1.12606
1.20164
1.15273
1.17265
1.11789
1.1665
1.14766
1.15523
1.09791
1.04855
1.09687
1.12138
0.988694
0.985235
1.03339
1.13896
1.15232
1.14571
1.17953
1.17504
1.11627
1.14057
1.23476
1.14072
1.16142
1.22913
1.19163
1.23059
1.14433
1.14786
1.22473
1.12746
1.14244
1.17077
1.17461
1.22372
1.24363
1.20887
1.3001
1.27827
1.25699
1.29622
1.37028
1.3515
1.27781
1.32432
1.43017
1.3341
1.26735
1.3668
1.42786
1.32093
1.31965
1.40578
1.39888
1.25719
1.34914
1.36158
1.51239
1.38547
1.34679
1.4388
1.55877
1.48973
1.50793
1.60281
1.81435
1.73001
1.76207
1.92563
2.02616
1.93952
1.95808
2.01822
2.1976
2.33787
2.22847
2.28295
2.26718
2.2182
2.34255
2.33158
2.33225
2.19871
2.46142
2.23574
2.27334
2.2863
2.6961
2.38091
2.38528
2.42203
2.56631
2.33576
2.413
2.45977
2.54991
2.60989
2.34357
2.48794
2.52856
2.56412
2.7363
2.67463
2.72354
2.8394
2.8708
2.98359
2.91219
3.19841
3.13746
3.27063
3.28088
3.28452
3.30362
3.33041
3.45887
3.34771
3.62472
3.43633
3.55449
3.78166
3.5647
3.65198
3.55245
3.32423
3.14906
3.0319
3.10431
2.92807
2.85605
2.89863
3.02323
2.97203
2.95085
2.85991
2.97532
3.22044
3.31653
3.39303
3.30388
3.23664
3.21065
3.33128
3.38372
3.36608
3.33428
3.43636
3.25309
3.29507
3.08491
3.20975
3.10052
3.02376
2.88506
2.98679
2.99189
2.97596
2.81935
2.99023
2.81869
2.86454
2.89696
2.83918
2.72948
2.70232
2.81491
2.89549
2.82779
2.69531
2.74677
2.85098
2.9942
3.00863
2.78578
2.84962
2.87767
2.62952
2.89259
2.93487
2.89366
3.12228
3.16357
3.21475
3.30656
3.13955
3.16352
3.2324
3.45962
3.29265
3.20587
3.14987
2.93732
3.07908
2.889
2.80063
3.00404
2.93926
3.09876
2.81668
2.87431
2.74102
2.80637
2.90389
2.97754
2.99766
2.98929
2.80681
3.01931
3.02784
2.90455
2.99505
2.71378
2.8003
2.72253
2.68747
2.94096
2.9069
2.89549
3.06733
3.0341
3.11217
3.05307
3.23605
3.08768
3.14966
3.2459
3.05474
3.07478
2.792
2.94405
2.85914
2.9377
2.71896
2.82463
2.9014
3.01275
2.93611
2.98488
3.07203
3.03856
2.95653
3.10908
3.0586
3.08454
3.07081
2.97997
3.09358
3.02539
2.99738
3.01576
2.91231
2.89976
2.99685
2.85052
2.93802
2.7863
2.93796
3.01116
2.88353
2.8424
2.8902
2.72631
2.83149
2.91205
2.88982
3.04706
2.809
2.76549
2.83099
2.69131
2.71568
2.71467
2.81465
2.92685
2.91891
2.75619
2.9024
2.89297
2.87463
2.73605
2.75442
2.81518
2.94224
2.68111
2.71641
2.8164
3.10002
2.9482
3.10244
2.85047
2.91489
2.89086
2.94817
2.84884
3.18052
3.12502
3.09772
3.02908
3.25134
3.19308
3.16233
3.10822
3.2172
3.38434
2.95546
3.08817
3.19524
3.19972
3.02535
3.1911
3.20067
3.19946
2.98234
3.12671
3.19224
3.1071
3.15124
3.05466
3.13195
3.08957
3.19868
3.21804
3.26314
3.21128
3.22579
3.29194
3.35035
3.15891
3.08791
3.2457
3.32034
3.34795
3.31807
3.22121
3.3385
3.15245
3.12935
3.28443
3.33559
3.39078
3.40614
3.39667
3.37919
3.47381
3.39026
3.3444
3.21132
3.30282
3.31186
3.49547
3.37035
3.28596
3.48933
3.39216
3.36099
3.28741
3.29339
3.11705
3.14348
3.09637
3.27208
2.95935
2.90142
2.91725
2.96124
2.95331
3.0214
3.16403
3.24041
3.24995
3.23043
3.25688
3.35781
3.19515
3.15394
3.19657
3.3674
3.35189
3.26586
3.12983
3.19695
3.23521
3.21821
3.17078
3.09345
3.18692
3.14149
3.16547
3.16547
3.2473
3.20298
3.14505
3.1466
3.36981
3.23672
3.24171
3.38881
3.21852
3.17242
3.1381
3.3814
3.21164
3.20442
3.32778
3.30467
3.23454
3.33813
3.25485
3.24137
3.14333
3.35506
3.30042
3.36356
3.32955
3.48545
3.44545
3.30604
3.6436
3.55819
3.46861
3.64824
3.61703
3.55298
3.27548
3.48683
3.21064
3.31872
3.28602
3.29052
3.3418
3.20292
3.1554
3.10744
3.16311
3.23402
3.23028
3.46106
3.49157
3.42553
3.58662
3.42512
3.22397
3.32129
3.41543
3.40388
3.35645
3.28044
3.38781
3.29842
3.29714
3.47754
3.37682
3.28098
3.39827
3.50366
3.23174
3.41414
3.44289
3.49048
3.55053
3.47537
3.55598
3.53805
3.61352
3.44301
3.63034
3.50987
3.69095
3.66078
3.72407
3.8414
3.70678
3.78326
3.65864
3.72909
3.7531
3.52975
3.58704
3.72114
3.515
3.48348
3.34765
3.33203
3.25524
3.34165
3.51636
3.36851
3.34035
3.39146
3.49833
3.56654
3.52239
3.5855
3.67564
3.60165
3.66437
3.60265
3.68957
3.72198
3.95207
3.82958
3.71758
3.758
3.54717
3.61426
3.56199
3.51806
3.3655
3.55514
3.35142
3.4141
3.32605
3.42455
3.49452
3.48767
3.39502
3.30249
3.35622
3.35786
3.44023
3.59087
3.73677
3.62178
3.58808
3.62912
3.59447
3.63718
3.75743
3.6278
3.74415
3.70918
3.85421
3.70855
3.79126
3.73213
3.8995
3.6453
3.47736
3.48966
3.54216
3.4414
3.46035
3.39623
3.56518
3.64899
3.63553
3.52459
3.59876
3.54771
3.46366
3.37898
3.38345
3.24636
3.31921
3.15872
3.39536
3.35025
3.36288
3.22815
3.15043
3.17896
3.36253
3.19448
3.17858
3.42637
3.23567
3.23238
3.16923
3.26247
3.37439
3.45296
3.48457
3.3472
3.32769
3.18698
3.23964
3.21767
3.31533
3.4456
3.64219
3.38534
3.29805
3.36202
3.52874
3.54604
3.52401
3.5252
3.47012
3.47822
3.48449
3.6081
3.24658
3.63103
3.52784
3.34954
3.67515
3.53147
3.41649
3.43034
3.47755
3.48306
3.47371
3.36493
3.3783
3.45415
3.31627
3.26406
3.09414
3.11485
3.18537
3.15229
2.96886
2.91984
3.00101
3.07147
3.01583
2.99277
3.05102
3.1187
3.11189
3.15676
3.03478
3.10287
3.14872
3.29248
3.26248
3.00598
3.0833
3.00454
3.15625
3.01929
3.00632
3.04455
3.21447
3.22824
3.14044
3.13004
2.99716
3.00284
3.18454
2.96626
2.9045
3.07111
2.93627
3.1316
2.99961
3.20273
3.01985
2.97343
3.07079
3.21529
3.00689
3.07958
3.13818
3.12006
3.06486
3.0159
3.01816
2.96672
3.03811
3.03156
3.09343
2.93867
3.00687
3.12306
3.04944
3.15865
2.96373
2.99133
3.03564
3.12521
3.06461
2.95867
2.876
2.81513
2.78497
2.91438
3.01565
2.9784
2.81286
2.92331
2.81932
2.93487
2.86428
2.81124
2.78919
2.85678
2.95308
3.00235
2.85668
2.91628
3.01929
2.92515
3.0378
3.00731
2.92396
2.94277
3.06248
2.99727
3.08251
3.11637
2.98386
3.23521
3.15788
3.10562
3.26426
3.24932
3.12371
3.19666
3.18969
3.22963
3.39767
3.351
3.30164
3.22587
3.29436
3.24498
2.95333
3.25609
3.03571
3.11798
3.02751
3.19341
3.0025
2.91751
2.91384
2.80671
2.94461
2.9142
2.94169
3.0563
2.98061
3.03483
2.95503
2.95705
3.00634
3.06015
3.0846
2.9512
2.95899
2.96771
2.98345
3.11874
3.05116
3.1797
3.07508
2.95033
3.03615
3.28126
2.91846
3.11164
3.06914
3.04662
3.05425
3.09637
3.13786
3.09423
3.23568
3.20656
3.10786
3.10846
3.16871
2.96382
3.11417
3.1938
3.08562
3.13715
3.28541
3.1339
3.1086
3.06032
3.16653
3.215
3.17816
3.16477
3.12205
3.16721
3.28139
3.20945
3.24655
3.31145
3.22916
3.26613
3.2649
3.17386
3.35522
3.27954
2.96535
3.08942
3.00693
3.29561
3.39152
3.45144
3.2956
3.35199
3.01933
3.12561
3.01769
3.07267
3.04123
3.02716
3.22972
3.30376
3.14149
3.08875
3.21529
3.3114
3.23069
3.14436
3.16317
3.17907
3.15026
3.26465
3.16129
3.05346
3.01076
3.31876
3.08241
3.01878
3.24731
3.07167
3.04532
3.08098
3.15038
3.01373
3.02881
3.14928
3.25848
3.02474
3.13698
3.36935
3.09049
3.07213
3.11479
3.14033
2.9889
3.16148
3.16214
3.04507
3.01461
2.95981
3.03157
3.12571
3.18487
3.06891
3.03808
2.93131
3.16291
3.03825
3.24957
2.95195
2.80604
3.09818
3.03056
3.22519
3.09745
3.04173
3.04182
2.97558
3.17855
2.9894
3.12254
3.10912
3.14142
3.1754
3.37562
3.17981
3.33697
3.18377
2.98181
3.09214
3.30629
3.17812
3.29366
3.12403
3.36334
3.05592
3.20499
3.3072
3.02885
3.14441
3.02328
3.22038
3.14149
3.00551
3.12776
3.05678
3.21948
3.29666
3.19095
3.07356
3.17443
3.06948
3.03097
3.33863
3.15698
3.15963
3.03307
3.0304
3.10745
3.05825
3.14265
3.09957
2.91941
3.07547
3.09529
3.1465
3.05282
3.1133
2.99335
3.09622
3.39515
3.12396
3.05737
2.98539
2.96983
3.24035
3.1683
3.08334
3.14256
3.07384
3.18722
3.29461
3.20267
3.13042
3.03081
2.99636
3.28794
3.25633
3.11467
3.10222
3.14964
3.20094
3.29222
3.13986
3.16079
3.00586
3.02878
2.93056
2.97786
2.9239
2.90034
3.14399
3.12124
3.03336
3.02499
3.35357
3.09284
3.18155
3.31234
3.25376
3.06453
3.12249
3.02395
2.92602
2.94806
2.99437
2.95904
3.08969
3.26784
3.1572
3.49514
3.56034
3.46962
3.63085
3.42778
3.39778
3.5198
3.43464
3.50475
3.46335
3.49487
3.41645
3.55196
3.38676
3.1242
3.1866
3.24271
3.20107
3.09588
3.06056
3.15159
3.07621
3.12233
3.03954
3.11988
3.05562
3.16751
3.08993
2.96297
3.04273
2.96997
3.01828
3.31483
3.12118
3.20408
2.97814
2.91846
3.1745
3.03178
3.03699
2.97417
3.09375
2.99304
2.98573
3.32021
3.29699
2.98555
2.96994
3.05549
3.04395
3.31475
3.16101
3.04669
3.06886
3.10949
3.21623
3.01851
3.07061
3.13957
3.0345
3.0102
2.92889
3.11799
3.04807
3.10236
2.96733
3.01964
3.07447
2.97027
3.07473
3.05781
3.16223
3.34683
3.32456
3.12266
3.26347
3.15786
3.29127
3.16066
3.09509
3.28956
3.17531
3.13597
3.06283
3.06038
3.04999
3.20351
3.06839
2.93309
3.14797
2.93116
2.9827
2.87033
2.93286
2.89162
2.92557
2.85448
2.7175
2.73177
2.70506
2.65382
2.79757
2.91552
2.4972
2.74801
2.89842
2.8049
2.92805
2.82744
2.84625
2.70526
2.81661
2.76015
2.92223
2.87875
2.69038
2.62627
2.60196
2.55469
2.84922
2.73199
2.75494
2.68016
2.64274
2.61986
2.74198
2.94616
2.78316
2.68907
2.78353
2.70104
2.74773
2.71843
2.62422
2.76516
2.61068
2.76199
2.68625
2.63892
2.6028
2.55808
2.52502
2.54866
2.46449
2.45421
2.64908
2.49863
2.46658
2.67396
2.54373
2.43808
2.55194
2.50731
2.45967
2.63349
2.49245
2.52686
2.47742
2.49334
2.5306
2.38406
2.35025
2.49914
2.46551
2.52579
2.49529
2.45814
2.53983
2.53047
2.51033
2.4287
2.43246
2.4461
2.64548
2.54329
2.56241
2.53935
2.70398
2.58042
2.58974
2.66607
2.60377
2.53242
2.49995
2.5331
2.53766
2.4376
2.42788
2.60105
2.5703
2.42314
2.39557
2.52293
2.42274
2.37318
2.62303
2.51586
2.54371
2.44512
2.47867
2.42883
2.39855
2.42376
2.47228
2.52874
2.48666
2.50392
2.45946
2.43335
2.4623
2.3738
2.49038
2.36614
2.33202
2.33686
2.31199
2.29354
2.31267
2.36849
2.39316
2.40744
2.38838
2.41412
2.27936
2.31249
2.30395
2.24844
2.24188
2.28771
2.27826
2.19488
2.253
2.10726
2.15412
2.16121
2.18594
2.1923
2.21025
2.21416
2.18716
2.1588
2.09852
2.13225
2.15827
2.1332
2.16189
2.0847
2.22422
2.1315
2.19242
2.20754
2.11061
2.25828
2.13995
2.12979
2.13405
2.05617
2.06895
2.16101
2.15847
2.13777
2.07383
2.12066
2.19655
2.07308
2.11117
2.06223
2.10935
2.11785
2.11466
2.09816
2.07041
2.13255
2.14989
2.08579
2.10382
2.24459
2.13041
2.21374
2.19185
2.15603
2.42503
2.1346
2.21105
2.14556
2.18887
2.09274
2.1225
2.15427
2.10657
2.18623
2.15644
2.03749
2.05426
2.01192
2.13603
2.06679
2.04423
2.1678
2.23047
2.31069
2.1849
2.20284
2.0792
2.18733
2.21386
2.17518
2.07017
2.28308
2.2925
2.23442
2.27461
2.28524
2.27858
2.28003
2.31514
2.35789
2.16001
2.12344
2.25645
2.35072
2.24578
2.23711
2.13833
2.1679
2.2461
2.35706
2.22874
2.22735
2.20599
2.17123
2.15762
2.10915
1.9923
2.10082
2.12238
1.99814
2.02975
2.09796
2.06975
2.1113
2.22856
2.1712
2.06839
2.07372
2.02612
2.10182
2.14994
2.07769
2.02837
2.06184
2.06174
2.09959
2.14665
2.01921
2.11991
2.13477
2.12161
2.09831
2.11537
2.04139
2.05536
2.02891
2.05482
1.97255
1.98298
1.99883
1.92081
2.00443
2.01376
1.93953
2.0079
1.99074
2.03177
2.04207
2.01992
2.00437
2.10533
2.0571
2.07615
1.9987
1.99937
1.92368
1.96432
2.00497
1.92606
1.96804
1.92086
1.77299
1.83636
1.95268
1.9707
1.79913
1.7568
1.70749
1.59081
1.54892
1.52557
1.53106
1.5429
1.60591
1.61263
1.58049
1.62123
1.6193
1.78721
1.84591
2.06768
2.27037
2.23903
2.26209
2.10917
2.08796
1.91306
1.6804
1.77437
1.75831
1.70132
1.60686
1.57786
1.66513
1.65866
1.703
1.62189
1.59199
1.60591
1.72757
1.74267
1.59068
1.58342
1.62067
1.57398
1.57558
1.62032
1.61752
1.52157
1.58518
1.54724
1.55799
1.56691
1.58935
1.54893
1.56627
1.60024
1.5884
1.50331
1.49414
1.51093
1.51867
1.53026
1.55121
1.51519
1.45684
1.53955
1.49418
1.39442
1.47576
1.4834
1.46575
1.44048
1.44972
1.47386
1.4703
1.4229
1.37805
1.34285
1.41888
1.56718
1.44446
1.45523
1.45053
1.41358
1.50285
1.50078
1.43637
1.46503
1.43938
1.43191
1.42404
1.46615
1.48448
1.44114
1.44455
1.39112
1.37667
1.4294
1.41073
1.40191
1.42204
1.44063
1.44164
1.38807
1.38737
1.39299
1.43472
1.47133
1.49484
1.47835
1.4786
1.4709
1.41279
1.38742
1.47835
1.41029
1.35326
1.40995
1.44236
1.37127
1.37048
1.36125
1.40003
1.43776
1.37661
1.39278
1.4599
1.37396
1.41742
1.39744
1.43333
1.46378
1.46462
1.44604
1.42911
1.41275
1.43247
1.39732
1.44257
1.39573
1.447
1.39587
1.44871
1.4527
1.41451
1.43138
1.4256
1.37425
1.40317
1.38328
1.3494
1.36386
1.3656
1.32827
1.38611
1.33828
1.32767
1.32922
1.34491
1.3851
1.32525
1.24168
1.26045
1.31317
1.34267
1.32196
1.25423
1.25185
1.2513
1.26377
1.23864
1.2671
1.31526
1.33935
1.26323
1.25399
1.28893
1.28246
1.32864
1.22784
1.38287
1.43598
1.3953
1.51744
1.4382
1.46058
1.41002
1.31669
1.40292
1.37143
1.38405
1.59583
1.51132
1.54912
1.75489
1.59173
1.54962
1.46541
1.44903
1.39151
1.51487
1.28185
1.32884
1.34461
1.31242
1.31769
1.32183
1.36064
1.33186
1.27869
1.2278
1.38278
1.37175
1.37251
1.35029
1.37074
1.30129
1.4636
1.3005
1.31289
1.26821
1.29003
1.26205
1.23815
1.24984
1.31818
1.26046
1.29611
1.30966
1.27186
1.27449
1.23908
1.28232
1.30999
1.29163
1.30917
1.31866
1.26713
1.25926
1.2787
1.32965
1.33959
1.20609
1.16289
1.19448
1.26947
1.26859
1.28592
1.21069
1.13435
1.18911
1.2494
1.27104
1.25331
1.24682
1.25845
1.26567
1.29139
1.27684
1.26245
1.29697
1.28072
1.23455
1.25022
1.18766
1.10204
1.14887
1.16589
1.17589
1.17626
1.20162
1.19862
1.19552
1.16697
1.10787
1.13762
1.21852
1.30456
1.19464
1.20305
1.14155
1.08772
1.06794
1.10392
1.06171
1.08462
1.07826
1.04722
1.04162
1.09546
1.06117
1.094
1.06819
1.06504
1.09148
1.15138
1.1162
1.122
1.08549
1.07407
1.09776
1.07211
1.06395
1.06324
1.05553
1.12476
1.11513
1.14895
1.12129
1.07653
1.08259
1.0687
1.0866
1.10572
1.16854
1.1881
1.15094
1.13947
1.1479
1.19727
1.19309
1.21561
1.14995
1.10154
1.16062
1.14962
1.10803
1.16114
1.14502
1.1014
1.11702
1.13891
1.14613
1.2018
1.15793
1.18436
1.16626
1.13017
1.16066
1.14769
1.16154
1.21773
1.20899
1.23309
1.18689
1.20662
1.18676
1.19362
1.22266
1.18993
1.17204
1.12794
1.14406
1.14871
1.162
1.17415
1.12996
1.1691
1.1446
1.13294
1.16096
1.18762
1.18607
1.18439
1.16884
1.21459
1.23435
1.26594
1.22875
1.21919
1.22995
1.21707
1.25387
1.24138
1.17139
1.24263
1.1962
1.27973
1.25255
1.21109
1.17774
1.16695
1.19927
1.19953
1.1859
1.15647
1.18992
1.17762
1.1809
1.18421
1.12658
1.14684
1.22373
1.20213
1.19102
1.18342
1.19672
1.15068
1.23694
1.27831
1.21524
1.17721
1.17893
1.13726
1.16543
1.16099
1.17469
1.17285
1.19086
1.24176
1.18259
1.21599
1.21433
1.23836
1.25523
1.27867
1.28012
1.27104
1.27412
1.29663
1.29121
1.23028
1.27449
1.25868
1.28496
1.30536
1.28909
1.30446
1.27733
1.27171
1.28453
1.27604
1.25968
1.31552
1.32595
1.30018
1.33273
1.29884
1.37164
1.35368
1.38665
1.39945
1.38731
1.40592
1.41355
1.44227
1.39535
1.40941
1.40357
1.44176
1.436
1.49438
1.43602
1.50566
1.43266
1.50865
1.48967
1.47425
1.50435
1.49285
1.50779
1.54911
1.54675
1.52482
1.60407
1.59814
1.57578
1.60776
1.57748
1.5884
1.64532
1.7106
1.81605
1.83225
1.87559
1.84223
1.90839
1.83719
1.83965
1.9236
1.91091
1.9222
1.99396
1.90114
1.8867
1.91736
1.88102
1.88705
1.95966
1.93964
1.91041
1.92305
1.85755
1.8991
1.94195
1.93094
1.95442
1.87604
1.86892
1.78842
2.00368
2.01022
2.02391
2.11376
2.06358
2.15409
2.05536
1.95356
1.93566
1.85761
1.62755
1.718
1.62347
1.64996
1.61606
1.63087
1.55091
1.73753
1.97295
2.13804
1.88937
1.94186
1.92933
1.94979
2.05832
2.05452
2.04832
2.01753
1.96042
2.0434
2.02992
2.07796
2.20427
2.10179
2.03196
2.08611
2.1103
2.02412
2.14149
2.09477
2.02709
2.06673
1.9746
1.97061
2.11893
2.16962
2.17972
2.13266
2.09589
2.12559
2.25948
2.26937
2.3085
2.27154
2.41223
2.37935
2.42891
2.45557
2.36094
2.36676
2.55538
2.50016
2.54255
2.52934
2.51288
2.52331
2.50365
2.44283
2.38753
2.53302
2.41829
2.46629
2.44731
2.41872
2.39904
2.46142
2.43196
2.4868
2.43249
2.40904
2.49997
2.61116
2.62685
2.62913
2.60672
2.64075
2.56142
2.52741
2.56004
2.63283
2.64406
2.45163
2.5921
2.78865
2.68199
2.68062
2.55637
2.58382
2.57221
2.57256
2.4406
2.61391
2.4984
2.65932
2.57196
2.56253
2.50048
2.55521
2.56474
2.6029
2.4846
2.63582
2.56407
2.42121
2.41741
2.59623
2.37921
2.5238
2.52452
2.43874
2.52093
2.66202
2.53664
2.48299
2.4389
2.45089
2.60296
2.62666
2.5172
2.56181
2.50704
2.60226
2.97202
2.53651
2.63463
2.60721
2.66987
2.71845
2.64127
2.51872
2.63236
2.87684
2.53307
2.41979
2.55992
2.86886
3.07189
2.57813
2.6732
2.5592
2.64262
2.63858
2.61399
2.65545
2.73063
2.6325
2.67029
2.7844
2.66179
2.60403
2.60584
2.58912
2.49818
2.74651
2.57161
2.67054
2.71079
2.80197
2.71014
2.68847
2.75038
2.76177
2.75133
2.71429
2.5824
2.66815
2.72665
2.68447
2.81193
2.71283
2.67777
2.75247
2.73355
2.85856
2.62936
2.82746
2.67509
2.74297
2.73298
2.88406
2.80916
2.73396
2.85558
3.01909
3.0465
3.09822
3.09293
3.00377
2.78048
2.81716
2.68845
2.81716
2.70122
2.56892
2.67518
2.74867
2.6428
2.67288
2.65756
2.70011
2.74876
2.88795
2.77081
2.68072
2.74447
2.66106
2.77835
2.69143
2.79148
2.67262
2.86254
2.81989
2.86882
2.65593
2.62464
2.62888
2.6003
2.65971
2.75923
2.75566
2.74198
2.58957
2.76744
2.7236
2.76178
2.59968
2.53258
2.58629
2.74718
2.74216
2.60406
2.68612
2.76807
2.75648
2.70388
2.70658
2.53916
2.66795
2.46518
2.74522
2.77516
2.75802
2.63235
2.77941
2.80215
2.68291
2.59646
2.67197
2.70785
2.67747
2.69947
2.7247
2.68807
2.73
2.72266
2.61405
2.68293
2.90619
2.77917
2.70834
2.60463
2.76068
2.67456
2.63862
2.74149
2.79484
2.57463
2.73122
2.94113
2.84706
2.88701
2.86377
2.76584
2.8398
2.65855
2.72964
2.67976
2.59321
2.72343
2.71147
2.72198
2.83622
2.81914
2.76515
2.73871
2.82481
2.76904
2.67779
2.82265
2.81081
2.64271
2.66677
2.88121
2.76794
2.82063
2.84555
2.87111
2.89188
2.79621
2.77269
2.75312
2.865
2.69603
2.5707
2.59323
2.83532
2.71085
2.80424
2.72808
2.74679
2.91982
2.831
2.75029
2.63196
2.86162
2.93558
2.76253
2.7716
2.70711
2.80036
2.90573
2.84417
2.83524
2.86232
2.70303
2.74376
2.74111
2.93626
2.5987
2.6471
2.62138
2.50901
2.53399
2.65934
2.53802
2.53803
2.52902
2.41074
2.54052
2.44413
2.53221
2.51362
2.40389
2.46611
2.47036
2.4291
2.36099
2.62056
2.53902
2.37505
2.52822
2.53641
2.45911
2.61611
2.58226
2.58177
2.58378
2.58066
2.63379
2.53831
2.6327
2.5612
2.56672
2.62375
2.65509
2.61139
2.60764
2.72703
2.70737
2.82359
2.70467
2.67222
2.66765
2.64957
2.71944
2.65669
2.70355
2.7033
2.69731
2.69587
2.76004
2.73398
2.62315
2.62449
2.68238
2.75337
2.83861
2.85516
2.71709
2.72141
2.82259
2.80908
2.85461
2.77157
2.66964
2.77372
2.87415
2.7738
2.89009
3.00869
3.13467
2.91851
2.95283
3.15414
3.20364
3.01195
3.04825
3.12525
2.99348
3.07657
3.30616
3.09674
3.08421
3.31425
3.22069
3.02928
3.11464
3.021
2.89856
2.91757
3.02551
2.92474
2.81655
2.64827
2.9313
2.87242
2.95957
3.01862
3.09934
3.17386
3.07003
3.08728
2.98528
2.97633
2.97055
2.95586
2.94071
3.09914
3.02562
3.09303
3.14128
3.16094
3.08543
3.13823
3.04482
3.00529
3.17091
3.30726
3.02187
3.00294
3.03047
3.19943
3.17021
3.32003
3.19453
3.45331
3.22293
3.29723
3.3488
3.27542
3.38137
3.47309
3.47827
3.31903
3.34512
3.41593
3.42084
3.14225
3.01312
2.7693
2.86979
2.9304
2.82424
2.80491
2.94693
2.93238
2.71361
2.96602
3.05815
3.02148
3.15258
3.1042
3.1412
3.07942
2.91933
2.90141
3.05924
2.9462
2.99563
2.74277
3.01103
3.14249
3.0093
3.00067
3.04712
2.95337
3.03035
3.04924
2.92783
3.0366
3.00117
2.97553
2.9176
2.99474
2.87196
2.93176
2.95289
2.94753
2.76015
2.98237
3.00405
2.97571
3.07218
3.17994
3.15342
2.91734
3.01709
3.02384
3.09622
3.10984
3.00158
3.01344
3.04306
3.04536
2.95593
2.886
2.92551
2.90043
2.96886
2.80207
2.81347
2.86572
2.91637
2.96971
3.01054
2.87793
2.9717
2.99861
3.00138
2.93645
2.87865
2.99111
2.96524
2.81725
2.92449
2.80379
2.78283
2.95385
3.14514
3.06513
2.94866
2.95594
2.9603
2.91921
3.23413
3.03835
3.02201
3.01961
3.06615
3.05295
3.05957
3.01156
3.07274
3.03677
2.92444
2.9952
3.03312
3.05093
3.07504
3.05528
3.12435
3.20414
3.09561
2.98783
3.12824
3.20885
3.28566
3.3312
3.33162
3.31754
3.39089
3.44795
3.21853
3.35061
3.3004
3.39924
3.28808
3.32352
3.4729
3.393
3.38045
3.56877
3.45588
3.70422
3.5472
3.54866
3.58913
3.58031
3.68087
3.5914
3.46281
3.55982
3.69561
3.77362
3.84588
3.71082
3.84481
3.85468
3.72572
3.86202
3.84231
3.96397
3.89219
3.66233
3.71628
3.65448
3.74106
3.55958
3.6574
3.51536
3.71646
3.54625
3.51796
3.43252
3.61776
3.57307
3.78052
3.64408
3.8537
3.62481
3.86577
3.76906
3.69283
3.74733
3.71268
3.66522
3.74266
3.74108
3.939
3.90789
3.96592
4.02339
3.80225
3.87041
3.55396
3.71177
3.74777
3.62822
3.62082
3.56732
3.63554
3.81449
3.46986
3.5089
3.32849
3.78617
3.34461
3.31781
3.4526
3.63858
3.85674
3.6424
3.77641
3.83409
3.58498
3.93928
3.55185
3.63618
3.43588
3.64223
3.50476
3.53545
3.49533
3.41092
3.31153
3.41349
3.37965
3.22015
3.26873
3.33473
3.66502
3.5146
3.52126
3.64494
3.38162
3.47927
3.29168
3.32624
3.35206
3.35549
3.32733
3.28196
3.25592
3.39149
3.18272
3.30688
3.45511
3.33842
3.29724
3.41407
3.41928
3.23563
3.07976
3.2533
3.3438
3.19266
3.05859
3.23354
3.27237
3.07899
2.96424
3.26965
2.97295
3.20445
2.98227
3.40853
3.35404
3.44531
3.40983
3.46608
3.51762
3.5437
3.48262
3.39643
3.43213
3.45905
3.37461
3.26232
3.53572
3.54231
3.18663
3.0975
3.09353
3.25035
3.22306
3.10995
3.08945
3.29949
2.96335
3.31205
3.08817
3.31811
3.38919
3.33098
3.20971
3.17843
3.10179
3.37063
3.2796
2.98211
3.14147
3.02
3.0927
3.06582
3.09919
2.98837
2.97877
2.84171
2.81812
2.95541
2.91167
2.92915
3.1234
3.0054
2.9288
2.91334
2.99275
2.91014
2.90132
2.79392
2.94538
2.86479
2.8655
2.80026
2.70429
2.75746
2.71679
2.59856
2.65575
2.76462
2.73729
2.80874
2.73261
2.75777
2.67036
2.58301
2.63983
2.54479
2.4496
2.45874
2.53593
2.49514
2.61674
2.62236
2.58071
2.5709
2.57044
2.7729
2.57438
2.58053
2.5793
2.66529
2.66426
2.74291
2.5985
2.60776
2.45224
2.47723
2.39714
2.38327
2.53965
2.47628
2.75389
2.6118
2.55709
2.7223
2.61372
2.67182
2.71801
2.65079
2.73222
2.52194
2.76991
2.65621
2.62039
2.599
2.71949
2.67013
2.60151
2.76316
2.60709
2.6273
2.64831
2.53262
2.39115
2.295
2.28867
2.35722
2.44888
2.43875
2.33042
2.41847
2.31463
2.32027
2.27547
2.34902
2.2759
2.3645
2.37547
2.33367
2.29719
2.34775
2.25967
2.25642
2.3091
2.35343
2.37833
2.33151
2.28397
2.30898
2.42722
2.3542
2.32318
2.38883
2.43158
2.44297
2.46142
2.55564
2.50467
2.34287
2.24402
2.32766
2.4401
2.40969
2.48999
2.30364
2.30167
2.32684
2.54473
2.46666
2.47185
2.33772
2.48494
2.62914
2.73973
2.44662
2.53541
2.60784
2.53221
2.6098
2.54029
2.69675
2.56166
2.4988
2.36741
2.32741
2.54441
2.62575
2.32315
2.42103
2.38647
2.35421
2.32689
2.36418
2.41932
2.55593
2.49661
2.47057
2.62558
2.52058
2.51201
2.55401
2.51214
2.60091
2.5997
2.7193
2.71466
2.64732
2.67186
2.71142
2.91839
2.92391
2.93212
3.04316
3.06007
3.12523
3.0654
3.03778
3.27391
2.95713
3.20048
2.99171
3.10324
2.85714
2.81171
2.73235
2.69574
2.8207
2.69176
2.70385
2.7635
2.79359
2.79693
2.73166
2.7132
2.6395
2.81271
2.93043
2.94167
2.8668
3.06215
3.10186
2.98118
2.85125
3.06236
2.82875
2.808
2.92539
2.90273
2.77889
2.7878
2.67773
2.86346
2.82629
2.76788
2.86381
2.68341
2.64064
2.60177
2.60736
2.66101
2.61193
2.59745
2.56535
2.53698
2.61356
2.65412
2.69392
2.62128
2.66747
2.74513
2.80649
2.6375
2.84703
2.84565
2.57944
2.75796
2.76675
2.79773
2.69668
2.80818
2.85364
2.61496
2.91483
2.73689
2.69773
2.71912
2.78969
2.71608
2.86812
2.80026
2.68368
2.86328
2.86012
2.67315
2.57772
2.64311
2.43868
2.46615
2.39627
2.40335
2.58385
2.43007
2.54222
2.51475
2.47149
2.53033
2.45562
2.40626
2.35351
2.4151
2.37818
2.49059
2.46409
2.53249
2.51302
2.56266
2.58145
2.39555
2.45483
2.31712
2.30811
2.50868
2.51282
2.44247
2.38827
2.36678
2.43823
2.38419
2.3512
2.37032
2.5518
2.36011
2.39547
2.46762
2.4792
2.37388
2.43657
2.45116
2.36429
2.24444
2.43385
2.40139
2.26833
2.08227
2.12304
2.2052
2.39435
2.28515
2.19713
2.18578
2.30877
2.36374
2.33425
2.32158
2.27673
2.2183
2.13681
2.16006
2.36752
2.38355
2.41106
2.29371
2.22498
2.30981
2.47055
2.5166
2.16266
2.21836
2.10807
2.20353
2.22161
2.19397
2.12977
2.26247
2.26615
2.42587
2.52607
2.25458
2.44084
2.17052
2.25741
2.22169
2.18966
2.3214
2.18448
2.16923
2.17451
2.12483
2.09389
2.18358
2.19388
2.1882
2.15905
2.21725
2.20011
2.22698
2.14801
2.20723
2.22833
2.28002
2.21383
2.25898
2.15486
2.20017
2.19372
2.13869
2.16008
2.27578
2.20222
2.19368
2.17405
2.11603
2.14092
2.2964
2.22031
2.1281
2.14156
2.28592
2.29521
2.27707
2.20335
2.2331
2.24781
2.23474
2.23896
2.2263
2.27078
2.26034
2.14127
2.20886
2.20623
2.26551
2.3682
2.36494
2.16816
2.28238
2.2955
2.3181
2.32792
2.31249
2.25396
2.31525
2.33631
2.28988
2.39602
2.32823
2.40442
2.29347
2.35927
2.33164
2.21012
2.22423
2.20859
2.13618
2.09689
2.03702
2.10673
2.0929
2.09716
2.10328
2.13725
2.07468
2.03345
2.06922
2.19029
2.122
2.1254
2.16893
2.14286
2.02307
2.09157
2.05763
2.01028
2.10865
2.03356
2.06244
2.00664
1.96064
2.04175
1.96443
1.85251
1.95435
1.76561
1.67617
1.84114
2.08372
2.03183
2.02033
2.04228
1.90989
2.0169
1.83709
1.77295
1.88375
1.82814
1.79065
1.86695
1.8538
1.80607
1.80265
1.80792
1.78386
1.69106
1.73048
1.70903
1.75707
1.71688
1.73837
1.65896
1.73932
1.72499
1.70758
1.70505
1.69834
1.78931
1.73942
1.73649
1.81836
1.74139
1.76139
1.79018
1.84505
1.73616
1.7885
1.72851
1.72019
1.72717
1.8287
1.73594
1.80081
1.72913
1.75156
1.79801
1.79369
1.83013
1.8326
1.84773
1.77954
1.76498
1.79048
1.79766
1.78629
1.76726
1.75936
1.75911
1.67963
1.70244
1.62668
1.68136
1.69919
1.68035
1.62202
1.68187
1.6717
1.66088
1.64409
1.67958
1.67067
1.72365
1.68433
1.68535
1.62578
1.60182
1.60437
1.57005
1.61758
1.61509
1.58487
1.55349
1.54435
1.62639
1.54523
1.58944
1.65422
1.54595
1.55656
1.52408
1.55669
1.56739
1.60973
1.61629
1.66127
1.59109
1.53664
1.55126
1.56588
1.56213
1.545
1.53492
1.56728
1.54341
1.55493
1.52478
1.53573
1.52172
1.54216
1.47036
1.48763
1.55603
1.53915
1.44104
1.45468
1.48528
1.50042
1.47822
1.44374
1.48367
1.51334
1.44724
1.47991
1.49523
1.55653
1.62332
1.58228
1.6553
1.61249
1.58283
1.68889
1.66708
1.65412
1.6827
1.5902
1.53006
1.5448
1.43005
1.52111
1.49334
1.49136
1.40295
1.3911
1.4543
1.33656
1.39795
1.3669
1.37614
1.37515
1.43146
1.43206
1.47742
1.44791
1.45552
1.45808
1.43745
1.37839
1.41144
1.40772
1.36154
1.46646
1.41744
1.45209
1.38881
1.4732
1.44571
1.42406
1.44838
1.40894
1.45123
1.40647
1.40248
1.43222
1.40119
1.45599
1.4062
1.40555
1.31379
1.33625
1.3607
1.35667
1.31585
1.30895
1.32999
1.32327
1.30706
1.28968
1.29573
1.32933
1.30404
1.30159
1.28682
1.22696
1.21814
1.25171
1.26563
1.23014
1.19435
1.23355
1.221
1.22879
1.23606
1.22102
1.27276
1.27843
1.24448
1.22391
1.23062
1.24039
1.30241
1.20949
1.1912
1.20717
1.20645
1.29113
1.19794
1.23629
1.24163
1.22573
1.23208
1.1871
1.19666
1.20586
1.23788
1.2226
1.28676
1.33404
1.30925
1.32607
1.34154
1.32086
1.26647
1.16188
1.20374
1.31343
1.37803
1.34655
1.30561
1.2517
1.30321
1.31315
1.3223
1.26497
1.27294
1.30876
1.45121
1.36508
1.25903
1.22632
1.22626
1.27384
1.15703
1.13228
1.09951
1.16188
1.12493
1.12288
1.15454
1.19207
1.21705
1.18915
1.17454
1.1689
1.09367
1.18036
1.19527
1.18232
1.15957
1.20979
1.20126
1.22046
1.16309
1.15604
1.11919
1.18489
1.13697
1.2051
1.17704
1.20221
1.27209
1.12241
1.08418
1.09831
1.07197
1.07024
1.03894
1.04325
1.02219
0.992255
1.05533
1.08187
1.11082
1.07699
1.09731
1.15785
1.13537
1.08514
1.11916
1.14916
1.14517
1.18677
1.15586
1.14989
1.15053
1.12689
1.1289
1.14942
1.15606
1.09919
1.07176
1.08746
1.11492
1.0866
1.07443
1.1888
1.17282
1.19812
1.17761
1.13062
1.09891
1.09062
1.06489
1.03129
1.08646
1.07121
1.11835
1.09513
1.14278
1.10541
1.08453
1.06414
1.08112
1.09659
1.13928
1.12009
1.11468
1.12501
1.19919
1.26533
1.21329
1.27077
1.2065
1.22953
1.22525
1.21658
1.23345
1.2172
1.28173
1.20224
1.23794
1.29217
1.28711
1.1916
1.22483
1.25216
1.22254
1.18896
1.17226
1.19555
1.19891
1.2607
1.29163
1.31802
1.23803
1.3352
1.25657
1.25893
1.24187
1.21641
1.22993
1.27683
1.30513
1.33456
1.29964
1.34962
1.3789
1.37535
1.3521
1.41916
1.44281
1.47961
1.49881
1.44217
1.45725
1.55
1.48382
1.40266
1.40387
1.47688
1.48928
1.48496
1.56765
1.52101
1.57135
1.55387
1.57162
1.6705
1.42556
1.58081
1.59995
1.35766
1.46481
1.60163
1.45091
1.37782
1.42805
1.41817
1.37827
1.42615
1.48994
1.49847
1.57702
1.50557
1.56436
1.7101
1.59706
1.54133
1.54265
1.602
1.57136
1.62722
1.5746
1.63493
1.97797
1.94031
2.00163
1.96131
2.04841
2.10588
2.09632
2.13165
1.70944
1.74658
1.75781
1.84707
1.80764
1.77503
1.8337
2.15156
2.14192
2.01391
2.24459
2.10007
2.11617
1.9436
1.9777
2.02536
2.20128
2.24717
2.09213
2.09627
2.16699
2.01909
2.04311
2.00621
2.00381
2.09758
1.91575
1.95928
2.13452
2.08752
2.1798
2.22569
2.13217
2.10843
2.18751
2.11918
2.06265
2.01908
2.0721
2.15025
2.04987
2.15481
1.95999
1.90833
1.88359
1.90443
1.91402
1.8628
1.8311
1.86938
1.92344
1.94954
1.87202
1.86076
1.73797
1.77589
1.79448
1.81032
1.77964
1.91262
1.84646
1.83287
1.838
1.83767
1.70399
1.73605
1.74573
1.68039
1.71227
1.80371
1.82106
1.82631
1.79533
1.81015
1.8808
1.81202
1.90677
1.8136
1.77357
1.73441
1.71372
1.87365
1.88255
1.93124
2.02686
1.81555
1.84088
1.83252
1.75667
1.86755
1.80194
1.8541
1.91367
1.80169
1.81133
1.91674
1.80155
1.80814
1.89285
1.80964
1.83915
1.77505
1.82678
1.7627
1.74547
1.70578
1.71988
1.76347
1.75474
1.82384
1.78796
1.66256
1.75031
1.76518
1.80033
1.74149
1.66273
1.65196
1.7132
1.76437
1.78601
1.67863
1.82769
1.79474
1.72856
1.72543
1.66092
1.68698
1.64128
1.75521
1.79155
1.68099
1.71496
1.78595
1.76
1.71682
1.72005
1.79926
1.84779
1.88531
1.94995
1.98825
2.13466
2.13497
1.91593
1.9079
1.93234
1.97331
2.01912
2.05781
2.00131
1.85391
2.05162
1.82584
1.94119
1.77646
2.11463
2.035
2.10562
1.93642
2.10897
2.14445
1.98117
1.85301
1.79464
1.974
1.87635
1.83162
1.95454
1.93094
1.84064
1.83946
1.93264
2.00771
1.9543
1.95763
2.01313
1.98553
2.01656
2.01033
2.01051
1.94952
1.91006
1.9883
1.97939
1.91242
1.82308
1.88076
1.95305
1.84474
1.78695
1.95618
1.86364
1.81689
1.90522
1.75958
1.90747
1.84606
1.9999
1.94942
1.92098
1.96469
1.78783
1.91384
1.91042
1.87
1.88857
1.75048
1.72326
1.73702
1.77253
1.75753
1.73873
1.74292
1.87321
1.80722
2.00738
2.06334
1.97043
2.09271
2.14589
2.10361
2.07989
1.91015
1.83679
1.84092
1.91652
1.86353
1.90344
1.91684
1.87555
1.88578
1.82994
1.87082
1.88065
1.87005
1.82785
1.84095
1.91742
1.85492
1.80932
1.85032
1.78777
1.79326
1.82113
1.78762
1.88115
1.84814
2.05454
2.11513
1.97409
2.14213
2.04026
2.00633
1.98765
2.1275
2.01575
2.05943
1.99691
1.86936
1.9415
2.00732
2.0029
1.93481
1.92336
1.94486
1.88159
1.9548
1.90164
1.95329
1.78759
1.73769
1.74696
1.75724
1.75898
1.77755
1.66616
1.66367
1.74104
1.6592
1.69729
1.61441
1.73402
1.68929
1.69154
1.67889
1.72985
1.63431
1.74251
1.60002
1.65806
1.72058
1.66287
1.61883
1.5631
1.54198
1.45002
1.48707
1.56141
1.62703
1.56039
1.47149
1.554
1.48615
1.56495
1.60589
1.71047
1.62825
1.64086
1.67106
1.68671
1.69899
1.80462
1.73545
1.77445
1.76246
1.81095
1.75586
1.91291
1.91342
1.90053
1.82936
1.92312
1.79167
1.74761
1.7106
1.66705
1.68447
1.62375
1.64849
1.69697
1.70166
1.68866
1.76528
1.72955
1.64901
1.64014
1.74833
1.72268
1.63462
1.60888
1.62728
1.55516
1.53487
1.58088
1.5622
1.53578
1.50101
1.52902
1.48366
1.51785
1.58294
1.57364
1.46838
1.44513
1.34786
1.39244
1.36215
1.39484
1.38962
1.39069
1.35421
1.35555
1.33347
1.41581
1.39699
1.39488
1.35684
1.33507
1.31747
1.39195
1.32333
1.29894
1.29115
1.33588
1.29726
1.32935
1.29344
1.3146
1.52156
1.58428
1.38796
1.35981
1.51544
1.53728
1.4572
1.44263
1.42123
1.46964
1.43956
1.37411
1.42338
1.4547
1.44565
1.28764
1.30582
1.35677
1.3449
1.33873
1.38289
1.32983
1.27287
1.33237
1.3256
1.32047
1.33611
1.3176
1.29834
1.2762
1.31818
1.3009
1.30952
1.305
1.32129
1.29375
1.31904
1.26891
1.3338
1.30481
1.26706
1.29733
1.26933
1.29277
1.29443
1.25471
1.27685
1.20879
1.19488
1.20811
1.28724
1.27186
1.30883
1.30385
1.35495
1.33193
1.39556
1.42406
1.37497
1.44378
1.43594
1.39555
1.41792
1.39649
1.39514
1.33252
1.40062
1.35963
1.39654
1.49333
1.39621
1.32624
1.33236
1.4861
1.51239
1.33727
1.4239
1.3698
1.31918
1.22903
1.26873
1.23824
1.25245
1.26635
1.237
1.21264
1.17595
1.31442
1.21557
1.23336
1.21509
1.23505
1.24297
1.22929
1.23701
1.31759
1.20127
1.18594
1.21693
1.21826
1.16344
1.19268
1.18157
1.24707
1.22104
1.18601
1.22063
1.19052
1.26751
1.25502
1.2091
1.20252
1.20491
1.22985
1.19446
1.18929
1.14384
1.20855
1.22693
1.21541
1.19859
1.15122
1.19074
1.18765
1.15474
1.13253
1.17957
1.19222
1.19702
1.20488
1.12986
1.08003
1.10347
1.14068
1.16269
1.15624
1.11038
1.09832
1.13658
1.17204
1.22756
1.20226
1.21015
1.22098
1.1826
1.18507
1.16868
1.19533
1.1585
1.18205
1.18945
1.18982
1.20007
1.18875
1.13502
1.13348
1.18367
1.2263
1.26623
1.24346
1.22069
1.19834
1.19941
1.17148
1.2088
1.22345
1.24854
1.20373
1.22456
1.27746
1.29836
1.30118
1.27632
1.25557
1.31107
1.32062
1.317
1.31812
1.31182
1.2793
1.34769
1.31167
1.28458
1.283
1.27287
1.24671
1.20619
1.19454
1.19715
1.20304
1.19937
1.21378
1.24595
1.26745
1.26545
1.24789
1.262
1.24617
1.26392
1.31349
1.29938
1.27759
1.28261
1.26278
1.27768
1.29306
1.29114
1.27042
1.26704
1.29492
1.29127
1.30531
1.30162
1.26154
1.27845
1.25915
1.24377
1.23333
1.21633
1.22088
1.21565
1.18818
1.20627
1.21931
1.18619
1.20374
1.16374
1.21302
1.21121
1.17997
1.21108
1.19473
1.23955
1.20394
1.17845
1.2452
1.20713
1.20285
1.1681
1.18519
1.16771
1.16243
1.1562
1.12999
1.12536
1.11292
1.10176
1.10658
1.10128
1.1035
1.09776
1.11295
1.09726
1.12263
1.12911
1.09864
1.13099
1.14119
1.10789
1.09393
1.10753
1.12132
1.12021
1.09875
1.118
1.128
1.10419
1.11316
1.16242
1.14155
1.11087
1.11844
1.11498
1.12134
1.17237
1.15873
1.07954
1.06776
1.12029
1.14102
1.1089
1.09282
1.0999
1.08839
1.07244
1.05532
1.08044
1.08943
1.11409
1.07824
1.05478
1.07382
1.04325
1.09896
1.09371
1.06587
1.0342
1.04169
1.02238
1.0939
1.12515
1.09453
1.1021
1.11105
1.14408
1.18119
1.13904
1.1554
1.14358
1.10484
1.10784
1.12033
1.07603
1.08948
1.0661
1.07444
1.06377
1.05653
1.07637
1.08341
1.08698
1.0956
1.08722
1.08351
1.06973
1.08078
1.06963
1.05255
1.04019
1.07008
1.06563
1.08984
1.07076
1.06914
1.07985
1.11348
1.10325
1.10913
1.13921
1.09456
1.12169
1.10065
1.1398
1.14694
1.13871
1.15615
1.14511
1.10658
1.12873
1.15773
1.17421
1.16192
1.16182
1.18524
1.19806
1.20233
1.14216
1.17794
1.18744
1.17861
1.15167
1.15788
1.14451
1.2151
1.21613
1.16895
1.21864
1.17778
1.18134
1.18595
1.16934
1.17876
1.21394
1.27229
1.20753
1.18446
1.16826
1.17175
1.17535
1.20196
1.19562
1.18142
1.23153
1.21925
1.22873
1.2255
1.23998
1.23431
1.22331
1.28105
1.25349
1.25375
1.24125
1.2297
1.20935
1.24991
1.23859
1.25978
1.26907
1.25529
1.27118
1.24944
1.29283
1.30292
1.31926
1.30361
1.30331
1.28308
1.34216
1.30261
1.31839
1.31734
1.31022
1.32394
1.28593
1.27114
1.30326
1.27087
1.28559
1.27716
1.25103
1.28008
1.23532
1.2547
1.25005
1.27046
1.27711
1.29791
1.30063
1.29669
1.33089
1.29509
1.34011
1.37158
1.3514
1.37193
1.36486
1.36523
1.38438
1.3725
1.37925
1.34606
1.33551
1.31867
1.33629
1.33253
1.34271
1.39542
1.33157
1.34725
1.36256
1.35145
1.34932
1.3465
1.35614
1.38197
1.35851
1.36094
1.36084
1.38464
1.36513
1.33459
1.3883
1.35101
1.34793
1.38413
1.36064
1.35905
1.35629
1.33032
1.35651
1.35144
1.35661
1.36055
1.35581
1.37048
1.362
1.37092
1.38702
1.35529
1.36606
1.35324
1.39059
1.42402
1.39622
1.41532
1.42857
1.45384
1.41857
1.46567
1.44429
1.47367
1.46139
1.5109
1.49509
1.47096
1.48974
1.48496
1.50958
1.46791
1.48174
1.56532
1.59353
1.45052
1.45167
1.51993
1.56396
1.5656
1.55262
1.5058
1.51332
1.52914
1.48168
1.59645
1.48239
1.50836
1.4842
1.50677
1.49735
1.52087
1.51668
1.43809
1.39793
1.43718
1.38451
1.3639
1.38979
1.38207
1.37897
1.35789
1.37146
1.38573
1.38403
1.38151
1.37391
1.38369
1.39348
1.37222
1.3884
1.3943
1.37827
1.36567
1.38402
1.38128
1.38238
1.39204
1.40228
1.37454
