64.3389   285.875   350.214 0.0891121   0.0459606
68.0619   319.235   387.297 0.0963595   0.0515034
69.6092   315.252   384.861 0.096769   0.0508936
66.0826   320.167   386.25 0.091973   0.0509415
68.0363   307.13   375.166 0.0946263   0.0487933
70.9289   319.947   390.876 0.0968313   0.0510975
69.8573   314.152   384.01 0.0953466   0.0500482
70.8656   408.195   479.061 0.0964814   0.0662547
66.9564   395.298   462.255 0.0943934   0.0654612
73.2719   434.765   508.037 0.103055   0.07289
72.3265   474.694   547.021 0.105638   0.0785224
90.7149   655.215   745.93 0.128726   0.11857
88.7467   636.484   725.231 0.126091   0.113381
87.6105   520.289   607.899 0.117819   0.0894643
90.9024   530.089   620.992 0.12449   0.0927378
94.2168   511.152   605.369 0.122413   0.0916044
84.5518   426.037   510.589 0.111472   0.0738622
86.6389   410.298   496.937 0.115765   0.0706656
99.8178   553.984   653.802 0.126565   0.0986497
101.387   518.952   620.338 0.127051   0.0921161
93.395   502.548   595.943 0.122727   0.0880583
96.4795   469.871   566.351 0.121971   0.0809285
92.3356   447.358   539.693 0.121654   0.076133
86.7415   433.465   520.207 0.116003   0.0730262
85.5806   448.838   534.418 0.116754   0.0756893
91.0558   514.44   605.496 0.118872   0.086327
83.0921   483.266   566.358 0.112439   0.0796548
83.4742   479.339   562.813 0.112524   0.0786876
90.2496   474.435   564.685 0.117574   0.0791464
85.3465   453.483   538.829 0.119266   0.0768172
79.6049   514.521   594.126 0.115671   0.0899009
87.4811   628.413   715.894 0.122838   0.12009
80.2409   470.816   551.057 0.117434   0.0846987
67.7632   445.043   512.806 0.0872394   0.0650101
76.8496   511.589   588.438 0.0992568   0.0753583
73.1169   441.377   514.494 0.0981435   0.0649419
73.9867   434.809   508.796 0.100117   0.0643621
81.3067   500.467   581.773 0.104239   0.0754715
86.4783   472.706   559.185 0.106697   0.072329
87.2486   474.032   561.28 0.109839   0.0753947
82.2567   478.915   561.171 0.107385   0.0763941
83.1661   474.925   558.092 0.105008   0.0766462
84.8481   493.546   578.394 0.105401   0.0779225
86.0298   462.2   548.229 0.111102   0.0737121
87.0741   459.865   546.939 0.111036   0.0742532
84.4028   482.806   567.209 0.112051   0.076828
84.8846   494.266   579.151 0.111361   0.0810472
86.14   510.883   597.023 0.112198   0.0854998
90.4925   523.373   613.865 0.116434   0.0887463
85.7787   540.137   625.915 0.111256   0.0912188
62.2203   441.227   503.447 0.0800519   0.0653403
62.8164   446.923   509.739 0.0798176   0.0671694
68.9339   447.483   516.417 0.0831196   0.0663856
70.0788   446.446   516.525 0.085802   0.0672333
67.4549   450.156   517.611 0.0865916   0.0679558
69.7548   455.625   525.379 0.0876317   0.0689435
73.7795   452.018   525.798 0.0892944   0.0687219
77.4522   475.83   553.282 0.0910131   0.0723201
73.5399   461.531   535.071 0.0928925   0.0705885
76.3577   496.376   572.734 0.093892   0.0769486
76.6999   491.836   568.536 0.0953979   0.0767695
80.2449   496.276   576.521 0.098581   0.0777764
76.3701   496.124   572.494 0.0977538   0.0774437
80.1734   478.033   558.206 0.101357   0.0740218
75.5878   508.232   583.819 0.0977428   0.079656
81.0486   523.286   604.335 0.102489   0.084314
75.6691   516.129   591.798 0.0976795   0.0830724
61.2165   450.437   511.654 0.0771313   0.0662148
61.9036   453.181   515.084 0.0787911   0.0667195
62.0024   444.26   506.262 0.076704   0.0653707
67.7855   442.335   510.121 0.0826652   0.0651211
74.7302   447.424   522.154 0.0875745   0.0660048
74.147   479.753   553.9 0.0920509   0.0716237
74.5535   493.47   568.024 0.0893659   0.0742061
75.4624   516.75   592.212 0.0939366   0.0769049
77.4256   513.754   591.18 0.0936789   0.0789572
75.1425   528.244   603.386 0.0963983   0.0801128
73.6111   540.342   613.953 0.0948902   0.0830912
79.0316   536.316   615.347 0.0966451   0.0811739
78.0932   517.661   595.754 0.0967299   0.0790121
79.5517   539.96   619.511 0.0993568   0.0836455
77.796   544.235   622.031 0.100382   0.0838402
80.252   533.152   613.404 0.102558   0.0828809
79.3071   553.114   632.421 0.100601   0.0849725
63.3948   470.378   533.773 0.079482   0.069696
66.8869   468.567   535.454 0.079509   0.069722
66.1316   441.914   508.045 0.0817197   0.0647967
72.1588   473.014   545.173 0.088063   0.0694364
65.3619   504.968   570.33 0.081069   0.0743283
75.1026   483.033   558.136 0.0866985   0.0718746
74.6481   481.193   555.841 0.0897482   0.0720134
80.7955   503.47   584.265 0.0923166   0.0771246
74.3849   521.03   595.415 0.0894265   0.0781014
72.5312   518.951   591.482 0.0871769   0.0780886
82.2712   548.751   631.023 0.0952875   0.0832653
83.3525   536.887   620.239 0.0958516   0.0811301
82.5   522.51   605.01 0.0993178   0.0800986
88.4777   528.206   616.684 0.106632   0.0812437
91.0845   531.042   622.126 0.104097   0.0823934
65.8724   413.922   479.795 0.0734691   0.061944
70.2845   423.319   493.604 0.0820441   0.0635678
77.4622   409.507   486.969 0.0878921   0.0628946
78.1388   422.648   500.787 0.0888278   0.0651263
79.9268   451.856   531.782 0.0901091   0.0688035
80.4317   438.295   518.727 0.0898929   0.0682676
78.9105   443.859   522.769 0.0879716   0.0699034
76.619   458.141   534.76 0.0857035   0.0720121
76.8005   465.809   542.609 0.0873064   0.0727864
84.8524   466.019   550.871 0.0904931   0.0739321
85.7373   464.79   550.527 0.0943205   0.0738019
84.2488   438.297   522.546 0.0942644   0.0693645
87.8901   461.881   549.771 0.0965189   0.0736441
89.8421   457.356   547.198 0.0984248   0.0726839
89.867   458.29   548.157 0.0948465   0.0728081
64.3194   417.284   481.603 0.0715137   0.0640812
66.2281   430.051   496.279 0.0757326   0.0664684
75.3905   463.532   538.923 0.0828923   0.0723648
73.0297   452.142   525.171 0.0815063   0.0704106
74.0217   440.002   514.024 0.0834517   0.0685426
82.6418   442.225   524.866 0.0882219   0.0707446
83.0365   415.147   498.184 0.0904537   0.0669614
75.7409   415.832   491.573 0.0856474   0.067207
77.7654   432.514   510.279 0.0857628   0.0703446
74.554   443.143   517.697 0.0845523   0.0728464
76.4174   439.577   515.994 0.0857082   0.0737793
77.2001   448.086   525.286 0.0826997   0.0741986
83.6016   491.232   574.833 0.0903522   0.0787231
61.3747   401.849   463.224 0.0692716   0.062241
63.8863   413.641   477.528 0.0731802   0.0643624
67.2801   457.167   524.447 0.0766288   0.0716809
66.548   444.373   510.921 0.0790826   0.0699726
72.6572   455.247   527.904 0.0847809   0.0729943
77.76   475.639   553.399 0.0870529   0.0767964
79.7136   468.266   547.979 0.0887679   0.0774505
90.1197   468.544   558.663 0.096903   0.0793228
80.6141   472.187   552.801 0.0986536   0.0808104
91.3017   489.095   580.397 0.100719   0.0839973
84.4622   471.081   555.544 0.0986132   0.0823965
59.6667   360.479   420.146 0.0717795   0.0615757
69.0456   377.718   446.763 0.0781944   0.0649167
68.0569   387.752   455.809 0.0827439   0.0682241
72.4435   404.034   476.477 0.0870715   0.0712142
79.3143   418.795   498.11 0.0945183   0.0742771
81.3303   397.707   479.038 0.092605   0.0720354
81.5566   392.519   474.076 0.0943669   0.0724038
82.0647   392.55   474.615 0.0954796   0.074463
75.9061   367.816   443.722 0.0900215   0.0712048
84.0643   387.432   471.496 0.0981372   0.0756673
59.0732   347.94   407.013 0.071104   0.0662466
59.4273   339.261   398.688 0.0738227   0.0657801
63.7002   360.15   423.85 0.0755861   0.0698981
68.2082   326.091   394.3 0.0828775   0.064166
71.2049   320.4   391.605 0.086135   0.0645816
74.7908   326.935   401.725 0.0861894   0.0650131
77.1539   329.092   406.246 0.0888051   0.066545
80.7957   313.295   394.09 0.0904969   0.064824
80.4418   311.598   392.04 0.0895457   0.0659421
81.5855   305.907   387.492 0.0931874   0.0671535
54.6507   261.872   316.523 0.0620326   0.0561266
61.0738   279.317   340.391 0.0701192   0.0608641
68.6596   286.105   354.764 0.0765436   0.0637701
67.2892   311.597   378.886 0.076257   0.0693269
68.883   321.291   390.174 0.0775361   0.072451
71.354   290.246   361.6 0.0804987   0.0675777
68.1973   293.239   361.436 0.0773504   0.0687977
68.6436   286.774   355.418 0.0810193   0.0692441
66.6027   278.178   344.78 0.0804963   0.0674206
69.4272   282.651   352.078 0.080059   0.0692908
55.8044   262.586   318.39 0.0667517   0.0624832
57.16   249.638   306.798 0.0679869   0.0612609
59.6648   247.06   306.725 0.0691365   0.0611648
61.8131   247.752   309.565 0.0719733   0.0617067
62.9009   264.495   327.395 0.0728582   0.0647768
63.3201   252.125   315.445 0.072765   0.0639326
68.0386   260.434   328.473 0.0758852   0.0669841
61.8635   264.087   325.951 0.0718786   0.0678422
65.145   258.128   323.273 0.0728284   0.0680762
65.7752   262.112   327.887 0.0764295   0.0688537
63.2569   262.986   326.243 0.0752521   0.07068
53.4681   238.521   291.989 0.0637854   0.0626492
58.2292   241.51   299.739 0.0690874   0.0642997
59.1068   260.265   319.372 0.0685495   0.0692286
62.8598   265.504   328.364 0.0737791   0.0716353
63.931   262.562   326.493 0.0745768   0.0718265
68.3561   270.17   338.526 0.0789788   0.0740546
64.533   260.729   325.262 0.0756985   0.0715078
63.5752   250.467   314.042 0.0755768   0.0684485
63.3111   253.003   316.314 0.0737247   0.0698999
61.7219   245.699   307.421 0.0748447   0.069801
46.5234   226.513   273.037 0.0601855   0.06268
51.0195   230.558   281.577 0.063169   0.0643626
50.7613   242.838   293.599 0.0675691   0.069571
59.1825   229.142   288.324 0.0732094   0.0667507
61.7883   229.103   290.891 0.077643   0.0673356
63.0034   223.577   286.581 0.0776669   0.0664854
66.933   218.867   285.8 0.0800754   0.0656912
66.9802   208.33   275.31 0.0814052   0.0649245
63.6723   208.618   272.29 0.0768061   0.066708
61.8763   206.57   268.446 0.0743578   0.0656045
47.7751   183.989   231.764 0.0584762   0.0571962
57.2112   199.478   256.689 0.0693228   0.0624372
56.2291   200.867   257.096 0.0698375   0.0645695
58.6234   196.695   255.319 0.0724129   0.0630896
63.6602   194.792   258.452 0.0738803   0.0631381
59.9646   198.484   258.448 0.0725612   0.0637925
65.3545   187.457   252.812 0.0786456   0.0628207
63.0016   188.879   251.881 0.0797287   0.0636
63.9695   192.907   256.877 0.0789991   0.0651384
48.9653   178.785   227.75 0.062123   0.0575871
56.6945   178.697   235.392 0.0710458   0.0583787
56.7252   181.647   238.372 0.0734307   0.0608669
58.4352   184.92   243.355 0.0764259   0.0636644
66.1453   194.452   260.597 0.0825372   0.0672101
69.0331   192.801   261.834 0.087439   0.0681006
67.5621   196.024   263.586 0.0901429   0.0691158
67.7159   211.431   279.147 0.0889127   0.0746
48.7427   179.829   228.571 0.0702513   0.060063
57.3428   180.458   237.801 0.0771982   0.0627507
61.3829   188.572   249.955 0.0836469   0.0675927
68.3977   191.886   260.284 0.0907132   0.0717063
67.5308   195.56   263.09 0.0888173   0.0734266
71.1014   197.458   268.559 0.0930849   0.0778107
76.5354   189.164   265.7 0.0963315   0.0775051
78.7015   188.17   266.872 0.0989458   0.0800589
49.0473   159.072   208.12 0.0640305   0.0634564
52.9781   156.584   209.562 0.0707948   0.0669116
68.1841   186.982   255.166 0.0885015   0.0817997
65.9702   177.766   243.736 0.0849693   0.0790072
76.2607   199.235   275.496 0.0977858   0.09249
75.0716   186.937   262.009 0.0950445   0.0866653
70.2218   177.551   247.773 0.0927283   0.0834187
47.4547   149.551   197.006 0.0653646   0.0657947
55.1593   150.454   205.613 0.0771999   0.0693097
63.466   151.113   214.579 0.0856491   0.0711398
69.4975   157.091   226.589 0.0925194   0.0750198
75.8549   153.517   229.372 0.0981814   0.076089
78.8938   152.725   231.618 0.10536   0.0774309
87.9457   159.873   247.818 0.112877   0.0819492
45.4496   142.536   187.985 0.0657736   0.064268
55.2085   155.742   210.951 0.0769779   0.0705547
60.2792   154.509   214.788 0.0831438   0.0726532
70.5757   166.246   236.822 0.0941428   0.0783995
69.1449   163.45   232.595 0.0967603   0.0761436
70.7426   163.942   234.684 0.0989061   0.0770131
78.2672   181.253   259.52 0.104396   0.0874591
80.029   172.252   252.281 0.103687   0.0832135
47.7577   168.411   216.168 0.0694152   0.0682423
53.8675   182.504   236.371 0.0780689   0.0737388
57.7484   189.071   246.82 0.0843394   0.0763793
71.1328   204.078   275.211 0.0980466   0.0824835
70.9064   197.605   268.511 0.0974659   0.082975
76.8198   203.457   280.277 0.101726   0.0860103
76.4505   215.326   291.776 0.103591   0.0898463
76.469   202.991   279.46 0.106177   0.0874057
51.4854   199.602   251.088 0.0697634   0.0709151
52.5957   206.069   258.665 0.0711907   0.0717361
61.7332   220.752   282.486 0.0825035   0.0749266
66.5622   232.705   299.267 0.0920384   0.0822106
62.0937   233.28   295.373 0.0935427   0.0848845
60.3172   238.265   298.582 0.0961423   0.0863591
59.5251   253.871   313.396 0.0940118   0.0895329
51.6325   212.947   264.579 0.0710376   0.0682741
61.3752   233.288   294.663 0.0830891   0.0769631
68.8727   245.943   314.816 0.0930712   0.0792215
77.9531   265.21   343.164 0.102167   0.0838566
81.6213   265.316   346.937 0.108155   0.0842005
79.1629   257.447   336.61 0.108762   0.0840782
75.2918   260.849   336.141 0.110601   0.0847602
73.8732   281.45   355.323 0.112071   0.0914589
56.3198   233.545   289.865 0.0780654   0.0677663
60.3856   246.108   306.494 0.0866157   0.0720773
66.9329   247.367   314.3 0.0945571   0.0734526
65.9425   250.467   316.409 0.0929553   0.0735327
66.4897   262.613   329.102 0.0975101   0.0764854
82.4742   270.018   352.492 0.111114   0.0789294
75.6966   258.497   334.193 0.112243   0.0791139
68.0359   276.776   344.812 0.110556   0.0843214
73.4375   291.793   365.23 0.115589   0.0884668
56.6374   242.476   299.113 0.0759418   0.0688774
60.7533   227.488   288.241 0.0800087   0.0658684
62.7157   223.459   286.175 0.0827566   0.0653104
69.4854   220.851   290.336 0.0882915   0.0640286
70.7093   238.565   309.274 0.0916715   0.0687407
84.3946   268.798   353.193 0.102441   0.0756965
87.2332   277.337   364.57 0.106538   0.0779956
92.1271   270.405   362.532 0.107291   0.075673
93.9059   274.057   367.963 0.111197   0.0758164
94.309   268.589   362.898 0.110217   0.0746876
52.6342   219.023   271.657 0.0653841   0.0554256
55.4588   241.413   296.872 0.0714307   0.0599874
59.3427   259.801   319.144 0.0781854   0.06502
71.9935   273.494   345.488 0.090855   0.067959
75.6339   277.646   353.28 0.0922364   0.0684633
73.653   277.917   351.57 0.0911547   0.0672001
74.51   274.963   349.473 0.0932832   0.0676125
71.4899   293.351   364.841 0.0914895   0.0717732
68.2505   308.244   376.494 0.0901294   0.0754114
51.7508   260.848   312.599 0.0657293   0.0594683
62.1289   353.358   415.486 0.0786641   0.083057
65.598   298.749   364.347 0.0824302   0.0700433
62.8415   293.634   356.476 0.0805919   0.0698215
65.5333   307.73   373.263 0.0822457   0.0737255
65.9618   278.026   343.987 0.0816864   0.0687077
62.8162   297.329   360.145 0.0793936   0.0733711
70.8194   313.634   384.454 0.08804   0.076051
69.6291   316.24   385.869 0.092189   0.0770833
81.684   311.55   393.234 0.101521   0.0779811
73.1172   304.865   377.982 0.0948343   0.0771549
59.6909   277.551   337.242 0.0752881   0.0647854
65.831   278.569   344.4 0.0834148   0.0652997
66.4767   265.59   332.066 0.082837   0.0629359
77.0634   270.03   347.094 0.0878516   0.0647493
74.6003   264.004   338.604 0.087099   0.064814
75.1229   265.116   340.239 0.089149   0.0642705
69.8366   252.774   322.61 0.0828102   0.0635376
76.9619   266.621   343.583 0.0912798   0.0675186
82.0908   258.275   340.366 0.0939469   0.0667826
74.487   251.729   326.216 0.0898516   0.0647285
78.196   255.842   334.038 0.0902435   0.0670621
74.7737   242.81   317.584 0.0867847   0.0642084
52.478   215.962   268.44 0.0641148   0.0562695
51.0181   202.349   253.367 0.0632782   0.0542818
55.0446   217.742   272.786 0.0682301   0.0569408
56.3345   224.09   280.424 0.0696347   0.058693
60.2158   234.546   294.762 0.0762869   0.0617498
69.1827   252.15   321.332 0.0846013   0.0651971
72.9967   241.628   314.625 0.0837358   0.0617226
80.0589   254.127   334.186 0.0932001   0.064888
73.3587   267.427   340.786 0.090903   0.0686379
74.4551   266.319   340.774 0.0911137   0.0685917
71.9877   266.956   338.943 0.090346   0.0700266
78.3391   279.031   357.37 0.0984159   0.0728731
60.0333   226.588   286.622 0.0712139   0.0546444
62.3018   234.713   297.015 0.0740807   0.0559206
70.3145   256.036   326.351 0.0851523   0.0627886
70.8778   243.002   313.88 0.0832094   0.0592198
75.0939   243.498   318.592 0.0883977   0.0602942
75.7424   260.304   336.046 0.0911022   0.0640007
76.8431   275.131   351.974 0.0904213   0.0667956
55.9733   250.286   306.259 0.0656771   0.0574742
62.6323   257.84   320.472 0.070811   0.0581244
61.2521   261.606   322.858 0.0715562   0.0591654
64.3478   272.407   336.755 0.0740197   0.061261
70.6918   288.903   359.595 0.0829521   0.0658694
72.1905   292.642   364.833 0.0813185   0.0670429
59.3907   255.537   314.928 0.0647804   0.0565573
68.3615   255.711   324.072 0.0719595   0.0575536
76.6772   261.314   337.991 0.0799971   0.0597561
73.8519   264.542   338.394 0.0794818   0.0600458
72.5853   253.647   326.232 0.0783013   0.0592979
86.5371   287.265   373.802 0.0908049   0.0670711
60.73   245.194   305.924 0.0629001   0.0546941
61.7859   267.83   329.616 0.0677291   0.0586736
64.1145   284.188   348.303 0.0697086   0.0623904
64.1352   295.327   359.462 0.0714598   0.0659433
75.2686   307.276   382.545 0.0755456   0.0685323
72.0317   315.852   387.883 0.0782315   0.0707236
57.7765   252.733   310.509 0.0656738   0.0551307
67.6896   265.846   333.536 0.073277   0.0590146
71.339   288.653   359.992 0.0775003   0.0644244
82.0164   329.118   411.135 0.087363   0.0729947
87.0157   315.436   402.452 0.0912305   0.0719024
76.183   280.081   356.264 0.080634   0.064351
72.4946   279.276   351.771 0.0786488   0.0634935
76.9421   267.452   344.394 0.0806803   0.0601467
69.3914   269.29   338.682 0.0764503   0.0605737
73.0193   272.96   345.98 0.0796501   0.0606343
70.9742   276.788   347.762 0.0768327   0.0605398
66.2336   266.874   333.108 0.0715458   0.059256
68.6844   273.071   341.756 0.0739536   0.0615476
75.3984   279.811   355.21 0.0769371   0.0631533
72.7439   273.29   346.034 0.0755388   0.0620902
65.6453   274.843   340.489 0.0756282   0.0610797
59.7605   240.588   300.348 0.0649217   0.0542628
81.2297   344.203   425.433 0.0870008   0.0782132
83.4274   348.2   431.628 0.0900943   0.0796706
53.2614   237.487   290.749 0.0610096   0.055818
47.9663   216.759   264.725 0.0527334   0.0493824
54.0506   216.776   270.827 0.0603693   0.0500831
52.5793   217.029   269.609 0.0593111   0.0507493
59.7139   228.847   288.561 0.0652848   0.0524799
61.3386   241.758   303.096 0.0685539   0.0543367
45.8923   211.853   257.745 0.0537066   0.0480774
67.6871   300.231   367.918 0.0766906   0.0670158
75.2501   304.852   380.102 0.084188   0.0682225
70.0326   237.696   307.728 0.0751423   0.0540986
68.7021   239.512   308.214 0.0740723   0.053216
68.5819   253.851   322.433 0.0719454   0.0557976
54.1946   236.706   290.901 0.0584834   0.0507881
58.308   246.415   304.723 0.0666377   0.0527233
63.8786   252.739   316.618 0.0731923   0.0542621
61.593   260.821   322.414 0.0718914   0.0571913
59.967   256.392   316.359 0.0696278   0.0572143
54.4615   247.849   302.31 0.0615558   0.0535773
64.2353   268.557   332.792 0.0737997   0.0601309
63.7074   263.806   327.514 0.0727876   0.0589775
59.5243   251.383   310.908 0.0712525   0.0589631
50.7072   255.357   306.064 0.0585533   0.0561409
55.3089   261.242   316.551 0.0649928   0.0591767
67.1373   284.719   351.856 0.0763069   0.0632732
72.954   266.937   339.891 0.0815311   0.0609918
53.0969   260.166   313.263 0.0639876   0.0573785
61.6634   280.854   342.517 0.0740257   0.0617566
65.6807   287.653   353.334 0.0774841   0.0642035
66.612   284.268   350.88 0.0815724   0.064621
67.7978   305.652   373.45 0.0832283   0.0684521
70.8447   316.581   387.426 0.0855612   0.0712699
69.7958   310.71   380.506 0.0863595   0.0708639
69.9802   306.571   376.551 0.0888525   0.0703694
69.2098   305.604   374.813 0.0937041   0.0709057
71.8897   303.903   375.793 0.0934603   0.0705734
53.4922   259.701   313.193 0.0694929   0.0599011
53.2139   249.977   303.191 0.0740883   0.0592994
59.8646   249.221   309.085 0.0804199   0.0602128
63.7033   255.801   319.505 0.0840783   0.0612991
65.86   257.075   322.935 0.0854658   0.0610398
69.7984   267.422   337.221 0.0895999   0.0631607
67.1295   277.824   344.954 0.0912333   0.0658914
73.9782   276.345   350.323 0.0951611   0.0654566
49.1533   244.655   293.808 0.0661329   0.0573971
55.5589   246.095   301.653 0.0742021   0.0579182
57.683   243.555   301.238 0.0764519   0.0573847
60.7222   249.716   310.439 0.0790448   0.060957
66.6511   248.64   315.291 0.0836274   0.0607056
69.7986   253.832   323.631 0.0881852   0.0620465
46.467   231.307   277.774 0.0641366   0.0562484
49.8739   230.768   280.642 0.0662996   0.0570714
51.6474   231.618   283.265 0.0701254   0.0580532
62.3273   270.507   332.834 0.0814558   0.0685001
61.8098   284.395   346.205 0.0822668   0.0712829
40.8473   222.167   263.014 0.0566852   0.0533259
44.4325   217.636   262.069 0.0599022   0.0539572
47.8519   224.871   272.723 0.0636752   0.0553256
56.9246   227.046   283.97 0.0713341   0.0560192
65.8202   282.658   348.478 0.0848016   0.0679548
63.7788   289.977   353.756 0.0803867   0.0688291
49.3806   234.786   284.167 0.0650601   0.0545
44.812   238.492   283.304 0.0655466   0.0545748
47.8616   250.298   298.159 0.0677208   0.0580501
49.0037   248.516   297.52 0.0703823   0.0595106
45.9025   227.54   273.442 0.0635328   0.0535199
50.1181   237.022   287.141 0.0685298   0.0557438
55.2984   240.907   296.205 0.0753898   0.0563228
57.1447   247.918   305.062 0.0820161   0.0583232
59.1847   255.266   314.45 0.0857394   0.0600989
57.7783   258.164   315.942 0.0855467   0.0618712
60.8622   266.228   327.09 0.0857455   0.0628489
58.0266   261.718   319.744 0.0841209   0.0637403
52.9801   264.046   317.027 0.0816754   0.0653473
52.9266   267.007   319.934 0.0787598   0.0652669
63.9402   293.897   357.837 0.0914551   0.0727442
42.3763   231.175   273.551 0.0669716   0.0581498
50.1102   215.389   265.499 0.0739634   0.0568333
45.6757   219.48   265.155 0.0733157   0.0602602
42.1859   209.044   251.23 0.0735801   0.0599524
30.0199   205.274   235.294 0.0586555   0.0582701
35.5936   197.303   232.896 0.0660568   0.055772
41.4594   204.953   246.413 0.0743266   0.0597496
40.939   213.179   254.118 0.0750409   0.0601672
36.3386   199.759   236.098 0.0675689   0.0560901
39.5051   213.767   253.272 0.0698958   0.0587078
41.8399   218.023   259.862 0.0739744   0.0592678
39.7627   221.111   260.874 0.075912   0.0605254
38.7635   204.543   243.306 0.0695185   0.0561468
40.0412   206.173   246.214 0.0773245   0.0572174
43.9102   207.824   251.734 0.0806876   0.0597503
38.7265   195.695   234.421 0.0762583   0.0569902
41.8468   213.333   255.179 0.0816683   0.0627486
41.9741   203.912   245.887 0.0828299   0.0612994
43.4277   202.408   245.836 0.0853028   0.0620752
41.6504   202.455   244.106 0.0829218   0.0627518
42.8256   213.389   256.214 0.0829685   0.0643254
41.3112   201.462   242.774 0.0781669   0.06152
42.5168   202.342   244.859 0.0802708   0.0603707
44.3242   199.115   243.439 0.0880031   0.0593223
43.429   197.874   241.303 0.0849328   0.0594334
39.0319   195.515   234.547 0.0781419   0.0571515
39.4485   214.103   253.551 0.0760966   0.0619833
41.5588   220.773   262.332 0.0798184   0.0634679
41.8248   218.149   259.974 0.079064   0.0598079
36.2633   201.796   238.059 0.0681213   0.0565201
36.2528   196.05   232.303 0.0696099   0.0560784
36.8809   191.446   228.327 0.0710342   0.0549217
34.7763   203.02   237.797 0.0679225   0.0557901
39.3937   205.2   244.594 0.0719389   0.0561393
41.7856   203.298   245.083 0.0740879   0.0557805
46.2018   201.843   248.045 0.0756663   0.0567198
36.7617   188.629   225.39 0.0616806   0.0529826
39.4557   197.692   237.147 0.069679   0.0539294
39.3208   197.841   237.161 0.0667586   0.0550321
38.0637   205.172   243.235 0.0649828   0.0563581
40.5513   204.469   245.02 0.0680391   0.0557137
35.8637   196.549   232.413 0.0638713   0.0539378
39.386   209.97   249.356 0.0663734   0.0569117
41.0256   205.085   246.11 0.0711633   0.0570512
41.0459   211.994   253.04 0.0687535   0.0582535
35.1697   210.126   245.296 0.054987   0.0556508
38.5402   212.565   251.105 0.0576086   0.0559935
42.7841   221.769   264.553 0.0623493   0.0570541
48.9969   230.569   279.566 0.0694499   0.0572949
50.8992   229.693   280.592 0.0682752   0.0538081
51.2092   237.668   288.878 0.0717718   0.0559373
57.2502   255.696   312.946 0.0781572   0.0587604
53.7946   255.949   309.744 0.0742762   0.0595439
47.4817   248.035   295.517 0.0669133   0.0585984
47.8179   237.196   285.013 0.0676349   0.0573657
52.8428   256.283   309.126 0.0753461   0.0612312
52.4824   262.215   314.697 0.0756776   0.0624693
52.4052   259.557   311.963 0.0736029   0.0610493
55.6551   263.369   319.024 0.0764703   0.0611064
64.0509   268.955   333.006 0.0812828   0.0621546
60.4023   281.063   341.465 0.0816248   0.0625906
59.8877   280.892   340.78 0.0792165   0.0631871
44.2378   245.673   289.911 0.0625049   0.056938
48.3572   242.106   290.464 0.0682626   0.0569501
44.9291   241.319   286.248 0.0644376   0.0591759
46.6466   242.76   289.406 0.0670932   0.0590333
46.2431   232.82   279.063 0.0652691   0.0560742
48.9281   233.917   282.845 0.0692249   0.056222
55.8121   247.094   302.906 0.0749357   0.0584643
47.7504   255.858   303.609 0.0664862   0.0599959
48.1074   236.253   284.36 0.0611742   0.0553622
52.3223   260.465   312.788 0.0650572   0.0598324
51.3609   251.213   302.574 0.0689964   0.0571509
55.3211   259.306   314.627 0.0715667   0.0580591
42.893   250.084   292.977 0.0586129   0.0564014
63.6119   353.696   417.308 0.0853033   0.0821103
54.1273   347.851   401.978 0.0771358   0.0791521
39.5268   244.477   284.004 0.0578046   0.0560213
36.1648   243.256   279.421 0.050411   0.053668
40.588   252.08   292.668 0.0559835   0.0552953
42.2454   282.95   325.196 0.0593168   0.0611467
50.4035   291.025   341.429 0.069109   0.0642629
44.3937   271.503   315.897 0.0629251   0.0593817
44.0376   257.836   301.874 0.0609264   0.0573708
46.6858   254.059   300.745 0.0631957   0.0571209
49.8887   260.7   310.588 0.0685284   0.0591907
51.4907   267.475   318.966 0.0680194   0.060253
44.1331   248.412   292.546 0.05912   0.0556542
48.4389   250.054   298.493 0.0625502   0.0562146
53.5605   241.802   295.363 0.0674566   0.0553222
51.6983   276.037   327.735 0.0689771   0.0622056
48.0788   247.948   296.027 0.0629139   0.0571756
45.172   235.868   281.04 0.0593393   0.0544197
43.8238   250.101   293.924 0.0590776   0.0570823
41.4504   251.379   292.829 0.0567969   0.0574186
42.4094   247.17   289.58 0.0580553   0.0567262
48.2333   257.535   305.768 0.0651215   0.0591966
48.4994   255.071   303.571 0.0634975   0.0581346
77.6385   397.228   474.867 0.0984566   0.0915882
91.1287   407.427   498.556 0.102777   0.0956776
47.6052   275.23   322.835 0.0665249   0.0654467
56.6504   288.646   345.297 0.0773159   0.0685225
43.4945   231.279   274.774 0.0633262   0.0558893
47.6151   234.918   282.533 0.0671392   0.0563839
42.7755   229.134   271.91 0.0659505   0.0559027
42.4943   229.486   271.98 0.0645418   0.0555119
38.2405   224.274   262.514 0.0608602   0.0541681
39.323   216.9   256.223 0.0612667   0.0532619
39.9472   213.278   253.225 0.0619145   0.0533943
41.0445   204.477   245.521 0.0638991   0.0507723
27.4094   200.919   228.329 0.0457586   0.0496648
30.7368   198.272   229.008 0.0504295   0.049889
34.5214   210.083   244.605 0.0542618   0.0530835
36.9793   203.564   240.544 0.0548451   0.0530357
38.9904   212.115   251.105 0.0591122   0.0548101
43.374   222.219   265.593 0.0626973   0.0569412
43.8928   233.971   277.864 0.0643904   0.0576377
33.9161   214.49   248.406 0.0545056   0.0527455
40.8341   248.406   289.24 0.0623105   0.0598976
50.2879   296.01   346.298 0.0740981   0.0712305
53.1904   297.515   350.705 0.0752127   0.0718392
58.1747   284.665   342.84 0.0812212   0.0700068
57.7554   265.538   323.294 0.079883   0.0682372
65.3154   294.438   359.754 0.0891745   0.0757581
42.126   256.115   298.241 0.0693677   0.0706607
37.2306   212.307   249.537 0.0647713   0.0581567
39.7832   225.848   265.632 0.0695308   0.0620008
39.3065   221.872   261.179 0.0667796   0.0607769
38.4748   226.478   264.953 0.0684119   0.0625077
33.0862   199.113   232.199 0.0584148   0.0547677
33.4417   201.733   235.175 0.0605279   0.0551335
29.8574   187.968   217.825 0.0567811   0.0521023
31.0071   189.574   220.581 0.0613273   0.0530484
28.9818   182.447   211.429 0.0584605   0.0522697
27.9209   183.219   211.14 0.0561505   0.0524571
28.2987   184.037   212.336 0.0595449   0.0535459
29.2856   179.639   208.925 0.0564269   0.0517007
31.2409   176.428   207.669 0.0612967   0.0515318
31.2085   185.389   216.597 0.0615795   0.0539297
31.3423   176.543   207.885 0.0651268   0.0516849
31.8271   185.965   217.792 0.0626827   0.0548044
40.5424   185.254   225.796 0.0748843   0.0547246
30.2964   185.749   216.045 0.0599335   0.0546682
37.6203   190.232   227.852 0.0689017   0.0567518
39.9271   198.665   238.592 0.0740762   0.0587114
39.1591   188.934   228.093 0.0760372   0.0567505
41.8164   188.813   230.63 0.0777497   0.0574715
36.9388   183.602   220.541 0.0727142   0.0558175
36.436   181.942   218.378 0.0725455   0.0552763
39.167   177.014   216.181 0.0751046   0.0542654
35.6165   175.294   210.911 0.0721274   0.0532648
28.0206   180.682   208.703 0.0586512   0.0540035
30.5135   180.088   210.601 0.0619878   0.0541252
29.5863   181.978   211.564 0.0591331   0.0551226
28.8443   179.587   208.431 0.059781   0.0538127
29.3401   181.117   210.457 0.057492   0.0543351
28.6168   182.014   210.631 0.0578118   0.0544571
33.0055   178.159   211.164 0.0615487   0.0538244
32.7884   176.481   209.269 0.0640147   0.0529622
34.0422   182.352   216.394 0.0667494   0.0547892
31.7933   180.606   212.399 0.0617946   0.0539766
30.9967   182.222   213.219 0.0603929   0.0553236
30.0984   181.471   211.57 0.0609279   0.055008
34.8352   181.254   216.089 0.0655619   0.0543544
35.3135   178.989   214.303 0.0673066   0.0538314
33.8575   179.655   213.512 0.0674005   0.0538695
36.6827   182.758   219.441 0.0700943   0.0539481
36.4435   181.894   218.338 0.0676759   0.0542725
33.0373   177.836   210.873 0.067908   0.0539346
29.4629   179.349   208.812 0.0608109   0.0539598
26.7832   177.232   204.016 0.0573926   0.0535985
29.0914   181.337   210.428 0.0574078   0.053861
28.8076   180.561   209.368 0.0567357   0.0546078
29.3563   179.413   208.769 0.0553893   0.053596
28.6758   178.058   206.733 0.058284   0.053527
28.334   178.25   206.584 0.0551602   0.0534483
28.8883   179.586   208.474 0.0575082   0.0537951
29.7184   182.267   211.985 0.0578461   0.054526
29.4749   180.021   209.496 0.0551964   0.0542124
26.6193   176.665   203.284 0.0539945   0.0534335
27.8168   177.784   205.601 0.0565765   0.0536409
