1601         1601
1505         697
1535         722
1520         706
1514         719
1534         718
1560         719
1593         732
1584         732
1611         734
1548         709
1527         711
1526         684
1486         704
1523         703
1485         743
1515         730
1548         769
1560         758
1589         748
1658         788
1630         798
1583         761
1645         791
1600         759
1568         747
1545         733
1549         766
1559         739
1557         741
1625         767
1621         715
1567         688
1557         712
1528         683
1572         776
1524         774
1517         745
1474         739
1490         780
1515         810
1537         794
1495         766
1511         792
1542         805
1527         774
1502         784
1506         753
1479         762
1493         767
1479         777
1466         771
1461         777
1538         787
1586         829
1559         816
1568         779
1587         796
1588         826
1606         851
1577         791
1569         813
1638         804
1619         814
1601         781
1595         791
1589         773
1610         790
1601         774
1600         793
1607         785
1629         808
1584         820
1633         853
1582         805
1614         834
1554         803
1533         826
1525         779
1508         775
1582         817
1575         807
1567         800
1523         775
1572         782
1558         788
1567         797
1623         841
1577         809
1572         819
1582         806
1633         866
1609         831
1674         875
1652         831
1640         832
1660         863
1642         869
1643         830
1648         829
1684         875
1668         896
1696         856
1689         881
1671         879
1697         887
1691         894
1694         897
1730         894
1748         879
1733         937
1693         909
1686         893
1726         910
1691         912
1731         947
1745         899
1677         874
1678         909
1708         896
1705         887
1768         936
1700         918
1685         884
1756         906
1713         881
1734         891
1750         933
1742         925
1730         886
1745         873
1749         878
1704         841
1743         857
1706         893
1701         898
1673         930
1668         817
1759         906
1643         856
1646         831
1664         883
1603         822
1577         832
1558         839
1590         878
1578         864
1599         859
1602         843
1549         856
1552         830
1512         805
1570         842
1572         823
1557         826
1619         867
1572         868
1614         892
1639         898
1622         875
1652         881
1678         871
1669         897
1655         882
1650         888
1653         886
1659         881
1635         847
1611         827
1635         867
1700         836
1686         840
1680         863
1675         858
1726         863
1684         870
1690         896
1706         860
1780         894
1761         860
1722         840
1725         838
1685         842
1690         862
1666         852
1646         857
1677         865
1682         852
1649         841
1672         858
1687         824
1644         773
1675         807
1608         751
1643         808
1640         795
1665         811
1655         835
1718         822
1679         829
1676         832
1624         817
1654         825
1577         805
1611         809
1646         861
1649         826
1608         831
1575         790
1596         809
1542         788
1578         798
1537         772
1523         764
1554         801
1520         789
1484         749
1469         761
1444         693
1496         742
1459         733
1472         754
1467         760
1463         763
1470         794
1505         795
1503         766
1451         748
1474         770
1449         776
1468         779
1495         789
1471         757
1499         726
1456         714
1440         741
1472         751
1435         772
1459         748
1483         779
1449         691
1466         717
1425         725
1466         749
1409         714
1409         715
1402         749
1439         771
1409         688
1423         690
1394         684
1465         725
1466         727
1522         755
1499         738
1492         720
1506         738
1492         738
1474         748
1458         723
1424         663
1383         627
1390         633
1401         726
1428         738
1463         740
1504         763
1583         754
1526         727
1452         680
1431         659
1395         721
1355         697
1407         707
1428         709
1364         681
1408         742
1338         674
1300         615
1321         635
1347         745
1379         759
1384         757
1389         787
1371         771
1418         823
1393         818
1420         858
1435         844
1427         855
1427         805
1365         776
1347         759
1306         792
1335         820
1324         808
1343         798
1326         781
1329         757
1339         787
1329         789
1355         795
1338         779
1329         796
1340         807
1315         791
1351         804
1298         755
1392         804
1368         771
1411         792
1386         789
1423         802
1491         877
1482         856
1447         842
1446         843
1422         843
1478         873
1399         829
1439         866
1462         861
1474         818
1449         806
1481         806
1470         809
1460         789
1466         817
1522         871
1522         859
1518         807
1525         817
1467         796
1502         796
1515         843
1551         841
1534         825
1566         851
1552         849
1576         831
1582         849
1539         852
1565         884
1522         856
1538         869
1495         852
1569         887
1582         916
1661         950
1673         958
1596         929
1637         927
1629         953
1620         965
1581         912
1534         919
1550         897
1649         996
1545         920
1552         879
1565         923
1548         920
1567         938
1591         953
1604         944
1570         921
1581         953
1556         907
1550         916
1544         923
1555         925
1615         928
1624         980
1623         963
1496         868
1540         920
1560         933
1530         926
1518         873
1563         909
1558         895
1556         886
1573         914
1535         894
1520         854
1568         882
1542         893
1601         932
1624         927
1643         953
1578         926
1574         875
1530         872
1542         856
1562         861
1541         884
1550         870
1526         875
1488         835
1523         866
1523         851
1528         879
1556         894
1568         829
1510         833
1533         847
1491         816
1478         814
1500         828
1453         808
1431         787
1367         738
1393         769
1421         769
1381         718
1397         744
1382         757
1418         770
1419         779
1358         735
1400         777
1446         743
1453         748
1418         754
1381         768
1457         797
1392         791
1363         724
1426         752
1382         736
1432         765
1399         751
1416         720
1408         741
1454         751
1480         798
1439         776
1394         793
1423         759
1343         683
1364         706
1350         696
1349         722
1363         731
1374         733
1327         696
1357         690
1338         675
1350         709
1315         689
1273         648
1340         672
1304         699
1285         632
1276         677
1237         623
1142         573
1080         511
1129         538
1101         557
1091         545
1123         537
1097         565
1080         565
1054         523
1077         557
995         517
1072         544
994         507
994         512
1005         506
1004         509
1007         502
1044         516
1017         528
1014         529
971         503
976         511
953         499
1000         518
1008         520
1039         529
1082         532
1037         520
1034         519
1042         512
1052         547
1088         564
1143         610
1149         596
1098         566
1120         589
1129         585
1095         596
1157         561
1149         593
1137         576
1196         597
1237         639
1312         669
1308         686
1302         705
1428         745
1386         713
1410         732
1434         724
1440         709
1384         707
1399         701
1394         693
1393         712
1402         727
1487         788
1403         740
1385         756
1377         707
1376         708
1466         697
1433         695
1465         708
1472         706
1466         744
1467         718
1485         786
1523         804
1450         744
1456         773
1477         731
1437         745
1409         701
1413         683
1488         717
1481         725
1481         712
1498         729
1520         705
1538         722
1581         738
1563         728
1581         757
1590         746
1571         774
1639         794
1565         749
1572         764
1603         761
1581         741
1558         729
1574         730
1532         740
1645         763
1592         788
1698         886
1601         715
1558         732
1554         686
1537         709
1519         648
1530         658
1453         628
1467         641
1478         645
1457         642
1434         599
1387         609
1449         636
1491         674
1483         659
1463         691
1453         681
1477         622
1458         655
1441         678
1415         707
1410         716
1439         723
1365         732
1292         607
1240         574
1194         572
1206         588
1192         562
1188         566
1185         552
1155         525
1146         505
1089         495
1097         497
1072         475
1088         519
1075         509
1061         506
1067         481
1079         507
1079         541
1045         505
1126         546
1081         539
1087         515
1098         537
1096         508
1044         502
1073         521
1035         493
1021         477
1094         492
1092         500
1084         482
1104         510
1109         495
1092         536
1093         512
1105         510
1096         514
1075         513
1065         494
1064         531
1090         524
1058         502
1075         523
1075         538
1045         486
1047         484
1060         466
1045         506
1060         507
1073         530
1018         492
1044         513
1027         502
1066         513
1077         534
1025         493
1046         491
