9620       9620
9198       6319
9099       6220
9188       6198
9217       6194
9306       6285
9323       6294
9272       6261
9243       6277
9189       6161
9101       6038
9082       5964
9301       6045
9506       5526
9509       5613
9403       5815
9370       5716
9284       5580
9378       5768
9504       5806
9644       5615
9524       5633
9558       5707
9513       5806
9543       5876
9535       5935
9427       5930
9562       5959
9671       6067
9711       6091
9753       5994
9707       5903
9624       5723
9627       5232
9549       5558
9375       6845
9421       6788
9441       6796
9435       6755
9397       6631
9250       6535
9102       6287
9003       6269
8943       6196
9013       6333
8986       6270
8897       6193
8942       6284
8823       6098
8732       5975
8748       5897
8695       5921
8675       6752
8614       6653
8786       6740
8749       6640
8710       6624
8755       6608
8723       6577
8708       6579
8651       6538
8532       6450
8579       6406
8568       6380
8602       6406
8701       6458
8658       6380
8537       6206
8516       6213
8571       6802
8555       6792
8616       6796
8623       6792
8644       6778
8509       6698
8487       6650
8572       6719
8457       6506
8539       6593
8420       6503
8526       6607
8478       6551
8473       6455
8497       6491
8500       6432
8510       6509
8427       6749
8454       6720
8488       6820
8512       6812
8503       6793
8475       6720
8438       6682
8319       6528
8467       6671
8455       6645
8385       6590
8418       6617
8361       6523
8340       6501
8305       6445
8252       6682
8261       6659
8127       6511
8114       6489
8224       6567
8066       6420
8030       6349
8020       6362
8088       6399
8003       6303
7997       6297
7991       6318
8052       6271
8054       6292
8082       6294
8082       6511
8107       6470
8065       6405
8073       6421
8031       6419
7847       6251
7812       6199
7842       6187
7832       6148
7800       6083
7708       5958
7830       6039
8110       6240
8114       6456
8099       6426
8114       6377
8056       6350
7953       6236
7869       6193
7757       6046
7634       5906
7496       5843
7430       5822
7407       5717
7295       5854
7210       5818
7163       5683
7196       5673
7085       5638
6989       5521
6900       5421
6747       5271
6632       5165
6596       5120
6546       5252
6436       5157
6433       5152
6324       5082
6197       4961
6289       5028
6193       4945
6045       4833
5930       4725
5742       4555
5763       4665
5685       4589
5591       4486
5585       4494
5538       4434
5419       4295
5341       4262
5257       4141
5202       4126
5153       4079
5221       4202
5115       4075
5087       4039
5020       4015
5093       4083
4939       3943
4892       3888
4936       3892
4862       3791
4875       3806
4815       3720
4817       3807
4786       3756
4770       3759
4746       3706
4700       3655
4743       3648
4672       3646
4699       3659
4670       3619
4600       3520
4632       3613
4573       3582
4518       3490
4411       3432
4412       3402
4414       3362
4331       3331
4165       3208
4148       3127
4147       3148
4144       3216
4117       3194
4083       3110
4059       3117
4021       3085
4071       3111
3974       2984
3930       2969
3943       2961
3962       3104
3929       3061
3865       2984
3816       2904
3802       2893
3743       2831
3776       2836
3783       2834
3804       2994
3648       2875
3594       2789
3522       2676
3517       2663
3387       2537
3346       2440
3222       2350
3176       2506
3047       2340
3022       2285
3026       2250
2970       2154
2969       2157
2987       2128
2932       2273
2826       2170
2839       2124
2863       2094
2823       2017
2841       1972
2809       1950
2911       2217
2926       2207
2934       2126
3021       2120
3133       2146
3122       2128
3156       2072
3197       2070
3254       2467
3345       2475
3467       2475
3455       2474
3517       2381
3539       2365
3557       2396
3579       2322
3753       2814
3895       2872
4000       2946
3907       2830
3890       2748
4022       2759
4121       2835
4111       3119
4043       3031
4135       3104
4256       3162
4253       3151
4227       3062
4243       3077
4271       3077
4332       3446
4331       3414
4252       3367
4253       3406
4331       3433
4312       3421
4091       3267
4105       3282
4163       3298
4204       3520
4085       3453
4094       3421
4167       3449
4236       3470
4365       3551
4413       3555
4427       3573
4541       3614
4504       3596
4628       3951
4766       4024
4804       3995
4850       4024
4892       4055
4957       4135
4886       4066
4985       4087
5012       4087
5079       4386
5014       4254
5036       4265
4994       4205
5036       4174
4924       4046
5045       4052
5112       4124
5152       4102
5097       3995
5077       3951
5142       4284
5131       4266
5121       4220
5042       4170
4912       4073
4884       4125
4751       3978
4701       3948
4646       3867
4674       3889
4634       3815
4615       3781
4583       3838
4546       3727
4617       3824
4594       3818
4579       3798
4621       3867
4698       3914
4683       3916
4722       3896
4777       3882
4750       3812
4841       3829
4820       4146
4914       4197
4879       4077
4935       4103
4924       4038
4954       4067
4976       4119
5003       4354
5111       4436
5132       4421
5163       4446
5131       4386
5156       4365
5190       4518
5159       4443
5076       4373
5140       4405
5090       4277
5095       4283
5142       4483
5261       4564
5295       4555
5307       4478
5313       4483
5345       4466
5350       4584
5295       4504
5290       4480
5316       4508
5183       4387
5163       4352
5195       4398
5191       4446
5250       4445
5292       4501
5346       4572
5324       4503
5234       4436
5191       4430
5153       4401
5247       4499
5136       4433
5191       4400
5198       4370
4990       4254
5075       4389
5040       4328
5020       4276
5036       4360
5163       4449
5096       4406
5213       4480
5229       4468
5146       4393
5293       4500
5368       4549
5398       4660
5447       4673
5420       4657
5325       4560
5243       4481
5272       4626
5160       4466
5188       4473
5059       4263
5290       4548
5152       4414
5294       4499
5191       4376
5261       4534
5290       4547
5231       4480
5203       4399
5295       4465
5281       4442
5232       4384
5218       4356
5212       4310
5198       4306
5076       4335
4982       4215
4891       4139
4973       4173
4984       4211
5080       4234
5094       4216
5079       4221
5070       4262
5061       4249
5051       4244
4946       4096
4959       4095
5005       4091
4945       4112
4873       4043
4836       3989
4835       3949
4913       3989
4952       4166
4804       4033
4884       4064
4870       4053
5018       4159
5044       4213
5144       4308
5248       4370
5144       4311
5074       4176
5053       4251
5045       4252
5123       4277
5089       4250
5055       4247
4993       4172
5071       4236
4963       4106
4876       4040
4902       4091
4895       4040
4740       3975
4562       3789
4426       3642
4268       3486
4226       3522
4220       3537
4138       3430
4259       3543
4229       3561
4293       3641
4326       3678
4337       3653
4262       3643
4242       3603
4107       3478
4039       3433
4012       3399
3960       3326
3904       3260
3859       3226
3981       3317
3919       3274
4004       3351
4009       3356
4009       3329
4022       3421
4048       3454
4072       3478
4217       3647
4142       3570
4089       3496
4140       3485
4266       3639
4257       3655
4261       3644
4211       3558
4169       3560
4277       3665
4240       3595
4345       3640
4345       3670
4321       3644
4391       3689
4367       3594
4409       3639
4486       3775
4576       3796
4679       3887
4815       4024
5036       4268
5062       4248
5176       4351
5159       4298
5084       4232
4944       4134
5013       4185
4981       4197
5015       4251
5127       4310
5192       4327
5338       4490
5288       4445
5085       4314
4994       4251
4850       4078
4918       4112
4907       4152
4950       4160
5052       4226
5083       4264
5045       4267
5121       4353
5194       4395
5257       4466
5161       4434
5103       4307
5193       4394
5109       4364
5243       4532
5262       4558
5392       4627
5308       4528
5322       4572
5249       4494
5218       4447
5164       4404
5213       4439
5230       4463
5179       4448
5089       4370
5161       4437
5074       4336
5027       4334
5063       4381
5065       4378
5114       4357
5066       4350
5101       4387
5259       4337
5255       4258
5095       4205
5071       4212
4986       4138
4999       4166
4892       4098
4931       4134
4917       4140
4874       4072
4824       3994
4840       4027
4840       4045
4701       3974
4735       3957
4596       3838
4655       3870
4716       3902
4829       4059
4834       4066
4929       4147
4962       4155
4971       4141
4906       4066
4710       3891
4694       3886
4436       3624
4400       3650
4442       3642
4494       3650
4422       3623
4413       3635
4439       3659
4403       3607
4353       3573
4256       3490
4246       3492
4228       3437
4199       3474
4164       3423
4133       3437
4158       3415
4107       3393
4096       3385
4091       3397
4073       3352
4071       3383
4030       3329
4023       3285
4047       3289
4021       3291
4005       3262
4016       3291
4055       3345
4059       3327
4008       3301
4031       3337
4044       3333
4043       3342
4035       3310
4004       3332
4017       3328
4021       3346
3991       3293
4018       3299
4032       3334
4042       3325
4047       3335
4055       3387
4057       3351
4008       3297
4031       3323
4012       3306
4040       3366
4019       3306
4054       3347
4022       3326
4039       3335
4037       3338
4043       3342
4039       3320
4021       3306
4037       3314
