0
72
22
31
31
22
18
20
33
30
22
32
34
62
70
58
55
68
45
61
70
70
53
48
30
46
29
56
48
76
64
54
58
73
87
48
50
37
26
56
36
35
34
31
52
32
47
47
49
34
60
35
60
36
38
49
49
35
47
45
55
45
34
57
39
37
37
59
40
37
36
38
49
37
48
51
36
48
48
48
42
26
30
38
46
27
47
46
50
60
49
44
51
53
49
31
61
59
34
53
60
53
34
34
37
41
51
47
57
37
36
59
40
50
50
48
55
50
49
42
48
40
44
28
46
45
64
43
80
38
47
85
77
47
44
47
53
61
46
50
45
43
51
42
77
46
75
45
52
48
43
31
38
40
60
43
39
39
27
61
42
47
38
46
36
35
54
39
45
39
36
36
32
46
52
40
44
28
37
43
41
33
51
37
28
38
41
54
37
35
28
36
46
42
33
38
40
49
42
47
57
44
55
57
57
42
36
32
36
36
40
41
46
40
39
61
45
36
45
29
33
31
26
40
38
35
28
40
36
34
44
46
50
31
29
39
45
28
27
52
43
36
40
40
34
23
43
41
40
35
46
41
30
39
34
161
40
38
33
37
37
54
39
39
49
37
41
43
57
63
47
69
50
44
41
62
37
42
45
46
47
49
49
35
47
48
42
46
40
49
31
39
52
33
49
30
45
45
33
33
47
45
34
40
39
40
42
47
46
32
52
44
43
42
36
27
30
56
38
37
35
50
38
38
34
37
32
40
39
44
45
52
47
49
49
37
46
47
38
45
55
39
52
52
54
46
39
40
32
48
60
38
45
39
37
45
40
39
34
42
38
45
49
49
53
43
36
36
40
40
38
41
34
44
43
44
56
47
31
49
37
41
35
43
35
51
58
39
32
41
34
31
41
46
48
48
55
45
48
43
49
63
58
51
32
47
44
45
53
51
49
44
43
42
41
44
31
44
49
51
60
55
51
46
42
45
47
43
53
45
55
57
49
40
45
42
53
47
42
31
42
39
37
29
51
49
65
50
50
50
58
40
47
33
41
59
58
45
53
45
76
47
43
44
49
51
43
44
47
35
34
69
59
44
36
44
44
49
36
42
37
41
28
38
42
51
38
42
36
47
44
45
31
34
33
48
38
63
49
41
49
53
52
70
65
52
45
55
56
57
51
53
55
47
56
50
53
43
47
44
48
46
50
56
46
55
47
47
61
75
51
58
51
51
64
64
57
47
66
51
52
50
57
64
69
48
48
53
47
60
64
91
109
66
78
60
48
47
56
63
60
47
62
50
49
51
38
56
47
59
50
62
54
52
46
53
75
57
52
66
51
54
50
55
51
46
46
39
43
45
46
40
36
40
45
47
39
40
47
49
33
40
58
42
39
36
35
36
32
29
36
37
39
36
39
30
32
32
29
30
25
35
37
29
40
36
35
34
31
32
39
31
35
31
