44988      16938
43578      16312
43516      16121
44477      16146
45377      16220
45934      16278
45866      16374
46178      16346
46386      16451
45965      16344
46186      16581
46119      16556
46260      16558
46324      16539
46051      16522
46201      16463
46207      16455
46431      16427
46224      16439
46007      16404
46256      16459
46364      16408
46098      16369
46004      16545
45659      16460
44964      16480
44748      16666
44434      16599
44153      16625
44031      16493
43683      16486
43828      16344
43707      16306
43787      16502
43895      16452
43809      16474
43914      16555
44354      16856
44593      16780
45228      16952
45448      17010
45737      17177
45510      16963
45533      17088
45748      17055
45650      17069
45823      17058
45547      17007
45589      16999
45894      17101
45893      16897
45707      16808
45848      16703
45840      16782
45839      16908
46008      16852
45869      17007
45907      17054
45661      16930
46136      17209
45913      17242
45976      17144
45861      17099
46301      17144
46332      17093
46194      16845
46136      16755
45992      16594
46012      16641
46056      16643
46071      16445
45671      16469
45935      16503
46151      16597
46097      16668
46159      16563
45874      16517
46046      16548
46143      16592
46256      16482
46093      16320
46333      16441
46179      16283
46118      16178
46273      16066
46457      15985
46395      15971
46446      16008
46172      16009
46197      16108
46400      16104
46445      16147
46328      16094
46502      15965
46290      15896
46510      15919
46550      15838
46535      15723
46461      15710
46614      15684
46440      15665
46471      15780
46342      15684
46589      15655
46601      15762
46495      15661
46528      15669
46706      15768
46454      15735
46557      15718
46315      15694
46348      15770
46277      15734
46547      15822
46555      15941
46431      15984
46662      15817
46527      15775
46737      15770
46524      15843
46657      15904
46721      15851
46682      15669
46577      15625
46565      15695
46731      15644
46525      15692
46788      15745
46808      15835
46740      15876
46748      15831
46790      15884
46664      15797
46522      15671
46470      15694
46538      15726
46348      15576
46271      15618
46771      15743
46760      15678
46928      15728
46772      15681
46620      15752
46704      15738
46615      15801
46818      15671
46767      15755
46601      15729
46566      15631
46454      15603
46754      15694
46748      15722
46922      15736
46683      15695
46782      15753
46855      15694
46737      15680
46785      15503
46667      15529
46437      15617
46963      15777
46883      15870
46827      15777
46639      15734
46596      15781
46785      15702
46757      15759
46974      15797
46884      15806
46828      15939
46637      15753
46845      15861
46778      15650
47015      15816
46841      15737
46929      15990
46784      15883
47031      15860
46962      15821
46939      15786
46935      15864
46807      15833
46865      15719
46918      15854
46827      15849
46902      15808
46900      15623
46935      15898
46637      15830
46718      15793
47046      15928
46954      15797
46762      15766
46794      15803
46873      15752
47080      15735
46821      15792
46974      15712
46742      15690
46861      15761
47131      15876
46716      15877
46923      15785
47185      15832
46849      15697
47057      15630
46967      15589
46898      15558
47277      15656
47301      15716
47326      15864
46913      15865
47189      15820
47069      15670
47192      15717
47192      15641
47055      15697
47215      15745
47168      15762
46989      15696
46969      15786
47040      15746
47065      15672
47323      15813
47189      15741
47189      15705
47137      15722
47000      15859
46930      15855
47260      15889
47267      15873
47305      15831
47118      15766
47545      15810
46924      15774
47146      15719
47318      15872
47048      15800
47458      15792
47152      15857
47312      15902
47188      15836
47245      15767
47346      15916
47112      15846
47223      15797
46995      15619
47426      15769
47482      15639
47264      15619
47078      15569
47425      15782
47164      15723
47177      15663
47013      15733
47207      15866
47650      15981
47461      15942
47215      15813
47294      15720
47401      15745
47338      15766
47411      15700
47371      15722
47496      15707
47383      15636
47251      15667
47176      15657
47223      15619
47236      15665
47282      15550
47178      15475
47287      15449
47511      15281
47506      15150
47132      15151
47601      15068
47369      14995
47311      15016
47460      14870
47239      14794
47569      14730
47536      14545
47356      14625
47431      14584
47847      14590
47239      14446
47655      14360
47482      14347
47535      14330
47372      14282
47821      14198
47632      14012
47901      13994
47742      13863
47867      13808
47833      13625
47800      13652
47980      13603
48189      13732
47867      13643
47760      13642
47585      13471
47599      13481
47906      13491
48000      13480
47593      13504
47552      13410
47672      13301
48014      13223
48005      13377
47911      13350
47986      13258
47936      13273
48101      13179
47878      13102
48130      13045
47923      12870
48041      12808
48208      12785
47947      12812
47863      12735
47900      12731
48085      12727
47944      12722
48233      12764
48178      12694
48210      12670
47653      12606
48251      12582
48364      12524
48259      12480
48006      12470
48156      12421
47986      12357
48175      12315
48113      12331
47978      12332
48125      12364
48293      12341
47846      12394
47994      12401
48289      12268
48042      12315
47747      12303
47903      12393
47908      12224
48162      12168
48103      12187
47924      12182
47821      12148
47863      12167
47863      12163
48296      12042
47857      12056
48222      12123
47935      12090
48011      12118
48117      12135
48003      12054
47932      12085
47828      12088
47970      12076
48008      12141
48046      12084
48177      12023
48119      11992
48097      11993
48215      11993
47804      12044
47868      12026
48069      11843
47880      11848
48196      11860
48182      11869
48078      11870
47903      11862
48006      11820
48136      11837
48129      11875
47991      11727
47762      11722
47959      11765
48009      11795
48154      11682
48004      11642
48098      11609
47999      11495
48025      11529
48476      11624
48179      11491
47934      11493
48075      11620
48075      11585
48109      11549
47975      11477
48092      11361
48034      11407
47947      11467
48102      11430
48211      11398
48165      11288
47997      11262
47911      11141
47835      11181
48016      11201
48029      11158
47934      11101
47981      11125
47787      11100
47978      11007
48035      10916
47804      10985
48059      10936
47943      10837
47827      10835
48040      10822
47884      10723
47786      10723
47856      10673
47813      10716
47644      10721
47807      10622
47946      10585
47730      10563
47865      10579
47749      10436
47726      10431
47710      10433
47709      10448
47503      10269
47657      10176
47342      10184
47448      10059
47491      10067
47300      9923
47209      9914
47334      9932
47582      9825
47246      9852
46992      9582
47228      9578
46985      9609
47101      9616
46965      9475
46691      9485
46620      9444
46732      9501
46725      9415
46655      9429
46448      9288
46669      9396
46697      9321
46540      9384
46457      9350
46525      9406
46408      9458
46694      9302
46319      9429
46325      9514
46542      9508
46353      9486
46554      9544
46278      9685
46261      9654
46524      9571
46486      9460
46441      9445
46288      9448
46347      9274
46745      9191
46236      9316
46229      9345
46544      9210
46384      9046
46145      9141
46281      9294
46560      9246
46126      9173
46335      9273
46411      9528
46292      9395
46071      9274
46075      9396
45802      9558
45820      9637
45858      9529
45731      9481
45810      9660
45492      9684
45299      9684
45742      9648
45387      9743
45388      9880
45819      9781
45673      9875
45400      9961
45394      10018
45495      10158
45612      10109
45847      10210
45563      10214
45736      10395
45963      10484
45461      10406
45636      10491
45722      10621
45943      10632
45583      10523
45984      10491
45976      10655
46183      10749
46511      10754
46197      10753
46255      10952
46566      10989
46698      11004
46339      11063
46122      10992
45979      10896
46290      10904
46104      10906
46583      11146
46361      11160
46349      11176
46376      11159
45922      11043
45669      11133
45696      11084
45638      11138
44588      11009
44790      11324
44764      11358
45103      11350
45209      11331
45105      11061
45189      10952
45132      10785
45293      10872
44935      11012
45108      10831
45048      10628
45089      10749
45194      10686
44695      10769
44073      10539
44115      10356
44299      10311
44289      10244
44096      10279
43317      10422
43344      10480
43569      10439
43818      10130
45079      10131
44882      9987
44724      10072
44876      10127
45291      10107
45232      10108
45367      10271
45475      10190
45232      10256
45557      10059
45895      10261
46005      10249
46191      10420
46356      10378
46809      10572
47329      10520
47331      10739
47643      10858
47547      10793
47642      10885
47752      10944
47515      10869
47756      10953
47663      11010
47599      10964
47837      10936
47626      11098
47820      11296
47714      11361
47912      11433
47733      11460
47632      11710
48026      11598
47840      11642
47701      11499
47660      11592
47611      11569
47500      11512
47542      11389
47327      11432
47401      11706
47743      11797
47574      11702
47664      11870
47933      11948
47567      11844
47374      11779
47741      12060
47592      12048
47576      11875
47213      11894
47444      11989
47725      11932
47837      11975
47565      12032
47700      12057
47948      11953
47768      11989
47766      12057
47684      12177
47609      12232
48019      12464
47376      12342
47464      12208
47817      12459
47412      12338
47691      12394
47397      12377
47373      12418
47216      12544
47104      12610
47062      12705
47073      12486
47229      12427
47119      12090
47217      12042
47307      12008
47397      12089
47606      11909
47070      11883
47282      12038
47391      12046
47238      11983
47279      11783
47367      11756
47341      11697
47275      11929
47237      11793
47205      11834
47035      11845
47131      11825
47156      11826
47154      11788
47116      11698
47367      11713
46883      11845
47319      11871
46974      11662
47058      11838
47164      11831
47153      11719
46833      11861
47024      11917
47182      11944
47084      11901
46806      11986
47193      12088
46953      12038
47082      11969
47042      11906
47160      12034
46887      11878
47193      12121
47091      12027
47014      11908
46720      12104
47046      12093
46980      12183
46721      12137
46814      12227
46823      12174
46820      12266
46876      12048
46976      12218
46745      12238
47019      12174
47105      12330
47054      12155
47080      12457
46976      12342
47025      12427
46985      12527
47254      12483
46925      12530
46944      12420
46789      12566
46654      12425
46996      12713
46851      12464
46603      12400
46841      12321
46807      12388
46811      12393
46754      12375
46695      12513
46981      12679
46984      12448
46912      12451
46887      12569
46817      12336
46831      12379
46960      12358
46907      12294
46767      12309
46917      12188
46911      12406
46936      12419
46813      12404
46941      12511
46884      12338
46771      12375
47123      12633
47116      12550
46952      12444
46745      12484
47097      12410
46970      12316
46922      12449
46699      12386
46748      12304
46905      12278
46563      12181
46703      12286
46853      12326
46844      12243
46833      12330
46998      12284
46799      12247
46902      12364
47236      12442
47059      12473
46955      12410
46996      12311
46873      12226
46892      12275
46680      12190
46956      12535
46845      12367
46899      12537
46888      12606
46835      12387
46787      12541
46661      12348
46631      12473
46713      12442
46849      12644
46984      12677
46803      12509
46803      12611
46783      12723
46787      12668
46606      12605
46678      12402
46610      12574
46883      12783
46605      12536
46655      12704
46669      12830
46583      12749
46370      12662
46417      12785
46491      13020
46763      12896
46198      12831
46506      12828
46513      12609
46826      12951
46674      12764
46539      12667
46543      12836
46407      12734
46415      12801
46690      12824
46774      12916
46830      12972
46533      12926
46453      12906
46640      12775
46624      13001
46568      12821
46616      13015
46424      12682
46449      12765
46966      12727
46910      12396
47048      12588
46912      12591
46890      12302
46640      12404
47077      12278
46984      12194
46868      12341
46867      12145
46756      12252
46843      12496
46818      12258
46846      12396
46896      12568
46691      12474
46622      12464
46714      12415
46677      12699
46637      12485
46663      12536
46599      12608
46783      12638
46730      12661
46898      12558
46921      12560
46725      12549
46607      12661
46897      12748
46954      12353
47222      12389
47367      12376
47063      12359
47227      12541
46924      12471
47149      12468
46841      12321
47036      12102
46981      12113
47008      12076
47260      12121
47126      12102
46853      11940
46683      11963
46754      11876
46806      12171
47103      12051
47012      12006
47124      12075
46940      12126
47231      12106
47124      12101
46867      11957
46817      12160
47143      12074
47091      12267
47078      11999
46969      12277
47678      12108
47382      12228
47234      11997
47167      12161
47200      11936
47218      11898
47332      12084
47200      11916
47185      11855
47014      12034
47342      11983
46867      11906
47119      12015
46537      11966
47042      11994
46935      12010
46810      11957
46840      12287
46877      12258
46984      12172
47005      12268
46840      12154
46857      12091
46828      12081
46993      12003
46572      12075
46696      11868
46791      11685
46789      11819
46858      11968
47002      12013
46841      12081
46945      11955
47306      12053
47031      11966
47231      12172
47125      11906
47238      11832
47119      11614
47320      11652
47225      11554
47153      11482
47198      11525
47693      11623
47377      11800
47336      11776
47345      11871
47403      11821
47076      11674
47340      11674
47093      11585
47154      11631
47141      11367
47339      11496
47341      11547
47387      11300
47395      11489
47076      11364
47188      11259
47243      11254
47047      11162
47013      11022
46979      10857
47167      10967
46954      10732
47238      10867
47119      10646
47169      10537
47183      10609
47350      10483
47501      10377
47748      10476
47453      10278
47502      10323
47720      10242
47697      10352
47827      10342
47710      10229
48189      10311
47578      10337
48263      10214
48092      10129
48195      10041
47722      10123
47730      9989
48112      10052
47799      10004
47935      9868
47914      10026
48034      9674
47922      9730
47936      9660
47863      9663
47999      9765
48211      9641
48222      9725
48212      9778
48335      9581
48160      9686
48077      9602
48111      9680
48227      9714
48352      9663
48255      9763
48275      9669
48135      9882
48296      9973
48348      9735
48114      9534
47963      9563
47969      9529
47952      9378
47949      9487
47987      9312
48010      9455
47924      9410
47780      9534
48082      9802
48142      9596
48247      9691
48644      9732
47967      9724
48258      9797
47714      9794
48055      9778
47410      9947
47758      9866
48041      9964
47787      10005
48010      10155
47896      10010
48057      10051
48103      10137
47991      10053
47990      10025
47699      10282
47934      10181
47955      10127
48144      10214
47795      10317
47339      10377
47006      10572
47088      10477
47220      10524
47214      10648
47311      10942
47097      10964
47298      10910
47079      11107
47145      11022
47037      11201
46844      11309
46597      11213
46698      11369
46703      11399
46701      11388
46950      11717
46821      11538
46905      11724
46797      11863
46808      11736
46781      11943
46831      12015
46858      12207
46823      12108
46959      11989
46911      11786
46831      11743
46977      11820
46839      11728
46718      11596
47308      11753
47054      11705
47778      11718
46930      11628
47227      11782
47121      11950
47075      11944
47064      12187
47021      12303
47129      12445
47074      12409
47074      12600
46817      12512
46867      12310
46630      12093
46786      12214
46985      11994
46859      12218
46760      12212
46655      12177
46987      12409
46772      12087
46747      12452
46685      12302
46504      12423
46388      12376
46837      12382
46940      12408
46814      12206
46927      12062
47185      12415
46783      12126
47112      12274
47193      12291
47008      12314
46933      12394
47002      12280
47188      12180
46950      12309
47278      12233
46951      11972
46934      12030
46942      12061
46989      12335
46842      12161
47116      12445
46931      12346
47147      12309
46780      12381
46921      12468
47130      12600
47094      12598
47181      12729
47068      12817
46741      12846
47005      12641
46522      12662
47343      12625
47227      12693
47048      12470
46853      12425
46311      12637
46487      12473
46929      12588
46825      12500
46805      12534
46536      12147
46685      12320
46627      12408
46716      12582
46189      12674
46668      12464
46539      12249
46621      11962
46834      12089
46624      12132
46806      12043
46643      12084
46851      12058
46745      12151
46932      12369
46890      12315
46503      12016
46952      12307
46391      12053
46524      12545
46660      12391
46259      12857
46414      12760
46350      12720
46459      12673
46475      12610
47150      12476
46154      12707
46178      12634
46074      12695
46371      12548
46311      12539
46449      12615
46512      12514
46395      12468
46625      12594
46587      12443
46501      12403
46478      12395
46638      12331
46309      12386
46362      12350
46351      12327
46292      12065
46795      12064
46529      11876
46622      11965
46524      11906
46736      11949
46203      12054
46539      11843
46371      11832
46324      11916
46450      11879
46396      11996
46291      12192
46485      11979
46319      11994
46477      11933
46481      12033
46404      12041
45787      12022
46480      12188
46677      12050
46391      12062
46822      11991
46715      11962
46716      11784
46847      11615
46861      11666
46877      11652
46858      11531
46861      11286
47083      11265
46996      11202
46877      11279
46933      11108
47194      10934
47422      11143
47307      10990
46941      10936
47209      10984
47072      10911
47147      10876
47303      10860
47071      10937
47456      10873
47311      10815
47265      10586
47092      10633
47195      10719
47483      10596
47256      10642
47321      10592
47269      10638
47253      10489
47403      10406
47147      10495
47193      10512
47590      10522
47262      10328
47659      10475
47366      10365
47535      10471
47444      10436
47572      10312
47868      10387
47489      10355
47596      10231
47507      10240
47900      10220
47671      10100
47672      10156
47683      10071
47578      10089
47488      10133
47475      10114
47472      10053
47934      10046
47694      10054
47712      10029
47771      10092
47720      9947
47819      10007
47744      10019
47770      10121
47779      10051
47715      10088
48066      10119
47624      10077
47719      10095
47901      10193
48027      10105
47920      10075
47919      10052
48005      10070
47936      10092
47930      10028
47954      10065
47571      10061
47536      10014
47646      10008
47611      9965
47502      10056
47770      10059
47662      10010
47827      9997
47880      10032
47735      9971
47661      9990
47649      9970
47593      9958
48036      10031
47680      10018
47862      10029
47655      10054
47668      10012
47858      9995
47738      9962
47655      10056
48002      10030
47536      9960
47791      10021
47419      9969
47960      10071
47660      10067
47742      10056
47867      10023
47985      10020
48015      10047
48097      10039
47864      10040
47763      10029
47700      10003
48174      9983
47785      9993
47724      10031
47974      10005
47742      10015
48146      10043
47758      10069
47704      9991
47924      10005
47698      9993
47711      10009
47741      10043
