0.0390549 0.103731
0.0385975 0.103114
0.0382158 0.103157
0.038874 0.107085
0.0380149 0.10635
0.0376192 0.106156
0.0371953 0.10419
0.0376586 0.106387
0.0368861 0.104006
0.037398 0.105176
0.0376954 0.105
0.0376201 0.104796
0.0379594 0.106051
0.0376695 0.105508
0.0385877 0.107554
0.0382459 0.107332
0.0386305 0.108478
0.0378626 0.107019
0.0391788 0.110165
0.0394723 0.110705
0.0377465 0.106082
0.038284 0.108179
0.0377674 0.10636
0.0372142 0.103475
0.0376049 0.104313
0.0370519 0.101092
0.0371637 0.099784
0.0385291 0.103139
0.0385704 0.102436
0.0386092 0.103074
0.0384131 0.101783
0.0395409 0.106033
0.0390098 0.104563
0.0385731 0.102351
0.0390477 0.104182
0.0388733 0.103375
0.0398734 0.105769
0.041056 0.108033
0.0404324 0.107449
0.0394225 0.105179
0.0408599 0.109171
0.0407766 0.108575
0.0403867 0.108353
0.0403444 0.107502
0.0386902 0.103782
0.0399781 0.106919
0.0403509 0.108395
0.0408589 0.109426
0.0393077 0.105418
0.0393515 0.105608
0.0379361 0.103036
0.0383092 0.104177
0.0378424 0.103874
0.0395724 0.108092
0.0386134 0.104684
0.039015 0.106516
0.0386754 0.10431
0.0393186 0.10584
0.0384354 0.103662
0.0389934 0.104538
0.0397273 0.105788
0.0393466 0.105518
0.0390746 0.104801
0.0383361 0.103535
0.0386342 0.104721
0.0381435 0.104601
0.0383215 0.105521
0.0378979 0.105038
0.0380988 0.105342
0.0376932 0.104308
0.0390484 0.109395
0.0387117 0.107353
0.0381409 0.106163
0.037529 0.104356
0.0377031 0.104272
0.0368726 0.102759
0.03684 0.102319
0.0382444 0.106418
0.0365169 0.101555
0.0372708 0.104599
0.0373593 0.105515
0.0373384 0.105225
0.037961 0.107658
0.0379028 0.108048
0.0371923 0.107121
0.0373894 0.108664
0.0373747 0.108572
0.037226 0.108008
0.0375119 0.108189
0.0372535 0.106841
0.0369612 0.106495
0.0366886 0.10553
0.0359826 0.103579
0.0352673 0.102725
0.0356665 0.103863
0.0365513 0.106791
0.0352954 0.103738
0.0357151 0.105705
0.0360517 0.10662
0.0358047 0.106414
0.0359819 0.106671
0.0361301 0.106401
0.0363385 0.107371
0.0370688 0.110316
0.0358147 0.105888
0.0360899 0.107145
0.0369885 0.109835
0.0381321 0.11295
0.0382529 0.112933
0.0382112 0.113182
0.0378063 0.111571
0.0378441 0.111224
0.0377293 0.11097
0.0382839 0.112628
0.038041 0.111097
0.0376042 0.109234
0.0375037 0.11064
0.0372042 0.109731
0.0377217 0.111795
0.037572 0.110333
0.037272 0.109344
0.0379487 0.111854
0.0373377 0.111239
0.0386457 0.1152
0.0386771 0.11475
0.0386467 0.115444
0.038431 0.113943
0.0391767 0.116418
0.0378781 0.111967
0.0387249 0.114009
0.0375203 0.110795
0.036931 0.108789
0.0375664 0.11097
0.0376596 0.111799
0.0386056 0.114311
0.0382053 0.113061
0.038362 0.11415
0.0382961 0.113459
0.0380364 0.113003
0.0376818 0.112387
0.0379944 0.113365
0.0381425 0.113768
0.0385028 0.113954
0.0380481 0.112911
0.0377132 0.111259
0.0384254 0.114798
0.0388308 0.115265
0.0375958 0.111387
0.0382038 0.113812
0.0386404 0.115042
0.0382641 0.113993
0.0380337 0.11309
0.0370402 0.110447
0.0378296 0.11252
0.0369159 0.10963
0.0361968 0.108067
0.0364807 0.108737
0.037341 0.112688
0.036214 0.108829
0.037707 0.112121
0.0375615 0.111808
0.0374549 0.110649
0.0372221 0.110477
0.0372435 0.110398
0.0371491 0.109689
0.0374052 0.111451
0.0363368 0.107811
0.0370205 0.110084
0.0373688 0.110844
0.0369224 0.108476
0.0367948 0.108932
0.0372932 0.110144
0.0370473 0.110735
0.0381155 0.113303
0.03862 0.114952
0.0379509 0.111382
0.0373846 0.110118
0.0381025 0.112989
0.0373919 0.110992
0.0371333 0.110414
0.0372643 0.11025
0.0372807 0.110213
0.0381735 0.113811
0.0393026 0.116311
0.0376706 0.1113
0.0378875 0.112411
0.0392324 0.117775
0.038287 0.113033
0.0388747 0.114529
0.0376728 0.111442
0.0381967 0.11282
0.0381863 0.113503
0.0389633 0.115565
0.0387229 0.114662
0.0385723 0.114779
0.038785 0.116047
0.0382734 0.113475
0.0392558 0.117363
0.0387874 0.115551
0.0391157 0.1163
0.0391462 0.116213
0.0383809 0.112931
0.0390427 0.11606
0.0393345 0.117231
0.0396807 0.11843
0.039569 0.11913
0.0392616 0.118289
0.0396605 0.119553
0.0386023 0.116569
0.0388364 0.116887
0.0389638 0.116238
0.039051 0.115474
0.0392676 0.11713
0.039219 0.117805
0.0392863 0.117961
0.0392439 0.118407
0.0402295 0.120596
0.03878 0.116291
0.0401331 0.120099
0.0388176 0.116208
0.0397496 0.118269
0.0409226 0.122253
0.0393923 0.1183
0.0391564 0.117182
0.0390981 0.11721
0.0400941 0.120471
0.0400747 0.12015
0.0388298 0.115077
0.0396335 0.117313
0.0393356 0.116999
0.0397529 0.118377
0.0395307 0.118123
0.0396239 0.118419
0.0389736 0.117204
0.0384451 0.114365
0.0386671 0.115974
0.0379771 0.113218
0.0380888 0.113418
0.0386447 0.116135
0.038132 0.113388
0.0387428 0.115269
0.0395228 0.11777
0.0402371 0.120568
0.0388628 0.115607
0.0388012 0.11536
0.0389429 0.116415
0.0391531 0.117805
0.039472 0.118714
0.0399099 0.121171
0.0395438 0.119662
0.0392752 0.118762
0.0405693 0.121911
0.0399033 0.119697
0.0403375 0.121497
0.0403718 0.120638
0.0401635 0.119501
0.0398531 0.118829
0.0402225 0.119747
0.0395637 0.118131
0.0396033 0.119148
0.0395561 0.119085
0.0404115 0.121337
0.0398642 0.120382
0.0385679 0.116207
0.0385717 0.116636
0.0394445 0.119532
0.039724 0.119806
0.039342 0.118541
0.0384347 0.116205
0.0390804 0.117842
0.0386405 0.117492
0.0384077 0.117092
0.0380654 0.116512
0.0378439 0.117662
0.0379531 0.11901
0.0378087 0.117616
0.039537 0.1249
0.0368807 0.116506
0.0371795 0.117142
0.0376106 0.12004
0.0371515 0.118629
0.0366415 0.11833
0.0376136 0.122929
0.0373976 0.121094
0.0362 0.117732
0.0364077 0.119397
0.035966 0.11761
0.0360928 0.119777
0.0355082 0.117516
0.0361208 0.119819
0.0360762 0.119661
0.0346291 0.116636
0.0360262 0.122466
0.0358239 0.122624
0.0362783 0.124937
0.0356195 0.123479
0.0365647 0.128367
0.0357531 0.125183
0.0349937 0.123429
0.0355475 0.124745
0.0353479 0.12402
0.0354271 0.124029
0.0345067 0.121891
0.0350428 0.12373
0.0356532 0.126603
0.0361042 0.128561
0.0364339 0.128406
0.0353718 0.125429
0.0357862 0.128261
0.0365935 0.132875
0.0371211 0.133214
0.0368391 0.13221
0.0357188 0.12928
0.0367156 0.1326
0.0366105 0.133622
0.037324 0.136391
0.0374195 0.138061
0.037915 0.141181
0.0370101 0.138819
0.0378153 0.142589
0.0373746 0.139869
0.0365836 0.137495
0.0377662 0.142094
0.0376209 0.142139
0.0379818 0.143138
0.0385421 0.145644
0.0376728 0.142981
0.0370463 0.140963
0.0377311 0.14263
0.0370148 0.141949
0.0377967 0.14596
0.0373609 0.144471
0.0379744 0.146191
0.0371293 0.14395
0.0374067 0.145262
0.0367826 0.14389
0.0377237 0.14719
0.0381425 0.148394
0.0376312 0.146474
0.0388048 0.151852
0.0391673 0.151202
0.0387965 0.150149
0.0386009 0.15194
0.0395487 0.154283
0.0383898 0.148988
0.0394339 0.152425
0.0386992 0.151669
0.0387027 0.153189
0.0395402 0.156068
0.0396252 0.155886
0.038916 0.153194
0.0394041 0.155009
0.0389654 0.153334
0.0399205 0.160106
0.0392837 0.155939
0.0402721 0.160191
0.0406384 0.161125
0.0403449 0.159845
0.0402976 0.159786
0.0393517 0.156711
0.0396604 0.157302
0.0402902 0.159414
0.0401292 0.159407
0.0393268 0.155506
0.0389418 0.154833
0.0391058 0.1567
0.0392984 0.157688
0.0391916 0.157175
0.0387431 0.155758
0.0375282 0.148954
0.0387524 0.154249
0.0392561 0.159335
0.0390769 0.157917
0.0381152 0.15489
0.0391225 0.158817
0.0396231 0.160489
0.039079 0.157815
0.0390993 0.158799
0.0390352 0.15874
0.0392695 0.159158
0.0396949 0.162446
0.0398225 0.162259
0.039075 0.159286
0.039076 0.15905
0.0395606 0.163071
0.0392676 0.161914
0.0381097 0.157895
0.0391467 0.163462
0.039292 0.163674
0.0388233 0.161906
0.0397476 0.166652
0.0396378 0.165318
0.0392512 0.162392
0.039272 0.162969
0.0394937 0.164516
0.0397499 0.166158
0.0409839 0.173488
0.0396594 0.167003
0.0399191 0.166914
0.0405596 0.170691
0.0410072 0.173451
0.0407142 0.173724
0.0393983 0.16791
0.0410762 0.176645
0.0400544 0.171362
0.0403407 0.172931
0.0383727 0.165173
0.0401385 0.173318
0.0394531 0.170157
0.040555 0.174595
0.0405603 0.176797
0.0405954 0.178637
0.0403104 0.175421
0.0394931 0.173555
0.0393592 0.174126
0.0390783 0.172497
0.0394047 0.174921
0.0399507 0.178402
0.0398234 0.177469
0.039598 0.177551
0.0386715 0.172546
0.0384728 0.170973
0.0394503 0.177556
0.0397948 0.180255
0.0393254 0.177696
0.0398203 0.180168
0.0391422 0.179092
0.0390563 0.178698
0.0396982 0.181539
0.0389235 0.177737
0.0392817 0.181712
0.0397633 0.186222
0.0386549 0.179694
0.0388214 0.18312
0.0385126 0.181683
0.0396406 0.188955
0.0385096 0.183377
0.0397389 0.189388
0.039868 0.193079
0.0392837 0.188388
0.0399855 0.196097
0.0409291 0.201817
0.0405874 0.19846
0.0411032 0.201331
0.0402427 0.199472
0.0408644 0.20116
0.0408623 0.201715
0.0413421 0.203347
0.0409631 0.203293
0.0412174 0.203945
0.0418533 0.209302
0.0412694 0.204981
0.0417586 0.209205
0.0418994 0.207801
0.0410918 0.204171
0.0411822 0.2037
0.0410705 0.201523
0.0410759 0.206192
0.0407824 0.200339
0.0407124 0.198234
0.0409308 0.200358
0.0409898 0.200295
0.0412424 0.201174
0.0409266 0.19556
0.0412442 0.197638
0.0400224 0.194546
0.0417115 0.204968
0.0420964 0.206988
0.0407881 0.199831
0.0398947 0.199375
0.039555 0.201175
0.0408556 0.202769
0.0410997 0.203317
0.0393391 0.198806
0.0405959 0.208158
0.0402644 0.20326
0.041248 0.205401
0.0406572 0.204737
0.0419503 0.210945
0.0423222 0.211474
0.0409817 0.199622
0.0413678 0.203832
0.041588 0.206599
0.0407162 0.199659
0.0410681 0.196798
0.0415539 0.197572
0.0412142 0.198342
0.041263 0.19903
0.0402969 0.191097
0.0410622 0.192896
0.0410605 0.192069
0.0409033 0.193926
0.0405623 0.188956
0.0411783 0.18917
0.0416858 0.195277
0.0414906 0.191899
0.0405066 0.18462
0.0402917 0.182571
0.0402682 0.18035
0.0395948 0.178653
0.0396536 0.178061
0.0395277 0.176327
0.041674 0.183357
0.0408372 0.179035
0.042454 0.18547
0.0441099 0.191879
0.0436333 0.187835
0.0422698 0.182656
0.042801 0.185403
0.0427975 0.187589
0.0419132 0.180854
0.0429595 0.184575
0.0422266 0.18263
0.0422105 0.181345
0.0408388 0.17248
0.0404372 0.171353
0.0418647 0.177663
0.0417575 0.174907
0.0409566 0.171852
0.040127 0.169328
0.0389933 0.165536
0.0395627 0.167247
0.0377391 0.157725
0.0374668 0.155645
0.0376491 0.156138
0.0374547 0.155659
0.0380863 0.158381
0.0393484 0.161412
0.0388655 0.160231
0.0393093 0.16107
0.0416031 0.168499
0.0417727 0.165224
0.0413725 0.163057
0.0406403 0.161498
0.0425358 0.169711
0.0417027 0.170057
0.0415809 0.171567
0.0408136 0.170793
0.0388802 0.161976
0.0393235 0.160461
0.0389066 0.162035
0.0394912 0.167388
0.0387456 0.162527
0.039253 0.166012
0.0383041 0.158975
0.0403422 0.168707
0.0402584 0.171495
0.0386465 0.166036
0.0406647 0.17581
0.0388017 0.166456
0.0397765 0.165323
0.0420127 0.17376
0.0411302 0.171664
0.0405541 0.17542
0.0377781 0.168098
0.0378548 0.170121
0.0371836 0.165111
0.0384393 0.170337
0.0366298 0.164144
0.0373187 0.166996
0.0369211 0.163081
0.0383947 0.171344
0.0380704 0.167902
0.038172 0.17288
0.0372372 0.166553
0.0374959 0.168309
0.0371717 0.164779
0.0381612 0.170457
0.0374928 0.166005
0.0370175 0.16654
0.0379667 0.167334
0.0368365 0.161632
0.0372053 0.163903
0.03732 0.163344
0.0376948 0.164474
0.0377355 0.164965
0.0377125 0.16443
0.0371147 0.160672
0.0371016 0.161073
0.037356 0.163405
0.0371226 0.159308
0.0357591 0.151381
0.0356709 0.149811
0.0355235 0.148867
0.0357405 0.148866
0.0352914 0.143553
0.0343772 0.142352
0.0342391 0.140697
0.0349259 0.144882
0.0350189 0.143979
0.0346139 0.14245
0.0351579 0.145066
0.0349796 0.146018
0.0349483 0.144682
0.0350836 0.142064
0.0349999 0.141646
0.034914 0.141942
0.0342816 0.137658
0.0356748 0.14312
0.0360124 0.14463
0.0356314 0.143306
0.0346034 0.136982
0.0356152 0.140687
0.0356692 0.142905
0.0354563 0.140743
0.0355999 0.140879
0.034615 0.138451
0.0343458 0.137203
0.035278 0.139461
0.0347589 0.137513
0.0343706 0.137873
0.0348769 0.138961
0.0355692 0.140914
0.0352319 0.137965
0.0338591 0.131785
0.0347987 0.134066
0.0357987 0.137417
0.035922 0.139663
0.0344229 0.132113
0.0351177 0.134949
0.0353735 0.136114
0.0356774 0.136624
0.0359487 0.13714
0.0354329 0.133371
0.0363026 0.135607
0.0364838 0.135144
0.0376224 0.141839
0.0379428 0.144202
0.0379465 0.147891
0.0383337 0.150307
0.0374997 0.147735
0.0380615 0.149227
0.036676 0.146612
0.0380072 0.150551
0.0371389 0.145871
0.0371379 0.146107
0.0371311 0.146374
0.0361471 0.145039
0.03627 0.146138
0.0366912 0.1485
0.0364252 0.144354
0.0366027 0.146612
0.0368181 0.146865
0.0370363 0.147066
0.0369184 0.147146
0.035584 0.141891
0.0361369 0.144554
0.0361873 0.145751
0.0363966 0.147187
0.0364098 0.144111
0.0366026 0.145902
0.0367224 0.147916
0.0363381 0.14445
0.0375498 0.149691
0.0363285 0.146173
0.0374522 0.14788
0.0379168 0.149618
0.03868 0.152796
0.0379959 0.150323
0.0381789 0.149091
0.0383955 0.149901
0.0392733 0.153182
0.0385073 0.151475
0.0379661 0.150008
0.0377863 0.14808
0.0381982 0.150783
0.0380777 0.148255
0.0387972 0.151908
0.0386906 0.152754
0.0391267 0.151024
0.0384305 0.149508
0.0386335 0.148978
0.0389332 0.149872
0.0396676 0.151877
0.0391901 0.150731
0.039513 0.150823
0.0390392 0.151892
0.0394244 0.15158
0.03917 0.149616
0.039048 0.150813
0.0391254 0.149473
0.0380839 0.147429
0.0384664 0.14538
0.0392541 0.149409
0.0385327 0.145812
0.0378844 0.142093
0.0370551 0.140271
0.0373362 0.139824
0.038024 0.14372
0.0374447 0.139424
0.03691 0.138592
0.0378968 0.140093
0.0388039 0.14586
0.0401047 0.150726
0.0392391 0.149176
0.0397804 0.150307
0.0406528 0.153554
0.0412157 0.155717
0.0415676 0.155119
0.0403142 0.149381
0.0396731 0.149743
0.0404587 0.152438
0.040523 0.151166
0.0404981 0.153696
0.0402084 0.152112
0.0396508 0.150672
0.0396103 0.151131
0.038788 0.147372
0.0386001 0.148589
0.0382853 0.144769
0.0382862 0.144698
0.0387926 0.146404
0.0382182 0.143394
0.0381793 0.14508
0.04026 0.152162
0.0381767 0.142405
0.0382673 0.143665
0.0380175 0.143443
0.0388063 0.145306
0.0379005 0.143836
0.0382159 0.145745
0.0374025 0.140975
0.038609 0.145568
0.0384401 0.14605
0.038482 0.147011
0.0391083 0.149495
0.0399546 0.15188
0.0392931 0.149359
0.0394287 0.150862
0.0392458 0.149067
0.0388102 0.148486
0.0392743 0.150078
0.0388683 0.147444
0.0382971 0.145395
0.0383986 0.144873
0.0383985 0.145286
0.0381947 0.145805
0.0381883 0.146409
0.0386207 0.147536
0.0388603 0.148811
0.0384189 0.143917
0.0394919 0.149592
0.0397663 0.14876
0.0406074 0.151039
0.040205 0.152014
0.0401607 0.149829
0.0403335 0.152413
0.0395231 0.147759
0.037313 0.14009
0.0384213 0.14236
0.0383748 0.142226
0.0386086 0.144456
0.0392069 0.145508
0.0390526 0.143598
0.0377028 0.139249
0.0385358 0.142483
0.0375766 0.141429
0.0384038 0.142357
0.0393533 0.144332
0.0389014 0.144623
0.0390741 0.143498
0.0398337 0.144895
0.0389412 0.142286
0.0393358 0.144053
0.039339 0.142824
0.0387387 0.138326
0.038385 0.13919
0.0377938 0.136077
0.0382101 0.138525
0.0381184 0.140614
0.0391236 0.141456
0.0388225 0.141962
0.0386772 0.142102
0.0405002 0.146853
0.0397138 0.144731
0.0402456 0.145926
0.0402656 0.1466
0.0405995 0.147027
0.0415119 0.149861
0.0423785 0.152561
0.0400189 0.144042
0.0399443 0.145832
0.0397435 0.142527
0.0399631 0.145152
0.0384846 0.137841
0.03873 0.141776
0.0386015 0.140462
0.0385811 0.142374
0.0391814 0.148274
0.0388114 0.145059
0.0381565 0.142165
0.0385157 0.146805
0.0386578 0.145356
0.0368545 0.14131
0.0372042 0.143349
0.0374883 0.142371
0.0373824 0.144257
0.0381555 0.145609
0.0381914 0.143166
0.0377205 0.144069
0.0374632 0.141578
0.0363997 0.135821
0.0380801 0.142536
0.0380293 0.14225
0.0378901 0.142569
0.0376631 0.138436
0.0378884 0.14153
0.0372458 0.138641
0.036975 0.136659
0.0369579 0.13681
0.0373636 0.137904
0.0366327 0.136805
0.0365721 0.136624
0.0347566 0.129413
0.036325 0.133718
0.0363563 0.133746
0.036376 0.138266
0.0360849 0.137541
0.0349822 0.133888
0.0355481 0.135367
0.0350435 0.131967
0.0349928 0.131665
0.0334896 0.126644
0.032621 0.124016
0.0335488 0.130392
0.0336093 0.130356
0.0341857 0.133074
0.0340669 0.132827
0.0338667 0.131879
0.0342347 0.134338
0.0339096 0.132325
0.0332378 0.130852
0.0337564 0.129817
0.0334798 0.130861
0.034438 0.134849
0.0345896 0.13499
0.0339369 0.131371
0.0334738 0.130596
0.0332103 0.129328
0.0336484 0.131889
0.0344106 0.132484
0.0341302 0.133262
0.035166 0.134996
0.0349633 0.137178
0.0355341 0.135945
0.0350896 0.138173
0.0349078 0.135263
0.0350595 0.138035
0.0339644 0.131733
0.0348941 0.137986
0.0356008 0.141284
0.0350714 0.137372
0.0340466 0.134861
0.0332521 0.132349
0.0334794 0.130796
0.0338811 0.133856
0.0349073 0.13741
0.0344872 0.135248
0.0349614 0.135969
0.0342247 0.134234
0.0348354 0.136137
0.0352489 0.137994
0.0347353 0.132416
0.0343239 0.131261
0.0349055 0.134735
0.0350814 0.134415
0.0345431 0.133125
0.035619 0.138037
0.035876 0.139061
0.0356436 0.139548
0.0368462 0.142112
0.0355705 0.139956
0.0357761 0.143261
0.0356067 0.140959
0.0342524 0.134108
0.0347645 0.136019
0.0346918 0.134509
0.0340398 0.133668
0.0324906 0.12752
0.0318301 0.125104
0.0326904 0.126849
0.0322546 0.127667
0.0329819 0.131677
0.0330652 0.134148
0.0329882 0.133968
0.0334357 0.136663
0.0326808 0.13421
0.0325438 0.133275
0.0325415 0.133528
0.0309222 0.124153
0.0315193 0.126698
0.0314078 0.125263
0.0320022 0.128331
0.0310774 0.125321
0.032256 0.130803
0.0314696 0.127924
0.03215 0.130341
0.0326467 0.135392
0.0312639 0.12874
0.0313259 0.128432
0.0300715 0.126106
0.0304884 0.125772
0.0320121 0.132612
0.0317454 0.133049
0.0309676 0.129998
0.0316492 0.133399
0.0316508 0.135003
0.0323123 0.139818
0.0315687 0.135771
0.0314989 0.137812
0.0309285 0.134444
0.0303699 0.134417
0.0289385 0.129544
0.0293326 0.130455
0.0267793 0.120958
0.0277257 0.126915
0.0278546 0.126957
0.0279224 0.128916
0.0274725 0.126417
0.0270536 0.12605
0.0277795 0.127995
0.0283522 0.131116
0.0284008 0.132467
0.0279939 0.130831
0.0279541 0.128664
0.0276817 0.130801
0.0273018 0.129628
0.0267455 0.128374
0.0262562 0.123778
0.0260214 0.124337
0.0259395 0.124154
0.0247495 0.118253
0.0241786 0.11745
0.0247736 0.118392
0.0262731 0.130453
0.0256667 0.126413
0.0249708 0.123913
0.0250298 0.123978
0.025313 0.124424
0.0245172 0.122601
0.0246153 0.122057
0.0235211 0.115975
0.0247854 0.125039
0.0245847 0.122238
0.0249184 0.124766
0.0251294 0.124897
0.0259191 0.12868
0.0247353 0.123771
0.0244741 0.120967
0.0239461 0.119557
0.0246806 0.120219
0.024764 0.119924
0.0240548 0.119466
0.0234651 0.118418
0.0236641 0.118687
0.0232025 0.116801
0.023878 0.122094
0.0242132 0.122378
0.0249651 0.128651
0.0250989 0.127446
0.0253526 0.129118
0.0262871 0.131739
0.0261636 0.128341
0.0267334 0.134118
0.0269447 0.134145
0.0274443 0.137176
0.0264348 0.130399
0.0264412 0.130244
0.0259672 0.126506
0.0265321 0.130395
0.0262181 0.124962
0.0259224 0.125481
0.0259778 0.125251
0.0268065 0.128036
0.0269527 0.127425
0.0276015 0.132068
0.0277795 0.132823
0.0279608 0.132682
0.0287346 0.137173
0.0278391 0.133267
0.0274849 0.127504
0.0282054 0.132796
0.0275884 0.130641
0.0285602 0.134619
0.0283921 0.13153
0.0278206 0.126915
0.027805 0.123628
0.0290945 0.130763
0.029119 0.130654
0.0291651 0.12932
0.0282387 0.122098
0.028006 0.120303
0.0277813 0.12044
0.0280805 0.119024
0.0295471 0.126384
0.0289772 0.121686
0.0300786 0.124591
0.0307531 0.127798
0.0325496 0.133697
0.0328459 0.134573
0.0329543 0.135142
0.0338658 0.1357
0.0327844 0.133039
0.0339409 0.13579
0.0353228 0.139341
0.0357204 0.142468
0.0347363 0.136063
0.0355961 0.138743
0.0349567 0.134185
0.0362215 0.140073
0.0353713 0.138544
0.0340006 0.13533
0.0348914 0.139147
0.0350384 0.139255
0.0338393 0.135147
0.0348046 0.140221
0.0339477 0.136646
0.0335784 0.134985
0.0333626 0.13603
0.0330279 0.133299
0.0339213 0.13597
0.0340612 0.13431
0.0343919 0.135549
0.0344212 0.132929
0.0362391 0.138503
0.0361985 0.137083
0.0347326 0.131759
0.0350512 0.130952
0.0342397 0.128117
0.0343099 0.130626
0.0337122 0.129993
0.0336853 0.129032
0.0330744 0.129565
0.0344438 0.1321
0.0355646 0.136178
0.0356875 0.136733
0.0352012 0.13329
0.0354058 0.137007
0.0361948 0.135882
0.0364785 0.138433
0.0369216 0.138211
0.0372079 0.139463
0.036168 0.136811
0.0362378 0.137089
0.0359294 0.137801
0.0369936 0.143923
0.0361556 0.137414
0.0363807 0.14036
0.0365724 0.140378
0.0360859 0.138557
0.035143 0.134156
0.0360514 0.136518
0.0348496 0.133388
0.0353692 0.137028
0.0356975 0.136161
0.0345192 0.13341
0.0345467 0.135483
0.0345805 0.134913
0.0341911 0.133074
0.0343485 0.130847
0.0340506 0.131157
0.0356991 0.135155
0.0359677 0.136724
0.036015 0.137948
0.0359342 0.135773
0.0364442 0.137151
0.0358795 0.134206
0.0365652 0.136688
0.0362434 0.134339
0.0360117 0.132246
0.0368841 0.134205
0.0367408 0.136619
0.037982 0.139551
0.0380838 0.142812
0.0384102 0.142913
0.0391302 0.147634
0.0385247 0.145272
0.0384142 0.140777
0.0389141 0.145033
0.0385476 0.143708
0.0390176 0.14616
0.0394189 0.1472
0.039174 0.150078
0.0393488 0.149107
0.0406202 0.152643
0.0399863 0.148466
0.0401827 0.146442
0.0406917 0.152359
0.0402888 0.153074
0.0397889 0.155074
0.039971 0.154852
0.0397006 0.152572
0.039418 0.153201
0.0393199 0.151771
0.0388466 0.150937
0.0382715 0.147231
0.0385877 0.146414
0.0398806 0.151847
0.0386212 0.149467
0.038976 0.148696
0.0406544 0.156476
0.0386037 0.143165
0.0395199 0.148818
0.0413325 0.148713
0.0423364 0.153997
0.0406904 0.14827
0.039777 0.145822
0.0376331 0.138699
0.0377943 0.142834
0.0383715 0.139372
0.0391312 0.143027
0.0385901 0.140055
0.0382351 0.141297
0.0369675 0.136534
0.0374174 0.137772
0.0376032 0.139763
0.0373532 0.138996
0.0364826 0.135064
0.0363621 0.136141
0.0378486 0.141901
0.0363398 0.136265
0.0363223 0.137377
0.0367099 0.137252
0.0363229 0.136356
0.0359863 0.135313
0.0357513 0.137174
0.0355166 0.137765
0.0352468 0.138094
0.0348119 0.135646
0.0364758 0.142533
0.0356684 0.13951
0.0347596 0.133234
0.0368078 0.144642
0.0365099 0.143087
0.0375615 0.146022
0.0363186 0.142015
0.0373524 0.144465
0.0378475 0.143701
0.036743 0.142583
0.0376303 0.145323
0.0369 0.143719
0.0370904 0.143273
0.0365055 0.140686
0.0366261 0.139494
0.0361876 0.138005
0.0351993 0.136349
0.0353301 0.135881
0.0356884 0.139355
0.0359842 0.140528
0.0352556 0.139766
0.0359041 0.144813
0.0349118 0.140237
0.0343239 0.138088
0.0334841 0.136068
0.0328845 0.136541
0.0321347 0.13431
0.0317261 0.133101
0.0306547 0.127405
0.0298937 0.126305
0.0298555 0.128864
0.0298806 0.127165
0.0293614 0.126388
0.0299738 0.128658
0.029613 0.127276
0.0301028 0.129869
0.0299489 0.129827
0.0302729 0.13186
0.029976 0.129012
0.0293957 0.128299
0.0291053 0.127323
0.0287316 0.128283
0.0282426 0.125082
0.0273546 0.12044
0.0270834 0.121367
0.0274674 0.12197
0.0271127 0.121129
0.0270367 0.120135
0.027575 0.124225
0.0270658 0.123294
0.027743 0.124631
0.0273346 0.122717
0.0274007 0.123931
0.026808 0.122676
0.02627 0.119523
0.0268758 0.122817
0.0270117 0.122624
0.0267473 0.121598
0.0261498 0.120636
0.0270953 0.124868
0.0273958 0.12564
0.0270191 0.125696
0.0277222 0.128613
0.0280167 0.131311
0.027459 0.129604
0.0277312 0.130169
0.0273892 0.129679
0.0275968 0.130142
0.0275438 0.129083
0.0281622 0.132193
0.0279112 0.131801
0.0279551 0.133386
0.027949 0.132584
0.0268905 0.127929
0.0275062 0.130202
0.0277661 0.133206
0.0269558 0.12881
0.0264955 0.12626
0.0274021 0.129335
0.0261412 0.124266
0.0264906 0.125297
0.0278783 0.132424
0.0269612 0.127419
0.0274105 0.129569
0.0274525 0.12901
0.0273596 0.130035
0.0275459 0.131017
0.0273378 0.130322
0.0276013 0.131579
0.0276619 0.131391
0.0271229 0.129637
0.0272761 0.129955
0.027769 0.131299
0.0274318 0.130218
0.0275784 0.131295
0.0279347 0.133467
0.0278515 0.131563
0.0272975 0.129635
0.0271285 0.129171
0.0267422 0.127938
0.0266708 0.127293
0.0265633 0.127169
0.0271081 0.129329
0.0262965 0.125677
0.0268947 0.12854
0.0267716 0.128203
0.0269295 0.128169
0.0262212 0.125137
0.0269017 0.127511
0.0268524 0.127847
0.0257637 0.123362
0.0267292 0.128087
0.0273424 0.129574
0.0257073 0.123031
0.0266114 0.127008
0.02603 0.124139
0.0264873 0.125991
0.02598 0.123722
0.0259966 0.123075
0.0258263 0.122613
0.0254246 0.121421
0.0261123 0.12505
0.0258461 0.123519
0.0261971 0.125511
0.0257814 0.122908
0.0251659 0.119852
0.0263522 0.125662
0.0253664 0.122408
0.0262635 0.125588
0.0252703 0.120227
0.025618 0.122839
0.0263081 0.125412
0.0257135 0.12327
0.0263621 0.125037
0.0262242 0.125213
0.0251231 0.12034
0.0263114 0.125588
0.0257593 0.122789
0.0258269 0.122772
