2310
2247
2225
2272
2283
2331
2278
2285
2242
2282
2289
2308
2295
2293
2318
2343
2361
2338
2367
2344
2317
2317
2264
2256
2267
2199
2190
2249
2259
2237
2160
2250
2241
2212
2240
2241
2269
2359
2320
2302
2382
2419
2377
2375
2308
2370
2391
2384
2328
2379
2338
2309
2306
2404
2332
2320
2329
2328
2313
2341
2320
2324
2315
2312
2311
2301
2291
2307
2271
2280
2289
2313
2283
2266
2285
2234
2208
2269
2198
2248
2238
2252
2271
2281
2250
2297
2292
2302
2292
2250
2246
2241
2204
2216
2203
2250
2226
2259
2239
2243
2296
2293
2306
2315
2301
2328
2344
2393
2382
2434
2392
2371
2378
2416
2399
2372
2387
2386
2415
2376
2373
2415
2411
2459
2459
2445
2428
2485
2449
2457
2417
2408
2398
2401
2452
2442
2400
2419
2446
2423
2472
2447
2457
2429
2426
2460
2480
2426
2472
2473
2474
2449
2426
2453
2427
2431
2409
2441
2398
2446
2476
2471
2417
2492
2446
2445
2455
2483
2499
2472
2477
2475
2480
2538
2536
2509
2450
2502
2493
2493
2486
2511
2540
2557
2474
2501
2564
2514
2487
2527
2501
2525
2527
2522
2566
2576
2516
2597
2568
2556
2558
2504
2539
2595
2600
2620
2592
2621
2584
2590
2584
2573
2602
2570
2583
2579
2641
2567
2619
2575
2591
2635
2588
2600
2587
2574
2598
2543
2601
2616
2637
2581
2582
2612
2569
2571
2522
2509
2578
2550
2546
2603
2640
2580
2533
2579
2549
2570
2620
2583
2604
2615
2609
2614
2612
2583
2600
2613
2587
2567
2603
2591
2550
2510
2539
2530
2546
2519
2523
2526
2499
2470
2483
2495
2486
2481
2548
2451
2437
2458
2418
2447
2500
2416
2472
2461
2426
2471
2459
2460
2478
2402
2451
2427
2458
2434
2476
2491
2447
2475
2469
2409
2422
2446
2454
2463
2451
2448
2434
2515
2513
2488
2468
2513
2537
2572
2573
2578
2546
2580
2565
2534
2591
2625
2590
2642
2613
2612
2596
2617
2646
2591
2641
2602
2598
2611
2637
2592
2649
2678
2649
2660
2673
2696
2678
2707
2645
2673
2680
2686
2680
2650
2641
2715
2655
2707
2688
2713
2723
2680
2686
2707
2658
2700
2665
2708
2702
2663
2677
2626
2676
2664
2669
2672
2705
2675
2675
2678
2718
2731
2710
2752
2722
2753
2771
2739
2741
2731
2725
2733
2782
2772
2768
2743
2750
2763
2791
2766
2782
2791
2860
2824
2780
2858
2822
2846
2776
2819
2839
2862
2887
2956
2902
2926
2937
2933
2968
2982
2966
2939
2919
2929
2960
2993
2927
2976
2947
2940
2938
2929
2942
2996
2980
2969
2962
2976
2925
2985
3017
2980
3004
3047
3024
3020
2987
3001
2963
2996
2985
2975
2992
2950
2999
2964
2961
2940
2916
2945
2858
2887
2854
2831
2864
2826
2878
2824
2873
2856
2844
2827
2861
2854
2865
2820
2860
2807
2873
2900
2902
2893
2813
2826
2842
2765
2752
2794
2759
2718
2688
2690
2672
2687
2666
2699
2711
2692
2615
2632
2631
2626
2633
2615
2667
2680
2732
2796
2736
2703
2693
2683
2615
2686
2671
2672
2646
2642
2711
2660
2632
2563
2504
2511
2480
2437
2396
2377
2368
2425
2478
2538
2614
2700
2725
2773
2870
2842
2769
2690
2592
2539
2461
2533
2489
2545
2450
2542
2559
2523
2594
2460
2562
2609
2636
2626
2520
2541
2457
2526
2520
2511
2519
2551
2526
2476
2491
2464
2492
2469
2445
2449
2466
2462
2441
2428
2454
2422
2411
2439
2435
2399
2389
2322
2328
2350
2366
2320
2320
2308
2331
2332
2326
2320
2322
2331
2326
2316
2350
2300
2372
2388
2365
2382
2361
2411
2373
2359
2339
2323
2368
2318
2367
2344
2348
2327
2285
2289
2314
2383
2315
2351
2390
2394
2452
2396
2384
2417
2491
2525
2551
2555
2595
2591
2535
2596
2573
2593
2600
2591
2573
2570
2565
2580
2585
2562
2565
2562
2536
2524
2554
2545
2578
2594
2571
2584
2597
2589
2670
2673
2702
2677
2712
2688
2684
2631
2636
2666
2669
2695
2657
2706
2646
2662
2700
2715
2715
2727
2739
2691
2727
2719
2749
2702
2683
2715
2654
2624
2588
2595
2616
2607
2537
2604
2669
2699
2660
2688
2708
2707
2729
2700
2685
2709
2707
2651
2613
2606
2638
2574
2582
2569
2547
2525
2556
2531
2554
2533
2527
2516
2554
2474
2474
2424
2523
2515
2549
2503
2577
2530
2524
2505
2550
2541
2501
2523
2502
2488
2500
2518
2507
2525
2522
2513
2560
2593
2594
2617
2620
2579
2484
2576
2588
2564
2607
2573
2540
2614
2570
2588
2645
2633
2624
2641
2590
2598
2542
2528
2529
2491
2547
2582
2671
2656
2650
2743
2678
2710
2716
2725
2741
2768
2714
2695
2662
2663
2611
2639
2643
2646
2697
2669
2639
2629
2648
2587
2602
2563
2548
2613
2546
2509
2519
2498
2556
2545
2603
2608
2590
2579
2574
2597
2564
2532
2547
2441
2518
2546
2551
2603
2523
2525
2517
2508
2449
2448
2485
2480
2487
2489
2460
2481
2464
2432
2447
2440
2448
2479
2411
2435
2432
2379
2397
2367
2429
2428
2463
2497
2454
2439
2412
2441
2448
2445
2408
2347
2343
2323
2313
2340
2316
2300
2334
2311
2341
2333
2307
2340
2339
2363
2354
2355
2313
2302
2328
2315
2244
2249
2223
2187
2141
2070
2124
2082
2117
2115
2102
2130
2111
2111
2145
2089
2117
2096
2114
2081
2106
2093
2137
2126
2097
2086
2026
2033
2085
2071
2087
2097
2156
2136
2154
2125
2126
2136
2079
2087
2008
2064
2051
2049
2035
2024
2058
2075
2048
2057
1976
1961
1907
1894
1872
1897
1890
1822
1861
1817
1901
1889
1857
1877
1815
1829
1781
1704
1736
1766
1703
1716
1758
1730
1748
1746
1811
1837
1867
1790
1735
1755
1798
1806
1798
1814
1865
1881
1884
1942
2001
2028
1979
1978
1993
1975
1953
1947
1963
2013
1987
2052
2081
2091
2111
2084
2082
2134
2130
2159
2116
2108
2084
2162
2162
2099
2082
2060
2055
2047
2101
2120
2103
2113
2197
2210
2211
2253
2228
2251
2250
2238
2154
2191
2163
2237
2208
2204
2224
2282
2264
2279
2294
2236
2312
2279
2297
2326
2280
2276
2325
2307
2276
2305
2287
2294
2337
2315
2364
2379
2409
2427
2464
2438
2473
2466
2507
2517
2490
2509
2493
2539
2521
2527
2519
2503
2499
2500
2457
2491
2475
2486
2461
2461
2451
2483
2436
2536
2529
2554
2536
2558
2494
2502
2493
2490
2532
2545
2569
2635
2652
2692
2654
2611
2624
2641
2621
2686
2667
2699
2757
2740
2704
2718
2710
2670
2714
2685
2706
2671
2640
2623
2662
2740
2629
2714
2735
2701
2690
2754
2802
2677
2640
2582
2579
2605
2552
2533
2527
2509
2490
2539
2538
2520
2493
2542
2507
2512
2479
2446
2451
2435
2473
2476
2404
2470
2484
2431
2486
2455
2437
2411
2410
2444
2448
2460
2441
2428
2421
2406
2417
2357
2342
2331
2303
2289
2327
2257
2290
2294
2263
2265
2281
2228
2184
2198
2217
2202
2166
2168
2198
2174
2207
2179
2150
2152
2082
2108
2067
2072
2085
2079
2064
2067
2031
2057
2014
1987
2016
1990
1992
1999
1970
1975
2058
2028
2066
2025
2066
2003
1986
2006
2051
2023
2076
2063
2012
2053
2002
2029
2004
1984
1970
2047
1978
1998
1999
2015
1996
1975
1969
1964
1987
1990
2007
1964
1968
1985
1972
1971
1967
1959
1968
1981
1965
1938
1913
1928
1903
1942
1949
1947
1909
1938
1937
1890
1931
1981
1900
1923
1887
1932
1905
1907
1905
1860
1928
1933
1936
1915
1903
1956
1905
1940
1916
1909
1946
1901
1955
1919
1892
1936
1925
1921
