14186
13720
13526
13533
13554
13607
13698
13744
13764
13697
13880
13872
13903
13933
13844
13684
13715
13715
13747
13667
13673
13683
13661
13861
13798
13806
13986
13999
13933
13935
13907
13808
13894
14012
13783
13876
13909
14065
14064
14231
14254
14332
14265
14336
14320
14274
14226
14178
14223
14320
14283
14182
14152
14101
14158
14131
14236
14219
14337
14415
14369
14248
14297
14336
14316
14249
14215
14256
14087
13979
13924
13849
13985
13907
13916
13870
13867
13833
13861
13818
13652
13652
13599
13473
13366
13244
13373
13434
13502
13576
13384
13345
13371
13406
13465
13350
13292
13176
13139
13188
13190
13207
13198
13144
13111
12998
13002
13125
13272
13196
13204
13334
13268
13361
13274
13332
13162
13085
13182
13173
13214
13198
13149
13073
13118
13094
13043
13112
13093
13146
13167
13254
13159
13021
12947
12980
12912
12960
13015
12977
13076
13081
13113
13073
13126
13102
13151
13104
12972
12893
12916
12944
13056
12905
12978
13117
13134
13055
13014
12998
13083
13029
13010
13037
13085
12960
13086
13085
13004
13021
12985
12984
13036
13123
13069
13187
13097
13085
12993
12973
13010
13005
12998
12985
13051
13096
13002
13161
13091
13040
13083
13067
13033
13133
13142
13035
12941
12790
12868
12846
12910
12782
12897
12976
12991
13028
12879
12810
12898
12818
12879
12894
12836
12899
12911
12794
12831
12971
13027
12968
12888
12894
12896
12973
12854
12880
12900
13036
12947
12932
12938
13028
12925
12975
12952
12900
13033
12993
12956
12923
12943
12868
12767
12819
12781
12845
12766
12802
12749
12778
12859
12803
12704
12651
12818
12886
13019
12891
13023
12877
12923
12825
12841
12878
12840
12793
12748
12837
12767
12810
12726
12660
12619
12478
12402
12410
12278
12265
12289
12060
12055
12044
11970
11940
11881
11872
11766
11716
11598
11670
11572
11530
11411
11335
11231
11068
11144
11064
11020
11092
10987
10990
10860
10988
10946
10845
10715
10674
10653
10696
10749
10762
10622
10617
10542
10482
10433
10323
10291
10160
10207
10209
10198
10139
10151
10179
10126
10029
10048
10041
10002
9916
9901
9880
9794
9711
9761
9797
9771
9720
9873
9684
9632
9585
9644
9603
9632
9665
9790
9724
9615
9621
9492
9458
9609
9571
9564
9525
9529
9469
9485
9499
9501
9525
9477
9446
9435
9457
9426
9416
9348
9300
9302
9347
9296
9312
9377
9274
9310
9306
9205
9245
9239
9257
9159
9273
9165
9097
9068
9122
9079
9138
9172
9055
9047
8999
8910
8933
8876
8807
8827
8811
8813
8664
8781
8773
8719
8752
8639
8548
8592
8592
8691
8622
8466
8544
8468
8509
8563
8533
8453
8438
8446
8385
8318
8261
8168
8268
8251
8303
8165
8112
8016
7973
7979
7950
8000
7816
7649
7685
7610
7647
7609
7629
7568
7502
7442
7495
7455
7478
7380
7393
7358
7358
7324
7380
7396
7440
7574
7576
7508
7571
7714
7763
7738
7699
7578
7520
7482
7399
7419
7345
7412
7372
7344
7319
7383
7375
7373
7431
7510
7548
7534
7606
7621
7613
7717
7942
7884
7869
7898
7791
7892
8009
8053
8082
8055
8001
8096
8288
8378
8310
8314
8410
8369
8523
8523
8497
8432
8486
8606
8664
8793
8748
8883
8947
9131
9063
8905
8870
8991
9058
9184
9195
9113
9059
9092
9093
8953
9050
9034
9153
9250
9160
9077
8982
8944
8624
8741
8803
8660
8658
8686
8711
8696
8663
8528
8419
8516
8466
8453
8478
8567
8367
8144
8086
8197
8374
8369
8307
8474
8462
8315
8154
8476
8402
8489
8497
8442
8619
8689
8827
8736
8876
8797
8975
8984
9072
9043
9099
9107
9106
9249
9264
9271
9340
9392
9368
9302
9452
9462
9181
9328
9454
9631
9710
9570
9508
9735
9691
9629
9635
9645
9634
9738
9760
9779
9530
9617
9802
9762
9827
9971
9896
10145
10181
10144
9982
10065
10147
10228
10173
10208
10100
10177
10143
9979
9974
9867
9823
9805
9847
9651
9566
9643
9534
9563
9450
9547
9541
9444
9353
9528
9715
9589
9504
9425
9429
9602
9582
9496
9556
9479
9431
9525
9606
9782
9509
9618
9670
9686
9684
9655
9520
9501
9476
9666
9677
9462
9620
9684
9625
9781
9893
9811
9825
9848
9846
9773
10003
9877
9793
9874
9980
10038
10020
10114
10161
10058
10086
10054
10152
10050
10207
10164
10061
10110
10135
9999
10173
10116
10159
10062
10145
10015
9992
9857
10119
10244
10089
10198
10138
10214
10129
10202
10111
10151
10180
10143
10092
10063
9988
10063
10189
10057
9892
9842
9851
9907
9988
9969
9967
10000
10022
10009
9986
9967
9958
10074
9946
10105
10015
10076
10299
10107
10308
10159
10020
10356
10210
10110
10087
10260
10571
10172
10091
10037
10161
10141
10143
10300
10162
10330
10145
10325
10211
10377
10287
10354
10313
10360
10624
10510
10255
10103
10267
10307
10510
10518
10405
10390
10510
10494
10370
10458
10440
10325
10393
10053
10166
10149
9891
9929
9990
10123
9986
9778
9814
10157
9805
9901
10241
10043
10108
10004
10241
10228
10204
10266
10413
10276
10066
10125
10194
10237
10237
10246
10229
10163
10193
10075
10048
10127
9881
10004
9914
9782
9689
9620
9635
9456
9609
9576
9577
9610
9594
9773
9978
9767
9703
9782
9782
9787
9546
9722
9750
9711
9540
9734
9671
9663
9743
9673
9658
9611
9735
9489
9600
9587
9736
9703
9789
9892
9874
9867
9874
9732
9849
9604
9706
9595
9661
9693
9907
9794
9714
9769
9634
9870
9949
9750
9670
9582
9537
9526
9453
9548
9521
9553
9362
9438
9369
9367
9430
9348
9397
9456
9253
9303
9309
9180
9132
9050
9138
9235
9008
8957
8914
8760
8644
8678
8577
8447
8250
8402
8427
8459
8353
8315
8250
8359
8383
8254
8471
8379
8252
8376
8320
8368
8103
8030
8053
8073
8030
7830
7853
7793
7756
7805
7821
7881
7990
7772
7772
7751
7896
7888
7835
7800
7883
7925
7897
7817
7639
7662
7703
7581
7566
7600
7595
7692
7693
7925
8028
7820
7898
7674
7808
7758
7873
8016
7908
8080
7946
8070
8108
8067
8134
7962
8117
8153
8252
8171
8298
8487
8319
8398
8483
8559
8690
8637
8623
8839
8968
8905
9038
9084
8971
9194
8992
9153
9477
9198
9499
9594
9750
9642
9828
9736
9790
9748
9658
9671
9483
9423
9448
9555
9495
9473
9588
9576
9574
9746
9848
9890
10162
10180
10177
10041
9987
9795
9715
9692
9703
9650
9751
9824
10086
9883
10134
9943
9846
9940
10038
10031
9827
9917
9833
9941
9800
10041
9905
10044
10029
9776
9952
9822
9803
10056
9853
9809
10166
10079
9949
10112
10029
10374
10032
10252
10075
10197
10313
10086
10249
10099
10050
10058
9998
10023
10131
10131
9866
9964
9866
9842
9901
9921
9846
9821
9728
9618
9720
9637
9728
9701
9822
9758
9893
9856
9910
9771
10097
10133
10228
10295
10172
10156
10072
10298
10130
10096
10142
10201
10015
10069
10233
10130
10163
10053
9867
9864
9921
9817
9756
9853
9702
9841
9752
9703
9655
9665
9639
9442
9533
9507
9384
9411
9406
9610
9529
9581
9678
9619
9533
9672
9742
9711
9641
9650
9384
9418
9374
9330
9168
8983
9089
9025
8990
8968
8991
8960
8959
8914
8791
8801
8712
8765
8748
8816
8676
8637
8673
8630
8609
8612
8574
8579
8545
8505
8488
8454
8486
8354
8367
8325
8314
8258
8257
8128
8074
8176
8208
8149
8046
8195
8150
8117
8057
8130
8156
8150
8146
8114
8133
8103
8115
8126
8210
8189
8130
8170
8072
8128
8208
8158
8133
8126
8136
8208
8175
8170
8142
8054
8101
8089
8162
8113
8118
8072
8133
8093
8098
8103
8102
8121
8129
8175
8122
8132
8098
8137
8116
8094
8093
8095
8126
8111
8174
8126
8117
8133
8157
8161
8132
8109
8151
8140
8107
8129
8136
8157
8127
8143
8139
8114
8105
8129
8119
