0.051986 0.162837
0.05224 0.163776
0.0517996 0.164498
0.0517139 0.167886
0.0509382 0.168437
0.0514218 0.171309
0.0502936 0.166302
0.0500745 0.166254
0.0488933 0.162889
0.0502621 0.166606
0.0501556 0.164914
0.050674 0.166378
0.0501958 0.165072
0.0500918 0.164573
0.0509339 0.167437
0.0513534 0.171222
0.0517411 0.172147
0.0509913 0.17047
0.0518306 0.172183
0.0515403 0.171508
0.0507169 0.169458
0.0505652 0.169334
0.0496764 0.165727
0.049626 0.162759
0.050256 0.164299
0.0494925 0.159279
0.049524 0.156585
0.0512336 0.160654
0.0518155 0.162133
0.0514324 0.160531
0.0499988 0.155317
0.0519499 0.162949
0.0519098 0.161293
0.051128 0.157865
0.0516498 0.162519
0.0517899 0.161502
0.0522859 0.163132
0.0538388 0.167721
0.0526364 0.16496
0.0514885 0.16176
0.0530241 0.167111
0.0535378 0.168783
0.0528563 0.166632
0.0527836 0.165667
0.0510507 0.161173
0.0525441 0.166036
0.0528036 0.168073
0.0529495 0.168148
0.0516725 0.163679
0.0524922 0.166131
0.051616 0.163691
0.0511418 0.162812
0.0509309 0.162945
0.0531271 0.170484
0.0515052 0.164713
0.0510081 0.164178
0.0513969 0.163599
0.0512956 0.163725
0.0512826 0.161331
0.0513445 0.1624
0.0510822 0.161459
0.0511207 0.163111
0.0510609 0.161922
0.0505201 0.161272
0.0504464 0.161428
0.0503997 0.161485
0.0502269 0.161168
0.0507837 0.161827
0.0499187 0.161212
0.0500967 0.163102
0.0502183 0.164392
0.0512565 0.167016
0.0502819 0.163246
0.0496745 0.16294
0.0501647 0.164199
0.0489622 0.161067
0.0486815 0.159227
0.0498265 0.164028
0.0481701 0.158574
0.049156 0.162686
0.0491037 0.163932
0.0491585 0.164958
0.0497361 0.166998
0.0500384 0.169302
0.0491868 0.168338
0.0500468 0.173437
0.0500033 0.17139
0.050182 0.171356
0.0502499 0.169753
0.0492686 0.165734
0.0489655 0.167812
0.048815 0.167928
0.0481317 0.164834
0.0482515 0.165299
0.0481656 0.163609
0.0489556 0.168539
0.048426 0.167469
0.049175 0.171448
0.0487831 0.170409
0.0487185 0.170079
0.0501146 0.174071
0.0500033 0.17362
0.0504374 0.174723
0.050325 0.176126
0.0500555 0.175501
0.0507798 0.179104
0.051062 0.18028
0.0519156 0.182324
0.0519532 0.179476
0.053026 0.18445
0.0523712 0.181157
0.0518467 0.177816
0.0520977 0.179228
0.0526213 0.180825
0.0522351 0.180729
0.0517847 0.177918
0.0518631 0.181355
0.0520143 0.182346
0.0524032 0.183204
0.0517692 0.180369
0.0515612 0.179582
0.05241 0.182982
0.0523971 0.18336
0.053552 0.188098
0.0535648 0.187452
0.0530461 0.186727
0.0529149 0.186153
0.0538625 0.189521
0.0530868 0.187047
0.0533053 0.186901
0.0524466 0.183565
0.0522229 0.181681
0.0521089 0.182233
0.0523402 0.184394
0.0535231 0.189388
0.0532328 0.188136
0.0524866 0.185874
0.0530203 0.186651
0.053054 0.187937
0.0525608 0.186715
0.0534614 0.189049
0.0530699 0.187065
0.0534619 0.187371
0.0527447 0.185803
0.0528 0.184824
0.0532964 0.187758
0.0537926 0.188579
0.052823 0.185134
0.0538879 0.190564
0.0540239 0.19181
0.0537021 0.191545
0.0531502 0.1892
0.0524722 0.185815
0.0533307 0.190081
0.052667 0.187009
0.0527103 0.185332
0.052332 0.183417
0.0529604 0.186978
0.0521769 0.184263
0.0534738 0.188183
0.053534 0.189253
0.0535219 0.189654
0.0523693 0.18578
0.0543109 0.191148
0.0533118 0.186932
0.0530484 0.188657
0.0533684 0.187605
0.0537097 0.189759
0.0541648 0.192172
0.05364 0.189847
0.0539934 0.190759
0.0536678 0.190619
0.0538767 0.190242
0.0548531 0.193401
0.0549941 0.194047
0.0543062 0.190263
0.0531649 0.187066
0.0540144 0.191211
0.0539319 0.191873
0.0539739 0.192168
0.0538119 0.191084
0.0545383 0.19308
0.0550809 0.195415
0.0553403 0.19692
0.0536462 0.189564
0.05416 0.190974
0.0555267 0.1972
0.0543944 0.191019
0.0541087 0.189978
0.0549934 0.193788
0.0539683 0.191164
0.0546277 0.193235
0.0548668 0.193892
0.0547262 0.192035
0.0556435 0.195252
0.0556011 0.197622
0.0545806 0.194421
0.0561866 0.203049
0.0558419 0.199565
0.055399 0.198972
0.0551079 0.198141
0.0544289 0.1959
0.0549377 0.196867
0.0558713 0.199985
0.0563893 0.200139
0.0565887 0.201105
0.0560808 0.201258
0.0568091 0.204606
0.0555484 0.200341
0.0556415 0.20206
0.0554673 0.200637
0.0557264 0.19955
0.0560293 0.202711
0.0554537 0.19924
0.0555926 0.200062
0.0555041 0.201579
0.0570324 0.20583
0.0552292 0.197903
0.0563929 0.201044
0.0556901 0.198566
0.0560277 0.20104
0.0568746 0.204359
0.0558589 0.200682
0.0558227 0.200416
0.0556979 0.20126
0.0553465 0.199845
0.0559576 0.201395
0.0549458 0.195075
0.0563121 0.200896
0.0562544 0.202289
0.0566987 0.203818
0.0553934 0.198112
0.055643 0.199768
0.0558287 0.20131
0.0556555 0.198348
0.0554119 0.199302
0.0541283 0.193509
0.0541538 0.193104
0.0551869 0.198981
0.0549569 0.197323
0.0546364 0.196709
0.0560388 0.202285
0.0567669 0.206783
0.0553577 0.201264
0.0545823 0.198185
0.0554826 0.200779
0.0550706 0.199671
0.0549991 0.20075
0.0560344 0.205506
0.0554887 0.202144
0.056214 0.202504
0.055955 0.204249
0.0561836 0.205368
0.0562562 0.206624
0.0564159 0.203776
0.0555245 0.20045
0.0553792 0.199708
0.0558847 0.2027
0.0556392 0.198649
0.0550858 0.199348
0.055771 0.201424
0.0555294 0.202027
0.0545443 0.198583
0.0537611 0.194906
0.0542649 0.197741
0.0541501 0.197764
0.0546563 0.199718
0.0541569 0.19623
0.0542406 0.197619
0.0542572 0.19719
0.0536151 0.19637
0.0530954 0.195103
0.0532787 0.196767
0.053296 0.199952
0.0530936 0.200452
0.0534318 0.199919
0.0542878 0.207526
0.0525233 0.199837
0.0522591 0.198307
0.052536 0.203814
0.0519152 0.200581
0.0522138 0.203172
0.0533914 0.208855
0.0517223 0.202345
0.0529608 0.208063
0.0522195 0.207294
0.0521586 0.206187
0.0526821 0.210908
0.0526451 0.212019
0.0525731 0.210797
0.0531725 0.214138
0.051025 0.208326
0.0522635 0.214793
0.0514304 0.214116
0.0522801 0.218859
0.0516356 0.219913
0.0525623 0.222182
0.0529797 0.225145
0.05183 0.222051
0.0521855 0.223134
0.0524315 0.22472
0.0512085 0.219199
0.0517466 0.22302
0.0522415 0.222606
0.0520356 0.224191
0.0521049 0.227109
0.0522869 0.228745
0.0523233 0.229342
0.051849 0.22848
0.0532208 0.235135
0.0531582 0.233789
0.0527253 0.231184
0.0522527 0.232348
0.0532607 0.236696
0.053608 0.240656
0.0546153 0.245373
0.0543308 0.246621
0.0546627 0.249734
0.0538574 0.247401
0.0543719 0.253937
0.0543732 0.251298
0.0538233 0.248212
0.0549896 0.254069
0.0555332 0.258901
0.054902 0.255147
0.0556797 0.259554
0.0551499 0.258049
0.0551241 0.260445
0.055405 0.25836
0.0551877 0.260631
0.0556514 0.264547
0.0545807 0.261295
0.0559676 0.266741
0.0549618 0.26336
0.0550622 0.265264
0.0551589 0.26887
0.0557611 0.270157
0.0548966 0.264571
0.0560196 0.271108
0.056392 0.275514
0.0562767 0.268308
0.0563607 0.27468
0.0562974 0.277512
0.057063 0.281273
0.0570978 0.277686
0.0574918 0.281891
0.0561369 0.274605
0.0564484 0.276565
0.0566297 0.273749
0.0569828 0.276224
0.0570188 0.278731
0.0562645 0.275439
0.0560877 0.278234
0.0571471 0.287059
0.056391 0.276303
0.0570411 0.282834
0.0569552 0.281054
0.0574362 0.284829
0.0575286 0.285759
0.0567652 0.283029
0.0569708 0.283184
0.057537 0.284977
0.0562694 0.27976
0.0572082 0.283465
0.0563997 0.281207
0.0571875 0.286682
0.0571151 0.28638
0.0562776 0.28159
0.0564696 0.284002
0.0559056 0.278887
0.0568793 0.286264
0.0563309 0.286452
0.0566883 0.286928
0.0564177 0.285867
0.0571133 0.290985
0.0565443 0.287264
0.0567941 0.285272
0.0567313 0.288764
0.0574666 0.291944
0.0577525 0.293467
0.0574323 0.294405
0.058663 0.297674
0.0577784 0.294621
0.0584104 0.297397
0.0585984 0.302544
0.0580912 0.295374
0.0580843 0.299073
0.0579252 0.300209
0.057749 0.300507
0.0573858 0.299605
0.0588011 0.306421
0.058901 0.303349
0.0586515 0.301788
0.0580898 0.302927
0.05819 0.303968
0.0586388 0.307034
0.0590413 0.313244
0.0586352 0.309638
0.0590922 0.313429
0.0590538 0.316907
0.0604293 0.324006
0.0597015 0.320508
0.0590133 0.315443
0.0607814 0.329871
0.0601334 0.321376
0.0604156 0.324404
0.0589434 0.318385
0.059929 0.322098
0.0603593 0.328626
0.0610716 0.334815
0.0613772 0.33601
0.0628548 0.344041
0.0619701 0.333909
0.0622143 0.339364
0.0626319 0.346917
0.0627205 0.343282
0.063196 0.350496
0.0636975 0.350452
0.0634805 0.346374
0.062783 0.344428
0.0624479 0.345321
0.0629243 0.34712
0.0633385 0.350462
0.0638697 0.356947
0.0627035 0.351887
0.0635965 0.360247
0.0631441 0.360798
0.0630225 0.355588
0.062958 0.356078
0.0628042 0.352764
0.0633683 0.360318
0.0643526 0.369329
0.0645133 0.371756
0.0640962 0.372382
0.063894 0.371224
0.064417 0.37434
0.0634463 0.365625
0.0645685 0.381909
0.0649348 0.394431
0.0646112 0.387768
0.0654937 0.394744
0.0660754 0.398457
0.0659283 0.397424
0.0656279 0.395858
0.0651217 0.394688
0.0658143 0.400027
0.0650323 0.398146
0.0656039 0.399733
0.0653831 0.400402
0.0652369 0.397834
0.0659031 0.40542
0.0646292 0.399026
0.0656984 0.407584
0.0651057 0.402827
0.0652131 0.404287
0.064614 0.398374
0.0642319 0.394267
0.0644886 0.395833
0.0630209 0.377344
0.0636969 0.381072
0.0625973 0.380128
0.0623266 0.373927
0.0627932 0.371273
0.0623208 0.364035
0.0635446 0.371931
0.0619815 0.366801
0.0630708 0.379124
0.0627141 0.379787
0.0627371 0.380112
0.0623113 0.382079
0.0625588 0.385631
0.0630426 0.388564
0.0632953 0.386535
0.0619032 0.382528
0.0629859 0.389434
0.0621073 0.383522
0.0633978 0.389137
0.0636621 0.39322
0.0642618 0.393598
0.0637183 0.389315
0.0618242 0.374567
0.0622728 0.374404
0.0629527 0.377223
0.0611915 0.363529
0.0612495 0.361107
0.0621856 0.367004
0.0613261 0.357522
0.0605345 0.342231
0.0597758 0.340944
0.0602194 0.341848
0.0600625 0.338313
0.0598095 0.344885
0.0598268 0.33781
0.0605727 0.336996
0.0602204 0.336645
0.0599875 0.333086
0.0586008 0.324643
0.0590254 0.328959
0.0588643 0.324975
0.0586265 0.316844
0.0584695 0.314275
0.0584371 0.314681
0.0592996 0.320784
0.0593446 0.318668
0.0611747 0.326443
0.062337 0.328054
0.0608257 0.321014
0.0598247 0.318112
0.0600566 0.319379
0.0592679 0.316168
0.0577416 0.303858
0.0590576 0.310018
0.0583137 0.303764
0.0587576 0.305441
0.0581564 0.297872
0.0576768 0.295295
0.0590092 0.296901
0.0583154 0.293501
0.0580004 0.295564
0.0566271 0.288952
0.0549231 0.278501
0.0552877 0.277214
0.0540764 0.270035
0.0533716 0.265035
0.0524312 0.262921
0.0519722 0.262391
0.0522703 0.260449
0.0538398 0.266689
0.055074 0.276779
0.0565332 0.280442
0.0596409 0.289351
0.0614181 0.294985
0.0620856 0.294595
0.0627901 0.302729
0.0648412 0.316184
0.0643802 0.316411
0.0625071 0.309593
0.0607443 0.31192
0.058297 0.296534
0.0574916 0.288424
0.0554254 0.28418
0.0571861 0.292562
0.0561256 0.286553
0.0572901 0.292159
0.0557363 0.281739
0.0586945 0.293432
0.0590557 0.30007
0.058016 0.299679
0.0596377 0.304603
0.0567513 0.290574
0.0603136 0.303088
0.0613075 0.307738
0.0616969 0.307692
0.0611138 0.313852
0.0569337 0.30943
0.0576975 0.314247
0.0559299 0.299744
0.0573114 0.301648
0.0567184 0.301111
0.0565426 0.302275
0.0565775 0.297262
0.0571077 0.301465
0.056856 0.303788
0.0552432 0.303655
0.0552169 0.293889
0.0544338 0.293263
0.0548705 0.293556
0.0540783 0.290573
0.053015 0.289623
0.0525176 0.28414
0.0528481 0.283807
0.0524544 0.278917
0.0520747 0.279418
0.0516684 0.273547
0.0521041 0.278959
0.0516572 0.269861
0.051139 0.268366
0.0519013 0.268849
0.0518858 0.269269
0.0507994 0.263655
0.0508244 0.262326
0.0491866 0.254997
0.0494393 0.251703
0.0497207 0.25367
0.0502624 0.255204
0.0493691 0.248394
0.0489896 0.247019
0.0489294 0.246371
0.0495578 0.250591
0.0496202 0.24672
0.04956 0.245825
0.0495197 0.252696
0.0495275 0.248928
0.0499678 0.246562
0.0497668 0.241512
0.0491741 0.238517
0.0501226 0.245559
0.0489383 0.241902
0.0501788 0.243657
0.0509255 0.246414
0.0506457 0.245612
0.050669 0.247224
0.0503133 0.24479
0.0514489 0.250259
0.0510169 0.243685
0.050434 0.241701
0.0497258 0.239186
0.049261 0.243757
0.0505173 0.246231
0.0492772 0.236482
0.0501175 0.242471
0.049777 0.238527
0.0498334 0.235483
0.0494717 0.235146
0.0486833 0.225234
0.0482901 0.224831
0.0494889 0.228115
0.050934 0.23873
0.0491007 0.230005
0.0503146 0.231694
0.0508641 0.233672
0.05127 0.235329
0.0525909 0.240204
0.0515346 0.237228
0.0513461 0.234254
0.0521332 0.238292
0.0537398 0.249624
0.0543057 0.253158
0.0550306 0.258539
0.0549793 0.260104
0.0558233 0.264661
0.0555889 0.263126
0.054147 0.262667
0.056114 0.271378
0.055375 0.266826
0.055694 0.271974
0.0560441 0.271881
0.0558441 0.27418
0.0553191 0.269509
0.0552593 0.269364
0.0552421 0.271601
0.0556202 0.275847
0.0557617 0.271306
0.0554365 0.263716
0.0553924 0.267494
0.0553683 0.269571
0.0547472 0.269072
0.0545176 0.267685
0.0548811 0.265986
0.055272 0.265602
0.0554731 0.271483
0.0562629 0.271452
0.055653 0.271231
0.0557485 0.27399
0.0561283 0.272651
0.0562851 0.269519
0.0578711 0.27295
0.0576898 0.281102
0.0585216 0.280932
0.0583021 0.276836
0.0585834 0.279992
0.0582966 0.277571
0.0580814 0.277991
0.0569518 0.276366
0.0569257 0.277444
0.0579414 0.281342
0.0576197 0.276122
0.0583043 0.278495
0.0575407 0.280807
0.0590288 0.281289
0.0572628 0.273234
0.0577027 0.276571
0.0589005 0.276045
0.0590783 0.274436
0.059095 0.27673
0.0593562 0.277557
0.0595862 0.278128
0.0583263 0.273309
0.0594779 0.279034
0.0589345 0.271818
0.0595035 0.278323
0.0585558 0.275911
0.0580635 0.271724
0.0588873 0.272044
0.057467 0.264395
0.0568692 0.261876
0.0557554 0.255883
0.0563127 0.255388
0.0567302 0.260091
0.0567553 0.258477
0.0553459 0.252337
0.0563966 0.256501
0.0580217 0.265572
0.0589649 0.264426
0.0578022 0.261708
0.0584589 0.26717
0.0588619 0.267854
0.0588811 0.267094
0.0594463 0.272927
0.0584732 0.265408
0.0581635 0.265421
0.0587623 0.26666
0.0587457 0.269032
0.0575529 0.261311
0.0566799 0.260909
0.0563874 0.260809
0.0571899 0.267627
0.055948 0.254373
0.0559528 0.25205
0.0556808 0.254634
0.0551466 0.249755
0.0547675 0.249063
0.0553498 0.250245
0.0548512 0.249877
0.0554013 0.250343
0.0546035 0.250519
0.0544706 0.248941
0.0544341 0.247151
0.0555157 0.251799
0.0533098 0.245145
0.0534445 0.245851
0.0524074 0.242691
0.0548729 0.25072
0.0546383 0.246835
0.0552198 0.253455
0.0545542 0.253033
0.0560315 0.261837
0.0548046 0.256827
0.0546711 0.254769
0.0542607 0.250801
0.0551089 0.255793
0.0551241 0.254941
0.0541061 0.2501
0.0542324 0.251746
0.0539643 0.249975
0.0537713 0.249149
0.0540062 0.250828
0.0545671 0.252862
0.0542688 0.248858
0.0549283 0.253871
0.0545439 0.249579
0.0544151 0.250924
0.0554065 0.254069
0.0561268 0.251772
0.0562397 0.256654
0.0568308 0.25388
0.057052 0.257899
0.0561935 0.257385
0.0540329 0.239861
0.0559113 0.252302
0.0560185 0.255984
0.0556834 0.254189
0.0566357 0.254094
0.0558898 0.243402
0.0552042 0.249705
0.0570892 0.259043
0.0560377 0.256053
0.0564917 0.254699
0.0573964 0.260822
0.0575079 0.259588
0.0572251 0.254757
0.0575544 0.25989
0.0565416 0.250726
0.0569787 0.256087
0.0556224 0.246199
0.0552399 0.247576
0.0549436 0.243712
0.0548039 0.24215
0.0556892 0.245992
0.056494 0.250364
0.0580816 0.257819
0.0579533 0.25
0.0580008 0.252141
0.0600416 0.267479
0.0587642 0.26507
0.059465 0.263952
0.0592315 0.26351
0.0593062 0.259277
0.0595442 0.260601
0.0605199 0.266026
0.0595202 0.261213
0.0588325 0.256422
0.0581032 0.253669
0.0581873 0.256798
0.05701 0.249665
0.0578944 0.252778
0.0579618 0.255981
0.0573571 0.254594
0.0585655 0.268278
0.0577643 0.262542
0.0572911 0.260026
0.0570691 0.265797
0.0578229 0.266694
0.0559654 0.258959
0.0564058 0.257038
0.0556424 0.256659
0.0553059 0.260585
0.0568946 0.266252
0.0552445 0.250665
0.0544547 0.25589
0.0546634 0.254419
0.0541807 0.243921
0.0556705 0.254506
0.0555071 0.251781
0.0567337 0.260196
0.0569097 0.254663
0.0565329 0.253226
0.056283 0.252744
0.0562648 0.250731
0.056561 0.2494
0.055846 0.249513
0.0549431 0.25154
0.0552614 0.251556
0.0531716 0.239455
0.0549998 0.245971
0.0552805 0.248706
0.055323 0.248975
0.0561924 0.254473
0.0542569 0.248253
0.0546407 0.247719
0.0542866 0.249826
0.0544531 0.249602
0.0529182 0.241829
0.0533089 0.247748
0.0538707 0.248401
0.0538194 0.250151
0.0539152 0.254242
0.0536642 0.256889
0.0531754 0.255717
0.0539629 0.257499
0.0537968 0.260575
0.0530125 0.253096
0.0532663 0.255535
0.0527682 0.254777
0.0530065 0.254735
0.053571 0.258391
0.0522744 0.2467
0.0525045 0.244037
0.0525758 0.249002
0.0516444 0.245182
0.0520736 0.245042
0.0510294 0.241975
0.0524418 0.248186
0.0524451 0.254347
0.0533406 0.253343
0.0532932 0.256103
0.0526813 0.252703
0.0525069 0.25566
0.052031 0.247791
0.052601 0.252404
0.0527007 0.253337
0.0525276 0.250949
0.0518977 0.24894
0.0505743 0.243011
0.0506649 0.243783
0.0498252 0.238624
0.0500758 0.243756
0.0504267 0.24375
0.0505147 0.241577
0.0496203 0.236237
0.0504801 0.240544
0.0500769 0.236081
0.0507523 0.236656
0.0505493 0.236277
0.0498089 0.23381
0.0505247 0.236986
0.0507166 0.240341
0.0511882 0.239923
0.0510032 0.245106
0.0508497 0.242633
0.05031 0.241063
0.0499837 0.238278
0.0504584 0.240173
0.0501734 0.233673
0.0485515 0.22912
0.0484834 0.231522
0.0480721 0.227557
0.0471784 0.227009
0.0458439 0.21692
0.0445564 0.208061
0.0455296 0.217846
0.0447136 0.215305
0.0453523 0.220935
0.0454233 0.221768
0.0449347 0.220659
0.0456357 0.225325
0.045317 0.221093
0.0452781 0.22172
0.0455414 0.224537
0.0446816 0.223136
0.0453212 0.224306
0.0448477 0.223717
0.0451652 0.225686
0.0447931 0.220679
0.0450375 0.225289
0.0450282 0.222731
0.0459244 0.225994
0.0456674 0.229763
0.0448825 0.225411
0.0446318 0.224084
0.0433036 0.220697
0.0434337 0.222624
0.0448406 0.230387
0.0444278 0.226636
0.0447672 0.225988
0.045156 0.232793
0.0465207 0.240706
0.0460732 0.239623
0.0463206 0.24589
0.0458884 0.245835
0.0456488 0.244987
0.0460206 0.249038
0.044753 0.246123
0.044901 0.25297
0.0430809 0.238991
0.044146 0.244927
0.0436132 0.242464
0.0438486 0.245301
0.0435089 0.244738
0.0430757 0.245333
0.0438208 0.246202
0.0440477 0.247525
0.0435587 0.248122
0.0433226 0.242828
0.0421035 0.235828
0.0411646 0.237639
0.0401491 0.227674
0.0397983 0.227644
0.0397427 0.223709
0.0402974 0.234111
0.0398146 0.235367
0.0386344 0.226251
0.0394004 0.230521
0.0384274 0.226276
0.0401097 0.242784
0.0399678 0.240545
0.03928 0.238291
0.0397804 0.242006
0.0382919 0.232543
0.0384535 0.233858
0.037394 0.225987
0.0357668 0.213267
0.0363203 0.223366
0.037118 0.227226
0.0357984 0.219714
0.0360474 0.217325
0.0368407 0.22287
0.0361788 0.220804
0.0366549 0.224103
0.0366153 0.221489
0.0381167 0.228517
0.0385479 0.23262
0.0391865 0.238838
0.0377215 0.234324
0.036632 0.226442
0.0370824 0.227833
0.0380135 0.237172
0.0381786 0.238699
0.0379429 0.236579
0.0382692 0.238841
0.0394509 0.24246
0.0398897 0.244508
0.0396999 0.237729
0.0408954 0.241903
0.0420856 0.255882
0.0422932 0.256774
0.0418783 0.257884
0.0415931 0.25333
0.0424404 0.256896
0.0417063 0.250857
0.0418201 0.243638
0.0413824 0.246206
0.0414783 0.242946
0.0427797 0.253335
0.0419934 0.246221
0.0435059 0.253083
0.0439855 0.257965
0.044154 0.257069
0.0446687 0.265134
0.0441133 0.256745
0.0443658 0.255366
0.0452579 0.258604
0.0451769 0.260678
0.045587 0.260183
0.0449868 0.249322
0.0452866 0.253396
0.0450799 0.248154
0.0466995 0.254863
0.0465617 0.2526
0.0451476 0.241542
0.0447117 0.241056
0.0444387 0.238896
0.0441394 0.232492
0.0441602 0.228256
0.0452441 0.235935
0.0458081 0.234565
0.0455688 0.231506
0.0460178 0.235537
0.0477391 0.23896
0.0480153 0.245774
0.0480349 0.24156
0.0486746 0.237733
0.0483004 0.242227
0.0486745 0.236972
0.0487013 0.234522
0.0483976 0.229538
0.046571 0.223398
0.0473147 0.222934
0.0466838 0.222165
0.0483341 0.228498
0.0475739 0.226508
0.0476005 0.228205
0.0480958 0.229966
0.0492437 0.240641
0.0490468 0.240263
0.0494736 0.241215
0.0492063 0.240084
0.0481917 0.235492
0.0491288 0.244062
0.0493279 0.237693
0.0493639 0.239871
0.0501293 0.24295
0.0491231 0.233942
0.0490433 0.231113
0.0501078 0.235086
0.049583 0.227022
0.0490169 0.223576
0.0496564 0.226491
0.0495741 0.227766
0.0496741 0.229699
0.0509539 0.238591
0.0502747 0.238291
0.0511965 0.243913
0.0516119 0.245182
0.0523536 0.249637
0.0528839 0.248898
0.0533599 0.250814
0.0530115 0.241721
0.0538006 0.250228
0.0536998 0.243339
0.054841 0.252137
0.055201 0.255637
0.0540822 0.250503
0.0543874 0.24995
0.0541921 0.24853
0.0550473 0.25837
0.054367 0.25421
0.054985 0.256992
0.0543873 0.253395
0.0539521 0.255408
0.0541366 0.24888
0.0542005 0.252398
0.0532014 0.244624
0.0537247 0.24838
0.0536283 0.253171
0.0535499 0.249799
0.0533701 0.25056
0.0533886 0.251046
0.0531716 0.243735
0.0538378 0.252004
0.0529554 0.248343
0.0548182 0.249459
0.0548709 0.250918
0.0551727 0.256709
0.0552205 0.250791
0.0555206 0.25506
0.0538347 0.240409
0.0540225 0.249402
0.0537308 0.243172
0.0538111 0.247146
0.0551238 0.248308
0.0551021 0.246776
0.0561898 0.25471
0.0566533 0.257098
0.0571687 0.2626
0.0582722 0.267861
0.0576906 0.26387
0.0574111 0.261152
0.0574531 0.261798
0.0572922 0.260685
0.0569399 0.258711
0.058437 0.272248
0.0583691 0.267664
0.0589006 0.273566
0.0602439 0.280126
0.0597679 0.27674
0.059637 0.272553
0.0592816 0.276051
0.0592946 0.275939
0.0582893 0.274465
0.0590103 0.282179
0.0586373 0.276235
0.0588965 0.280793
0.0583111 0.274568
0.0573527 0.272137
0.0571323 0.267054
0.0577678 0.272802
0.0595393 0.276964
0.0575651 0.266741
0.0589129 0.273865
0.0600545 0.27991
0.0592078 0.267505
0.0587157 0.265469
0.0606381 0.269261
0.0614784 0.272171
0.058759 0.263173
0.0578098 0.259945
0.0565707 0.256354
0.0556383 0.250437
0.0574801 0.257157
0.0561706 0.252773
0.0558927 0.249754
0.055396 0.247721
0.0551259 0.250524
0.0544894 0.247294
0.0555313 0.248119
0.0556701 0.250543
0.0550146 0.247958
0.0544466 0.247986
0.0556005 0.257626
0.0549058 0.254157
0.0548232 0.2532
0.0544476 0.252521
0.0536404 0.250718
0.0537877 0.248757
0.0535024 0.250979
0.0537796 0.251296
0.0541877 0.253897
0.0524421 0.247758
0.0539879 0.255826
0.0540953 0.25701
0.0535722 0.252205
0.0543198 0.263292
0.0538271 0.257526
0.0534114 0.256337
0.0527271 0.256927
0.0527133 0.256083
0.0535977 0.259834
0.053514 0.254735
0.053945 0.258159
0.053354 0.254775
0.0530397 0.250878
0.0530026 0.251689
0.0533978 0.252386
0.0528364 0.249897
0.0512804 0.241942
0.0512607 0.24117
0.0504961 0.24178
0.0499642 0.238653
0.0496809 0.243926
0.0503658 0.24708
0.0488106 0.240772
0.0495714 0.245445
0.0497258 0.250218
0.0490474 0.25192
0.0488874 0.249202
0.0493659 0.252742
0.0483444 0.247831
0.0473219 0.243533
0.0473656 0.244467
0.0475527 0.247433
0.0473609 0.245786
0.0469014 0.242989
0.0466849 0.246616
0.0474822 0.249744
0.0468686 0.249541
0.0474338 0.251797
0.0470596 0.249086
0.0460376 0.243875
0.0462438 0.248041
0.0447347 0.241056
0.0455154 0.243053
0.0445292 0.239513
0.0443712 0.240678
0.0448686 0.242104
0.0446857 0.242477
0.0444033 0.240587
0.0444621 0.241896
0.0435323 0.238801
0.0443338 0.242342
0.0433407 0.23823
0.0423604 0.23415
0.0433427 0.241322
0.0424117 0.237839
0.0427037 0.239279
0.0426954 0.240438
0.0421453 0.238557
0.0421639 0.239191
0.0436878 0.253199
0.0433685 0.251177
0.0441302 0.252691
0.0432702 0.246711
0.0437935 0.253528
0.0426379 0.248944
0.0422481 0.242343
0.0426963 0.246135
0.0437874 0.25268
0.0432514 0.251086
0.0444197 0.255351
0.0441434 0.252943
0.0425712 0.246871
0.043705 0.252026
0.0426021 0.246734
0.0431188 0.249477
0.0426011 0.247316
0.0421017 0.244486
0.0418801 0.242432
0.0435236 0.24933
0.0420404 0.241544
0.0425278 0.245756
0.0421668 0.244676
0.0429702 0.249628
0.0424401 0.245571
0.0418069 0.240619
0.0415646 0.241358
0.0415433 0.241485
0.04206 0.244524
0.0420363 0.244592
0.0424717 0.244518
0.0415521 0.240245
0.041612 0.240881
0.0423178 0.243798
0.0420756 0.244847
0.041946 0.243303
0.0418742 0.24317
0.0418 0.240015
0.0417781 0.242574
0.0421723 0.244026
0.0416835 0.243434
0.0410428 0.238288
0.0406243 0.236377
0.0409995 0.238083
0.0404902 0.234851
0.0413799 0.239694
0.0411416 0.239995
0.0414106 0.239513
0.0404381 0.233517
0.0412349 0.238611
0.0412031 0.238195
0.0400415 0.233391
0.0410127 0.237311
0.0421696 0.244086
0.0401386 0.234742
0.0410214 0.237613
0.0400229 0.233107
0.0413324 0.237755
0.040274 0.234866
0.0405814 0.233301
0.0404716 0.234433
0.0393868 0.229149
0.0407525 0.237059
0.0408469 0.236974
0.0408258 0.237226
0.0405867 0.235489
0.040436 0.234678
0.0416161 0.239971
0.0401129 0.234029
0.041189 0.239299
0.0407538 0.235699
0.0403645 0.234636
0.0413585 0.238568
0.0400354 0.233912
0.0415409 0.240084
0.0407985 0.235778
0.0400542 0.233177
0.0411766 0.238865
0.0409444 0.236806
0.0408263 0.236605
