44435
43013
42954
43934
44819
45331
45294
45632
45855
45402
45638
45546
45721
45776
45510
45625
45631
45851
45668
45479
45685
45822
45575
45460
45109
44431
44221
43897
43597
43494
43201
43311
43171
43264
43369
43271
43396
43816
44076
44709
44923
45183
44971
44995
45210
45105
45281
45024
45053
45321
45296
45149
45277
45250
45277
45483
45314
45384
45103
45594
45417
45461
45338
45764
45811
45655
45613
45428
45494
45512
45581
45126
45404
45617
45550
45627
45356
45538
45630
45732
45577
45811
45661
45585
45744
45897
45837
45873
45612
45668
45869
45908
45791
45926
45738
45960
45967
45938
45897
46040
45815
45857
45720
46001
45969
45845
45905
46094
45849
45902
45674
45731
45645
45913
45927
45805
46025
45872
46085
45896
46023
46079
46014
45918
45907
46092
45885
46136
46132
46093
46085
46110
46019
45873
45812
45874
45726
45624
46104
46099
46239
46109
45958
46052
45947
46157
46103
45927
45873
45776
46069
46077
46234
45996
46082
46120
46033
46091
45959
45742
46251
46168
46153
45884
45881
46090
46001
46230
46137
46085
45876
46117
46031
46269
46114
46201
46083
46321
46225
46189
46198
46041
46114
46205
46117
46178
46176
46218
45963
45951
46342
46222
46057
46084
46115
46330
46097
46221
45987
46138
46418
46005
46216
46446
46108
46299
46219
46137
46518
46548
46586
46172
46440
46345
46463
46465
46307
46479
46442
46238
46245
46330
46331
46576
46447
46507
46428
46282
46189
46503
46509
46594
46403
46786
46159
46398
46593
46331
46714
46400
46599
46450
46506
46606
46407
46483
46286
46728
46757
46550
46323
46734
46437
46466
46299
46520
46949
46757
46496
46600
46673
46660
46751
46688
46789
46722
46582
46513
46515
46556
46610
46520
46604
46814
46823
46433
46935
46665
46633
46787
46576
46865
46824
46711
46676
47128
46512
46904
46709
46792
46603
47075
46897
47190
47016
47138
47106
47018
47212
47427
47090
47043
46805
46821
47160
47270
46876
46786
46944
47256
47274
47188
47232
47183
47325
47093
47358
47162
47273
47451
47174
47080
47118
47269
47175
47450
47380
47384
46855
47420
47546
47471
47188
47342
47183
47336
47291
47216
47287
47489
47071
47196
47480
47246
46902
47085
47117
47353
47325
47137
47002
47099
47087
47509
47082
47457
47195
47235
47333
47212
47147
47048
47237
47196
47252
47353
47308
47319
47406
46972
47047
47292
47082
47361
47362
47308
47100
47205
47297
47288
47186
46912
47111
47132
47288
47150
47190
47147
47187
47625
47312
47062
47194
47220
47259
47119
47272
47173
47079
47262
47328
47302
47108
47021
46929
47107
47096
47039
47035
46863
47037
47029
46829
47031
46893
46763
46965
46815
46723
46812
46743
46548
46733
46861
46680
46795
46671
46650
46666
46637
46427
46556
46192
46321
46358
46199
46102
46230
46462
46122
45867
46114
45868
46017
45868
45598
45562
45668
45654
45603
45400
45645
45648
45526
45405
45501
45398
45667
45350
45324
45593
45422
45610
45346
45291
45562
45552
45540
45332
45369
45733
45271
45264
45555
45407
45196
45317
45553
45159
45403
45500
45381
45145
45186
44931
44930
44989
44900
44968
44670
44487
44926
44562
44558
45018
44876
44624
44591
44696
44792
45032
44749
44975
45160
44659
44853
44981
45182
44841
45269
45288
45481
45804
45475
45498
45807
45942
45614
45379
45261
45591
45417
45861
45661
45698
45736
45303
45041
44994
44894
43829
43961
43891
44163
44262
44144
44299
44284
44462
44163
44402
44294
44347
44423
43957
43309
43332
43488
43496
43347
42478
42556
42725
42969
44262
44040
43930
44075
44430
44409
44523
44670
44428
44820
45113
45266
45416
45656
46119
46632
46662
46936
46875
46992
47098
46886
47146
46993
46930
47225
47005
47208
47088
47264
47073
46993
47357
47170
47036
46997
46933
46850
46883
46650
46738
47098
46885
46998
47271
46892
46697
47011
46926
46862
46514
46774
47038
47157
46875
47040
47229
47090
47117
47037
46936
47401
46758
46786
47148
46726
46988
46694
46624
46493
46430
46362
46353
46496
46356
46472
46486
46610
46817
46263
46465
46558
46392
46397
46512
46508
46432
46386
46358
46215
46306
46272
46322
46297
46537
46045
46473
46105
46197
46351
46269
45998
46137
46334
46171
45916
46293
46109
46211
46197
46306
46012
46321
46223
46176
45842
46208
46133
45840
45956
45943
45943
45967
46137
45849
46136
46199
46144
46208
46105
46183
46141
46417
46082
46113
45934
45839
46173
46000
45773
46019
45981
46006
45974
45907
46175
46163
46101
46080
46062
46101
46216
46127
46007
46146
46138
46186
46104
46179
46143
46100
46389
46392
46221
46005
46408
46291
46253
45979
46030
46161
45881
45992
46164
46167
46166
46272
46096
46224
46522
46364
46270
46291
46145
46196
45969
46238
46182
46204
46199
46124
46049
45923
45895
45972
46073
46199
46046
46031
46037
46011
45788
45862
45812
46083
45785
45854
45887
45807
45596
45701
45764
46029
45453
45736
45704
45987
45830
45689
45685
45572
45573
45854
45948
46033
45737
45598
45808
45815
45766
45799
45583
45599
46132
46051
46205
46063
46067
45795
46225
46130
46062
46071
45927
46086
46075
46082
46105
45913
45850
45881
45827
45814
45822
45748
45915
45912
46084
46090
45908
45782
46056
46111
46323
46501
46211
46365
46058
46279
45921
46129
46080
46128
46381
46262
45976
45802
45876
45939
46240
46183
46275
46122
46377
46257
46065
46031
46385
46318
46296
46175
46854
46582
46451
46357
46406
46451
46547
46399
46407
46245
46623
46190
46404
45848
46352
46236
46149
46126
46153
46317
46314
46119
46163
46154
46313
45975
46055
46137
46140
46219
46387
46243
46356
46702
46458
46651
46563
46679
46562
46779
46674
46583
46623
47100
46753
46711
46736
46806
46458
46761
46482
46533
46554
46722
46738
46786
46807
46498
46615
46619
46439
46345
46361
46502
46308
46573
46414
46455
46480
46610
46754
47027
46729
46772
46987
46964
47108
47017
47481
46932
47638
47498
47590
47103
47075
47470
47160
47233
47284
47395
47263
47276
47184
47399
47564
47628
47642
47797
47578
47572
47604
47719
47818
47688
47685
47512
47655
47644
47453
47363
47327
47299
47304
47387
47401
47274
47155
47456
47487
47546
47951
47256
47556
46960
47355
46700
47049
47326
47055
47317
47166
47311
47357
47259
47242
46928
47152
47148
47360
47036
46548
46229
46296
46433
46492
46565
46356
46557
46354
46437
46280
46150
45917
46021
46027
46029
46287
46128
46246
46200
46242
46252
46307
46333
46282
46412
46302
46241
46341
46160
46065
46620
46398
47060
46201
46532
46400
46414
46408
46400
46528
46433
46419
46133
46181
45865
46047
46175
46094
46014
45893
46177
45990
45966
45922
45714
45597
46041
46132
46003
46124
46370
45958
46316
46393
46161
46125
46183
46366
46151
46424
46112
46096
46096
46120
46001
46262
46090
46291
45925
46073
46327
46314
46398
46273
45933
46187
45720
46511
46389
46197
46004
45479
45672
46097
46031
45964
45692
45823
45764
45844
45341
45849
45704
45806
45992
45790
45945
45806
46031
45911
46081
46020
45670
46068
45542
45619
45814
45417
45577
45559
45667
45642
46353
45320
45433
45319
45617
45514
45697
45722
45590
45806
45788
45719
45660
45820
45530
45600
45568
45512
45984
45693
45841
45751
45919
45378
45766
45609
45627
45726
45719
45599
45745
45602
45751
45777
45677
45058
45745
45963
45688
46162
46093
46074
46202
46240
46196
46133
46139
46331
46206
46086
46152
46405
46622
46494
46182
46439
46291
46385
46528
46303
46701
46536
46541
46314
46419
46697
46469
46525
46483
46489
46655
46398
46469
46907
46513
46921
46647
46820
46743
46841
47107
46762
46816
46799
47176
46977
47008
46983
46840
46773
46736
46734
47262
46974
46993
47056
47041
47124
47039
47032
47050
46981
47407
46893
47031
47241
47372
47276
47242
47340
47255
47266
47294
46907
46868
46989
46974
46866
47106
46974
47141
47219
47090
47025
46999
46931
47373
47017
47208
46999
47011
47201
47083
46977
47336
46878
47148
46743
47301
46992
47070
47224
47310
47323
47421
47183
47062
47001
47491
47100
47014
47294
47052
47483
47062
47036
47236
47017
47015
47053
