60.8945   100.15   161.044 0.104212   0.0623985
63.2694   105.839   169.108 0.110999   0.06644
63.5639   105.554   169.118 0.111516   0.0665119
61.6619   104.944   166.606 0.107052   0.0655352
65.1497   105.7   170.849 0.109019   0.0647564
64.5207   105.848   170.368 0.110908   0.0662168
67.5316   105.823   173.355 0.113594   0.0650119
63.2782   108.641   171.919 0.107983   0.0676995
62.096   111.879   173.975 0.108267   0.0701996
64.9711   110.414   175.385 0.116729   0.0718841
65.9991   121.422   187.421 0.11849   0.0782611
70.2685   124.463   194.732 0.121572   0.0803091
68.5847   124.878   193.463 0.123386   0.0833791
70.2419   125.659   195.901 0.125919   0.0844293
67.9935   118.666   186.66 0.123326   0.0808537
72.5196   116.604   189.124 0.124433   0.0807842
70.4161   119.181   189.597 0.119715   0.0818211
72.9331   118.832   191.765 0.122618   0.0812694
73.3893   113.108   186.498 0.121563   0.0768846
75.2042   115.914   191.119 0.124387   0.0793066
73.7419   112.638   186.38 0.126379   0.0771628
73.1328   111.243   184.376 0.122912   0.0761938
72.3212   115.175   187.496 0.124692   0.0788793
71.8711   116.655   188.526 0.123974   0.0809798
71.1686   119.598   190.766 0.124595   0.0805263
69.6623   128.581   198.243 0.124138   0.0837295
72.3708   131.731   204.102 0.125296   0.0861099
73.4529   130.113   203.566 0.123606   0.0840251
78.5675   130.386   208.953 0.125307   0.0858996
75.0547   123.454   198.508 0.125258   0.0834937
70.9888   119.534   190.523 0.12639   0.0841294
72.4771   117.603   190.08 0.12275   0.0841957
69.3347   120.518   189.853 0.124927   0.0875065
71.7173   114.569   186.286 0.130277   0.0854723
61.4424   147.359   208.801 0.104672   0.076974
57.7033   138.507   196.21 0.098807   0.0710364
55.6826   146.387   202.069 0.101858   0.0746237
60.9987   153.876   214.875 0.108878   0.0803532
69.0671   153.419   222.486 0.117983   0.0805773
67.734   157.836   225.57 0.118127   0.0840356
65.0732   154.365   219.438 0.115789   0.0825832
62.0771   153.723   215.8 0.110514   0.0834413
66.7676   151.542   218.309 0.111256   0.0834309
70.9485   143.666   214.614 0.116577   0.0800278
70.6593   145.776   216.436 0.117815   0.0830279
71.0177   145.402   216.42 0.119398   0.0850703
68.2848   145.086   213.371 0.117093   0.0869732
69.3054   146.903   216.208 0.120741   0.0884248
70.0382   144.961   214.999 0.120825   0.0893811
65.8819   156.344   222.226 0.119525   0.0957285
71.1385   154.929   226.067 0.123827   0.0966192
54.4167   157.782   212.198 0.0931394   0.0769573
61.0877   161.698   222.786 0.100971   0.0779831
62.502   163.693   226.195 0.106841   0.0819387
61.6735   159.478   221.151 0.105021   0.0803718
61.6597   164.558   226.218 0.103761   0.0823614
61.8599   160.778   222.638 0.106216   0.0805987
65.3707   153.501   218.872 0.110959   0.0793287
63.5009   152.613   216.114 0.110101   0.0787375
62.5015   159.221   221.722 0.11074   0.083933
70.1502   169.13   239.28 0.112195   0.0864009
68.5468   168.881   237.428 0.112556   0.0879405
69.7251   164.79   234.515 0.114416   0.0855696
70.2422   163.27   233.512 0.116103   0.0832755
64.9063   169.97   234.876 0.111188   0.0889778
68.052   170.66   238.712 0.114459   0.0907875
65.9169   175.426   241.343 0.112167   0.0918302
71.4535   172.825   244.279 0.117677   0.091899
56.2701   169.257   225.527 0.0930598   0.0775695
56.532   171.005   227.537 0.0916835   0.0785581
56.5427   169.957   226.5 0.0953503   0.0780218
62.1188   171.818   233.937 0.101253   0.0804017
61.114   184.274   245.388 0.103513   0.084336
62.3279   182.637   244.965 0.104959   0.0843655
64.4959   185.542   250.038 0.106852   0.0866856
58.6493   186.887   245.536 0.103511   0.087955
62.986   184.717   247.703 0.107302   0.0879689
58.8569   186.499   245.356 0.10733   0.0900796
63.9263   186.455   250.381 0.108672   0.088315
67.2987   186.076   253.375 0.113552   0.0898339
66.4037   188.247   254.651 0.113822   0.0913288
62.8825   192.401   255.284 0.110904   0.0922567
66.8031   192.862   259.665 0.113853   0.0935767
67.0243   185.33   252.354 0.11252   0.0910263
67.0505   180.51   247.56 0.117587   0.0905163
53.6399   183.549   237.189 0.089029   0.0815413
57.1893   180.981   238.17 0.0962134   0.081545
57.3034   181.167   238.47 0.0979306   0.0817646
56.8614   184.668   241.529 0.0985807   0.0853284
59.4399   184.652   244.092 0.0985269   0.0839765
62.1257   183.813   245.939 0.103959   0.0854626
68.1701   187.922   256.092 0.109387   0.0879125
64.7886   186.286   251.074 0.103828   0.0865909
67.306   179.952   247.258 0.105303   0.0855961
66.0711   186.974   253.045 0.107468   0.0896329
67.5706   193.457   261.028 0.110455   0.0920348
70.9121   182.356   253.268 0.110974   0.0876375
73.7674   186.882   260.649 0.115142   0.0897105
76.6381   194.615   271.253 0.114257   0.0938242
74.3759   189.01   263.386 0.115461   0.0904139
61.5383   170.042   231.58 0.0913031   0.0763615
64.232   172.158   236.39 0.0949616   0.079124
65.2988   171.533   236.832 0.0976066   0.0799036
68.5954   176.541   245.136 0.0993273   0.0824263
71.2868   171.174   242.46 0.101664   0.0818308
65.6979   176.129   241.827 0.099769   0.084242
66.5029   177.497   244 0.0953583   0.084482
64.124   180.647   244.77 0.0971085   0.0848571
70.6228   179.878   250.501 0.10186   0.0869608
68.1625   180.876   249.038 0.100594   0.0868425
68.4635   169.125   237.588 0.105537   0.0821621
74.1366   173.078   247.214 0.106137   0.083388
69.9317   176.731   246.663 0.1064   0.0853876
73.5398   174.093   247.633 0.106195   0.0852562
71.6053   168.909   240.515 0.108657   0.0842335
71.3909   168.177   239.568 0.104925   0.0831846
61.7947   173.006   234.8 0.0924241   0.0810635
65.8932   169.25   235.144 0.0935762   0.0784293
63.7675   167.19   230.957 0.0932614   0.0780258
66.8125   170.88   237.692 0.0955601   0.0816044
64.7023   155.521   220.223 0.0969504   0.0765359
60.8719   161.737   222.608 0.0938801   0.0790424
67.9602   168.887   236.847 0.0972785   0.0828532
65.8038   157.599   223.403 0.0946   0.080845
65.1413   150.634   215.775 0.0985496   0.0795573
66.4825   158.684   225.166 0.0971358   0.0813943
67.3345   165.307   232.642 0.0982269   0.0816131
62.2715   161.421   223.692 0.0934606   0.0819275
60.55   158.543   219.093 0.0866031   0.0761736
61.5764   170.168   231.744 0.0880606   0.0831914
58.832   156.506   215.338 0.091043   0.0795011
64.3819   173.623   238.005 0.095357   0.0850397
66.8897   167.302   234.192 0.0984203   0.0833883
67.1957   167.183   234.378 0.0987628   0.0831444
71.1957   160.358   231.553 0.104416   0.0840414
72.6089   167.493   240.102 0.10993   0.0875703
78.2822   169.915   248.197 0.110881   0.0909364
72.4106   164.879   237.29 0.108534   0.0899177
75.2969   162.34   237.637 0.113228   0.0877376
58.4243   156.285   214.709 0.0879506   0.07682
57.9639   154.676   212.64 0.0894045   0.081053
61.3346   160.574   221.909 0.0960648   0.0852093
64.6866   162.015   226.702 0.10196   0.0871988
65.7093   161.161   226.87 0.105   0.086469
63.0201   153.102   216.122 0.100537   0.0851827
68.5665   153.578   222.145 0.105264   0.0871922
68.1777   133.898   202.076 0.106666   0.0807344
70.5809   143.878   214.459 0.108467   0.084855
68.4462   142.253   210.699 0.106725   0.0865723
50.5689   126.002   176.571 0.0877932   0.074646
52.8233   133.023   185.846 0.0869757   0.0775995
53.6991   130.077   183.776 0.0930338   0.0784921
55.1919   120.634   175.826 0.0954548   0.077618
55.933   122.882   178.815 0.0972593   0.0775017
61.2324   119.39   180.623 0.101908   0.0769339
59.6909   119.444   179.135 0.0995264   0.0770731
64.1803   118.736   182.916 0.10089   0.0788342
62.3148   111.94   174.255 0.103313   0.0771822
61.8586   106.691   168.55 0.105023   0.0761534
51.6749   113.72   165.395 0.0847361   0.0781937
53.26   113.721   166.981 0.0910739   0.0810671
52.1166   116.88   168.997 0.0901498   0.0835124
52.4555   110.609   163.064 0.0902692   0.0820601
54.5531   116.058   170.611 0.0946773   0.0840753
53.8471   111.547   165.394 0.0949125   0.0831925
53.5029   99.3592   152.862 0.096794   0.0779746
55.3397   98.7097   154.049 0.0954132   0.0793841
58.6517   99.6846   158.336 0.0992624   0.081226
57.0785   95.8348   152.913 0.097326   0.0797228
44.868   91.6828   136.551 0.0804086   0.0714676
45.789   92.1245   137.913 0.0839065   0.0751336
46.7286   91.87   138.599 0.0874249   0.0747417
50.0952   97.6385   147.734 0.0897763   0.0773865
50.4126   91.756   142.169 0.0921433   0.0770699
51.8129   98.5165   150.329 0.0945707   0.0827696
50.4643   97.4677   147.932 0.091465   0.07965
57.2009   94.9544   152.155 0.0980307   0.0813663
52.4113   97.0611   149.472 0.0952068   0.083842
49.341   91.8432   141.184 0.0919511   0.0836764
51.5075   96.1196   147.627 0.0947576   0.08816
43.1794   92.8991   136.078 0.0815585   0.0826609
44.4133   93.0069   137.42 0.0860723   0.0840475
46.5862   101.542   148.128 0.090039   0.0910366
47.5993   97.6004   145.2 0.0914052   0.0906435
47.5088   100.403   147.912 0.0929359   0.0929829
48.3927   95.6329   144.026 0.0937439   0.0901158
48.2801   88.8392   137.119 0.0926325   0.0846975
47.4881   93.61   141.098 0.0929317   0.0872413
48.6768   86.3467   135.023 0.092121   0.0860198
46.5062   91.6627   138.169 0.0905376   0.0884064
40.7448   76.2537   116.999 0.0812134   0.0750677
38.6925   83.8262   122.519 0.0841001   0.0837071
43.4646   79.2334   122.698 0.0878784   0.0837916
46.5718   73.2829   119.855 0.0923737   0.0789403
50.0676   72.4634   122.531 0.090816   0.0782867
52.239   71.2154   123.454 0.0977648   0.0824888
57.2009   66.2386   123.439 0.0988874   0.0810313
52.5286   73.2241   125.753 0.0961711   0.0870265
48.7593   66.4195   115.179 0.0924267   0.0795963
48.4204   61.9816   110.402 0.0945096   0.0803044
40.4534   66.9276   107.381 0.0798572   0.0797775
40.7949   67.1757   107.971 0.082119   0.0817333
43.0843   62.4001   105.484 0.0873922   0.0738963
44.758   61.4022   106.16 0.0919621   0.0776457
47.0054   64.4281   111.433 0.0939691   0.0778953
47.1809   63.2603   110.441 0.0930066   0.0766924
47.0732   63.2944   110.368 0.0953382   0.079829
48.7347   59.5489   108.284 0.0971328   0.0754803
50.1806   62.5609   112.741 0.102855   0.0796193
37.7635   60.6938   98.4573 0.0796793   0.0743898
42.9422   64.5003   107.442 0.0879964   0.0792873
45.442   62.2707   107.713 0.0906706   0.0782874
49.8302   61.0402   110.87 0.0965327   0.0798537
51.555   62.1355   113.691 0.106582   0.0846533
52.7535   63.5949   116.348 0.106897   0.0825218
53.1898   63.4444   116.634 0.109915   0.0853704
54.3669   65.2418   119.609 0.110695   0.084152
40.4794   70.374   110.853 0.0850765   0.0836292
41.1037   70.8387   111.942 0.0932358   0.0877764
47.005   64.8353   111.84 0.102695   0.0875646
50.0748   64.5537   114.629 0.109254   0.0862121
56.4078   64.7723   121.18 0.117376   0.088504
56.792   65.4059   122.198 0.116218   0.0924682
55.751   61.4599   117.211 0.111107   0.091549
55.2208   55.6022   110.823 0.116128   0.0893075
38.2207   53.7285   91.9492 0.0843725   0.0807253
43.0961   56.4254   99.5216 0.0965848   0.0899353
45.6199   55.3454   100.965 0.0995447   0.0906665
50.6215   51.0733   101.695 0.109   0.088273
52.3547   50.5932   102.948 0.109974   0.0932536
53.2815   52.3357   105.617 0.112043   0.0946707
50.4209   45.4478   95.8687 0.110073   0.091224
39.9824   45.4799   85.4623 0.0874889   0.0818965
43.3885   43.9379   87.3264 0.0963333   0.0829329
47.1746   42.5172   89.6917 0.102237   0.0829044
47.9534   39.0133   86.9667 0.105207   0.081909
50.7895   39.9907   90.7802 0.113438   0.0818719
52.6165   47.5412   100.158 0.114852   0.0945387
52.7663   46.2185   98.9848 0.114433   0.0942593
40.0601   43.2738   83.3339 0.0845924   0.0728229
41.6968   47.6382   89.335 0.091872   0.080257
45.0171   48.1443   93.1614 0.0974325   0.0827507
44.2619   48.7726   93.0345 0.102169   0.0832771
50.2778   49.4027   99.6805 0.112165   0.090192
51.6312   52.0177   103.649 0.113111   0.094727
53.9963   50.1599   104.156 0.116659   0.0909165
55.8923   49.4096   105.302 0.117562   0.0908026
41.8504   54.901   96.7514 0.0925308   0.0836542
43.3498   56.4866   99.8364 0.0947053   0.0865872
52.901   53.0989   106 0.1082   0.0861645
53.1985   54.4388   107.637 0.11247   0.0923631
59.2877   50.06   109.348 0.118508   0.0869096
56.1768   52.3398   108.517 0.111514   0.0876126
58.2092   51.898   110.107 0.119428   0.0900903
59.5435   56.0072   115.551 0.124742   0.0991863
42.9209   68.401   111.322 0.0892326   0.0895497
48.2832   70.4014   118.685 0.0969543   0.0916344
46.911   68.989   115.9 0.0985843   0.093559
49.4984   64.3962   113.895 0.100818   0.0955149
50.7306   64.9294   115.66 0.112098   0.0987269
46.3651   66.3477   112.713 0.109792   0.100664
51.9818   63.0338   115.016 0.115401   0.0967106
47.8888   62.791   110.68 0.0953011   0.0885212
57.1973   71.1136   128.311 0.107514   0.0948182
56.6186   71.4281   128.047 0.107845   0.0942679
59.237   67.7548   126.992 0.114453   0.0879932
59.5609   70.7763   130.337 0.114628   0.0912497
60.1556   73.8142   133.97 0.117262   0.0943614
55.6854   69.2206   124.906 0.116173   0.0944347
54.3176   77.876   132.194 0.112366   0.0984526
55.0509   74.4698   129.521 0.112158   0.0902664
56.2427   71.6158   127.859 0.114576   0.0938916
54.392   77.0329   131.425 0.100664   0.0776151
54.4799   84.3398   138.82 0.10387   0.0847849
56.3316   82.9902   139.322 0.110454   0.0858401
47.8508   79.8675   127.718 0.103956   0.0859683
53.945   84.352   138.297 0.119559   0.0932066
56.7034   78.4967   135.2 0.121455   0.086574
55.8362   74.1263   129.962 0.117888   0.0832454
56.8172   78.0691   134.886 0.121751   0.0884302
56.8798   78.8957   135.775 0.119841   0.0858145
46.1361   72.6845   118.821 0.0811134   0.0682758
51.4814   81.4637   132.945 0.0929548   0.0755226
56.4036   84.3699   140.774 0.0966698   0.0794867
60.592   93.5792   154.171 0.105838   0.0844578
59.6895   94.4807   154.17 0.103778   0.0865869
64.5819   91.3628   155.945 0.108177   0.0829214
67.9158   90.5239   158.44 0.115086   0.083834
70.7479   95.2652   166.013 0.115482   0.0830222
68.6122   98.679   167.291 0.117717   0.0841766
68.5999   105.921   174.521 0.12081   0.0878868
43.1462   92.5612   135.707 0.081413   0.0688802
51.1846   94.6352   145.82 0.0936076   0.0724286
56.5668   96.9048   153.472 0.101193   0.0747434
58.3436   98.2095   156.553 0.103117   0.0747864
57.2886   101.754   159.042 0.10136   0.0771796
52.3011   107.269   159.57 0.0989302   0.0807224
58.3348   108.422   166.757 0.105839   0.0814287
55.9804   119.634   175.615 0.1078   0.0914053
42.2349   94.9625   137.197 0.0776567   0.0671826
41.6481   107.016   148.665 0.0819844   0.0795661
49.0853   107.207   156.293 0.0934069   0.0832677
45.987   95.9153   141.902 0.0855096   0.0748169
48.5607   100.878   149.439 0.0895403   0.0785859
50.5181   100.284   150.802 0.0931086   0.0815413
56.4047   104.843   161.248 0.10538   0.0821978
55.502   98.2211   153.723 0.100578   0.0785036
57.9464   104.693   162.64 0.105887   0.0868464
60.8781   110.145   171.023 0.105362   0.0907137
59.4898   94.8611   154.351 0.109558   0.0817064
53.9464   88.8135   142.76 0.0905901   0.0709798
63.0555   87.3304   150.386 0.0947389   0.0708727
64.448   85.4221   149.87 0.0990238   0.0697798
62.0623   87.9025   149.965 0.100608   0.0729481
62.4612   84.6451   147.106 0.100291   0.0717453
61.9203   88.364   150.284 0.101177   0.0746948
62.7544   83.827   146.581 0.098805   0.0713765
61.4152   85.9464   147.362 0.102273   0.0744931
63.8939   86.2189   150.113 0.100938   0.0749338
61.2328   77.9743   139.207 0.0973546   0.0678628
58.9883   83.3937   142.382 0.0985109   0.0736043
57.9544   78.8851   136.839 0.0955922   0.0717007
46.9536   76.3781   123.332 0.0803656   0.0650996
48.3082   81.4737   129.782 0.0801264   0.0695623
54.5624   86.0065   140.569 0.0917786   0.0758435
55.6723   80.3766   136.049 0.0944743   0.070058
60.1115   78.5774   138.689 0.094027   0.0676866
72.5347   93.8328   166.368 0.109776   0.0801647
63.2032   100.573   163.776 0.101968   0.082992
65.5581   101.372   166.93 0.106382   0.0838822
61.6462   94.1621   155.808 0.104811   0.0800131
60.148   96.659   156.807 0.10456   0.0838326
59.0926   92.7649   151.858 0.0909817   0.0726002
63.0006   104.034   167.034 0.0951311   0.0768911
60.6704   101.832   162.502 0.100481   0.0757339
61.425   91.1412   152.566 0.0978677   0.069949
69.7293   98.291   168.02 0.105014   0.0759238
67.6366   104.818   172.455 0.105517   0.0791677
68.3313   97.8592   166.19 0.105496   0.074955
56.104   99.7508   155.855 0.0861284   0.0709465
58.3054   100.855   159.161 0.0882302   0.0708917
54.8514   102.469   157.32 0.0876395   0.0728279
63.1493   102.084   165.234 0.0970333   0.0743406
66.787   106.577   173.364 0.101039   0.0771176
68.6983   110.858   179.556 0.0994187   0.0803752
58.0153   99.5316   157.547 0.0844064   0.0697271
66.796   105.843   172.639 0.0908295   0.073758
72.0443   101.02   173.064 0.0943606   0.0712538
72.0776   100.358   172.435 0.0997154   0.070633
71.1668   95.5624   166.729 0.0994784   0.0694091
74.2089   104.637   178.846 0.102251   0.0754143
59.7787   109.071   168.849 0.0839589   0.0715921
59.7868   105.858   165.644 0.0901762   0.0709977
59.0177   106.496   165.513 0.0889566   0.0720865
64.2549   108.078   172.333 0.0939398   0.0773919
72.4695   112.536   185.005 0.0988333   0.0787788
68.8746   114.636   183.511 0.0973723   0.0792508
52.3045   105.061   157.366 0.0814923   0.069218
57.8912   109.997   167.888 0.0860964   0.0713527
60.5926   108.623   169.216 0.0907256   0.0730419
68.3527   118.044   186.397 0.101024   0.0784243
70.9871   118.843   189.83 0.104959   0.0811402
63.9718   107.094   171.066 0.096927   0.0728405
61.4057   102.096   163.502 0.0932509   0.0703383
63.4233   99.9771   163.4 0.0933153   0.0673247
60.4229   100.998   161.421 0.0896815   0.0672987
61.6882   100.286   161.974 0.0917979   0.0673965
58.8858   101.941   160.827 0.0884702   0.0673325
57.1354   108.653   165.788 0.0863856   0.0702619
58.2235   105.532   163.755 0.0852967   0.0717709
59.2289   108.939   168.168 0.0868332   0.0734072
61.5237   107.139   168.662 0.091635   0.0722445
58.9846   114.868   173.853 0.0978727   0.073149
52.3009   108.05   160.351 0.0851113   0.0686358
66.1358   128.285   194.421 0.10324   0.0848445
66.8943   131.613   198.507 0.102035   0.0887117
52.2322   95.7935   148.026 0.0830137   0.065603
47.7307   93.1994   140.93 0.0754039   0.0633363
52.594   89.477   142.071 0.0795674   0.0631677
52.7154   89.8272   142.543 0.0799445   0.0634194
53.7698   97.8243   151.594 0.0846102   0.0675816
50.6631   95.4577   146.121 0.0833961   0.0656631
45.513   93.8903   139.403 0.0763641   0.0650435
56.4672   113.404   169.871 0.0897444   0.0776104
58.9984   108.441   167.439 0.093822   0.0773197
59.6336   97.4566   157.09 0.0920982   0.0665763
57.0987   95.7371   152.836 0.0884109   0.0653273
58.1732   103.91   162.083 0.0892272   0.0697084
49.2415   98.3781   147.62 0.0773022   0.0647736
52.7098   107.101   159.81 0.0864096   0.0704145
54.1049   103.76   157.865 0.0865632   0.0666293
51.2632   101.321   152.584 0.0844883   0.0692319
51.4592   102.905   154.364 0.0858369   0.0705431
49.5954   106.32   155.915 0.0796074   0.0720691
59.1239   111.135   170.259 0.089854   0.0751418
51.274   101.47   152.745 0.0851304   0.0712473
54.6187   114.814   169.433 0.0900556   0.0785794
48.9973   111.655   160.652 0.0809204   0.0749615
51.8693   111.893   163.762 0.0847261   0.0746252
58.4598   113.854   172.314 0.0926169   0.0764944
55.5265   102.309   157.835 0.0912914   0.0691339
47.3533   102.181   149.535 0.0787384   0.0683579
56.4036   111.565   167.969 0.0909002   0.0734344
58.2429   113.312   171.555 0.0927188   0.0752903
58.2201   117.318   175.539 0.0981128   0.0763394
60.1176   118.648   178.765 0.098959   0.0795094
59.2573   122.701   181.958 0.0979459   0.0801652
60.8004   113.937   174.738 0.100213   0.0779326
61.6117   108.212   169.824 0.102345   0.0764443
57.9498   116.919   174.869 0.10293   0.0803347
59.696   111.316   171.012 0.101214   0.0761949
44.9476   105.751   150.698 0.0854923   0.0723699
46.0789   103.058   149.137 0.0895171   0.0713699
49.2674   99.6631   148.93 0.092463   0.0703918
49.5628   100.305   149.868 0.0925111   0.0725668
54.2684   98.0962   152.365 0.0985675   0.0709887
56.6272   103.365   159.992 0.100352   0.0740206
54.4878   102.194   156.682 0.100069   0.0749776
55.9075   100.455   156.363 0.106086   0.0714272
44.3984   95.4196   139.818 0.0830221   0.0679197
48.735   93.3693   142.104 0.0882081   0.0690601
47.2214   99.3372   146.559 0.0880667   0.0716099
48.4018   99.0472   147.449 0.0908345   0.0732675
54.4225   93.7827   148.205 0.0981764   0.0703634
55.306   90.1583   145.464 0.097806   0.0715296
40.9164   88.8907   129.807 0.0856351   0.0682515
43.1404   89.9036   133.044 0.0855621   0.0694236
43.8639   85.8985   129.762 0.0893723   0.0688124
48.2732   81.4776   129.751 0.0938864   0.0665087
52.3555   100.618   152.974 0.0994596   0.0819233
41.0967   89.253   130.35 0.0797375   0.0687832
41.1246   84.5865   125.711 0.0790098   0.0669639
46.2666   74.0656   120.332 0.0828303   0.0610814
50.272   84.3788   134.651 0.0880034   0.06824
49.395   86.6294   136.024 0.092218   0.0673722
53.3774   96.4506   149.828 0.091525   0.0731019
49.0892   94.1857   143.275 0.0863486   0.0660721
45.2855   91.4145   136.7 0.0846457   0.0640337
44.6695   98.9519   143.621 0.0852472   0.0684694
45.351   93.1434   138.494 0.0856487   0.0687574
41.7942   90.313   132.107 0.0760724   0.0646941
46.5441   91.073   137.617 0.0834124   0.0665009
51.7791   94.4972   146.276 0.0912809   0.068229
51.4522   91.5617   143.014 0.092167   0.0653662
49.9583   94.2765   144.235 0.0933363   0.0678005
47.0782   102.345   149.424 0.0906396   0.0737359
48.0979   96.541   144.639 0.0940024   0.0729896
45.9485   95.4292   141.378 0.0913708   0.0717923
42.6253   96.1904   138.816 0.0891804   0.0718428
48.4663   94.4441   142.91 0.0946145   0.071889
50.4404   92.5062   142.947 0.0964444   0.0721015
41.6585   88.4198   130.078 0.0813961   0.0672496
44.2622   83.8414   128.104 0.0839147   0.0667332
39.5264   87.1627   126.689 0.0794235   0.0713182
38.5049   75.5361   114.041 0.0877104   0.0705451
30.5895   75.2157   105.805 0.0713874   0.0687215
33.9822   75.32   109.302 0.0800838   0.0684748
35.6868   76.5984   112.285 0.0840927   0.0693983
37.0086   76.1058   113.114 0.0880318   0.0692627
34.0945   77.302   111.397 0.0819187   0.0647637
34.1842   73.7955   107.98 0.0828206   0.0641561
35.6545   81.061   116.716 0.0873172   0.0673544
35.7604   76.7245   112.485 0.0870689   0.0672012
37.9511   77.6254   115.577 0.0857846   0.0623999
32.6514   69.3127   101.964 0.0856841   0.0596632
34.7356   71.8371   106.573 0.0892563   0.0605709
34.6383   70.6547   105.293 0.0909142   0.0608673
35.0238   70.4396   105.463 0.09114   0.0651443
39.7749   74.5825   114.357 0.0977671   0.0663349
43.2305   72.4807   115.711 0.099472   0.067449
38.0668   79.1722   117.239 0.0986187   0.0706517
36.588   73.3922   109.98 0.0915615   0.0678176
34.9593   73.4407   108.4 0.0875295   0.0677122
35.3716   72.1001   107.472 0.0901571   0.0675727
35.5066   76.991   112.498 0.0900856   0.0674345
34.5081   72.0066   106.515 0.0924573   0.0638413
32.5469   73.0608   105.608 0.0893654   0.0657495
31.9583   72.9541   104.912 0.0835947   0.0610443
35.1296   83.3982   118.528 0.0902148   0.0685728
40.8846   83.5272   124.412 0.0966995   0.0675896
32.8723   71.5968   104.469 0.0850658   0.0600678
31.1854   80.8025   111.988 0.08098   0.0641358
35.2731   77.6069   112.88 0.0862423   0.0626115
35.719   79.8412   115.56 0.0874037   0.06593
35.9888   80.6236   116.612 0.0847294   0.0636837
35.2166   82.0888   117.305 0.0832216   0.0638906
40.0014   81.3449   121.346 0.0884986   0.0660983
35.5751   75.7441   111.319 0.0779729   0.0616558
37.427   76.7179   114.145 0.0855475   0.0629954
40.254   79.3678   119.622 0.0853441   0.0645529
36.6835   80.5735   117.257 0.0817784   0.0663312
37.9315   81.1366   119.068 0.0853545   0.065687
34.7599   80.5235   115.283 0.0801183   0.0642353
37.3854   79.9312   117.317 0.0855175   0.0680266
38.312   83.6449   121.957 0.0873108   0.0704437
39.5195   79.3061   118.826 0.0860522   0.0688421
37.2224   77.9763   115.199 0.077065   0.0675998
38.3945   84.9835   123.378 0.0781169   0.0707606
42.3942   81.8952   124.289 0.0817633   0.0668714
46.8829   97.4581   144.341 0.0876726   0.0708143
47.1054   91.1625   138.268 0.0819554   0.0635602
46.9228   97.6009   144.524 0.0885476   0.0660992
49.1216   101.885   151.006 0.0900369   0.0686291
42.5287   102.147   144.676 0.0826789   0.0698129
41.9202   96.3814   138.302 0.078529   0.0668303
44.3056   94.4131   138.719 0.0858081   0.0673578
46.6519   101.847   148.499 0.0891665   0.072191
42.9029   90.3488   133.252 0.0792444   0.0644397
45.1076   102.832   147.939 0.0857558   0.0719245
50.8967   106.447   157.344 0.0930187   0.073598
55.56   112.511   168.071 0.0997845   0.0772636
51.2785   114.084   165.363 0.0941236   0.0742737
51.6044   113.343   164.948 0.0946522   0.073409
41.4293   102.789   144.218 0.0796106   0.069358
40.6719   88.0398   128.712 0.0808855   0.0642235
43.9835   93.9816   137.965 0.07997   0.0701443
44.3576   94.3596   138.717 0.0839709   0.0709204
40.9699   94.7265   135.696 0.0798894   0.0689924
45.5006   98.5424   144.043 0.0839494   0.0715631
49.5367   95.7325   145.269 0.0873663   0.0669107
45.9975   103.501   149.498 0.0830579   0.0705719
46.5559   98.0002   144.556 0.0805266   0.068103
48.677   108.939   157.616 0.0817317   0.0723228
47.9423   103.591   151.533 0.0855807   0.0693751
48.2125   104.838   153.051 0.0882206   0.0708725
41.9495   108.492   150.442 0.0764108   0.0700287
49.2167   120.051   169.268 0.0915186   0.0814213
47.7286   126.9   174.629 0.0892839   0.0843029
40.0232   106.814   146.838 0.0777754   0.0694682
40.3191   106.185   146.504 0.0715829   0.0661999
41.5784   103.959   145.537 0.075119   0.0681029
44.5245   109.492   154.016 0.0790001   0.071358
48.2531   120.611   168.864 0.0862048   0.075618
37.2506   105.094   142.345 0.0670738   0.0659299
39.2995   101.638   140.937 0.0715127   0.0658004
49.8847   108.969   158.853 0.0843003   0.07169
48.7371   110.528   159.265 0.0878938   0.0732941
45.7747   107.09   152.865 0.0777159   0.070494
48.1979   113.872   162.069 0.0824954   0.0746821
48.1377   104.579   152.717 0.0813687   0.070872
49.8028   97.4866   147.289 0.0812975   0.066653
43.8328   101.48   145.312 0.0786662   0.0704915
44.0873   96.717   140.804 0.0758817   0.0666095
41.8337   95.688   137.522 0.072565   0.0647416
39.9927   92.4663   132.459 0.0729794   0.064302
40.8946   94.8213   135.716 0.0699652   0.0646693
39.5426   97.4067   136.949 0.0684467   0.0666778
41.1368   98.353   139.49 0.0750085   0.0690543
49.9561   99.9761   149.932 0.0831216   0.0720289
62.4954   130.381   192.876 0.103563   0.094373
79.8156   141.362   221.177 0.116325   0.103812
47.0251   112.023   159.048 0.0803116   0.0791496
49.6982   114.803   164.501 0.0879391   0.0820191
44.3238   103.116   147.44 0.0807723   0.0746947
44.6569   90.4566   135.113 0.078026   0.0668152
43.7164   83.4314   127.148 0.0782202   0.0639103
45.3519   86.3144   131.666 0.0791943   0.0655221
36.677   89.8639   126.541 0.0744458   0.065738
36.6639   78.1086   114.773 0.0714696   0.0600951
38.3375   76.9   115.237 0.0727467   0.0576116
35.9834   79.285   115.268 0.0716562   0.0606618
30.8242   77.5373   108.362 0.063294   0.0607183
33.5071   82.7912   116.298 0.0699035   0.063915
35.9588   81.7353   117.694 0.0692048   0.0638357
38.6762   86.0982   124.774 0.0716225   0.0679008
44.0822   80.8639   124.946 0.0779872   0.0664589
44.3801   87.676   132.056 0.0786602   0.0690144
45.9529   91.8953   137.848 0.0825601   0.06924
38.1216   88.18   126.302 0.0729182   0.0647431
42.1499   92.6298   134.78 0.0773392   0.0651482
48.2227   110.255   158.477 0.0876777   0.0764595
53.0179   115.142   168.16 0.096854   0.0829192
57.3325   109.34   166.672 0.100127   0.0824583
56.0113   107.413   163.424 0.0992053   0.0827653
53.8453   102.149   155.994 0.101958   0.0849511
36.5864   91.1904   127.777 0.0793172   0.0759161
34.0708   85.4051   119.476 0.0779949   0.0706801
38.7392   86.5409   125.28 0.0900388   0.0744598
38.4999   86.8181   125.318 0.0872619   0.0750762
33.923   85.4014   119.324 0.0804116   0.0723863
30.4598   74.5939   105.054 0.0706998   0.0607508
31.2143   75.5066   106.721 0.0754697   0.0615075
29.0479   69.9042   98.9521 0.0746348   0.0599419
28.2035   66.8122   95.0157 0.0752459   0.0580104
24.6758   68.0749   92.7508 0.0691071   0.0587444
24.542   69.6785   94.2205 0.0708624   0.0599643
25.5895   69.5928   95.1823 0.0700699   0.0600559
25.1314   68.0961   93.2275 0.0697609   0.0598779
26.6772   68.8428   95.52 0.0733898   0.0617147
26.4672   73.9895   100.457 0.0755485   0.0637566
29.2475   70.1834   99.4309 0.0811528   0.0627646
29.8269   75.5223   105.349 0.0804392   0.0673705
33.5242   68.5538   102.078 0.0894615   0.0642532
25.9568   80.0566   106.013 0.0754265   0.0689153
35.0585   82.9476   118.006 0.0899801   0.073764
34.8337   74.247   109.081 0.0923971   0.0691828
32.5493   72.6518   105.201 0.0883531   0.0710322
32.9431   69.0122   101.955 0.0862386   0.0667645
30.8952   63.0432   93.9383 0.0820806   0.0605718
30.4296   59.692   90.1216 0.0843393   0.0580379
33.9947   60.9023   94.897 0.0867949   0.0589187
30.875   61.3254   92.2003 0.0841738   0.0601268
26.5023   62.6125   89.1148 0.0776813   0.0602816
27.9063   63.3691   91.2754 0.0785062   0.0606074
28.2987   66.4368   94.7354 0.074425   0.0631575
26.709   64.7288   91.4378 0.0792553   0.0634285
26.8073   69.4873   96.2946 0.0726203   0.0669066
29.4298   72.7627   102.192 0.0762168   0.0697829
28.0902   69.0538   97.144 0.0756639   0.0653454
29.2074   64.5872   93.7946 0.0742245   0.0624836
30.05   64.9778   95.0278 0.0778497   0.0623348
27.8054   63.8341   91.6396 0.0743709   0.0614972
26.6354   66.3623   92.9977 0.0735276   0.0637946
27.8267   66.0672   93.8939 0.0789411   0.0633283
29.247   64.7905   94.0375 0.0794828   0.0620559
33.861   64.3407   98.2017 0.085346   0.0614377
31.4325   66.623   98.0555 0.0843258   0.0628075
33.5713   65.2115   98.7828 0.0844349   0.0624392
32.3027   66.7249   99.0277 0.08471   0.0639945
31.2335   65.4668   96.7004 0.084358   0.0629943
29.5658   65.2348   94.8006 0.0795493   0.0616974
27.8407   65.7119   93.5526 0.0758087   0.0628221
27.1978   66.0848   93.2826 0.0745657   0.06385
30.1902   64.7793   94.9696 0.0762379   0.062069
30.2812   63.876   94.1572 0.078381   0.0623079
27.9411   66.2549   94.1959 0.0766559   0.0637475
29.1492   62.3703   91.5195 0.0748695   0.0604657
28.1404   64.9965   93.1369 0.0747221   0.0629201
30.5357   62.6033   93.139 0.0812553   0.0610407
29.8093   66.5441   96.3534 0.0757061   0.064108
27.706   64.0495   91.7555 0.0765148   0.0608662
28.2066   68.0687   96.2754 0.0763029   0.0645813
