1367         1367
1271         575
1290         584
1273         570
1299         570
1306         576
1329         597
1361         581
1352         594
1366         586
1311         573
1294         556
1309         557
1292         578
1296         555
1239         557
1267         551
1288         582
1328         588
1367         594
1398         603
1363         604
1344         583
1376         595
1323         580
1334         579
1305         571
1273         561
1302         577
1325         594
1385         627
1378         599
1317         561
1339         590
1310         555
1337         550
1303         587
1292         584
1216         546
1264         560
1263         585
1271         573
1255         562
1253         561
1295         600
1301         608
1280         599
1285         594
1259         583
1263         574
1242         579
1237         551
1228         574
1301         584
1330         605
1313         585
1297         587
1322         594
1325         582
1334         589
1338         576
1317         564
1369         625
1349         609
1352         609
1337         605
1321         583
1346         594
1318         587
1346         607
1351         604
1360         616
1317         593
1375         613
1327         590
1344         593
1310         603
1290         566
1270         587
1277         548
1324         588
1334         592
1304         583
1273         567
1326         586
1308         595
1317         570
1365         602
1325         594
1327         585
1349         576
1353         603
1352         597
1394         623
1417         624
1369         639
1396         614
1372         611
1395         639
1408         640
1424         670
1398         644
1455         674
1435         676
1419         669
1421         690
1457         701
1433         658
1455         697
1488         660
1490         693
1445         677
1445         648
1476         698
1441         657
1494         692
1510         659
1444         680
1427         668
1448         704
1471         683
1513         699
1463         667
1432         648
1498         698
1474         695
1492         661
1509         684
1496         685
1484         666
1514         699
1513         699
1448         646
1486         675
1459         679
1425         680
1440         681
1427         660
1488         706
1422         667
1405         665
1404         664
1376         648
1329         638
1329         634
1326         625
1319         626
1339         651
1332         639
1298         650
1289         641
1265         576
1319         607
1300         577
1262         578
1297         575
1277         600
1308         599
1343         636
1299         603
1319         589
1363         609
1335         584
1334         578
1312         581
1298         576
1312         567
1292         552
1270         580
1307         590
1331         586
1305         558
1329         545
1346         534
1336         558
1339         547
1305         547
1302         551
1367         583
1350         550
1320         536
1318         543
1247         529
1291         516
1230         517
1260         520
1243         511
1279         516
1249         521
1278         511
1275         528
1253         513
1263         501
1213         460
1242         494
1241         504
1270         551
1248         534
1306         578
1255         546
1279         527
1223         512
1249         506
1187         496
1202         493
1250         486
1233         500
1200         507
1177         493
1175         501
1144         487
1159         473
1128         488
1103         501
1147         516
1104         483
1080         493
1060         483
1060         491
1080         475
1042         440
1041         457
1013         458
1024         480
1025         488
1065         501
1052         475
1029         453
1026         446
1006         458
1027         464
1045         476
1029         475
1028         458
1028         457
1001         450
1039         461
1001         455
1031         447
1014         458
1024         461
1041         473
1008         453
1032         462
978         433
1008         448
989         456
986         462
990         475
984         452
993         457
1053         488
1044         473
1073         500
1080         503
1056         487
1052         477
1070         481
1095         498
1090         475
1074         490
1059         452
1030         422
1051         450
1081         502
1136         532
1149         525
1246         517
1199         519
1151         513
1131         479
1076         483
1074         490
1094         490
1104         540
1059         524
1086         510
1045         460
1007         451
1054         466
1040         473
1045         466
1078         474
1065         568
1065         553
1084         583
1078         572
1077         575
1120         597
1091         590
1111         612
1079         582
1051         567
1022         529
1028         546
1018         559
1068         565
1062         565
1040         528
1051         551
1032         519
1060         543
1067         508
1045         525
1070         537
1037         542
1068         542
1042         535
1120         551
1088         547
1149         577
1108         543
1163         595
1212         665
1198         650
1158         616
1143         622
1123         612
1166         635
1102         600
1147         633
1186         628
1154         598
1160         606
1174         584
1165         602
1199         594
1153         589
1226         639
1210         660
1218         619
1225         616
1170         588
1203         575
1217         649
1244         662
1202         603
1255         627
1263         664
1256         641
1283         647
1248         651
1286         660
1258         625
1250         650
1239         661
1298         691
1294         687
1377         735
1393         763
1323         722
1336         715
1373         725
1337         712
1284         663
1261         663
1268         684
1362         733
1289         707
1274         641
1266         672
1267         667
1276         676
1317         676
1280         660
1283         658
1289         679
1298         673
1293         672
1266         665
1264         661
1319         682
1313         682
1294         671
1198         602
1256         614
1254         640
1270         655
1229         629
1265         633
1275         661
1279         659
1267         635
1228         607
1240         596
1283         629
1251         628
1302         647
1314         645
1335         651
1270         637
1265         610
1259         625
1241         606
1265         599
1237         623
1258         658
1215         602
1206         606
1221         605
1224         612
1232         631
1249         608
1249         601
1237         620
1251         628
1207         593
1209         607
1231         605
1178         606
1172         602
1130         563
1153         589
1152         525
1121         514
1107         532
1108         535
1146         550
1138         564
1118         544
1134         527
1149         534
1167         552
1142         536
1138         532
1184         554
1155         565
1109         477
1141         504
1106         490
1137         514
1110         526
1139         515
1133         520
1185         558
1189         571
1175         535
1164         583
1196         568
1101         535
1138         524
1129         529
1119         549
1136         558
1113         567
1120         558
1122         535
1109         519
1122         511
1092         502
1035         477
1129         512
1078         523
1058         511
1046         527
1006         497
934         439
898         428
892         424
884         424
896         420
907         416
902         412
875         408
886         410
906         442
834         381
856         389
806         381
807         384
825         406
844         434
815         386
845         399
822         399
835         392
813         394
818         373
799         364
816         382
816         389
840         422
865         386
833         385
841         409
848         408
871         424
901         423
940         452
938         456
886         437
936         471
920         448
894         444
930         433
936         437
913         438
981         459
1008         483
1051         491
1063         518
1075         534
1172         574
1114         529
1151         545
1178         514
1177         533
1127         516
1144         523
1138         541
1134         526
1138         547
1224         556
1147         544
1143         545
1144         520
1120         502
1197         550
1167         528
1183         512
1192         542
1199         567
1187         553
1212         578
1229         595
1161         560
1161         546
1189         549
1143         537
1153         534
1126         514
1233         563
1210         553
1204         563
1238         559
1265         555
1250         549
1279         591
1246         554
1259         589
1259         584
1263         591
1315         612
1270         557
1252         581
1292         576
1268         548
1262         584
1250         577
1226         548
1327         601
1280         603
1392         686
1309         585
1242         565
1233         548
1245         572
1204         558
1219         572
1171         492
1148         513
1174         527
1147         502
1140         487
1114         479
1170         519
1199         540
1219         565
1178         564
1169         556
1176         522
1167         545
1161         550
1125         547
1154         572
1147         564
1089         528
1044         461
1012         436
969         430
971         441
965         421
955         430
960         413
933         389
928         374
891         357
876         346
879         365
874         360
886         363
868         350
867         360
880         370
857         374
823         344
907         389
856         377
864         368
898         382
905         376
861         360
889         391
837         366
831         341
902         355
896         380
870         337
891         369
886         386
876         371
865         393
889         386
876         373
859         362
857         352
863         367
871         396
850         372
866         397
862         381
848         370
846         371
852         367
846         364
867         396
872         386
816         364
847         389
827         376
853         375
871         393
821         362
846         369
