5659       5659
5315       1615
5294       1605
5353       1593
5372       1587
5427       1601
5458       1632
5402       1598
5352       1627
5363       1604
5353       1593
5319       1536
5448       1551
5599       1549
5660       1497
5576       1488
5558       1467
5552       1443
5572       1456
5586       1462
5661       1471
5667       1461
5645       1459
5614       1460
5657       1460
5569       1440
5591       1485
5641       1535
5685       1529
5764       1548
5866       1517
5794       1478
5694       1420
5696       1396
5711       1377
5656       1340
5603       1914
5690       1949
5667       1961
5651       1915
5571       1904
5463       1878
5383       1869
5371       1842
5316       1816
5343       1795
5354       1755
5297       1709
5243       1668
5263       1661
5232       1621
5144       1633
5093       1603
5079       2050
5220       2073
5126       1997
5192       1984
5165       1998
5118       1994
5049       1935
5029       1938
4968       1897
5023       1957
5007       1920
5022       1925
5098       1960
5064       1910
5000       1879
5058       1910
5104       1880
5017       2182
5024       2176
5024       2178
5008       2137
5014       2185
4993       2164
4949       2140
5004       2124
4955       2099
4895       2070
4990       2111
4988       2071
4946       2061
4970       2085
4968       2061
4939       2036
4878       1994
4903       2251
4890       2219
4945       2215
4928       2164
4927       2198
4896       2150
4811       2137
4874       2151
4873       2102
4847       2086
4868       2102
4776       2080
4810       2083
4814       2074
4793       2090
4711       2226
4668       2175
4697       2146
4730       2141
4644       2091
4598       2090
4550       2101
4625       2128
4581       2068
4553       2082
4486       2058
4550       2075
4530       2069
4500       2042
4480       2005
4523       2021
4520       2134
4544       2158
4505       2142
4388       2094
4359       2032
4357       2046
4352       2038
4306       1949
4265       1893
4329       1949
4537       2025
4513       1970
4470       2081
4587       2045
4525       1968
4547       2041
4444       2006
4347       2010
4308       1908
4277       1912
4237       1868
4201       1833
4198       1850
4174       2034
4016       1908
4035       1884
4000       1858
3939       1863
3859       1797
3790       1761
3630       1658
3647       1695
3651       1643
3566       1688
3542       1714
3452       1657
3380       1554
3373       1585
3312       1551
3272       1549
3204       1506
3062       1450
3055       1401
3010       1454
2939       1402
2975       1399
2907       1347
2863       1380
2802       1340
2746       1274
2706       1243
2669       1227
2678       1202
2691       1282
2624       1226
2589       1229
2657       1261
2523       1190
2533       1190
2601       1223
2531       1167
2526       1157
2506       1097
2506       1090
2477       1123
2458       1106
2435       1115
2420       1076
2431       1079
2389       1061
2336       1048
2416       1073
2364       1003
2373       1036
2329       1015
2328       1001
2216       945
2160       928
2138       925
2070       863
1985       817
1966       841
1981       834
1938       771
1951       838
1957       821
1942       844
1910       790
1945       827
1897       824
1898       792
1901       788
1941       785
1847       815
1839       813
1823       795
1813       764
1760       734
1821       770
1812       743
1838       775
1786       841
1772       807
1680       740
1684       748
1669       731
1635       707
1566       671
1519       622
1473       665
1487       627
1450       610
1368       578
1357       542
1369       552
1342       498
1301       555
1267       529
1307       512
1293       476
1296       488
1329       502
1377       490
1399       594
1434       593
1476       581
1505       585
1509       547
1550       549
1579       551
1577       544
1618       656
1660       652
1681       616
1734       589
1725       576
1705       597
1703       576
1768       564
1887       763
1894       768
1864       737
1857       674
1872       657
1917       659
1881       651
1854       709
1894       750
1947       757
1974       770
2030       775
2087       782
2090       733
2081       791
2168       825
2079       762
2081       992
2144       994
2122       966
2045       929
2040       905
2037       906
2060       890
2018       882
2041       919
2065       1064
2154       1078
2203       1061
2257       1108
2236       1091
2311       1101
2281       1079
2356       1147
2409       1172
2489       1205
2557       1343
2555       1306
2527       1296
2521       1313
2561       1318
2577       1328
2607       1331
2557       1308
2572       1413
2492       1345
2441       1287
2497       1282
2487       1283
2436       1229
2506       1275
2445       1251
2473       1205
2464       1214
2371       1161
2400       1251
2331       1232
2292       1224
2226       1205
2185       1179
2177       1183
2134       1174
2152       1153
2169       1150
2179       1149
2169       1133
2167       1100
2182       1173
2195       1171
2194       1134
2196       1147
2228       1160
2262       1170
2274       1211
2320       1208
2296       1176
2345       1153
2326       1277
2421       1353
2423       1344
2364       1302
2379       1294
2420       1324
2389       1305
2463       1406
2476       1422
2517       1407
2485       1373
2505       1382
2560       1379
2507       1427
2536       1435
2499       1417
2514       1420
2492       1376
2543       1387
2563       1523
2560       1491
2547       1477
2543       1396
2589       1428
2643       1446
2599       1517
2623       1541
2592       1487
2648       1505
2587       1464
2582       1470
2562       1451
2576       1485
2621       1500
2613       1488
2661       1514
2632       1546
2554       1470
2559       1484
2541       1483
2609       1570
2522       1574
2521       1512
2558       1483
2408       1460
2492       1471
2407       1416
2386       1416
2452       1447
2489       1453
2443       1443
2482       1461
2474       1402
2547       1463
2565       1465
2561       1490
2615       1518
2646       1521
2666       1557
2569       1463
2528       1458
2550       1475
2524       1479
2507       1424
2534       1461
2541       1489
2551       1499
2599       1488
2561       1479
2534       1494
2571       1519
2585       1505
2598       1536
2603       1492
2628       1530
2597       1462
2555       1415
2614       1455
2640       1460
2588       1461
2536       1444
2517       1415
2473       1382
2513       1381
2562       1396
2526       1363
2579       1406
2562       1404
2496       1352
2541       1387
2480       1351
2489       1332
2450       1260
2496       1302
2500       1295
2460       1248
2403       1225
2415       1228
2435       1297
2377       1263
2364       1212
2439       1236
2500       1285
2514       1319
2587       1425
2602       1427
2665       1445
2591       1354
2597       1396
2541       1369
2587       1385
2592       1400
2569       1390
2592       1388
2544       1322
2512       1329
2546       1338
2475       1313
2476       1283
2396       1314
2338       1256
2258       1222
2111       1070
2100       1094
2110       1099
2101       1103
2128       1098
2185       1193
2169       1150
2171       1203
2102       1141
2141       1244
2115       1161
2075       1186
2067       1160
1990       1081
1992       1124
1945       1074
1991       1120
1969       1082
1984       1084
1992       1067
2059       1141
2075       1127
2007       1111
2067       1195
2086       1216
2122       1235
2035       1191
2182       1259
2131       1239
2158       1211
2171       1266
2210       1284
2136       1230
2138       1228
2143       1217
2133       1229
2158       1214
2240       1235
2216       1253
2224       1175
2215       1187
2199       1152
2209       1153
2262       1201
2272       1224
2462       1376
2565       1434
2581       1476
2638       1484
2596       1463
2543       1442
2497       1401
2524       1410
2491       1402
2552       1429
2555       1446
2593       1456
2647       1536
2667       1544
2563       1482
2437       1370
2421       1339
2424       1330
2456       1373
2481       1377
2566       1430
2563       1466
2519       1439
2536       1506
2598       1493
2600       1479
2569       1549
2589       1474
2599       1505
2588       1537
2622       1604
2535       1526
2626       1534
2674       1595
2643       1594
2570       1544
2551       1520
2553       1508
2577       1519
2581       1524
2515       1475
2486       1462
2486       1439
2491       1452
2494       1478
2460       1438
2484       1466
2508       1460
2438       1424
2436       1388
2620       1381
2591       1361
2551       1415
2533       1399
2485       1380
2412       1353
2399       1305
2419       1317
2430       1367
2383       1299
2385       1334
2381       1307
2341       1277
2333       1295
2312       1280
2284       1268
2252       1216
2289       1270
2365       1327
2386       1362
2463       1421
2525       1442
2481       1388
2399       1326
2342       1297
2270       1202
2207       1201
2203       1208
2158       1162
2194       1156
2197       1179
2249       1227
2274       1227
2226       1166
2210       1151
2179       1158
2193       1162
2165       1158
2128       1137
2078       1115
2135       1160
2086       1118
2089       1121
2038       1066
2096       1161
2115       1124
2060       1073
1995       1022
2008       1033
2042       1040
2016       1028
2001       1033
2002       1019
2007       1038
2037       1045
2012       1051
2016       1020
1999       1038
2014       1042
2031       1056
1994       1033
2006       1042
1994       1038
2011       1040
2018       1043
2009       1044
2012       1047
2022       1060
2010       1044
2015       1042
2003       1039
2015       1057
2009       1046
2005       1035
2017       1043
2005       1025
2007       1039
2006       1031
1996       1033
1996       1025
2010       1038
2007       1052
2015       1054
