0  1036493
28  1902
19  3146
25  2582
19  4022
19  2434
140  3345
29  2792
27  2401
27  2060
74  3178
32  3905
18  4151
22  2442
137  2287
27  2713
27  1998
21  2065
27  1805
22  1850
47  3817
33  2998
27  2727
23  2352
32  1899
49  2053
24  2702
27  3714
22  3012
27  2393
61  2408
24  2822
28  3268
47  2502
36  2481
55  315870
34  2662
34  2118
40  3061
27  2618
30  2914
23  3579
22  2028
45  2724
53  4133
33  2352
26  2041
22  2685
26  3973
27  2375
27  2120
21  2271
33  380357
19  3263
19  4199
20  2395
18  2673
18  2979
24  3729
31  2173
18  2548
31  1679
26  2289
22  2605
22  4354
33  2095
26  3002
59  2437
35  3831
31  293192
38  4733
32  2932
20  5804
25  2629
30  2553
36  3102
31  3064
31  2799
31  4658
49  3955
25  4676
26  2971
20  2527
25  2222
17  2007
26  3880
37  209579
19  3240
24  2950
33  3196
23  2977
31  3267
32  3714
31  3433
38  2665
40  4045
33  2591
18  2347
32  3594
38  2257
19  3068
26  253616
22  3008
22  2851
19  4590
23  3288
33  4312
27  18117
22  7450
28  2242
28  2739
32  3270
42  3921
83  8283
25  2362
27  2061
25  2207
159  196865
23  3856
28  3021
18  4660
29  2460
34  2221
22  2225
55  7471
27  3601
24  1870
31  2219
19  2482
32  210569
29  3649
19  2498
24  2798
26  3881
129  2849
35  4673
82  7433
36  2769
37  4987
37  3086
105  251079
29  2670
26  3463
67  2928
35  1784
29  2258
35  2360
31  2567
31  3141
36  2473
33  241689
22  3230
45  3853
27  2143
50  2847
51  2588
37  3859
28  2706
37  8736
30  2829
29  394020
23  3128
18  2416
29  4144
50  9255
24  2391
21  3311
37  2900
42  3333
37  2836
95  389861
22  3926
21  1991
19  1972
46  3720
34  3474
24  2726
94  3984
14  2930
18  3875
17  2406
31  347928
41  33467
22  4186
22  2790
18  2807
15  2199
39  3556
40  2653
29  5837
22  3895
18  346130
41  3679
80  2590
20  2143
23  2606
51  2639
13  2731
34  3153
19  2281
41  3305
22  353629
52  3124
33  3641
25  2521
38  6785
34  2548
26  3374
19  2374
112  2439
29  334568
63  5706
21  1953
41  1994
29  2477
17  2480
33  1799
38  3330
25  629885
70  9492
64  2278
16  2816
23  3463
24  3026
22  2312
21  3361
56  209166
18  3684
12  3637
24  4183
36  2758
44  4527
32  2332
87  210195
19  3506
16  3531
74  3218
29  2017
32  3750
24  3535
20  208120
61  2225
19  2755
65  4816
28  3243
15  2713
88  2523
23  2384
23  180183
23  2905
94  5294
39  2769
18  3184
33  2214
69  5076
34  3621
16  178251
16  3090
19  5206
45  3008
103  3960
33  2589
35  2116
52  201694
18  2611
12  2007
22  3219
105  2719
107  3701
23  2527
27  3080
77  3841
18  3370
32  247821
26  5685
33  3131
22  2381
104  2447
14  2048
80  5157
28  3024
18  2104
21  208377
36  2803
18  1817
83  3791
18  1782
18  2440
29  3252
116  2662
120  1962
30  3775
119  262378
125  2928
23  2945
34  9364
23  2702
23  2700
111  2287
29  2691
89  218562
96  2441
17  2245
14  6879
32  3061
19  3283
23  2486
19  2327
49  2257
18  2362
23  2247
30  262203
15  2749
43  3790
20  2084
25  3583
16  2462
17  2251
83  3420
14  3283
17  2235
89  2376
22  5149
45  529132
14  2487
84  3582
14  2176
31  2516
119  2873
14  2156
27  2809
14  3658
20  2647
14  231819
14  1960
15  4642
18  3875
93  4503
18  2687
18  2646
33  216145
18  2979
114  3578
27  2983
19  3079
15  2439
15  189156
30  1892
19  3358
16  2272
30  3086
21  3015
17  200227
17  2746
23  3355
31  5865
16  3793
16  2536
30  206841
30  2537
20  2317
101  3580
27  3972
31  2292
17  4536
16  3280
15  3630
18  3025
18  3645
22  2604
20  2867
27  2599
121  11675
25  2792
17  295208
20  4136
20  2365
20  3192
22  316574
18  3624
17  2770
29  3297
19  4736
24  576770
23  4257
19  3453
24  2873
23  2541
22  3881
111  240745
20  3759
19  3193
102  2445
35  2903
17  714027
16  2253
19  2195
92  3814
39  226892
17  2223
19  2910
27  2168
139  211390
22  5188
16  6034
23  2669
20  2135
20  3481
19  2514
33  3535
35  3212
25  3463
138  538573
23  2135
21  2765
22  2132
25  3576
37  4023
39  6532
32  3423
28  642882
42  2502
20  2537
19  2974
24  2729
23  2860
123  430908
25  3769
20  1784
100  4498
95  12531
25  271545
26  2207
35  4923
37  7381
25  11976
149  846498
29  4129
25  3603
24  2652
24  4548
31  283779
30  4831
23  3388
19  2597
19  3119
23  3244
27  2475
17  2701
116  2844
139  3269
22  2952
17  509468
18  2314
127  2972
23  2595
15  541338
35  3236
78  2730
24  2989
19  245275
18  2091
25  3124
22  3148
22  341359
18  2865
78  9271
27  5520
17  4663
23  2205
19  3804
17  3907
57  2754
23  6590
23  3585
15  4090
30  2608
112  4560
22  627402
38  2852
22  3146
21  2684
80  3399
114  4320
27  4102
16  3245
15  3139
28  4028
27  1025640
19  3000
26  3925
27  2625
25  2134
24  562203
24  4547
22  4100
23  2387
21  256390
15  3667
15  2867
21  3174
18  176233
125  2672
59  3189
37  3730
62  649634
48  2817
30  1789
27  3478
131  2778
26  3331
22  4758
27  2213
28  5629
26  403347
26  2613
23  2196
37  2372
22  303574
23  10774
24  2372
40  6705
29  284178
37  3311
37  2549
20  2560
19  646711
17  2292
35  4195
35  7669
22  348410
19  2672
19  3899
23  2752
18  405541
152  4140
58  5459
24  2927
18  3000
28  341793
24  2016
28  2418
28  3261
28  3842
32  3863
33  3199
23  3692
24  2453
37  15314
47  669850
23  3067
46  4162
31  329125
124  10897
31  498879
25  4834
31  2720
42  2514
38  7314
31  3390
28  8162
30  7077
25  320304
23  5784
18  2391
30  5804
26  5013
21  3336
42  3727
26  502160
27  2798
31  3134
29  7891
26  5220
27  4769
21  3716
41  752022
65  6050
122  3355
20  5195
25  11022
92  287054
128  2626
26  2793
24  8565
51  2742
123  3775
122  3956
24  3389
15  4494
16  4231
21  4042
21  5608
17  4309
81  1458205
87  3512
27  3594
17  4290
18  8083
12  2890
24  3967
116  3657
16  3892
106  2774
24  3367
97  3365
45  3073
12  2883
29  2590
108  3568
21  5439
25  2628
22  2841
33  3102
16  2571
16  4351
83  4932
18  3923
14  5672
17  2969
13  3186
15  3829
14  3350
14  2933
14  2449
13  2362
19  2212
24  5912
21  9131
16  2602
17  2516
14  3933
77  11330
22  5299
