44988      9059
43578      8724
43516      8562
44477      8594
45377      8615
45934      8625
45866      8696
46178      8722
46386      8706
45965      8701
46186      8847
46119      8853
46260      8849
46324      8836
46051      8788
46201      8735
46207      8770
46431      8780
46224      8828
46007      8778
46256      8785
46364      8812
46098      8783
46004      8890
45659      8839
44964      8884
44748      8944
44434      8948
44153      8947
44031      8989
43683      8934
43828      8913
43707      8919
43787      8960
43895      8755
43809      8824
43914      8856
44354      8963
44593      8988
45228      8998
45448      9033
45737      9117
45510      9124
45533      9076
45748      9072
45650      9057
45823      8994
45547      8952
45589      8987
45894      8996
45893      9043
45707      9016
45848      9023
45840      9025
45839      9057
46008      9063
45869      9123
45907      9090
45661      9101
46136      9186
45913      9195
45976      9200
45861      9227
46301      9170
46332      9113
46194      9132
46136      9109
45992      9136
46012      9038
46056      8983
46071      8876
45671      8931
45935      8929
46151      8936
46097      8971
46159      8934
45874      8873
46046      8852
46143      8875
46256      8817
46093      8812
46333      8827
46179      8750
46118      8610
46273      8548
46457      8435
46395      8476
46446      8476
46172      8485
46197      8507
46400      8410
46445      8368
46328      8429
46502      8418
46290      8439
46510      8438
46550      8390
46535      8389
46461      8374
46614      8361
46440      8323
46471      8314
46342      8248
46589      8195
46601      8204
46495      8135
46528      8198
46706      8210
46454      8294
46557      8202
46315      8185
46348      8287
46277      8296
46547      8345
46555      8289
46431      8299
46662      8209
46527      8178
46737      8174
46524      8170
46657      8183
46721      8202
46682      8107
46577      8095
46565      8075
46731      8105
46525      8099
46788      8155
46808      8149
46740      8204
46748      8202
46790      8269
46664      8198
46522      8072
46470      8050
46538      8056
46348      8051
46271      8048
46771      8176
46760      8135
46928      8134
46772      8205
46620      8201
46704      8152
46615      8146
46818      8156
46767      8157
46601      8159
46566      8115
46454      8078
46754      8060
46748      8113
46922      8166
46683      8093
46782      8157
46855      8162
46737      8212
46785      8131
46667      8100
46437      8081
46963      8210
46883      8166
46827      8108
46639      8078
46596      8010
46785      8000
46757      8052
46974      8036
46884      8031
46828      8082
46637      8054
46845      8002
46778      8014
47015      8063
46841      8055
46929      8140
46784      8119
47031      8163
46962      8096
46939      8053
46935      8085
46807      8026
46865      8079
46918      8042
46827      7949
46902      7986
46900      7882
46935      7940
46637      7936
46718      7969
47046      8031
46954      8027
46762      7950
46794      8030
46873      8049
47080      8030
46821      7950
46974      7881
46742      7941
46861      7899
47131      7892
46716      7851
46923      7916
47185      7929
46849      7918
47057      7946
46967      7936
46898      7889
47277      7883
47301      7841
47326      7885
46913      7848
47189      7842
47069      7827
47192      7822
47192      7727
47055      7798
47215      7891
47168      7901
46989      7855
46969      7812
47040      7811
47065      7823
47323      7882
47189      7817
47189      7822
47137      7838
47000      7877
46930      7797
47260      7814
47267      7844
47305      7820
47118      7784
47545      7815
46924      7804
47146      7711
47318      7762
47048      7777
47458      7814
47152      7771
47312      7803
47188      7757
47245      7699
47346      7764
47112      7755
47223      7806
46995      7724
47426      7820
47482      7692
47264      7610
47078      7619
47425      7578
47164      7475
47177      7470
47013      7609
47207      7708
47650      7833
47461      7752
47215      7730
47294      7655
47401      7696
47338      7653
47411      7674
47371      7670
47496      7741
47383      7662
47251      7697
47176      7736
47223      7613
47236      7637
47282      7538
47178      7473
47287      7484
47511      7400
47506      7381
47132      7399
47601      7329
47369      7288
47311      7359
47460      7255
47239      7236
47569      7278
47536      7221
47356      7235
47431      7146
47847      7077
47239      7043
47655      7006
47482      6905
47535      6915
47372      6883
47821      6854
47632      6812
47901      6815
47742      6732
47867      6627
47833      6637
47800      6544
47980      6518
48189      6490
47867      6472
47760      6462
47585      6387
47599      6419
47906      6422
48000      6379
47593      6351
47552      6363
47672      6350
48014      6358
48005      6336
47911      6368
47986      6224
47936      6189
48101      6078
47878      6002
48130      5996
47923      5946
48041      5895
48208      5859
47947      5850
47863      5901
47900      5895
48085      5879
47944      5837
48233      5857
48178      5819
48210      5762
47653      5737
48251      5717
48364      5657
48259      5599
48006      5581
48156      5588
47986      5560
48175      5478
48113      5545
47978      5600
48125      5593
48293      5589
47846      5611
47994      5477
48289      5467
48042      5437
47747      5469
47903      5384
47908      5346
48162      5364
48103      5411
47924      5363
47821      5376
47863      5395
47863      5337
48296      5307
47857      5356
48222      5355
47935      5382
48011      5311
48117      5322
48003      5335
47932      5311
47828      5264
47970      5273
48008      5240
48046      5220
48177      5226
48119      5221
48097      5227
48215      5199
47804      5188
47868      5204
48069      5188
47880      5196
48196      5183
48182      5161
48078      5158
47903      5179
48006      5101
48136      5162
48129      5123
47991      5091
47762      5104
47959      5113
48009      5104
48154      5058
48004      5150
48098      5127
47999      5038
48025      5033
48476      4992
48179      5008
47934      4954
48075      4937
48075      4850
48109      4805
47975      4780
48092      4663
48034      4663
47947      4675
48102      4711
48211      4716
48165      4740
47997      4739
47911      4670
47835      4678
48016      4672
48029      4626
47934      4601
47981      4552
47787      4503
47978      4523
48035      4571
47804      4609
48059      4589
47943      4534
47827      4600
48040      4604
47884      4589
47786      4575
47856      4576
47813      4511
47644      4512
47807      4481
47946      4515
47730      4516
47865      4506
47749      4516
47726      4524
47710      4509
47709      4519
47503      4465
47657      4452
47342      4387
47448      4314
47491      4305
47300      4259
47209      4351
47334      4291
47582      4298
47246      4338
46992      4325
47228      4286
46985      4259
47101      4258
46965      4203
46691      4174
46620      4099
46732      4061
46725      4077
46655      4120
46448      4093
46669      4126
46697      4165
46540      4176
46457      4125
46525      4132
46408      4080
46694      4021
46319      4093
46325      4132
46542      4142
46353      4235
46554      4325
46278      4364
46261      4339
46524      4356
46486      4229
46441      4158
46288      4067
46347      3976
46745      4028
46236      4062
46229      4062
46544      4080
46384      4124
46145      4150
46281      4166
46560      4176
46126      4145
46335      4068
46411      4192
46292      4176
46071      4197
46075      4297
45802      4371
45820      4411
45858      4429
45731      4529
45810      4556
45492      4512
45299      4511
45742      4434
45387      4454
45388      4497
45819      4536
45673      4591
45400      4579
45394      4617
45495      4651
45612      4704
45847      4772
45563      4732
45736      4691
45963      4828
45461      4819
45636      4918
45722      4901
45943      4929
45583      4878
45984      4889
45976      4963
46183      4973
46511      5052
46197      5057
46255      5168
46566      5156
46698      5179
46339      5281
46122      5202
45979      5178
46290      5229
46104      5215
46583      5356
46361      5374
46349      5375
46376      5291
45922      5214
45669      5264
45696      5159
45638      5258
44588      5341
44790      5377
44764      5466
45103      5372
45209      5299
45105      5189
45189      5272
45132      5062
45293      5114
44935      5115
45108      5068
45048      5150
45089      5116
45194      5087
44695      5135
44073      5084
44115      5101
44299      5078
44289      5101
44096      5064
43317      5073
43344      5056
43569      5022
43818      5016
45079      4911
44882      4923
44724      4951
44876      5015
45291      5031
45232      5063
45367      5164
45475      5105
45232      5048
45557      4909
45895      5142
46005      5152
46191      5172
46356      5172
46809      5268
47329      5316
47331      5429
47643      5516
47547      5422
47642      5437
47752      5512
47515      5589
47756      5509
47663      5447
47599      5397
47837      5438
47626      5522
47820      5539
47714      5601
47912      5532
47733      5680
47632      5682
48026      5699
47840      5612
47701      5575
47660      5628
47611      5659
47500      5503
47542      5507
47327      5636
47401      5782
47743      5853
47574      5855
47664      5806
47933      5987
47567      5939
47374      5888
47741      5915
47592      5954
47576      5960
47213      5963
47444      5961
47725      5942
47837      5779
47565      5690
47700      5726
47948      5727
47768      5684
47766      5775
47684      5813
47609      5994
48019      6017
47376      5941
47464      5914
47817      5882
47412      6036
47691      6063
47397      6031
47373      6136
47216      6082
47104      6088
47062      5932
47073      5872
47229      5822
47119      5691
47217      5683
47307      5648
47397      5698
47606      5606
47070      5531
47282      5580
47391      5451
47238      5466
47279      5478
47367      5523
47341      5421
47275      5382
47237      5370
47205      5484
47035      5570
47131      5558
47156      5510
47154      5420
47116      5447
47367      5553
46883      5611
47319      5619
46974      5677
47058      5589
47164      5553
47153      5541
46833      5502
47024      5594
47182      5626
47084      5626
46806      5618
47193      5944
46953      5873
47082      5884
47042      5659
47160      5755
46887      5573
47193      5548
47091      5646
47014      5604
46720      5663
47046      5753
46980      5629
46721      5733
46814      5821
46823      5726
46820      5614
46876      5627
46976      5687
46745      5753
47019      5895
47105      5816
47054      5666
47080      5856
46976      5922
47025      5936
46985      6048
47254      6082
46925      6143
46944      6023
46789      5964
46654      6132
46996      6182
46851      6046
46603      6138
46841      6166
46807      5927
46811      6014
46754      6136
46695      6109
46981      6067
46984      6031
46912      6173
46887      6070
46817      6009
46831      6055
46960      6072
46907      6030
46767      6252
46917      6171
46911      5963
46936      6098
46813      6140
46941      6283
46884      6164
46771      6061
47123      6047
47116      6136
46952      6073
46745      6062
47097      6048
46970      6130
46922      6092
46699      6131
46748      6172
46905      6125
46563      6002
46703      5847
46853      5894
46844      5955
46833      6050
46998      6062
46799      6025
46902      6001
47236      5988
47059      5930
46955      5952
46996      6083
46873      6084
46892      6058
46680      6092
46956      6047
46845      6006
46899      5956
46888      6194
46835      5989
46787      6103
46661      6059
46631      5992
46713      6153
46849      6148
46984      6130
46803      6064
46803      6078
46783      6139
46787      6144
46606      6062
46678      5968
46610      6090
46883      6057
46605      6101
46655      6114
46669      6099
46583      6100
46370      5982
46417      6111
46491      6165
46763      6384
46198      6264
46506      6231
46513      6111
46826      6169
46674      6419
46539      6300
46543      6198
46407      6081
46415      6037
46690      6088
46774      6198
46830      6279
46533      6337
46453      6267
46640      6334
46624      6306
46568      6210
46616      6304
46424      6309
46449      6198
46966      6283
46910      6083
47048      6065
46912      6022
46890      6017
46640      6107
47077      6003
46984      5870
46868      5916
46867      5936
46756      5998
46843      6032
46818      5726
46846      5939
46896      6013
46691      6009
46622      6033
46714      5933
46677      6071
46637      6101
46663      6144
46599      6151
46783      6174
46730      6110
46898      6029
46921      6074
46725      5997
46607      5899
46897      5829
46954      5869
47222      5973
47367      6017
47063      6129
47227      6109
46924      6021
47149      6178
46841      6194
47036      6195
46981      6092
47008      5836
47260      5746
47126      5766
46853      5729
46683      5519
46754      5616
46806      5666
47103      5778
47012      5846
47124      5828
46940      5783
47231      6003
47124      5839
46867      5916
46817      5989
47143      5944
47091      5754
47078      5600
46969      5678
47678      5793
47382      5755
47234      5536
47167      5732
47200      5595
47218      5590
47332      5715
47200      5677
47185      5631
47014      5574
47342      5669
46867      5622
47119      5763
46537      5708
47042      5750
46935      5859
46810      5877
46840      5815
46877      5853
46984      5816
47005      5735
46840      5649
46857      5793
46828      5759
46993      5890
46572      5789
46696      5798
46791      5747
46789      5755
46858      5758
47002      5833
46841      5736
46945      5813
47306      5956
47031      5940
47231      5816
47125      5807
47238      5734
47119      5678
47320      5650
47225      5649
47153      5585
47198      5683
47693      5830
47377      5737
47336      5709
47345      5707
47403      5677
47076      5664
47340      5687
47093      5604
47154      5623
47141      5553
47339      5458
47341      5487
47387      5382
47395      5409
47076      5475
47188      5412
47243      5511
47047      5462
47013      5373
46979      5253
47167      5277
46954      5105
47238      5077
47119      4965
47169      4907
47183      4867
47350      4918
47501      4986
47748      5071
47453      5019
47502      4990
47720      4958
47697      4905
47827      4958
47710      5002
48189      5001
47578      5048
48263      4904
48092      4819
48195      4994
47722      5053
47730      4822
48112      4811
47799      4764
47935      4868
47914      4889
48034      4800
47922      4748
47936      4751
47863      4718
47999      4670
48211      4638
48222      4705
48212      4730
48335      4583
48160      4594
48077      4580
48111      4658
48227      4682
48352      4655
48255      4637
48275      4646
48135      4765
48296      4775
48348      4652
48114      4636
47963      4703
47969      4563
47952      4627
47949      4590
47987      4477
48010      4442
47924      4479
47780      4565
48082      4821
48142      4849
48247      4727
48644      4755
47967      4571
48258      4775
47714      4827
48055      4900
47410      4880
47758      4884
48041      4938
47787      4827
48010      4887
47896      4931
48057      4854
48103      4895
47991      4804
47990      4878
47699      4926
47934      4807
47955      4831
48144      4821
47795      5056
47339      4986
47006      4977
47088      4930
47220      5146
47214      5181
47311      5238
47097      5277
47298      5281
47079      5211
47145      5283
47037      5296
46844      5367
46597      5340
46698      5420
46703      5265
46701      5557
46950      5682
46821      5562
46905      5752
46797      5715
46808      5866
46781      5831
46831      5916
46858      5825
46823      5873
46959      5801
46911      5798
46831      5598
46977      5646
46839      5660
46718      5654
47308      5629
47054      5651
47778      5658
46930      5753
47227      5796
47121      5753
47075      5753
47064      5879
47021      5872
47129      5982
47074      6159
47074      6145
46817      6107
46867      5919
46630      5792
46786      5648
46985      5701
46859      5770
46760      5585
46655      5684
46987      5738
46772      6049
46747      5984
46685      5901
46504      5869
46388      5937
46837      5798
46940      5865
46814      5884
46927      5884
47185      5879
46783      5753
47112      5798
47193      5714
47008      5776
46933      5874
47002      5809
47188      6058
46950      5959
47278      6134
46951      5814
46934      5701
46942      5902
46989      5891
46842      5902
47116      6062
46931      5889
47147      5865
46780      5869
46921      5960
47130      6176
47094      6095
47181      6186
47068      6019
46741      6063
47005      5985
46522      6022
47343      6137
47227      6102
47048      6004
46853      6226
46311      6095
46487      5809
46929      6004
46825      6173
46805      5920
46536      5891
46685      5847
46627      5883
46716      6004
46189      5986
46668      5862
46539      5750
46621      5697
46834      5626
46624      5685
46806      5680
46643      5693
46851      5636
46745      5714
46932      5652
46890      5812
46503      5834
46952      6023
46391      5872
46524      5964
46660      5998
46259      6253
46414      6124
46350      6033
46459      5981
46475      5825
47150      6063
46154      5973
46178      5992
46074      6073
46371      6040
46311      6030
46449      5995
46512      6040
46395      5995
46625      5968
46587      5846
46501      5687
46478      5719
46638      5753
46309      5699
46362      5618
46351      5660
46292      5583
46795      5629
46529      5643
46622      5696
46524      5696
46736      5578
46203      5683
46539      5557
46371      5544
46324      5487
46450      5750
46396      5590
46291      5493
46485      5710
46319      5700
46477      5559
46481      5717
46404      5788
45787      5794
46480      5761
46677      5754
46391      5703
46822      5726
46715      5734
46716      5528
46847      5574
46861      5508
46877      5518
46858      5362
46861      5311
47083      5349
46996      5265
46877      5357
46933      5229
47194      5317
47422      5289
47307      5300
46941      5276
47209      5229
47072      5219
47147      5199
47303      5133
47071      5110
47456      5189
47311      5170
47265      5179
47092      5157
47195      5124
47483      5036
47256      5037
47321      5069
47269      5086
47253      5092
47403      5077
47147      5052
47193      5002
47590      4986
47262      4873
47659      4905
47366      4975
47535      4983
47444      4887
47572      4901
47868      4965
47489      4904
47596      4931
47507      4976
47900      4965
47671      4867
47672      4954
47683      4919
47578      4922
47488      4938
47475      4975
47472      4979
47934      4904
47694      4939
47712      4958
47771      4905
47720      4904
47819      4916
47744      4962
47770      5033
47779      4962
47715      4954
48066      4944
47624      4920
47719      4939
47901      4955
48027      4957
47920      4967
47919      4940
48005      4938
47936      4945
47930      4939
47954      4916
47571      4931
47536      4886
47646      4883
47611      4864
47502      4916
47770      4884
47662      4928
47827      4889
47880      4950
47735      4917
47661      4901
47649      4911
47593      4907
48036      4895
47680      4903
47862      4916
47655      4912
47668      4923
47858      4914
47738      4930
47655      4883
48002      4909
47536      4897
47791      4910
47419      4889
47960      4889
47660      4922
47742      4924
47867      4888
47985      4887
48015      4894
48097      4897
47864      4889
47763      4890
47700      4894
48174      4878
47785      4867
47724      4898
47974      4888
47742      4895
48146      4886
47758      4904
47704      4910
47924      4879
47698      4889
47711      4897
47741      4901
