68.2955   285.428   353.723 0.0833889   0.0459145
75.488   319.261   394.749 0.0902247   0.0515132
77.3564   315.855   393.211 0.0925316   0.0509744
77.8288   320.173   398.002 0.091402   0.0508979
78.7176   307.176   385.893 0.0925001   0.0488472
79.6439   319.949   399.593 0.0940306   0.051034
75.4383   314.036   389.474 0.0904536   0.0500416
87.7497   551.749   639.499 0.104446   0.0972465
73.6544   442.396   516.051 0.0900145   0.073967
83.1532   463.539   546.692 0.0989036   0.0786225
77.9887   485.553   563.542 0.0995706   0.0802965
97.4231   647.446   744.869 0.118925   0.113619
97.532   622.633   720.165 0.121158   0.111523
97.1372   472.099   569.236 0.112714   0.0805217
95.6245   437.14   532.765 0.112676   0.0750885
101.962   413.968   515.93 0.112566   0.0721877
97.4182   426.136   523.554 0.107615   0.0738857
97.2584   413.227   510.485 0.111748   0.0712174
110.235   416.6   526.836 0.11619   0.0712016
114.589   417.251   531.84 0.120072   0.0723222
104.193   419.917   524.11 0.114624   0.072537
111.523   415.972   527.496 0.116876   0.071468
103.939   415.479   519.418 0.11696   0.0705517
98.112   430.461   528.573 0.113189   0.0723707
102.998   565.935   668.933 0.118036   0.0994053
104.615   502.991   607.606 0.113558   0.0839227
113.225   681.297   794.522 0.125364   0.12478
99.9247   588.775   688.7 0.113122   0.100118
102.479   474.589   577.068 0.114068   0.0791588
97.2353   453.866   551.101 0.115729   0.0768665
96.3079   482.058   578.366 0.111416   0.0834964
98.6463   545.899   644.546 0.113681   0.0965595
95.0069   470.74   565.747 0.113142   0.0846873
73.7133   445.04   518.753 0.0786066   0.065081
84.289   509.755   594.044 0.0901487   0.0752268
81.1552   438.942   520.097 0.0873811   0.0647073
79.654   439.331   518.985 0.0892231   0.065185
89.1659   506.943   596.108 0.0962395   0.0765919
97.1863   476.547   573.733 0.100572   0.0729855
102.018   489.318   591.336 0.106416   0.0778963
92.9693   476.259   569.228 0.10194   0.0761121
95.9908   475.124   571.114 0.100646   0.0767721
94.8027   495.211   590.014 0.102379   0.078253
98.8603   461.169   560.029 0.110243   0.0737664
100.412   480.385   580.797 0.110545   0.0777113
96.5224   494.408   590.93 0.109685   0.078831
96.2967   532.545   628.842 0.107474   0.0875205
97.284   516.625   613.909 0.107943   0.086526
101.712   523.109   624.82 0.111191   0.0885612
95.3998   538.141   633.541 0.106   0.0909279
64.977   442.893   507.87 0.0708969   0.0655701
67.6454   444.787   512.432 0.0736076   0.066855
72.5111   444.924   517.435 0.0760074   0.0660272
75.7851   452.778   528.564 0.078984   0.0681844
71.4272   449.3   520.727 0.0777228   0.0678257
76.1318   457.947   534.079 0.0794972   0.069145
78.6184   453.353   531.972 0.0830769   0.0687872
81.209   476.561   557.77 0.0840021   0.0723103
78.2973   461.381   539.678 0.082245   0.0704775
80.4824   496.605   577.088 0.0865092   0.0768699
82.6924   496.356   579.049 0.0879706   0.0774226
88.7149   498.21   586.925 0.0919007   0.0779062
84.6335   496.846   581.479 0.0902998   0.0775988
92.3621   496.198   588.56 0.0956377   0.076695
85.4008   509.376   594.777 0.0917056   0.0797739
89.9715   525.246   615.218 0.094682   0.0845229
85.6215   517.117   602.738 0.0909254   0.0832135
63.7471   455.089   518.836 0.0695549   0.0667825
63.6732   454.133   517.806 0.0688359   0.0665917
63.1347   442.639   505.774 0.0684263   0.0650972
81.6897   487.748   569.437 0.0869193   0.0722875
78.424   449.355   527.779 0.0802976   0.0662408
80.4347   477.6   558.034 0.0845791   0.0713794
79.4843   491.277   570.761 0.0853141   0.0739875
80.9455   514.723   595.668 0.0869136   0.0767098
81.4273   517.37   598.797 0.0872   0.0795147
78.455   525.542   603.997 0.0869789   0.0798271
78.5358   536.611   615.147 0.086756   0.0827369
84.6713   535.497   620.168 0.0910689   0.0813485
84.8948   515.379   600.273 0.0912112   0.0788523
87.3571   546.19   633.547 0.0923192   0.0845234
84.2768   541.381   625.658 0.0924341   0.0833696
84.3848   536.425   620.81 0.0925272   0.0832054
85.7978   553.989   639.787 0.0943041   0.0852659
67.5095   470.616   538.126 0.072249   0.0697271
69.0271   468.47   537.497 0.0716296   0.0697336
70.4958   443.259   513.755 0.0735672   0.0649654
73.9375   468.625   542.562 0.0778617   0.0685686
70.1052   504.2   574.305 0.075301   0.0741743
77.6925   481.286   558.978 0.0797337   0.0715284
79.9049   481.329   561.234 0.0831044   0.0719959
85.209   501.981   587.19 0.0856372   0.0768338
76.7658   521.423   598.188 0.0815573   0.0780485
77.3503   519.447   596.798 0.0806292   0.0782339
85.1399   537.369   622.509 0.0865243   0.081605
89.1297   535.347   624.477 0.091228   0.0808559
90.4161   521.508   611.924 0.0937342   0.0798977
98.7007   524.905   623.605 0.101024   0.0808852
100.831   528.568   629.4 0.0985003   0.0820865
68.6571   416.101   484.758 0.0679268   0.0623326
76.2267   421.694   497.921 0.0774465   0.0633793
82.444   410.561   493.005 0.0822794   0.0629856
88.0494   422.646   510.695 0.0873073   0.0651
91.7416   453.141   544.882 0.0888109   0.0689502
88.9402   439.244   528.185 0.0878205   0.0683091
97.5303   465.717   563.247 0.0925481   0.0733778
91.2283   470.137   561.366 0.0857892   0.07407
86.9689   470.147   557.116 0.0855712   0.073224
93.7831   468.351   562.134 0.0881144   0.0740984
94.6271   466.838   561.465 0.0910095   0.0740542
93.7661   436.999   530.765 0.0927688   0.0691153
97.2718   464.976   562.248 0.0943241   0.0739672
101.035   460.095   561.13 0.0959137   0.0730587
95.8562   458.742   554.598 0.0920809   0.0726634
65.0269   418.979   484.006 0.0657235   0.0641347
69.4886   430.29   499.778 0.0708345   0.0664814
79.629   464.778   544.407 0.0789578   0.0724659
79.5668   452.749   532.316 0.0791316   0.0706023
80.5834   446.529   527.113 0.0823288   0.0696722
91.265   441.612   532.877 0.0872236   0.070641
90.8108   416.592   507.402 0.0870669   0.0670085
89.646   415.093   504.739 0.0858185   0.0671715
88.1326   435.306   523.438 0.084096   0.0706023
82.5091   444.957   527.466 0.082017   0.0730037
86.9383   457.931   544.869 0.0858395   0.0767387
80.6381   448.441   529.079 0.0793839   0.0742059
90.877   488.106   578.983 0.085583   0.0783154
67.0582   400.769   467.827 0.0656683   0.0620722
67.19   417.369   484.558 0.0683172   0.0647635
72.2707   457.807   530.077 0.0720904   0.0716442
70.9679   446.856   517.823 0.0734657   0.0699633
77.0516   459.135   536.187 0.0800453   0.0734852
84.5391   475.751   560.291 0.0858265   0.0766105
86.1679   469.296   555.464 0.0861391   0.0774459
102.562   484.161   586.723 0.098794   0.0821626
88.6023   468.267   556.869 0.0938726   0.0802907
98.4868   484.911   583.398 0.0959911   0.0834615
91.4342   472.849   564.283 0.0967967   0.0825995
64.6368   365.478   430.114 0.0673183   0.0621896
70.1699   376.39   446.56 0.0719692   0.0644282
75.0926   388.879   463.972 0.0778969   0.0680662
78.1374   409.536   487.674 0.0828311   0.0720001
84.759   407.141   491.9 0.089017   0.0722565
87.3802   400.208   487.588 0.0891862   0.0723605
87.0799   396.238   483.318 0.0895884   0.0729686
88.0037   390.391   478.395 0.0896715   0.0739573
85.1187   368.394   453.512 0.0872565   0.0712239
92.2703   388.404   480.674 0.0953403   0.0758364
61.3258   347.703   409.029 0.0671843   0.066315
64.2201   340.434   404.654 0.0704168   0.0660044
68.7534   363.633   432.387 0.071899   0.0704613
76.6839   327.919   404.603 0.0795202   0.0645892
78.7596   320.041   398.8 0.0824492   0.0645536
82.6516   329.039   411.691 0.0851858   0.0652532
84.9446   333.73   418.675 0.087289   0.0674573
87.9934   317.49   405.483 0.086565   0.0656242
89.4343   311.78   401.214 0.0852893   0.0658653
90.7513   307.479   398.23 0.0884861   0.0672997
54.2106   262.072   316.282 0.0564106   0.0562748
67.7257   287.637   355.363 0.0686062   0.0627184
72.9019   286.415   359.317 0.0721443   0.0638607
74.0157   312.045   386.061 0.0725441   0.0695133
72.5773   322.921   395.498 0.0744382   0.0728777
78.1922   291.783   369.975 0.075786   0.0680107
73.7149   294.254   367.969 0.0726358   0.0691642
72.9861   286.235   359.221 0.0757431   0.0691121
75.5565   277.601   353.157 0.0753493   0.0674606
77.3706   284.192   361.563 0.0762272   0.069696
60.2175   262.598   322.816 0.0590078   0.062135
61.1134   254.27   315.383 0.0624243   0.0618962
62.8085   248.306   311.115 0.0645116   0.0608982
68.0163   249.449   317.466 0.0675838   0.0617204
71.2131   265.512   336.725 0.069527   0.0647866
72.1308   252.15   324.28 0.0693732   0.0638273
76.2383   256.863   333.101 0.0719739   0.0658581
70.184   262.183   332.367 0.0685223   0.0673991
68.24   257.759   325.999 0.0674975   0.0678457
67.4327   258.48   325.913 0.0688616   0.0677225
68.0835   265.189   333.273 0.0701892   0.0709025
59.8913   239.387   299.278 0.0583623   0.0628477
65.592   240.206   305.798 0.0645273   0.0641532
68.0799   261.073   329.153 0.0656508   0.069287
72.2744   265.949   338.224 0.0717483   0.0715655
74.81   259.238   334.048 0.0727158   0.0711803
74.1263   268.156   342.283 0.0751027   0.073791
75.4732   260.162   335.635 0.0727242   0.0716306
73.7508   250.441   324.192 0.0712018   0.0686065
66.6851   251.617   318.302 0.0676834   0.069493
66.4285   243.826   310.254 0.0681668   0.0696297
53.8355   226.08   279.915 0.054448   0.0628392
56.0428   230.227   286.27 0.0568529   0.0646388
57.5044   242.325   299.83 0.0607067   0.0695738
67.3055   228.286   295.591 0.0675927   0.0660263
71.9844   226.556   298.54 0.0707811   0.0668997
70.8418   222.47   293.311 0.0712336   0.0664783
77.0763   218.48   295.557 0.074398   0.0657281
81.0311   208.635   289.666 0.0768431   0.0653823
74.0218   206.874   280.895 0.0732285   0.0663872
70.9457   205.554   276.5 0.06853   0.0655074
49.8083   185.155   234.964 0.0501467   0.057457
60.5063   198.234   258.74 0.0592545   0.0620038
66.16   203.924   270.085 0.066941   0.0655671
70.0496   198.378   268.427 0.0698699   0.0635244
71.8976   193.14   265.038 0.0683437   0.062701
69.6718   198.126   267.798 0.0663541   0.0637758
71.7288   187.856   259.584 0.0716214   0.0630917
74.9546   188.021   262.976 0.0732122   0.0633452
73.7184   192.339   266.057 0.0739588   0.0650563
51.8919   177.126   229.018 0.053428   0.0572299
62.3922   178.664   241.056 0.065676   0.0583394
65.0763   181.601   246.678 0.0673842   0.0607972
68.1153   185.606   253.722 0.0709978   0.0639889
75.9386   193.964   269.902 0.0771995   0.0667344
79.7587   195.192   274.951 0.0795315   0.0685675
79.2839   197.289   276.573 0.0828463   0.0694854
75.0803   213.911   288.991 0.08092   0.0750083
54.2728   179.036   233.309 0.0595096   0.0598849
62.499   180.268   242.767 0.0680077   0.0629152
70.8528   187.945   258.797 0.0751887   0.0673073
75.4317   194.202   269.634 0.0804604   0.0725312
82.0631   197.082   279.145 0.0824341   0.0740771
84.7489   199.057   283.806 0.0858776   0.0781272
93.5161   192.152   285.668 0.091302   0.0784455
93.1218   187.887   281.009 0.092337   0.0795571
55.1317   158.14   213.272 0.0573214   0.0632967
59.8892   156.695   216.584 0.0650545   0.0672394
75.9848   176.887   252.871 0.0781603   0.0767515
80.2558   178.757   259.013 0.0824123   0.0794712
84.7239   183.341   268.065 0.082819   0.0847937
86.5708   184.437   271.008 0.0867096   0.0861131
90.7816   181.536   272.318 0.0915137   0.0848895
52.2374   149.073   201.311 0.0566873   0.0660493
62.7917   147.26   210.051 0.0678279   0.0685407
72.4266   148.948   221.375 0.0772138   0.0702586
82.9262   157.678   240.604 0.0858094   0.0754368
88.5286   153.347   241.876 0.0915182   0.0761721
97.1134   154.212   251.325 0.0986674   0.0778552
103.12   157.62   260.74 0.103344   0.0810178
54.5885   143.6   198.189 0.0586973   0.0648426
65.0215   155.528   220.55 0.0678014   0.0706466
70.3623   155.11   225.473 0.0742845   0.0729588
79.0427   162.56   241.603 0.0840656   0.076472
83.2716   164.608   247.879 0.0891082   0.0761017
85.6274   162.771   248.399 0.090172   0.0768514
93.8901   182.616   276.506 0.0946261   0.0879607
99.0562   169.9   268.956 0.0984328   0.0813502
53.7469   167.164   220.911 0.0578961   0.067893
64.0371   178.704   242.742 0.0679259   0.0725262
73.1229   186.968   260.091 0.0765952   0.0758901
85.3185   202.082   287.4 0.0875061   0.0815766
90.8182   199.794   290.612 0.0910732   0.0835959
94.5504   204.258   298.808 0.0919081   0.0866416
91.4267   214.101   305.528 0.0942543   0.0890657
94.3682   206.117   300.485 0.0977065   0.0889457
57.6947   190.139   247.833 0.0583659   0.0669541
61.3161   203.379   264.695 0.064782   0.0706792
74.4787   226.225   300.703 0.0751467   0.0770929
80.3559   239.123   319.478 0.0853578   0.0844897
80.3573   237.54   317.897 0.0914815   0.0864724
73.0799   243.404   316.484 0.0885936   0.0880446
74.8455   263.563   338.409 0.0923734   0.0940249
56.7966   214.654   271.45 0.0631599   0.06847
71.3199   238.6   309.92 0.0792946   0.0782698
78.6413   242.422   321.063 0.0863241   0.0779893
83.5129   257.841   341.353 0.0897023   0.0815899
95.7184   272.906   368.624 0.099724   0.0863535
91.914   256.559   348.473 0.1005   0.0835775
86.3318   259.095   345.427 0.100698   0.0839944
83.766   275.321   359.087 0.101228   0.0890861
59.7616   233.508   293.27 0.0687969   0.0676377
69.8539   249.802   319.656 0.0800029   0.0736754
69.1326   243.027   312.159 0.080841   0.0721433
73.9694   249.232   323.202 0.0825705   0.073354
73.9293   262.822   336.751 0.0885275   0.0765129
92.4332   271.53   363.963 0.101075   0.0794566
88.5683   267.425   355.994 0.106282   0.0815902
82.255   266.499   348.754 0.102621   0.0807686
87.9373   301.063   389.001 0.108968   0.0911691
65.3693   242.474   307.843 0.0718976   0.0689827
69.1372   226.511   295.648 0.0721181   0.0659453
72.3266   227.4   299.726 0.0766984   0.0660533
78.939   224.338   303.277 0.0820146   0.0650018
82.3941   240.538   322.932 0.0858809   0.0691042
97.7638   273.419   371.183 0.0951565   0.0768766
102.951   273.947   376.898 0.0990862   0.0765943
111.478   270.602   382.081 0.105587   0.0756887
112.815   274.382   387.197 0.105003   0.0757167
109.888   268.014   377.902 0.106604   0.0748476
56.3276   219.973   276.301 0.0580548   0.0558378
60.3366   238.675   299.012 0.0628725   0.0595348
64.4271   254.045   318.472 0.0674065   0.0638048
80.0996   270.504   350.604 0.0852425   0.0675416
92.9947   289.967   382.962 0.091892   0.0718131
83.1614   277.144   360.305 0.0871531   0.0671636
83.1217   273.793   356.915 0.085905   0.0673769
87.1672   304.545   391.712 0.0890733   0.0746142
80.313   309.454   389.767 0.0854757   0.0752636
60.0015   262.742   322.744 0.0611325   0.0598399
66.4264   334.233   400.66 0.0705057   0.078084
76.2252   298.395   374.62 0.0796668   0.0698098
71.2114   288.933   360.145 0.0763907   0.0684741
71.9352   306.021   377.956 0.0760146   0.0730972
70.9666   283.899   354.865 0.0742458   0.0698111
67.3064   295.974   363.28 0.0741396   0.0726315
77.3821   317.04   394.422 0.081241   0.0765013
78.7039   318.168   396.872 0.0868313   0.0772028
92.4642   312.312   404.776 0.0945249   0.0777128
85.3355   306.971   392.306 0.0907824   0.0772512
60.1329   285.446   345.579 0.0686762   0.0664383
69.2213   278.519   347.74 0.075751   0.0650168
70.2057   263.541   333.747 0.0760832   0.0624615
80.2419   269.564   349.806 0.0815881   0.0647446
79.8183   265.854   345.672 0.0828564   0.0650275
81.0243   262.26   343.284 0.0831871   0.0635576
75.1687   254.342   329.511 0.0803084   0.0635736
81.2771   268.513   349.79 0.0867265   0.0680038
86.8178   259.467   346.284 0.0890439   0.0668246
81.7323   249.707   331.439 0.0856195   0.064136
82.9435   257.849   340.792 0.0865618   0.0671621
79.3723   239.404   318.776 0.0840809   0.0630542
55.0414   219.177   274.219 0.0595686   0.0566496
52.624   202.28   254.904 0.0575283   0.0539089
58.0202   221.787   279.807 0.0636187   0.0577796
57.7853   222.793   280.578 0.06305   0.0583915
62.7128   234.772   297.485 0.0693469   0.061755
75.3857   252.122   327.507 0.0793951   0.0649087
77.4496   245.125   322.575 0.0804462   0.062349
86.7593   255.311   342.071 0.0884396   0.0649936
79.1232   269.552   348.676 0.0830471   0.0689172
81.1928   270.065   351.258 0.082871   0.0691322
79.5012   264.491   343.992 0.0831168   0.0693246
82.7593   273.153   355.912 0.0877617   0.0711447
60.5395   226.449   286.988 0.0638602   0.0546934
62.698   232.059   294.757 0.0662419   0.0553707
75.578   262.851   338.429 0.0774365   0.0644495
72.7731   240.485   313.258 0.0756215   0.0586692
78.3323   243.466   321.798 0.0790836   0.0600742
78.5596   258.952   337.511 0.0803433   0.0636089
81.5643   277.66   359.225 0.0831229   0.0674301
56.9143   250.214   307.128 0.0570855   0.0575602
64.1224   254.851   318.973 0.0628651   0.0575258
63.4253   263.979   327.404 0.0647692   0.0597914
66.671   269.964   336.635 0.0654922   0.0606831
75.3144   292.945   368.259 0.0754653   0.0668427
76.4466   289.657   366.103 0.0736055   0.0662012
64.3792   257.561   321.94 0.0590499   0.0568317
73.6779   258.006   331.684 0.0657251   0.0578035
81.9068   262.624   344.531 0.0708077   0.0600112
79.7422   267.302   347.044 0.0713513   0.0605907
79.5095   262.134   341.644 0.0721829   0.0610289
83.1067   264.174   347.28 0.0738891   0.0614107
80.9173   282.073   362.99 0.0715829   0.0629684
66.3767   267.932   334.309 0.061403   0.0585964
68.7188   286.394   355.113 0.0645399   0.0625793
70.6789   302.532   373.211 0.0664432   0.0671734
82.422   310.274   392.696 0.0706121   0.0686144
78.6453   325.133   403.778 0.0722345   0.0721996
60.2463   251.338   311.585 0.0563445   0.0545262
71.9134   268.661   340.575 0.067939   0.0592875
79.6973   292.66   372.358 0.0740681   0.0650501
90.3477   331.514   421.862 0.0833158   0.0732304
96.4989   317.924   414.423 0.0862367   0.0720883
86.3818   280.916   367.298 0.0777514   0.0644635
83.5031   282.859   366.362 0.0755513   0.0640169
85.8657   270.037   355.902 0.0774612   0.0606892
80.7999   271.17   351.97 0.0738573   0.0606848
78.1411   278.09   356.231 0.0738051   0.0615208
79.1966   279.133   358.33 0.0743397   0.060986
71.5228   268.652   340.174 0.0661176   0.0591679
77.6656   278.008   355.673 0.0688525   0.0623447
86.1019   283.231   369.333 0.0742578   0.0636295
80.3919   274.261   354.653 0.0702726   0.0622224
74.9582   280.607   355.566 0.0703502   0.0621672
61.1334   239.729   300.862 0.0579601   0.0540934
90.9495   344.51   435.46 0.0822577   0.0782919
92.3871   348.198   440.585 0.0866399   0.0798161
56.9309   236.978   293.909 0.0574625   0.0557824
50.6916   217.037   267.729 0.0490841   0.0494052
56.1041   221.255   277.359 0.0552568   0.051106
57.9059   219.023   276.929 0.0556253   0.0510812
65.4627   230.331   295.794 0.0629046   0.0530554
67.3128   242.975   310.288 0.0648955   0.0545276
46.985   213.092   260.077 0.0500196   0.0483531
74.3638   300.988   375.351 0.0724935   0.0671098
87.1672   306.34   393.507 0.0819625   0.0685862
74.5528   239.199   313.752 0.0726493   0.0544401
74.807   240.337   315.144 0.0689147   0.0534528
74.6068   254.711   329.317 0.0679355   0.0560543
54.1352   237.498   291.634 0.0520031   0.0507656
65.9031   248.197   314.1 0.0633278   0.0531205
71.4405   254.032   325.472 0.0698172   0.0546393
66.786   259.509   326.295 0.0670205   0.0570474
65.8764   254.928   320.805 0.0649028   0.0571246
54.8001   246.488   301.288 0.0548001   0.0534304
68.3828   264.804   333.187 0.0666369   0.0597347
71.4412   272.514   343.955 0.0699204   0.0613149
65.0501   253.844   318.895 0.0658069   0.0594101
50.1551   254.018   304.173 0.0512571   0.0557576
56.8988   260.189   317.088 0.0583577   0.05877
75.5387   282.84   358.379 0.0714764   0.06328
82.2867   265.863   348.149 0.0785328   0.0608019
56.043   255.257   311.3 0.0579856   0.056317
66.5642   278.964   345.529 0.069093   0.0614567
68.8861   285.259   354.145 0.0711633   0.0636569
72.9101   284.837   357.747 0.0767744   0.0649572
74.2063   305.76   379.966 0.0781942   0.0681891
77.558   321.594   399.152 0.0794448   0.072378
76.6464   308.001   384.647 0.0802861   0.0703627
76.1431   307.176   383.319 0.0834217   0.0705017
76.7479   307.21   383.958 0.0887516   0.0711959
79.2656   299.602   378.867 0.0884858   0.0699024
55.6162   260.164   315.78 0.0651243   0.0600182
57.3293   255.12   312.45 0.069364   0.0603621
65.0697   248.529   313.599 0.0772616   0.060235
69.7578   258.055   327.813 0.0803846   0.0618897
78.4604   256.377   334.838 0.0843479   0.0609842
76.487   272.242   348.729 0.0861757   0.0644448
74.524   279.322   353.846 0.0893037   0.0664893
81.8555   277.24   359.096 0.0913566   0.0660057
53.5235   244.908   298.432 0.0616097   0.0574498
62.2257   245.816   308.042 0.0703711   0.0578391
64.9378   245.696   310.634 0.073814   0.0577191
66.4569   251.12   317.577 0.0776728   0.0613326
75.0265   252.41   327.437 0.0816748   0.0616116
77.5193   257.972   335.491 0.0853032   0.0627899
48.8627   236.92   285.783 0.0590557   0.0572161
52.9805   233.395   286.376 0.0620745   0.0574583
55.6878   232.9   288.587 0.0641565   0.0582006
67.6456   273.701   341.347 0.0758217   0.0689452
69.1372   288.517   357.654 0.0765638   0.071812
43.1447   223.853   266.998 0.0524237   0.0539492
47.2764   220.739   268.016 0.0554399   0.0545439
49.3028   228.297   277.6 0.0566048   0.0560136
59.7364   225.19   284.927 0.0664328   0.0558148
72.0335   284.158   356.191 0.0801114   0.0683345
62.2739   280.109   342.382 0.070739   0.0662221
48.6343   237.832   286.466 0.0575326   0.0546196
45.8263   238.213   284.039 0.0589532   0.0541681
48.2534   248.938   297.191 0.0616789   0.0577001
50.1895   250.164   300.354 0.0650123   0.0596624
47.75   228.531   276.281 0.0580018   0.0533951
53.0142   239.117   292.131 0.0646909   0.0559337
58.5454   243.118   301.663 0.0711021   0.0561862
64.9487   251.378   316.326 0.0803821   0.0584327
65.3541   253.388   318.742 0.0798462   0.0593229
67.4086   261.64   329.048 0.0799248   0.0621679
68.0541   273.913   341.967 0.0822655   0.0639796
65.4954   269.089   334.584 0.0781382   0.0645978
57.3834   267.781   325.164 0.0767568   0.0655201
60.4626   268.848   329.311 0.0742966   0.0652355
64.4325   277.936   342.368 0.079383   0.0680354
46.6005   235.331   281.932 0.0634366   0.0592774
50.0615   211.138   261.2 0.067284   0.0556457
48.1702   215.126   263.297 0.0653599   0.0589
45.059   206.72   251.779 0.0672322   0.0591507
34.8603   209.273   244.133 0.0562566   0.0596588
36.8196   199.482   236.302 0.0578379   0.0562081
40.9154   204.321   245.237 0.0665724   0.059025
45.3801   213.098   258.478 0.0712403   0.0604225
39.6208   200.409   240.03 0.0625921   0.0559215
41.7538   214.529   256.283 0.0616975   0.0586506
47.1486   223.417   270.566 0.0697465   0.0604198
43.945   223.358   267.303 0.070181   0.0611773
38.8757   205.056   243.932 0.0620026   0.0563806
42.2241   214.643   256.867 0.0737409   0.0595337
44.397   200.527   244.924 0.0743419   0.0571627
41.1991   195.534   236.734 0.0714849   0.0570293
47.3078   213.384   260.692 0.0788683   0.0627724
49.3501   207.424   256.774 0.0821133   0.0622895
48.9977   205.037   254.035 0.0846247   0.0628333
48.7199   206.836   255.556 0.0831113   0.0636929
50.1029   217.717   267.82 0.0831814   0.0651326
45.5885   203.38   248.969 0.0778626   0.0614071
46.2742   203.072   249.346 0.0786086   0.0604141
50.9452   200.951   251.896 0.0876853   0.0595833
51.9707   201.095   253.066 0.0866179   0.0601937
43.5534   195.396   238.949 0.0754172   0.0569128
45.2952   213.426   258.721 0.0723104   0.0619487
50.0343   223.935   273.97 0.0790931   0.0643529
48.3822   218.906   267.288 0.0771646   0.0601192
43.0017   199.845   242.847 0.0658189   0.0562416
47.3081   203.901   251.209 0.0736312   0.0577133
42.838   194.204   237.042 0.0694013   0.0552618
40.5386   203.647   244.185 0.0655699   0.0555047
44.2387   205.693   249.932 0.0710377   0.0561159
46.3333   206.004   252.338 0.0719685   0.0563747
48.4374   200.664   249.101 0.0731683   0.0561203
39.2054   192.091   231.296 0.0586687   0.0535632
41.8702   199.994   241.864 0.0652183   0.0541843
38.452   198.644   237.096 0.0596618   0.055049
40.2429   208.005   248.248 0.0612292   0.0568047
41.8118   208.449   250.261 0.0641777   0.0563109
39.7836   196.156   235.94 0.057325   0.0539014
41.3906   207.785   249.175 0.0601957   0.0564295
45.6545   206.037   251.691 0.0682429   0.0572523
43.2252   210.841   254.066 0.06263   0.0576803
34.3436   211.365   245.709 0.0490904   0.0556283
38.9524   213.587   252.539 0.0514053   0.0560154
42.2063   223.834   266.04 0.0559616   0.0571208
50.1659   230.436   280.601 0.0658518   0.0574652
53.4977   229.836   283.334 0.0656817   0.0539363
53.5958   235.226   288.821 0.0676287   0.055293
58.9897   254.294   313.284 0.0708301   0.0582999
59.3984   260.931   320.329 0.0685102   0.0605197
51.3729   246.113   297.486 0.059625   0.0579089
51.9102   236.819   288.729 0.060799   0.0570237
60.5406   258.63   319.171 0.069774   0.0615664
56.7688   258.222   314.991 0.0694703   0.0615375
57.8637   255.479   313.343 0.069036   0.0598126
59.245   260.978   320.223 0.0713365   0.0605166
69.6915   273.5   343.192 0.0782523   0.0628708
64.7174   284.384   349.101 0.0767021   0.0630493
63.2808   278.54   341.821 0.0740993   0.0623028
45.1538   246.346   291.499 0.0597668   0.0568534
48.3492   241.084   289.434 0.0656919   0.0567658
46.6976   241.627   288.324 0.0601308   0.0591237
48.7375   245.251   293.988 0.061628   0.0592059
47.7085   232.91   280.619 0.0575495   0.0559847
51.5445   235.75   287.295 0.0623836   0.056403
56.3722   246.558   302.93 0.0666023   0.0582522
48.5949   254.176   302.771 0.0595672   0.0596126
47.5786   237.958   285.536 0.0568443   0.0556626
54.9405   256.992   311.932 0.0636991   0.0590649
52.5794   250.875   303.454 0.0652674   0.0570767
54.1986   258.755   312.954 0.0651817   0.0577611
42.9073   251.699   294.606 0.0516645   0.0566857
70.2261   353.584   423.81 0.0793772   0.0819375
58.5561   347.741   406.297 0.0712981   0.0792895
39.858   246.111   285.969 0.0515228   0.0562564
37.3199   242.242   279.562 0.0446624   0.0535199
40.161   254.519   294.68 0.0489768   0.055975
45.536   288.58   334.116 0.0545211   0.0622316
56.3425   294.519   350.861 0.0640838   0.0649779
47.0517   280.165   327.217 0.0582035   0.06111
47.5662   256.555   304.121 0.0547871   0.0567574
51.0447   255.926   306.971 0.0573794   0.0571774
55.2064   262.97   318.176 0.0633537   0.0594605
57.0221   267.282   324.304 0.0645777   0.0600823
46.1617   252.056   298.218 0.0555161   0.056
50.7593   252.306   303.066 0.0600524   0.0563813
56.7457   249.391   306.137 0.0646159   0.0568555
54.7566   273.31   328.067 0.0649159   0.0614088
47.9681   249.801   297.769 0.0577582   0.0576487
45.3148   236.719   282.033 0.0543996   0.054465
44.2285   248.899   293.128 0.0553895   0.056727
41.8631   248.575   290.438 0.0525259   0.0568536
41.3866   248.537   289.923 0.0522723   0.0568994
48.6554   257.696   306.351 0.0582351   0.0592654
49.5826   255.593   305.176 0.0562034   0.0582058
87.4757   399.399   486.874 0.0912049   0.0922423
99.5964   408.981   508.578 0.0949642   0.0961354
49.8096   275.406   325.216 0.0568473   0.0653457
60.9937   291.528   352.522 0.0711356   0.0691269
49.2455   240.495   289.74 0.0595952   0.0576934
49.5022   237.718   287.22 0.0611591   0.0567671
46.9515   225.462   272.413 0.0601685   0.0549617
45.0954   227.839   272.934 0.0578023   0.0552582
41.3437   224.629   265.973 0.0549539   0.0544401
41.1738   219.674   260.848 0.0542475   0.0539978
42.4826   212.827   255.31 0.0570084   0.0531166
40.4372   203.393   243.83 0.0569805   0.0503655
27.9453   197.486   225.431 0.0403485   0.0489384
30.4092   196.22   226.63 0.0460188   0.049376
34.4521   209.814   244.266 0.0483199   0.0531343
35.1549   201.785   236.94 0.0478949   0.0526855
41.8635   217.087   258.95 0.0550956   0.0561721
45.0405   221.162   266.202 0.0566547   0.0568569
46.295   232.508   278.803 0.0593982   0.0574208
33.4188   215.933   249.352 0.0496012   0.0528631
45.5287   256.69   302.218 0.0615391   0.0617859
54.3608   306.038   360.398 0.0697649   0.0736092
57.8334   291.249   349.082 0.0700284   0.0701949
65.014   290.642   355.656 0.0749009   0.0713127
62.1524   267.403   329.556 0.0726291   0.0684947
73.7418   304.927   378.669 0.0858746   0.0786299
44.5199   263.442   307.962 0.0657282   0.0724504
37.8512   213.874   251.725 0.0569019   0.0585379
37.994   228.994   266.988 0.0614955   0.0624585
38.8788   224.955   263.834 0.0603396   0.0614129
37.51   220.159   257.669 0.0598055   0.0609351
32.0221   195.913   227.935 0.051386   0.0538519
32.6716   199.554   232.226 0.0545306   0.0545784
30.3173   189.244   219.561 0.0525977   0.0523901
31.5147   188.456   219.971 0.0566557   0.0531013
29.9772   183.287   213.264 0.0553494   0.052787
28.7255   186.413   215.139 0.0521649   0.0535773
27.3208   182.34   209.661 0.0527021   0.0527574
28.8431   178.684   207.527 0.052794   0.0516626
31.0549   174.48   205.535 0.0574027   0.0512724
32.6976   181.151   213.848 0.0599956   0.0531795
32.8638   176.315   209.179 0.0606342   0.0519796
34.0205   185.478   219.498 0.0605778   0.0551623
43.4944   187.82   231.315 0.073149   0.0555945
33.187   184.536   217.723 0.057219   0.0540725
39.9796   189.165   229.144 0.0651664   0.0562823
42.4408   201.142   243.583 0.071739   0.0592675
43.5367   191.036   234.573 0.0795918   0.0571921
45.8738   189.424   235.298 0.0781163   0.0570424
41.7022   183.734   225.436 0.0719252   0.0556129
41.972   182.969   224.941 0.0753987   0.0555012
46.2179   179.391   225.608 0.0765832   0.0544226
40.9557   175.748   216.704 0.0730049   0.0532128
30.2865   178.722   209.009 0.0579461   0.053403
32.0871   178.861   210.948 0.0602292   0.0539591
31.4133   183.063   214.477 0.0582591   0.0550368
30.2127   180.593   210.805 0.058694   0.0540534
30.794   182.809   213.603 0.0567806   0.054657
31.3867   182.327   213.714 0.0576697   0.0544829
34.5627   177.55   212.113 0.0601928   0.0532288
37.1628   175.075   212.237 0.0641845   0.0527452
40.3396   184.096   224.436 0.0688859   0.0552145
35.3679   181.218   216.586 0.0631006   0.053962
34.7411   181.818   216.559 0.0637218   0.0550031
34.1789   180.573   214.752 0.0618342   0.0544716
37.1477   179.777   216.924 0.0662958   0.0537878
40.6611   177.935   218.596 0.0705106   0.053434
38.7382   180.214   218.952 0.0696729   0.0540533
39.5612   183.585   223.146 0.0715393   0.0537899
39.5307   180.524   220.055 0.0687491   0.0537915
36.1742   178.078   214.252 0.0686744   0.0537391
33.8861   179.92   213.806 0.0627521   0.0536062
28.465   175.985   204.45 0.0549871   0.0528801
29.8971   181.657   211.554 0.0574208   0.0536388
31.3571   179.603   210.96 0.0575148   0.0538443
30.4562   179.829   210.285 0.0566101   0.0535324
29.5578   179.783   209.341 0.0579849   0.0538434
29.6737   178.644   208.318 0.0550277   0.0535142
29.168   181.111   210.279 0.0548958   0.0538968
31.8428   182.457   214.3 0.0569639   0.0543511
30.7231   180.95   211.673 0.0560384   0.0543068
27.8251   178.231   206.056 0.0538203   0.0537758
29.1231   178.222   207.345 0.0560778   0.053676
