1700         1700
1604         814
1651         819
1636         836
1640         836
1652         851
1685         851
1700         847
1693         834
1722         840
1667         818
1654         840
1629         783
1596         819
1635         805
1610         861
1638         848
1654         905
1679         905
1713         870
1789         948
1764         954
1708         909
1777         954
1718         888
1673         866
1667         872
1691         921
1695         903
1684         883
1749         898
1721         840
1715         864
1691         867
1672         839
1702         937
1662         935
1653         928
1616         892
1609         926
1644         966
1656         958
1620         912
1648         953
1651         926
1643         896
1597         908
1600         880
1582         896
1602         901
1595         914
1591         900
1605         916
1646         919
1707         954
1689         959
1697         919
1709         957
1694         946
1703         966
1694         952
1687         930
1754         940
1736         965
1722         937
1712         965
1696         931
1735         950
1718         941
1718         916
1733         925
1746         922
1699         939
1759         976
1714         951
1732         931
1681         931
1679         933
1654         902
1631         905
1700         929
1686         930
1683         946
1645         911
1697         912
1673         909
1681         934
1750         963
1705         958
1705         949
1711         931
1755         974
1725         961
1795         995
1771         941
1767         959
1781         984
1769         977
1759         964
1773         977
1808         1023
1798         1010
1815         984
1805         1002
1793         1008
1805         1033
1809         1012
1814         1053
1850         1063
1862         1016
1840         1064
1799         1039
1798         1010
1836         1031
1812         1053
1835         1041
1829         989
1771         981
1776         1008
1804         1005
1796         978
1869         1046
1802         1043
1810         1044
1861         1048
1816         1006
1844         1012
1849         1015
1858         1061
1832         1021
1838         983
1854         1002
1792         966
1833         962
1785         985
1793         1000
1763         1038
1768         943
1852         1026
1736         944
1730         960
1758         975
1680         964
1674         943
1657         952
1685         979
1696         972
1707         981
1720         975
1650         967
1656         912
1608         912
1674         956
1695         964
1674         955
1748         970
1680         973
1727         1016
1766         1048
1733         1025
1766         961
1784         987
1788         1010
1787         1020
1767         975
1792         1031
1793         1014
1759         963
1767         1002
1774         1015
1840         1020
1824         979
1797         973
1816         1006
1858         1024
1830         1039
1826         1059
1843         1024
1912         1011
1894         979
1864         970
1893         1026
1831         1016
1855         1037
1818         1007
1808         1028
1826         987
1844         1037
1834         1035
1822         985
1850         974
1817         988
1838         985
1787         947
1817         995
1843         1017
1825         994
1830         1036
1905         1054
1851         1010
1893         1035
1809         993
1837         1021
1763         988
1807         1002
1870         1052
1839         1050
1794         1001
1797         1023
1809         996
1753         971
1787         950
1760         965
1756         959
1782         983
1753         1002
1722         957
1698         927
1684         912
1763         919
1710         942
1739         937
1733         995
1739         986
1755         1024
1779         1008
1784         961
1730         920
1760         972
1732         973
1748         1023
1756         998
1745         992
1789         921
1732         925
1704         938
1772         966
1714         967
1748         984
1763         997
1732         930
1748         959
1709         947
1738         940
1681         934
1697         949
1683         992
1724         1006
1691         928
1671         942
1667         954
1740         975
1767         997
1798         1028
1764         970
1747         965
1785         988
1735         946
1771         991
1714         941
1644         878
1607         824
1583         810
1607         899
1618         899
1690         911
1712         931
1785         959
1728         914
1641         857
1630         827
1605         868
1555         873
1610         855
1649         895
1565         835
1620         914
1534         833
1515         801
1521         807
1539         909
1599         958
1586         943
1588         962
1597         959
1629         1027
1625         1039
1642         1055
1664         1074
1630         1030
1617         970
1561         959
1566         955
1496         939
1534         1012
1499         954
1535         967
1533         978
1515         939
1568         981
1547         942
1571         956
1545         932
1537         946
1540         955
1501         907
1574         952
1483         906
1581         978
1534         940
1591         875
1591         913
1608         922
1669         983
1692         963
1646         974
1647         936
1649         937
1656         975
1603         954
1636         958
1646         944
1651         924
1626         914
1640         912
1648         916
1627         904
1629         949
1703         962
1697         981
1714         952
1722         979
1683         956
1715         943
1725         948
1724         946
1747         976
1754         962
1748         990
1753         977
1764         981
1730         997
1730         1020
1680         979
1729         1018
1656         998
1740         1038
1759         1090
1827         1121
1853         1156
1774         1117
1814         1101
1809         1124
1785         1130
1750         1081
1725         1064
1720         1063
1817         1167
1731         1088
1747         1069
1727         1058
1732         1076
1743         1084
1787         1119
1781         1111
1758         1105
1758         1108
1744         1094
1722         1058
1722         1065
1740         1081
1804         1128
1817         1159
1815         1144
1664         1065
1736         1054
1744         1105
1690         1066
1695         990
1762         1032
1754         1015
1743         1041
1761         1040
1718         1037
1708         939
1747         1025
1723         1063
1771         1026
1815         1085
1871         1098
1780         1041
1785         1040
1719         1023
1728         996
1757         1015
1723         1000
1725         1026
1700         1021
1693         988
1719         978
1700         975
1720         1056
1711         1047
1714         966
1673         963
1688         968
1658         949
1637         949
1659         976
1622         954
1596         912
1540         864
1534         895
1558         854
1545         826
1535         842
1535         867
1577         930
1556         887
1521         834
1560         896
1608         868
1615         884
1592         879
1550         855
1620         918
1545         908
1518         827
1586         853
1562         868
1575         892
1567         903
1576         823
1567         852
1615         871
1654         899
1614         899
1549         880
1569         845
1483         777
1479         782
1492         772
1501         823
1497         819
1512         823
1462         808
1469         818
1479         843
1480         827
1450         838
1381         747
1464         813
1410         811
1424         734
1423         744
1393         737
1300         670
1201         619
1267         636
1230         614
1233         637
1269         633
1241         676
1222         676
1173         626
1186         627
1094         572
1187         597
1114         576
1131         599
1133         601
1119         579
1123         586
1181         602
1111         585
1122         588
1086         581
1072         600
1076         577
1123         626
1138         632
1175         627
1217         653
1184         642
1177         617
1173         618
1175         622
1226         643
1259         662
1298         668
1235         642
1235         644
1277         657
1238         651
1304         694
1267         687
1260         669
1342         690
1358         699
1464         757
1482         754
1457         761
1581         814
1549         792
1556         832
1604         867
1586         861
1523         853
1568         867
1550         817
1555         838
1555         830
1642         890
1586         843
1541         854
1524         755
1507         736
1613         776
1609         790
1637         829
1659         826
1647         846
1627         815
1653         837
1669         862
1604         805
1592         831
1632         830
1586         884
1563         821
1566         773
1648         835
1637         820
1645         835
1667         879
1681         808
1723         868
1764         889
1741         871
1770         883
1774         831
1768         845
1835         878
1785         843
1806         830
1809         833
1781         798
1745         797
1753         791
1733         835
1832         882
1786         959
1896         1048
1799         876
1735         857
1747         826
1724         809
1684         780
1688         780
1640         752
1636         759
1644         745
1616         709
1614         692
1554         660
1607         713
1642         734
1659         759
1664         795
1649         779
1654         673
1638         739
1617         779
1569         825
1609         868
1603         855
1537         858
1457         677
1412         665
1333         617
1344         644
1339         627
1337         623
1334         599
1305         576
1276         556
1214         541
1225         550
1202         518
1222         546
1220         541
1191         545
1203         542
1192         561
1223         594
1193         580
1261         613
1236         591
1220         547
1241         587
1232         579
1191         556
1225         603
1178         561
1177         522
1237         532
1225         539
1222         514
1239         542
1250         544
1222         574
1240         579
1252         585
1224         560
1198         545
1203         552
1176         560
1207         576
1184         556
1207         553
1199         575
1164         526
1185         540
1178         517
1165         520
1184         545
1193         538
1128         509
1152         539
1137         531
1186         559
1189         548
1130         517
1163         519
