9620       9620
9198       6317
9099       6216
9188       6197
9217       6196
9306       6290
9323       6288
9272       6269
9243       6275
9189       5673
9101       5981
9082       5895
9301       6047
9506       5698
9509       5583
9403       5863
9370       5821
9284       5734
9378       5767
9504       5802
9644       5851
9524       5769
9558       5789
9513       5820
9543       5889
9535       5948
9427       5693
9562       5993
9671       5460
9711       5880
9753       5995
9707       5904
9624       5773
9627       5653
9549       5558
9375       6838
9421       6776
9441       6783
9435       6739
9397       6618
9250       6529
9102       6281
9003       6257
8943       6188
9013       6328
8986       6251
8897       6181
8942       6271
8823       6084
8732       5970
8748       5906
8695       5918
8675       6754
8614       6653
8786       6738
8749       6640
8710       6624
8755       6623
8723       6590
8708       6590
8651       6546
8532       6460
8579       6411
8568       6395
8602       6402
8701       6469
8658       6385
8537       6214
8516       6214
8571       6814
8555       6819
8616       6799
8623       6747
8644       6783
8509       6691
8487       6640
8572       6710
8457       6506
8539       6583
8420       6485
8526       6582
8478       6536
8473       6462
8497       6493
8500       6447
8510       6497
8427       6749
8454       6718
8488       6823
8512       6834
8503       6797
8475       6728
8438       6685
8319       6533
8467       6680
8455       6639
8385       6585
8418       6621
8361       6527
8340       6489
8305       6439
8252       6675
8261       6653
8127       6518
8114       6492
8224       6572
8066       6430
8030       6346
8020       6347
8088       6420
8003       6320
7997       6304
7991       6322
8052       6286
8054       6297
8082       6313
8082       6532
8107       6472
8065       6413
8073       6412
8031       6409
7847       6251
7812       6217
7842       6179
7832       6165
7800       6095
7708       5967
7830       6043
8110       6232
8114       6456
8099       6444
8114       6390
8056       6387
7953       6248
7869       6210
7757       6059
7634       5892
7496       5832
7430       5810
7407       5724
7295       5876
7210       5842
7163       5713
7196       5688
7085       5634
6989       5530
6900       5430
6747       5278
6632       5172
6596       5121
6546       5243
6436       5157
6433       5160
6324       5077
6197       4957
6289       5042
6193       4947
6045       4838
5930       4733
5742       4568
5763       4657
5685       4586
5591       4485
5585       4489
5538       4431
5419       4290
5341       4254
5257       4141
5202       4115
5153       4077
5221       4226
5115       4108
5087       4077
5020       4041
5093       4098
4939       3950
4892       3900
4936       3890
4862       3799
4875       3816
4815       3740
4817       3809
4786       3744
4770       3768
4746       3716
4700       3642
4743       3634
4672       3632
4699       3650
4670       3620
4600       3501
4632       3597
4573       3561
4518       3483
4411       3457
4412       3386
4414       3346
4331       3324
4165       3191
4148       3116
4147       3137
4144       3222
4117       3197
4083       3110
4059       3122
4021       3080
4071       3106
3974       2977
3930       2968
3943       2956
3962       3095
3929       3062
3865       2987
3816       2900
3802       2906
3743       2846
3776       2839
3783       2851
3804       2989
3648       2865
3594       2792
3522       2677
3517       2660
3387       2547
3346       2449
3222       2361
3176       2498
3047       2330
3022       2304
3026       2249
2970       2162
2969       2141
2987       2138
2932       2257
2826       2148
2839       2120
2863       2090
2823       2013
2841       1980
2809       1945
2911       2214
2926       2201
2934       2126
3021       2125
3133       2163
3122       2118
3156       2076
3197       2088
3254       2462
3345       2464
3467       2463
3455       2477
3517       2390
3539       2357
3557       2403
3579       2317
3753       2839
3895       2877
4000       2934
3907       2830
3890       2747
4022       2764
4121       2803
4111       3135
4043       3048
4135       3108
4256       3160
4253       3160
4227       3069
4243       3084
4271       3090
4332       3452
4331       3390
4252       3368
4253       3397
4331       3435
4312       3417
4091       3277
4105       3299
4163       3302
4204       3515
4085       3434
4094       3442
4167       3451
4236       3480
4365       3556
4413       3576
4427       3575
4541       3623
4504       3580
4628       3939
4766       4009
4804       3981
4850       4005
4892       4037
4957       4126
4886       4063
4985       4081
5012       4111
5079       4390
5014       4280
5036       4274
4994       4219
5036       4186
4924       4066
5045       4075
5112       4144
5152       4121
5097       4018
5077       3973
5142       4296
5131       4283
5121       4219
5042       4163
4912       4088
4884       4126
4751       4000
4701       3948
4646       3882
4674       3893
4634       3839
4615       3796
4583       3869
4546       3752
4617       3838
4594       3815
4579       3801
4621       3884
4698       3931
4683       3928
4722       3911
4777       3906
4750       3815
4841       3839
4820       4140
4914       4191
4879       4078
4935       4099
4924       4052
4954       4071
4976       4117
5003       4347
5111       4430
5132       4415
5163       4448
5131       4382
5156       4375
5190       4532
5159       4463
5076       4376
5140       4411
5090       4295
5095       4301
5142       4479
5261       4572
5295       4576
5307       4503
5313       4522
5345       4503
5350       4609
5295       4531
5290       4499
5316       4527
5183       4410
5163       4357
5195       4418
5191       4449
5250       4468
5292       4520
5346       4577
5324       4540
5234       4459
5191       4451
5153       4407
5247       4513
5136       4431
5191       4400
5198       4362
4990       4248
5075       4393
5040       4329
5020       4287
5036       4341
5163       4456
5096       4407
5213       4485
5229       4466
5146       4393
5293       4496
5368       4544
5398       4678
5447       4672
5420       4649
5325       4549
5243       4462
5272       4613
5160       4433
5188       4444
5059       4272
5290       4555
5152       4427
5294       4469
5191       4372
5261       4532
5290       4539
5231       4481
5203       4385
5295       4484
5281       4443
5232       4377
5218       4357
5212       4315
5198       4286
5076       4334
4982       4226
4891       4126
4973       4169
4984       4204
5080       4224
5094       4201
5079       4200
5070       4263
5061       4250
5051       4256
4946       4094
4959       4096
5005       4108
4945       4140
4873       4062
4836       4001
4835       3969
4913       4017
4952       4149
4804       4047
4884       4075
4870       4034
5018       4158
5044       4229
5144       4354
5248       4397
5144       4314
5074       4193
5053       4280
5045       4275
5123       4327
5089       4302
5055       4271
4993       4208
5071       4281
4963       4165
4876       4087
4902       4121
4895       4085
4740       3970
4562       3794
4426       3652
4268       3494
4226       3507
4220       3549
4138       3461
4259       3526
4229       3583
4293       3657
4326       3697
4337       3651
4262       3637
4242       3605
4107       3508
4039       3428
4012       3399
3960       3330
3904       3263
3859       3247
3981       3342
3919       3312
4004       3361
4009       3372
4009       3340
4022       3433
4048       3445
4072       3479
4217       3641
4142       3553
4089       3533
4140       3514
4266       3669
4257       3665
4261       3654
4211       3575
4169       3586
4277       3691
4240       3608
4345       3661
4345       3701
4321       3639
4391       3682
4367       3598
4409       3655
4486       3799
4576       3813
4679       3918
4815       4010
5036       4261
5062       4254
5176       4361
5159       4311
5084       4250
4944       4153
5013       4200
4981       4196
5015       4271
5127       4312
5192       4350
5338       4510
5288       4470
5085       4333
4994       4247
4850       4086
4918       4142
4907       4160
4950       4179
5052       4232
5083       4263
5045       4275
5121       4351
5194       4395
5257       4479
5161       4440
5103       4315
5193       4385
5109       4374
5243       4526
5262       4547
5392       4637
5308       4532
5322       4584
5249       4520
5218       4476
5164       4422
5213       4448
5230       4501
5179       4475
5089       4386
5161       4450
5074       4333
5027       4346
5063       4387
5065       4372
5114       4368
5066       4348
5101       4391
5259       4329
5255       4254
5095       4214
5071       4217
4986       4168
4999       4187
4892       4102
4931       4123
4917       4126
4874       4068
4824       4006
4840       4038
4840       4035
4701       3974
4735       3948
4596       3830
4655       3864
4716       3889
4829       4049
4834       4084
4929       4154
4962       4157
4971       4149
4906       4075
4710       3904
4694       3878
4436       3636
4400       3653
4442       3666
4494       3663
4422       3613
4413       3638
4439       3656
4403       3612
4353       3549
4256       3472
4246       3479
4228       3456
4199       3458
4164       3403
4133       3406
4158       3392
4107       3362
4096       3378
4091       3412
4073       3361
4071       3393
4030       3340
4023       3320
4047       3303
4021       3296
4005       3296
4016       3302
4055       3346
4059       3314
4008       3326
4031       3341
4044       3344
4043       3346
4035       3335
4004       3319
4017       3334
4021       3358
3991       3305
4018       3315
4032       3342
4042       3330
4047       3334
4055       3413
4057       3356
4008       3313
4031       3356
4012       3328
4040       3386
4019       3335
4054       3359
4022       3339
4039       3338
4037       3360
4043       3357
4039       3332
4021       3314
4037       3320
