0
73
16
22
33
21
16
23
16
80
44
44
46
56
80
56
66
55
44
23
32
23
27
59
28
56
50
33
75
75
61
57
63
51
95
53
53
53
32
44
36
39
37
34
30
33
35
44
45
43
34
22
37
25
41
22
35
36
36
48
49
34
46
35
34
33
52
46
34
45
35
29
68
36
41
29
36
55
45
44
49
48
47
45
36
46
49
31
48
60
38
44
54
38
46
28
56
38
47
49
69
53
50
35
34
50
45
62
57
32
38
35
49
50
61
50
59
44
43
69
54
73
49
63
65
61
67
47
69
59
45
51
68
55
48
41
85
68
46
47
65
29
46
35
64
45
48
52
66
58
53
40
37
25
42
40
64
37
49
40
41
57
38
64
33
36
59
48
38
38
40
22
42
39
30
29
34
30
45
41
47
45
34
40
56
47
38
42
43
34
42
42
36
39
33
61
41
55
41
48
67
31
58
44
59
32
45
39
45
31
33
27
33
41
40
38
51
43
24
32
38
46
33
56
31
43
42
35
41
38
39
40
44
34
26
26
36
33
29
40
34
30
37
31
27
38
64
44
43
32
23
37
38
31
56
46
47
31
70
36
41
51
63
51
53
44
44
42
62
43
44
55
56
54
53
65
38
30
102
34
40
50
46
36
44
38
46
47
48
46
38
31
41
54
48
36
38
39
39
41
50
39
36
56
56
45
40
45
47
30
41
47
33
39
35
31
37
54
49
46
46
48
41
39
40
44
35
42
42
41
44
42
46
47
44
68
54
56
34
47
39
40
57
46
54
48
49
33
34
42
48
46
41
53
44
47
46
47
48
43
44
70
55
48
36
42
43
32
33
33
45
43
46
45
42
45
48
53
35
35
27
42
38
44
36
52
60
49
42
50
28
28
34
48
66
43
53
50
39
36
38
53
53
46
40
47
31
42
42
45
46
39
46
41
45
51
55
51
59
42
43
47
40
51
58
52
58
52
46
38
58
66
38
34
50
51
58
50
51
38
36
45
46
45
62
53
61
57
44
51
54
49
55
47
220
61
45
42
36
36
55
43
39
41
47
53
45
36
53
53
41
33
42
42
52
56
49
55
48
42
46
41
27
32
40
38
37
50
46
40
47
40
41
35
43
48
39
53
49
48
50
63
47
61
68
49
55
53
62
61
61
50
57
55
46
44
65
55
64
48
51
51
57
48
42
51
46
40
71
64
48
52
42
48
52
56
54
53
58
58
52
55
60
67
70
50
60
63
47
72
59
91
97
63
80
68
48
59
64
66
67
56
61
52
54
45
54
60
42
60
60
67
59
75
49
40
52
39
62
60
54
53
58
63
49
41
46
33
47
36
49
47
31
45
49
35
42
50
35
38
47
35
39
38
33
39
50
36
33
36
46
39
40
34
39
36
28
35
31
32
34
34
34
29
32
44
40
37
44
38
29
33
27
33
