44988      12411
43578      11954
43516      11747
44477      11821
45377      11838
45934      11858
45866      11972
46178      11897
46386      11965
45965      11962
46186      12052
46119      12025
46260      12116
46324      12124
46051      12034
46201      11960
46207      12023
46431      12050
46224      11994
46007      11985
46256      12027
46364      11997
46098      11939
46004      12115
45659      12083
44964      12134
44748      12266
44434      12235
44153      12203
44031      12072
43683      12097
43828      12090
43707      12082
43787      12113
43895      12018
43809      12172
43914      12197
44354      12347
44593      12395
45228      12471
45448      12515
45737      12597
45510      12434
45533      12461
45748      12506
45650      12464
45823      12515
45547      12417
45589      12394
45894      12425
45893      12334
45707      12259
45848      12263
45840      12270
45839      12327
46008      12295
45869      12391
45907      12544
45661      12413
46136      12498
45913      12552
45976      12466
45861      12473
46301      12548
46332      12394
46194      12310
46136      12305
45992      12225
46012      12292
46056      12133
46071      12032
45671      12150
45935      12052
46151      12145
46097      12191
46159      12226
45874      12157
46046      12158
46143      12169
46256      12063
46093      11930
46333      11941
46179      11844
46118      11698
46273      11709
46457      11618
46395      11588
46446      11558
46172      11715
46197      11705
46400      11604
46445      11638
46328      11658
46502      11515
46290      11524
46510      11530
46550      11512
46535      11521
46461      11432
46614      11479
46440      11429
46471      11540
46342      11411
46589      11438
46601      11335
46495      11325
46528      11363
46706      11408
46454      11489
46557      11390
46315      11398
46348      11485
46277      11508
46547      11573
46555      11544
46431      11428
46662      11334
46527      11394
46737      11338
46524      11334
46657      11369
46721      11397
46682      11272
46577      11177
46565      11213
46731      11226
46525      11285
46788      11316
46808      11342
46740      11400
46748      11349
46790      11273
46664      11284
46522      11151
46470      11057
46538      11115
46348      11134
46271      11133
46771      11245
46760      11147
46928      11191
46772      11114
46620      11170
46704      11118
46615      11174
46818      11165
46767      11321
46601      11318
46566      11225
46454      11180
46754      11114
46748      11120
46922      11162
46683      11132
46782      11194
46855      11197
46737      11212
46785      11185
46667      11185
46437      11192
46963      11240
46883      11204
46827      11150
46639      11157
46596      11179
46785      11081
46757      11171
46974      11176
46884      11267
46828      11297
46637      11229
46845      11209
46778      11104
47015      11210
46841      11096
46929      11407
46784      11263
47031      11270
46962      11236
46939      11146
46935      11249
46807      11243
46865      11220
46918      11259
46827      11209
46902      11119
46900      11027
46935      11165
46637      11034
46718      11119
47046      11230
46954      11164
46762      11249
46794      11218
46873      11159
47080      11117
46821      11127
46974      11102
46742      11168
46861      11127
47131      11162
46716      11058
46923      11074
47185      11051
46849      11047
47057      11078
46967      11088
46898      11092
47277      11120
47301      11100
47326      11105
46913      11068
47189      11088
47069      11046
47192      11037
47192      10999
47055      10935
47215      11025
47168      11124
46989      11057
46969      11021
47040      11019
47065      11000
47323      11092
47189      11072
47189      11061
47137      11080
47000      11105
46930      11072
47260      11054
47267      11042
47305      11060
47118      11063
47545      11138
46924      11201
47146      11244
47318      11253
47048      11215
47458      11148
47152      11046
47312      11050
47188      10917
47245      10869
47346      10873
47112      10932
47223      10998
46995      11036
47426      11065
47482      11034
47264      11018
47078      10983
47425      10970
47164      10851
47177      10900
47013      10926
47207      10901
47650      10994
47461      10970
47215      11029
47294      10905
47401      10949
47338      10962
47411      10952
47371      10924
47496      10840
47383      10850
47251      10751
47176      10854
47223      10827
47236      10917
47282      10836
47178      10742
47287      10728
47511      10642
47506      10591
47132      10526
47601      10443
47369      10459
47311      10492
47460      10379
47239      10396
47569      10348
47536      10214
47356      10080
47431      10080
47847      10146
47239      10146
47655      9953
47482      9885
47535      9783
47372      9728
47821      9704
47632      9596
47901      9552
47742      9528
47867      9487
47833      9449
47800      9423
47980      9405
48189      9376
47867      9303
47760      9220
47585      9183
47599      9209
47906      9138
48000      9094
47593      9108
47552      9109
47672      9057
48014      9005
48005      9051
47911      9075
47986      9085
47936      9011
48101      8924
47878      8809
48130      8810
47923      8718
48041      8595
48208      8548
47947      8550
47863      8589
47900      8562
48085      8505
47944      8583
48233      8596
48178      8553
48210      8459
47653      8435
48251      8419
48364      8410
48259      8298
48006      8222
48156      8243
47986      8218
48175      8256
48113      8193
47978      8221
48125      8163
48293      8192
47846      8236
47994      8127
48289      8108
48042      8127
47747      8080
47903      8046
47908      7981
48162      7999
48103      8023
47924      7978
47821      7987
47863      8053
47863      8120
48296      7985
47857      7927
48222      7971
47935      7922
48011      7909
48117      8027
48003      7901
47932      7931
47828      7943
47970      7905
48008      7918
48046      7942
48177      8104
48119      8003
48097      7927
48215      7885
47804      7872
47868      7865
48069      7763
47880      7777
48196      7814
48182      7794
48078      7826
47903      7883
48006      7827
48136      7816
48129      7835
47991      7781
47762      7713
47959      7700
48009      7735
48154      7645
48004      7670
48098      7609
47999      7550
48025      7566
48476      7569
48179      7505
47934      7512
48075      7515
48075      7563
48109      7497
47975      7495
48092      7341
48034      7371
47947      7313
48102      7335
48211      7370
48165      7376
47997      7333
47911      7337
47835      7308
48016      7247
48029      7145
47934      7096
47981      7122
47787      7176
47978      7146
48035      7166
47804      7145
48059      7062
47943      6966
47827      7016
48040      7053
47884      7017
47786      7091
47856      7110
47813      6998
47644      6979
47807      6967
47946      6908
47730      6894
47865      6913
47749      6892
47726      6908
47710      6846
47709      6792
47503      6693
47657      6712
47342      6692
47448      6688
47491      6642
47300      6548
47209      6511
47334      6447
47582      6422
47246      6360
46992      6347
47228      6436
46985      6366
47101      6327
46965      6277
46691      6298
46620      6247
46732      6238
46725      6196
46655      6239
46448      6186
46669      6122
46697      6142
46540      6183
46457      6109
46525      6209
46408      6226
46694      6183
46319      6276
46325      6321
46542      6195
46353      6300
46554      6406
46278      6424
46261      6369
46524      6328
46486      6244
46441      6161
46288      6171
46347      6262
46745      6274
46236      6237
46229      6180
46544      6118
46384      6084
46145      6116
46281      6146
46560      6235
46126      6165
46335      6141
46411      6192
46292      6157
46071      6272
46075      6329
45802      6395
45820      6457
45858      6419
45731      6430
45810      6456
45492      6566
45299      6677
45742      6660
45387      6638
45388      6683
45819      6708
45673      6674
45400      6681
45394      6804
45495      6988
45612      7031
45847      7070
45563      6939
45736      6943
45963      6953
45461      7121
45636      7280
45722      7354
45943      7235
45583      7151
45984      7157
45976      7207
46183      7323
46511      7557
46197      7532
46255      7565
46566      7600
46698      7627
46339      7598
46122      7698
45979      7614
46290      7690
46104      7572
46583      7643
46361      7672
46349      7743
46376      7716
45922      7652
45669      7740
45696      7650
45638      7772
44588      7707
44790      7847
44764      7837
45103      7682
45209      7697
45105      7672
45189      7585
45132      7599
45293      7439
44935      7503
45108      7485
45048      7513
45089      7425
45194      7349
44695      7373
44073      7294
44115      7255
44299      7284
44289      7264
44096      7117
43317      7210
43344      7216
43569      7127
43818      7130
45079      7165
44882      6931
44724      6887
44876      7108
45291      7107
45232      7071
45367      7160
45475      7127
45232      7051
45557      7053
45895      7104
46005      7115
46191      7175
46356      7223
46809      7280
47329      7333
47331      7479
47643      7508
47547      7533
47642      7525
47752      7530
47515      7678
47756      7514
47663      7524
47599      7505
47837      7635
47626      7635
47820      7838
47714      7994
47912      7964
47733      7917
47632      8049
48026      7976
47840      8020
47701      8048
47660      8010
47611      8098
47500      8033
47542      7967
47327      7999
47401      8159
47743      8039
47574      8178
47664      8147
47933      8378
47567      8395
47374      8273
47741      8300
47592      8277
47576      8335
47213      8284
47444      8360
47725      8364
47837      8238
47565      8271
47700      8315
47948      8364
47768      8393
47766      8470
47684      8550
47609      8639
48019      8649
47376      8727
47464      8553
47817      8527
47412      8432
47691      8557
47397      8636
47373      8457
47216      8605
47104      8621
47062      8617
47073      8615
47229      8438
47119      8316
47217      8338
47307      8447
47397      8305
47606      8288
47070      8216
47282      8257
47391      8317
47238      8185
47279      8005
47367      7980
47341      8119
47275      8208
47237      8106
47205      8110
47035      8167
47131      8083
47156      8017
47154      8008
47116      8047
47367      8152
46883      8191
47319      8251
46974      8235
47058      8135
47164      8185
47153      8097
46833      8107
47024      8196
47182      8340
47084      8295
46806      8127
47193      8256
46953      8205
47082      8450
47042      8277
47160      8299
46887      8150
47193      8218
47091      8239
47014      8088
46720      8174
47046      8184
46980      8200
46721      8128
46814      8081
46823      8152
46820      8366
46876      8219
46976      8293
46745      8310
47019      8281
47105      8254
47054      8358
47080      8571
46976      8579
47025      8483
46985      8614
47254      8704
46925      8686
46944      8583
46789      8624
46654      8681
46996      8841
46851      8613
46603      8612
46841      8669
46807      8538
46811      8582
46754      8681
46695      8700
46981      8426
46984      8439
46912      8433
46887      8748
46817      8547
46831      8508
46960      8568
46907      8544
46767      8417
46917      8616
46911      8517
46936      8712
46813      8690
46941      8744
46884      8542
46771      8665
47123      8677
47116      8655
46952      8692
46745      8821
47097      8702
46970      8666
46922      8590
46699      8651
46748      8660
46905      8383
46563      8340
46703      8440
46853      8550
46844      8625
46833      8569
46998      8580
46799      8592
46902      8631
47236      8730
47059      8716
46955      8643
46996      8477
46873      8323
46892      8406
46680      8696
46956      8738
46845      8659
46899      8534
46888      8593
46835      8652
46787      8561
46661      8786
46631      8668
46713      8648
46849      8470
46984      8703
46803      8748
46803      8649
46783      8870
46787      8645
46606      8832
46678      8586
46610      8587
46883      8470
46605      8767
46655      8664
46669      8818
46583      8710
46370      8574
46417      8620
46491      8793
46763      8750
46198      8798
46506      8759
46513      8928
46826      8922
46674      8951
46539      8741
46543      8707
46407      8689
46415      8720
46690      8732
46774      8950
46830      8750
46533      8869
46453      8834
46640      8914
46624      8964
46568      8801
46616      8974
46424      8823
46449      8820
46966      8750
46910      8774
47048      8600
46912      8462
46890      8669
46640      8450
47077      8499
46984      8315
46868      8346
46867      8396
46756      8438
46843      8290
46818      8416
46846      8441
46896      8453
46691      8655
46622      8475
46714      8481
46677      8465
46637      8540
46663      8519
46599      8608
46783      8598
46730      8411
46898      8568
46921      8649
46725      8509
46607      8610
46897      8557
46954      8502
47222      8620
47367      8634
47063      8630
47227      8520
46924      8369
47149      8474
46841      8416
47036      8495
46981      8550
47008      8338
47260      8084
47126      8105
46853      8105
46683      8053
46754      8047
46806      8147
47103      8120
47012      8415
47124      8181
46940      8183
47231      8243
47124      8211
46867      8247
46817      8240
47143      8287
47091      8240
47078      8257
46969      8460
47678      8395
47382      8231
47234      8082
47167      8187
47200      8113
47218      8295
47332      8285
47200      8304
47185      8025
47014      7962
47342      8108
46867      7963
47119      8001
46537      8096
47042      8263
46935      8248
46810      8415
46840      8311
46877      8542
46984      8296
47005      8107
46840      8092
46857      8289
46828      8306
46993      8256
46572      8001
46696      8028
46791      8071
46789      8082
46858      8096
47002      8295
46841      8278
46945      8274
47306      8440
47031      8248
47231      8199
47125      8221
47238      8361
47119      8122
47320      7945
47225      8001
47153      8068
47198      7886
47693      8118
47377      8226
47336      8087
47345      8150
47403      8141
47076      8157
47340      8090
47093      7904
47154      7854
47141      7913
47339      7850
47341      7995
47387      7970
47395      7847
47076      7867
47188      7721
47243      7767
47047      7613
47013      7558
46979      7580
47167      7524
46954      7367
47238      7276
47119      7141
47169      7199
47183      7142
47350      6977
47501      7126
47748      7126
47453      7059
47502      7025
47720      7124
47697      7052
47827      7133
47710      7196
48189      7213
47578      7021
48263      7015
48092      7048
48195      7127
47722      6930
47730      6896
48112      6910
47799      6735
47935      6827
47914      6969
48034      6770
47922      6638
47936      6633
47863      6589
47999      6565
48211      6518
48222      6566
48212      6701
48335      6588
48160      6706
48077      6594
48111      6756
48227      6737
48352      6723
48255      6663
48275      6689
48135      6621
48296      6634
48348      6584
48114      6680
47963      6659
47969      6562
47952      6579
47949      6456
47987      6422
48010      6454
47924      6456
47780      6521
48082      6697
48142      6789
48247      6656
48644      6715
47967      6671
48258      6797
47714      6751
48055      6825
47410      6782
47758      6789
48041      6839
47787      6794
48010      6981
47896      7063
48057      6892
48103      6945
47991      6946
47990      6891
47699      6971
47934      6919
47955      6895
48144      7076
47795      7218
47339      7058
47006      7180
47088      7145
47220      7173
47214      7247
47311      7427
47097      7423
47298      7529
47079      7530
47145      7705
47037      7689
46844      7472
46597      7541
46698      7732
46703      7888
46701      7855
46950      7981
46821      7894
46905      8057
46797      8205
46808      8268
46781      8089
46831      8246
46858      8256
46823      8332
46959      8269
46911      8285
46831      8030
46977      7951
46839      7942
46718      7904
47308      7957
47054      7965
47778      8125
46930      8031
47227      8254
47121      8115
47075      8074
47064      8368
47021      8382
47129      8547
47074      8504
47074      8584
46817      8697
46867      8574
46630      8295
46786      8168
46985      8210
46859      8184
46760      8260
46655      8274
46987      8230
46772      8313
46747      8656
46685      8464
46504      8560
46388      8442
46837      8125
46940      8451
46814      8349
46927      8445
47185      8442
46783      8226
47112      8360
47193      8474
47008      8419
46933      8283
47002      8376
47188      8577
46950      8377
47278      8477
46951      8246
46934      8312
46942      8406
46989      8381
46842      8542
47116      8443
46931      8632
47147      8537
46780      8205
46921      8461
47130      8855
47094      8644
47181      8720
47068      8649
46741      8532
47005      8618
46522      8548
47343      8545
47227      8778
47048      8671
46853      8527
46311      8573
46487      8596
46929      8636
46825      8592
46805      8645
46536      8289
46685      8510
46627      8569
46716      8511
46189      8374
46668      8379
46539      8302
46621      8131
46834      8288
46624      8200
46806      8194
46643      8220
46851      8234
46745      8281
46932      8359
46890      8272
46503      8383
46952      8341
46391      8414
46524      8473
46660      8682
46259      8844
46414      8754
46350      8710
46459      8612
46475      8484
47150      8615
46154      8650
46178      8590
46074      8403
46371      8385
46311      8372
46449      8606
46512      8572
46395      8627
46625      8495
46587      8348
46501      8364
46478      8477
46638      8440
46309      8456
46362      8373
46351      8353
46292      8153
46795      8216
46529      8096
46622      8097
46524      8166
46736      8091
46203      7985
46539      8057
46371      8155
46324      8122
46450      8245
46396      8284
46291      8220
46485      8284
46319      8148
46477      8170
46481      8170
46404      8250
45787      8110
46480      8238
46677      8249
46391      8140
46822      8172
46715      8005
46716      7969
46847      8005
46861      8051
46877      8014
46858      7736
46861      7696
47083      7853
46996      7681
46877      7628
46933      7444
47194      7582
47422      7552
47307      7531
46941      7533
47209      7542
47072      7589
47147      7440
47303      7434
47071      7383
47456      7437
47311      7354
47265      7304
47092      7390
47195      7466
47483      7462
47256      7383
47321      7240
47269      7177
47253      7113
47403      7064
47147      7072
47193      7109
47590      7170
47262      7094
47659      7066
47366      7045
47535      7063
47444      6982
47572      6983
47868      7117
47489      7096
47596      6962
47507      6987
47900      6934
47671      6955
47672      6985
47683      6969
47578      6958
47488      7065
47475      7015
47472      7012
47934      7035
47694      7080
47712      7031
47771      7042
47720      7021
47819      7043
47744      6991
47770      7017
47779      7073
47715      6998
48066      7018
47624      7019
47719      7007
47901      7000
48027      7050
47920      7023
47919      6938
48005      6907
47936      6942
47930      6937
47954      6968
47571      6964
47536      6930
47646      6888
47611      6880
47502      6924
47770      6902
47662      6949
47827      6951
47880      6936
47735      6930
47661      6920
47649      6889
47593      6900
48036      6922
47680      6941
47862      6961
47655      6971
47668      6904
47858      6912
47738      6955
47655      6919
48002      6917
47536      6903
47791      6906
47419      6941
47960      6910
47660      6957
47742      6923
47867      6943
47985      6957
48015      6924
48097      6960
47864      6952
47763      6870
47700      6901
48174      6910
47785      6908
47724      6926
47974      6914
47742      6922
48146      6918
47758      6938
47704      6911
47924      6914
47698      6898
47711      6922
47741      6929
