0.0390549 0.141568
0.0385975 0.140706
0.0382158 0.141568
0.038874 0.146265
0.0380149 0.145717
0.0376192 0.145724
0.0371953 0.142499
0.0376586 0.146171
0.0368861 0.143
0.037398 0.143705
0.0376954 0.144457
0.0376201 0.144283
0.0379594 0.144932
0.0376695 0.143929
0.0385877 0.147665
0.0382459 0.147742
0.0386305 0.148465
0.0378626 0.145892
0.0391788 0.150992
0.0394723 0.151523
0.0377465 0.145173
0.038284 0.147954
0.0377674 0.145825
0.0372142 0.141312
0.0376049 0.1421
0.0370519 0.1373
0.0371637 0.135578
0.0385291 0.139926
0.0385704 0.139556
0.0386092 0.140822
0.0384131 0.138712
0.0395409 0.143342
0.0390098 0.141119
0.0385731 0.139437
0.0390477 0.142619
0.0388733 0.139911
0.0398734 0.14356
0.041056 0.147485
0.0404324 0.145462
0.0394225 0.142972
0.0408599 0.148382
0.0407766 0.148051
0.0403867 0.14782
0.0403444 0.14742
0.0386902 0.141532
0.0399781 0.146422
0.0403509 0.147743
0.0408589 0.149875
0.0393077 0.144586
0.0393515 0.145352
0.0379361 0.141155
0.0383092 0.142834
0.0378424 0.141483
0.0395724 0.14784
0.0386134 0.143587
0.039015 0.145994
0.0386754 0.143168
0.0393186 0.143893
0.0384354 0.141384
0.0389934 0.143943
0.0397273 0.145315
0.0393466 0.145115
0.0390746 0.14367
0.0383361 0.141457
0.0386342 0.144425
0.0381435 0.143136
0.0383215 0.143681
0.0378979 0.142577
0.0380988 0.142613
0.0376932 0.143081
0.0390484 0.149518
0.0387117 0.145514
0.0381409 0.14537
0.037529 0.14261
0.0377031 0.142564
0.0368726 0.139212
0.03684 0.139015
0.0382444 0.144843
0.0365169 0.138467
0.0372708 0.142916
0.0373593 0.144342
0.0373384 0.144879
0.037961 0.148007
0.0379028 0.149427
0.0371923 0.146981
0.0373894 0.149509
0.0373747 0.149638
0.037226 0.149593
0.0375119 0.147845
0.0372535 0.147031
0.0369612 0.147794
0.0366886 0.146417
0.0359826 0.142992
0.0352673 0.142423
0.0356665 0.143266
0.0365513 0.147441
0.0352954 0.142721
0.0357151 0.144258
0.0360517 0.146519
0.0358047 0.145396
0.0359819 0.146207
0.0361301 0.145494
0.0363385 0.147577
0.0370688 0.150988
0.0358147 0.147243
0.0360899 0.148168
0.0369885 0.151456
0.0381321 0.156119
0.0382529 0.15467
0.0382112 0.15619
0.0378063 0.153623
0.0378441 0.152721
0.0377293 0.151721
0.0382839 0.153979
0.038041 0.153413
0.0376042 0.152783
0.0375037 0.154403
0.0372042 0.151922
0.0377217 0.155495
0.037572 0.154226
0.037272 0.15296
0.0379487 0.155567
0.0373377 0.154631
0.0386457 0.161045
0.0386771 0.160617
0.0386467 0.160877
0.038431 0.15844
0.0391767 0.161983
0.0378781 0.156322
0.0387249 0.158772
0.0375203 0.154551
0.036931 0.153287
0.0375664 0.155353
0.0376596 0.157116
0.0386056 0.16225
0.0382053 0.159964
0.038362 0.159691
0.0382961 0.159166
0.0380364 0.158204
0.0376818 0.158069
0.0379944 0.159324
0.0381425 0.160518
0.0385028 0.160698
0.0380481 0.159831
0.0377132 0.15733
0.0384254 0.161129
0.0388308 0.16041
0.0375958 0.154798
0.0382038 0.158486
0.0386404 0.160555
0.0382641 0.160968
0.0380337 0.159892
0.0370402 0.155707
0.0378296 0.158642
0.0369159 0.154279
0.0361968 0.151469
0.0364807 0.152069
0.037341 0.156191
0.036214 0.151095
0.037707 0.156451
0.0375615 0.15694
0.0374549 0.15673
0.0372221 0.156323
0.0372435 0.155687
0.0371491 0.154844
0.0374052 0.157928
0.0363368 0.15209
0.0370205 0.155601
0.0373688 0.155498
0.0369224 0.153049
0.0367948 0.152819
0.0372932 0.155857
0.0370473 0.15607
0.0381155 0.159857
0.03862 0.163032
0.0379509 0.156132
0.0373846 0.155287
0.0381025 0.159006
0.0373919 0.156283
0.0371333 0.156379
0.0372643 0.15548
0.0372807 0.155208
0.0381735 0.159447
0.0393026 0.16378
0.0376706 0.157374
0.0378875 0.159817
0.0392324 0.166863
0.038287 0.160949
0.0388747 0.16431
0.0376728 0.158288
0.0381967 0.160018
0.0381863 0.160606
0.0389633 0.16197
0.0387229 0.161526
0.0385723 0.162022
0.038785 0.164253
0.0382734 0.16105
0.0392558 0.166096
0.0387874 0.162339
0.0391157 0.164734
0.0391462 0.165293
0.0383809 0.162145
0.0390427 0.165433
0.0393345 0.167949
0.0396807 0.168281
0.039569 0.168081
0.0392616 0.166306
0.0396605 0.167688
0.0386023 0.164119
0.0388364 0.165495
0.0389638 0.166051
0.039051 0.165522
0.0392676 0.167118
0.039219 0.167119
0.0392863 0.16798
0.0392439 0.168379
0.0402295 0.173114
0.03878 0.166077
0.0401331 0.170173
0.0388176 0.164963
0.0397496 0.169404
0.0409226 0.174698
0.0393923 0.168545
0.0391564 0.167057
0.0390981 0.166637
0.0400941 0.171051
0.0400747 0.170487
0.0388298 0.16434
0.0396335 0.167991
0.0393356 0.168174
0.0397529 0.170168
0.0395307 0.169078
0.0396239 0.168761
0.0389736 0.166367
0.0384451 0.161057
0.0386671 0.162131
0.0379771 0.159691
0.0380888 0.159786
0.0386447 0.164514
0.038132 0.162774
0.0387428 0.165882
0.0395228 0.170834
0.0402371 0.174901
0.0388628 0.169227
0.0388012 0.167216
0.0389429 0.167212
0.0391531 0.166727
0.039472 0.169182
0.0399099 0.171742
0.0395438 0.169632
0.0392752 0.168351
0.0405693 0.175387
0.0399033 0.17344
0.0403375 0.174587
0.0403718 0.173714
0.0401635 0.173929
0.0398531 0.172731
0.0402225 0.17402
0.0395637 0.169372
0.0396033 0.171756
0.0395561 0.171249
0.0404115 0.174512
0.0398642 0.172571
0.0385679 0.167246
0.0385717 0.169004
0.0394445 0.172258
0.039724 0.174588
0.039342 0.170997
0.0384347 0.167636
0.0390804 0.169094
0.0386405 0.168605
0.0384077 0.168684
0.0380654 0.167785
0.0378439 0.168953
0.0379531 0.170239
0.0378087 0.169295
0.039537 0.180216
0.0368807 0.167033
0.0371795 0.167652
0.0376106 0.171982
0.0371515 0.168815
0.0366415 0.168438
0.0376136 0.175054
0.0373976 0.175694
0.0362 0.170337
0.0364077 0.171693
0.035966 0.167455
0.0360928 0.172812
0.0355082 0.170561
0.0361208 0.175509
0.0360762 0.175678
0.0346291 0.170651
0.0360262 0.178825
0.0358239 0.179648
0.0362783 0.18178
0.0356195 0.17972
0.0365647 0.185099
0.0357531 0.181365
0.0349937 0.178522
0.0355475 0.182701
0.0353479 0.181877
0.0354271 0.183514
0.0345067 0.178809
0.0350428 0.181127
0.0356532 0.186912
0.0361042 0.190565
0.0364339 0.190382
0.0353718 0.184653
0.0357862 0.188363
0.0365935 0.195114
0.0371211 0.196884
0.0368391 0.19449
0.0357188 0.188663
0.0367156 0.195317
0.0366105 0.197333
0.037324 0.202861
0.0374195 0.204427
0.037915 0.208419
0.0370101 0.206864
0.0378153 0.213266
0.0373746 0.209591
0.0365836 0.203865
0.0377662 0.211282
0.0376209 0.212698
0.0379818 0.212164
0.0385421 0.216263
0.0376728 0.212206
0.0370463 0.211136
0.0377311 0.213159
0.0370148 0.212139
0.0377967 0.21736
0.0373609 0.217281
0.0379744 0.221722
0.0371293 0.216911
0.0374067 0.218423
0.0367826 0.214632
0.0377237 0.221531
0.0381425 0.222601
0.0376312 0.221855
0.0388048 0.22876
0.0391673 0.227538
0.0387965 0.229113
0.0386009 0.229896
0.0395487 0.233789
0.0383898 0.226856
0.0394339 0.234775
0.0386992 0.232302
0.0387027 0.233029
0.0395402 0.237068
0.0396252 0.23803
0.038916 0.233004
0.0394041 0.234198
0.0389654 0.22968
0.0399205 0.241453
0.0392837 0.237164
0.0402721 0.243633
0.0406384 0.245898
0.0403449 0.244911
0.0402976 0.24156
0.0393517 0.239084
0.0396604 0.239692
0.0402902 0.242604
0.0401292 0.243517
0.0393268 0.238444
0.0389418 0.235583
0.0391058 0.232478
0.0392984 0.236286
0.0391916 0.237795
0.0387431 0.236906
0.0375282 0.227896
0.0387524 0.235855
0.0392561 0.243076
0.0390769 0.240581
0.0381152 0.235091
0.0391225 0.241853
0.0396231 0.243419
0.039079 0.237473
0.0390993 0.239811
0.0390352 0.240404
0.0392695 0.241225
0.0396949 0.244827
0.0398225 0.246597
0.039075 0.243377
0.039076 0.242534
0.0395606 0.249182
0.0392676 0.245763
0.0381097 0.240899
0.0391467 0.248874
0.039292 0.249405
0.0388233 0.248646
0.0397476 0.255163
0.0396378 0.252929
0.0392512 0.251098
0.039272 0.249636
0.0394937 0.253435
0.0397499 0.254436
0.0409839 0.268492
0.0396594 0.258445
0.0399191 0.261726
0.0405596 0.265985
0.0410072 0.26825
0.0407142 0.265862
0.0393983 0.257875
0.0410762 0.26823
0.0400544 0.262178
0.0403407 0.267283
0.0383727 0.257943
0.0401385 0.271139
0.0394531 0.265796
0.040555 0.270067
0.0405603 0.27232
0.0405954 0.272118
0.0403104 0.269699
0.0394931 0.268762
0.0393592 0.270887
0.0390783 0.266391
0.0394047 0.268396
0.0399507 0.272624
0.0398234 0.268368
0.039598 0.266526
0.0386715 0.264218
0.0384728 0.262645
0.0394503 0.270705
0.0397948 0.276202
0.0393254 0.272266
0.0398203 0.275712
0.0391422 0.271184
0.0390563 0.269832
0.0396982 0.276658
0.0389235 0.27341
0.0392817 0.278799
0.0397633 0.28233
0.0386549 0.273461
0.0388214 0.275419
0.0385126 0.275369
0.0396406 0.286347
0.0385096 0.27922
0.0397389 0.291764
0.039868 0.295391
0.0392837 0.291824
0.0399855 0.296045
0.0409291 0.300342
0.0405874 0.29956
0.0411032 0.30599
0.0402427 0.301099
0.0408644 0.302953
0.0408623 0.304946
0.0413421 0.309715
0.0409631 0.308909
0.0412174 0.308222
0.0418533 0.314258
0.0412694 0.314603
0.0417586 0.317486
0.0418994 0.315381
0.0410918 0.31249
0.0411822 0.308584
0.0410705 0.306136
0.0410759 0.310205
0.0407824 0.300988
0.0407124 0.298371
0.0409308 0.307506
0.0409898 0.301587
0.0412424 0.299719
0.0409266 0.294832
0.0412442 0.299576
0.0400224 0.294248
0.0417115 0.310538
0.0420964 0.317319
0.0407881 0.305947
0.0398947 0.295273
0.039555 0.294708
0.0408556 0.30287
0.0410997 0.307443
0.0393391 0.299281
0.0405959 0.3095
0.0402644 0.303793
0.041248 0.310609
0.0406572 0.303609
0.0419503 0.313869
0.0423222 0.319329
0.0409817 0.307171
0.0413678 0.311028
0.041588 0.305485
0.0407162 0.296413
0.0410681 0.294136
0.0415539 0.294874
0.0412142 0.294438
0.041263 0.293468
0.0402969 0.285936
0.0410622 0.284496
0.0410605 0.278568
0.0409033 0.280931
0.0405623 0.277343
0.0411783 0.279665
0.0416858 0.284735
0.0414906 0.283938
0.0405066 0.275258
0.0402917 0.268812
0.0402682 0.262164
0.0395948 0.256862
0.0396536 0.257143
0.0395277 0.259547
0.041674 0.274521
0.0408372 0.269955
0.042454 0.271029
0.0441099 0.276511
0.0436333 0.271281
0.0422698 0.268417
0.042801 0.272829
0.0427975 0.274976
0.0419132 0.267379
0.0429595 0.270927
0.0422266 0.259891
0.0422105 0.258895
0.0408388 0.249703
0.0404372 0.247763
0.0418647 0.256326
0.0417575 0.254672
0.0409566 0.245388
0.040127 0.242317
0.0389933 0.23472
0.0395627 0.240887
0.0377391 0.230014
0.0374668 0.226408
0.0376491 0.225365
0.0374547 0.225117
0.0380863 0.228568
0.0393484 0.232171
0.0388655 0.232157
0.0393093 0.230829
0.0416031 0.24069
0.0417727 0.238435
0.0413725 0.236315
0.0406403 0.23861
0.0425358 0.249838
0.0417027 0.245177
0.0415809 0.247726
0.0408136 0.2424
0.0388802 0.236725
0.0393235 0.235506
0.0389066 0.234469
0.0394912 0.23679
0.0387456 0.235286
0.039253 0.241393
0.0383041 0.232199
0.0403422 0.243762
0.0402584 0.244797
0.0386465 0.235036
0.0406647 0.247935
0.0388017 0.24041
0.0397765 0.238974
0.0420127 0.252356
0.0411302 0.251438
0.0405541 0.249229
0.0377781 0.237683
0.0378548 0.245131
0.0371836 0.241469
0.0384393 0.242684
0.0366298 0.233432
0.0373187 0.238722
0.0369211 0.233939
0.0383947 0.244984
0.0380704 0.244221
0.038172 0.246562
0.0372372 0.240569
0.0374959 0.242446
0.0371717 0.239303
0.0381612 0.244912
0.0374928 0.241071
0.0370175 0.23892
0.0379667 0.240273
0.0368365 0.233751
0.0372053 0.234833
0.03732 0.236279
0.0376948 0.239044
0.0377355 0.233524
0.0377125 0.239686
0.0371147 0.235114
0.0371016 0.23531
0.037356 0.234054
0.0371226 0.231565
0.0357591 0.218168
0.0356709 0.21291
0.0355235 0.213712
0.0357405 0.215486
0.0352914 0.208846
0.0343772 0.206996
0.0342391 0.204239
0.0349259 0.207008
0.0350189 0.208365
0.0346139 0.203507
0.0351579 0.207892
0.0349796 0.208736
0.0349483 0.206776
0.0350836 0.203824
0.0349999 0.207862
0.034914 0.203106
0.0342816 0.200565
0.0356748 0.204106
0.0360124 0.20405
0.0356314 0.204037
0.0346034 0.199036
0.0356152 0.204784
0.0356692 0.203599
0.0354563 0.202076
0.0355999 0.202033
0.034615 0.197513
0.0343458 0.199442
0.035278 0.202878
0.0347589 0.199399
0.0343706 0.197035
0.0348769 0.198499
0.0355692 0.20059
0.0352319 0.196491
0.0338591 0.186596
0.0347987 0.193202
0.0357987 0.194339
0.035922 0.199345
0.0344229 0.193034
0.0351177 0.197462
0.0353735 0.197149
0.0356774 0.195808
0.0359487 0.201372
0.0354329 0.194422
0.0363026 0.198353
0.0364838 0.199257
0.0376224 0.205572
0.0379428 0.212373
0.0379465 0.215007
0.0383337 0.217078
0.0374997 0.210015
0.0380615 0.217219
0.036676 0.210666
0.0380072 0.217746
0.0371389 0.212668
0.0371379 0.211615
0.0371311 0.214294
0.0361471 0.213492
0.03627 0.215288
0.0366912 0.213943
0.0364252 0.209795
0.0366027 0.213299
0.0368181 0.214303
0.0370363 0.213297
0.0369184 0.215267
0.035584 0.209305
0.0361369 0.212787
0.0361873 0.21188
0.0363966 0.211482
0.0364098 0.208399
0.0366026 0.209914
0.0367224 0.209472
0.0363381 0.210203
0.0375498 0.216371
0.0363285 0.21156
0.0374522 0.216356
0.0379168 0.217545
0.03868 0.218825
0.0379959 0.215672
0.0381789 0.219884
0.0383955 0.219477
0.0392733 0.224741
0.0385073 0.214556
0.0379661 0.215779
0.0377863 0.214725
0.0381982 0.219755
0.0380777 0.218666
0.0387972 0.22175
0.0386906 0.224901
0.0391267 0.223636
0.0384305 0.220919
0.0386335 0.221341
0.0389332 0.223794
0.0396676 0.229798
0.0391901 0.225098
0.039513 0.221133
0.0390392 0.222655
0.0394244 0.223321
0.03917 0.220337
0.039048 0.221712
0.0391254 0.223286
0.0380839 0.214405
0.0384664 0.211294
0.0392541 0.214943
0.0385327 0.213604
0.0378844 0.20664
0.0370551 0.201172
0.0373362 0.201704
0.038024 0.207969
0.0374447 0.203154
0.03691 0.198364
0.0378968 0.201448
0.0388039 0.211076
0.0401047 0.217023
0.0392391 0.21202
0.0397804 0.218084
0.0406528 0.221743
0.0412157 0.221979
0.0415676 0.223103
0.0403142 0.22478
0.0396731 0.220879
0.0404587 0.225068
0.040523 0.217193
0.0404981 0.221832
0.0402084 0.221321
0.0396508 0.21732
0.0396103 0.217463
0.038788 0.215516
0.0386001 0.21019
0.0382853 0.210872
0.0382862 0.206267
0.0387926 0.208976
0.0382182 0.205169
0.0381793 0.209553
0.04026 0.217311
0.0381767 0.20733
0.0382673 0.208319
0.0380175 0.205361
0.0388063 0.205646
0.0379005 0.205125
0.0382159 0.207131
0.0374025 0.204307
0.038609 0.208415
0.0384401 0.207506
0.038482 0.215317
0.0391083 0.218345
0.0399546 0.22109
0.0392931 0.215322
0.0394287 0.214145
0.0392458 0.214494
0.0388102 0.212587
0.0392743 0.21392
0.0388683 0.211215
0.0382971 0.207217
0.0383986 0.20732
0.0383985 0.208608
0.0381947 0.211749
0.0381883 0.215067
0.0386207 0.215441
0.0388603 0.208602
0.0384189 0.206455
0.0394919 0.213651
0.0397663 0.218538
0.0406074 0.221576
0.040205 0.217638
0.0401607 0.219484
0.0403335 0.214204
0.0395231 0.212621
0.037313 0.201549
0.0384213 0.212515
0.0383748 0.20717
0.0386086 0.206562
0.0392069 0.212163
0.0390526 0.205975
0.0377028 0.204049
0.0385358 0.203351
0.0375766 0.204286
0.0384038 0.208455
0.0393533 0.217828
0.0389014 0.206798
0.0390741 0.210411
0.0398337 0.210819
0.0389412 0.208266
0.0393358 0.212736
0.039339 0.211833
0.0387387 0.204822
0.038385 0.205143
0.0377938 0.198454
0.0382101 0.202877
0.0381184 0.198589
0.0391236 0.205335
0.0388225 0.202435
0.0386772 0.205926
0.0405002 0.216492
0.0397138 0.212107
0.0402456 0.21422
0.0402656 0.2153
0.0405995 0.212179
0.0415119 0.222171
0.0423785 0.222347
0.0400189 0.210437
0.0399443 0.208997
0.0397435 0.206716
0.0399631 0.211453
0.0384846 0.199911
0.03873 0.203786
0.0386015 0.203288
0.0385811 0.207086
0.0391814 0.209483
0.0388114 0.212326
0.0381565 0.211534
0.0385157 0.208329
0.0386578 0.213373
0.0368545 0.204142
0.0372042 0.210222
0.0374883 0.21052
0.0373824 0.208671
0.0381555 0.211425
0.0381914 0.215802
0.0377205 0.209838
0.0374632 0.207914
0.0363997 0.20194
0.0380801 0.20543
0.0380293 0.209204
0.0378901 0.208702
0.0376631 0.207679
0.0378884 0.206909
0.0372458 0.204015
0.036975 0.200163
0.0369579 0.201093
0.0373636 0.207585
0.0366327 0.200514
0.0365721 0.198404
0.0347566 0.190857
0.036325 0.196632
0.0363563 0.199252
0.036376 0.200894
0.0360849 0.19768
0.0349822 0.191916
0.0355481 0.193859
0.0350435 0.194249
0.0349928 0.1962
0.0334896 0.186335
0.032621 0.181559
0.0335488 0.185756
0.0336093 0.184678
0.0341857 0.192732
0.0340669 0.199159
0.0338667 0.196915
0.0342347 0.197903
0.0339096 0.196573
0.0332378 0.193115
0.0337564 0.193936
0.0334798 0.194212
0.034438 0.192395
0.0345896 0.199242
0.0339369 0.194672
0.0334738 0.191799
0.0332103 0.190598
0.0336484 0.191221
0.0344106 0.19551
0.0341302 0.19416
0.035166 0.200971
0.0349633 0.199346
0.0355341 0.197281
0.0350896 0.199285
0.0349078 0.200948
0.0350595 0.2049
0.0339644 0.195676
0.0348941 0.203008
0.0356008 0.202652
0.0350714 0.200362
0.0340466 0.193521
0.0332521 0.195514
0.0334794 0.197689
0.0338811 0.197829
0.0349073 0.20545
0.0344872 0.2031
0.0349614 0.200963
0.0342247 0.194844
0.0348354 0.19823
0.0352489 0.196078
0.0347353 0.195765
0.0343239 0.188363
0.0349055 0.197686
0.0350814 0.203404
0.0345431 0.199951
0.035619 0.201351
0.035876 0.202263
0.0356436 0.202883
0.0368462 0.214473
0.0355705 0.206901
0.0357761 0.207409
0.0356067 0.206137
0.0342524 0.198246
0.0347645 0.196986
0.0346918 0.196303
0.0340398 0.193135
0.0324906 0.182109
0.0318301 0.181499
0.0326904 0.188316
0.0322546 0.184892
0.0329819 0.186341
0.0330652 0.191825
0.0329882 0.196476
0.0334357 0.19735
0.0326808 0.191001
0.0325438 0.194776
0.0325415 0.19118
0.0309222 0.178094
0.0315193 0.184494
0.0314078 0.182454
0.0320022 0.186341
0.0310774 0.179355
0.032256 0.188752
0.0314696 0.1875
0.03215 0.193023
0.0326467 0.19449
0.0312639 0.188535
0.0313259 0.185491
0.0300715 0.178795
0.0304884 0.184147
0.0320121 0.19156
0.0317454 0.194016
0.0309676 0.188361
0.0316492 0.195587
0.0316508 0.196877
0.0323123 0.200264
0.0315687 0.1979
0.0314989 0.20076
0.0309285 0.200797
0.0303699 0.200392
0.0289385 0.18961
0.0293326 0.193783
0.0267793 0.18174
0.0277257 0.184816
0.0278546 0.18664
0.0279224 0.187704
0.0274725 0.185765
0.0270536 0.181218
0.0277795 0.18789
0.0283522 0.190102
0.0284008 0.188299
0.0279939 0.187023
0.0279541 0.189432
0.0276817 0.190449
0.0273018 0.186294
0.0267455 0.180862
0.0262562 0.180808
0.0260214 0.180104
0.0259395 0.180608
0.0247495 0.17565
0.0241786 0.169767
0.0247736 0.170326
0.0262731 0.186411
0.0256667 0.185297
0.0249708 0.180461
0.0250298 0.181818
0.025313 0.185072
0.0245172 0.181344
0.0246153 0.18078
0.0235211 0.169228
0.0247854 0.181846
0.0245847 0.176558
0.0249184 0.18168
0.0251294 0.178952
0.0259191 0.185543
0.0247353 0.177897
0.0244741 0.177247
0.0239461 0.172821
0.0246806 0.179429
0.024764 0.180283
0.0240548 0.17664
0.0234651 0.169012
0.0236641 0.170446
0.0232025 0.169613
0.023878 0.174039
0.0242132 0.179833
0.0249651 0.186546
0.0250989 0.186706
0.0253526 0.188197
0.0262871 0.192608
0.0261636 0.187845
0.0267334 0.189571
0.0269447 0.195312
0.0274443 0.198809
0.0264348 0.190076
0.0264412 0.18773
0.0259672 0.183528
0.0265321 0.186813
0.0262181 0.183279
0.0259224 0.182354
0.0259778 0.182483
0.0268065 0.188549
0.0269527 0.18536
0.0276015 0.187173
0.0277795 0.193703
0.0279608 0.193665
0.0287346 0.198532
0.0278391 0.193876
0.0274849 0.188065
0.0282054 0.195404
0.0275884 0.191878
0.0285602 0.194319
0.0283921 0.188002
0.0278206 0.186597
0.027805 0.182033
0.0290945 0.191742
0.029119 0.191691
0.0291651 0.19001
0.0282387 0.179884
0.028006 0.177691
0.0277813 0.174525
0.0280805 0.175564
0.0295471 0.180792
0.0289772 0.177266
0.0300786 0.188571
0.0307531 0.190028
0.0325496 0.196586
0.0328459 0.194473
0.0329543 0.195926
0.0338658 0.199223
0.0327844 0.194451
0.0339409 0.197592
0.0353228 0.201463
0.0357204 0.202225
0.0347363 0.20089
0.0355961 0.202159
0.0349567 0.198401
0.0362215 0.203553
0.0353713 0.200871
0.0340006 0.192517
0.0348914 0.203487
0.0350384 0.207018
0.0338393 0.199572
0.0348046 0.205719
0.0339477 0.201835
0.0335784 0.198368
0.0333626 0.196185
0.0330279 0.193002
0.0339213 0.194088
0.0340612 0.197782
0.0343919 0.20052
0.0344212 0.193595
0.0362391 0.203293
0.0361985 0.199602
0.0347326 0.192262
0.0350512 0.192218
0.0342397 0.184316
0.0343099 0.187544
0.0337122 0.189512
0.0336853 0.192948
0.0330744 0.189281
0.0344438 0.197214
0.0355646 0.201332
0.0356875 0.201233
0.0352012 0.200972
0.0354058 0.199206
0.0361948 0.195471
0.0364785 0.201205
0.0369216 0.200584
0.0372079 0.204454
0.036168 0.208492
0.0362378 0.201278
0.0359294 0.201461
0.0369936 0.205565
0.0361556 0.202085
0.0363807 0.206905
0.0365724 0.2061
0.0360859 0.200968
0.035143 0.196223
0.0360514 0.204274
0.0348496 0.195559
0.0353692 0.19459
0.0356975 0.200072
0.0345192 0.192521
0.0345467 0.196701
0.0345805 0.19526
0.0341911 0.190935
0.0343485 0.192578
0.0340506 0.186724
0.0356991 0.199218
0.0359677 0.195551
0.036015 0.198899
0.0359342 0.204875
0.0364442 0.202104
0.0358795 0.190966
0.0365652 0.199213
0.0362434 0.196101
0.0360117 0.195976
0.0368841 0.202063
0.0367408 0.200395
0.037982 0.206715
0.0380838 0.211001
0.0384102 0.206653
0.0391302 0.212317
0.0385247 0.211681
0.0384142 0.207512
0.0389141 0.210447
0.0385476 0.209472
0.0390176 0.21264
0.0394189 0.213418
0.039174 0.21993
0.0393488 0.215864
0.0406202 0.221029
0.0399863 0.219481
0.0401827 0.221638
0.0406917 0.226638
0.0402888 0.225849
0.0397889 0.228139
0.039971 0.225869
0.0397006 0.225732
0.039418 0.225165
0.0393199 0.223114
0.0388466 0.221035
0.0382715 0.216037
0.0385877 0.216653
0.0398806 0.226064
0.0386212 0.214243
0.038976 0.219398
0.0406544 0.22415
0.0386037 0.211967
0.0395199 0.212393
0.0413325 0.216192
0.0423364 0.224469
0.0406904 0.216533
0.039777 0.214584
0.0376331 0.206153
0.0377943 0.206849
0.0383715 0.20474
0.0391312 0.210361
0.0385901 0.211591
0.0382351 0.211449
0.0369675 0.204491
0.0374174 0.201952
0.0376032 0.204036
0.0373532 0.200881
0.0364826 0.200235
0.0363621 0.202923
0.0378486 0.210426
0.0363398 0.199245
0.0363223 0.200711
0.0367099 0.201041
0.0363229 0.201123
0.0359863 0.199689
0.0357513 0.202993
0.0355166 0.202288
0.0352468 0.202569
0.0348119 0.200445
0.0364758 0.207813
0.0356684 0.206031
0.0347596 0.201127
0.0368078 0.21261
0.0365099 0.207603
0.0375615 0.214233
0.0363186 0.204609
0.0373524 0.209198
0.0378475 0.213139
0.036743 0.206181
0.0376303 0.213918
0.0369 0.209914
0.0370904 0.211016
0.0365055 0.205333
0.0366261 0.206782
0.0361876 0.204176
0.0351993 0.199176
0.0353301 0.201351
0.0356884 0.204479
0.0359842 0.209994
0.0352556 0.206676
0.0359041 0.210119
0.0349118 0.203205
0.0343239 0.200774
0.0334841 0.202818
0.0328845 0.200234
0.0321347 0.192665
0.0317261 0.194115
0.0306547 0.188385
0.0298937 0.188474
0.0298555 0.185835
0.0298806 0.187632
0.0293614 0.184438
0.0299738 0.186778
0.029613 0.185362
0.0301028 0.186718
0.0299489 0.189785
0.0302729 0.192628
0.029976 0.191115
0.0293957 0.187576
0.0291053 0.187245
0.0287316 0.185926
0.0282426 0.179973
0.0273546 0.172917
0.0270834 0.17234
0.0274674 0.175809
0.0271127 0.17721
0.0270367 0.178069
0.027575 0.183186
0.0270658 0.181625
0.027743 0.184955
0.0273346 0.18146
0.0274007 0.181869
0.026808 0.178602
0.02627 0.177187
0.0268758 0.180696
0.0270117 0.181792
0.0267473 0.181753
0.0261498 0.178147
0.0270953 0.18224
0.0273958 0.183343
0.0270191 0.184717
0.0277222 0.188493
0.0280167 0.193539
0.027459 0.18821
0.0277312 0.189263
0.0273892 0.187401
0.0275968 0.188704
0.0275438 0.185138
0.0281622 0.190592
0.0279112 0.188962
0.0279551 0.190476
0.027949 0.188277
0.0268905 0.182478
0.0275062 0.186595
0.0277661 0.18872
0.0269558 0.183019
0.0264955 0.180947
0.0274021 0.186547
0.0261412 0.176587
0.0264906 0.180623
0.0278783 0.190938
0.0269612 0.182932
0.0274105 0.18667
0.0274525 0.187857
0.0273596 0.186383
0.0275459 0.187954
0.0273378 0.188815
0.0276013 0.191834
0.0276619 0.191011
0.0271229 0.187401
0.0272761 0.187715
0.027769 0.18969
0.0274318 0.188167
0.0275784 0.190767
0.0279347 0.193314
0.0278515 0.191075
0.0272975 0.188931
0.0271285 0.18607
0.0267422 0.184002
0.0266708 0.184112
0.0265633 0.182973
0.0271081 0.186705
0.0262965 0.181884
0.0268947 0.185507
0.0267716 0.185784
0.0269295 0.184988
0.0262212 0.18029
0.0269017 0.183905
0.0268524 0.1854
0.0257637 0.178385
0.0267292 0.183465
0.0273424 0.188322
0.0257073 0.178401
0.0266114 0.183254
0.02603 0.180133
0.0264873 0.180954
0.02598 0.180318
0.0259966 0.178094
0.0258263 0.178102
0.0254246 0.175284
0.0261123 0.180106
0.0258461 0.179232
0.0261971 0.181034
0.0257814 0.177503
0.0251659 0.174964
0.0263522 0.182148
0.0253664 0.176845
0.0262635 0.181673
0.0252703 0.174126
0.025618 0.177755
0.0263081 0.18145
0.0257135 0.178953
0.0263621 0.181464
0.0262242 0.181016
0.0251231 0.174139
0.0263114 0.181937
0.0257593 0.17755
0.0258269 0.177948
