1572
1495
1496
1535
1537
1538
1537
1559
1531
1543
1553
1548
1572
1571
1582
1584
1602
1577
1601
1614
1565
1577
1575
1525
1521
1476
1469
1539
1533
1545
1522
1572
1544
1537
1552
1545
1588
1628
1620
1606
1659
1688
1645
1634
1576
1623
1643
1692
1605
1617
1579
1576
1545
1613
1602
1618
1610
1614
1582
1625
1637
1623
1599
1597
1622
1588
1581
1588
1582
1551
1604
1585
1575
1556
1552
1542
1516
1578
1508
1547
1563
1581
1591
1580
1539
1576
1555
1551
1546
1524
1521
1503
1489
1455
1477
1506
1471
1495
1477
1485
1486
1485
1495
1522
1474
1480
1518
1562
1563
1582
1540
1555
1522
1586
1560
1534
1531
1525
1555
1563
1523
1561
1538
1572
1573
1578
1553
1615
1575
1597
1544
1522
1546
1543
1583
1561
1524
1546
1569
1542
1560
1564
1577
1563
1563
1560
1583
1526
1571
1560
1559
1517
1517
1540
1504
1485
1468
1503
1472
1511
1553
1541
1520
1528
1508
1530
1476
1522
1533
1493
1501
1512
1495
1536
1562
1552
1504
1556
1503
1485
1512
1498
1554
1581
1495
1533
1582
1546
1536
1526
1547
1535
1565
1556
1552
1549
1533
1583
1537
1537
1549
1523
1570
1571
1591
1587
1552
1588
1584
1571
1560
1549
1600
1599
1565
1573
1613
1582
1605
1545
1612
1650
1581
1583
1576
1605
1594
1544
1581
1591
1580
1584
1560
1601
1512
1550
1519
1515
1552
1539
1550
1593
1601
1578
1557
1574
1556
1595
1605
1579
1573
1656
1594
1590
1604
1601
1605
1621
1575
1573
1570
1584
1559
1535
1536
1581
1581
1568
1511
1564
1545
1522
1505
1509
1504
1505
1589
1446
1470
1483
1457
1467
1527
1481
1444
1466
1438
1435
1423
1440
1459
1399
1432
1434
1427
1398
1482
1435
1416
1438
1404
1380
1351
1400
1437
1462
1457
1398
1439
1499
1478
1488
1450
1491
1482
1478
1501
1506
1478
1505
1509
1463
1509
1543
1511
1532
1486
1507
1509
1474
1519
1495
1499
1482
1481
1471
1472
1523
1504
1556
1593
1557
1528
1568
1502
1550
1521
1526
1552
1537
1545
1548
1531
1565
1556
1616
1624
1606
1611
1537
1548
1572
1597
1554
1549
1540
1524
1547
1527
1463
1524
1513
1516
1494
1514
1563
1510
1531
1526
1558
1542
1548
1554
1511
1568
1528
1500
1495
1522
1546
1549
1569
1560
1556
1561
1583
1613
1558
1572
1617
1642
1621
1559
1618
1572
1614
1530
1570
1559
1579
1607
1590
1574
1568
1527
1515
1519
1541
1527
1527
1504
1501
1518
1567
1531
1566
1525
1563
1536
1476
1523
1533
1491
1467
1473
1550
1511
1523
1566
1536
1520
1597
1577
1584
1548
1583
1578
1595
1608
1623
1664
1616
1659
1643
1617
1646
1630
1667
1616
1628
1628
1645
1651
1638
1669
1639
1665
1694
1664
1615
1621
1613
1633
1611
1637
1623
1651
1629
1654
1695
1660
1678
1686
1637
1668
1695
1674
1668
1640
1670
1660
1661
1649
1673
1720
1693
1626
1653
1641
1614
1617
1619
1700
1702
1756
1822
1790
1768
1765
1772
1741
1820
1800
1766
1731
1725
1791
1735
1695
1659
1619
1638
1559
1563
1604
1588
1605
1630
1601
1639
1683
1674
1632
1593
1674
1634
1639
1607
1536
1561
1546
1573
1535
1584
1551
1605
1590
1559
1602
1551
1527
1652
1618
1603
1502
1512
1503
1549
1481
1505
1485
1553
1559
1577
1539
1572
1574
1627
1610
1601
1672
1630
1631
1632
1649
1626
1633
1601
1610
1609
1602
1530
1525
1517
1513
1484
1480
1474
1511
1507
1483
1510
1492
1460
1480
1496
1461
1444
1497
1530
1483
1432
1478
1480
1516
1486
1454
1474
1495
1444
1456
1461
1509
1464
1423
1451
1473
1504
1447
1477
1492
1466
1483
1442
1506
1508
1550
1594
1603
1595
1578
1594
1555
1600
1567
1546
1540
1498
1525
1529
1497
1500
1502
1490
1482
1473
1484
1462
1481
1475
1469
1472
1463
1501
1484
1520
1527
1539
1501
1495
1554
1572
1531
1549
1524
1515
1542
1557
1561
1554
1536
1549
1585
1575
1587
1591
1595
1572
1580
1563
1574
1535
1546
1573
1537
1531
1509
1503
1539
1525
1502
1545
1586
1640
1594
1640
1673
1700
1696
1652
1644
1683
1672
1698
1674
1639
1647
1594
1629
1593
1602
1601
1590
1586
1668
1592
1594
1561
1594
1568
1561
1542
1586
1590
1612
1610
1663
1632
1647
1625
1624
1623
1612
1602
1599
1595
1578
1573
1600
1619
1613
1626
1659
1677
1634
1625
1619
1601
1492
1545
1551
1554
1609
1585
1527
1570
1529
1556
1600
1595
1585
1603
1593
1585
1574
1546
1552
1516
1547
1554
1600
1595
1584
1625
1590
1619
1656
1653
1691
1737
1667
1654
1663
1661
1571
1613
1601
1605
1648
1629
1603
1614
1567
1534
1541
1540
1538
1580
1586
1552
1546
1520
1574
1559
1565
1555
1566
1540
1529
1545
1540
1515
1526
1434
1486
1493
1500
1514
1481
1479
1446
1441
1373
1356
1376
1383
1412
1421
1414
1414
1405
1389
1418
1427
1464
1476
1440
1407
1405
1395
1455
1438
1460
1477
1498
1514
1509
1518
1437
1486
1502
1472
1456
1419
1405
1417
1435
1426
1441
1456
1474
1461
1450
1423
1448
1471
1450
1471
1496
1498
1512
1473
1487
1473
1415
1467
1451
1430
1365
1329
1361
1355
1378
1373
1354
1382
1359
1375
1380
1290
1340
1318
1332
1284
1349
1302
1335
1370
1318
1342
1284
1309
1345
1357
1320
1333
1341
1354
1334
1347
1304
1272
1227
1227
1121
1180
1192
1191
1170
1162
1190
1204
1213
1221
1178
1205
1181
1164
1117
1109
1129
1052
1039
1059
1132
1083
1071
1083
1101
1076
1083
1037
1104
1078
1087
1098
1126
1084
1070
1048
1061
1094
1057
1008
1009
1009
1015
1037
1074
1094
1104
1157
1139
1158
1177
1198
1152
1150
1131
1155
1148
1127
1150
1181
1173
1212
1227
1233
1230
1191
1169
1201
1181
1225
1220
1181
1167
1219
1206
1209
1185
1155
1152
1140
1201
1186
1217
1232
1319
1328
1358
1400
1358
1430
1466
1483
1438
1494
1450
1512
1458
1409
1444
1419
1365
1399
1383
1368
1387
1344
1408
1399
1412
1439
1512
1528
1463
1477
1434
1415
1394
1373
1364
1390
1457
1463
1454
1481
1502
1514
1521
1543
1517
1522
1498
1554
1536
1524
1551
1533
1496
1508
1479
1495
1495
1452
1435
1433
1435
1434
1409
1486
1488
1481
1470
1511
1488
1519
1502
1525
1544
1540
1560
1619
1638
1653
1617
1589
1605
1613
1650
1649
1603
1636
1662
1661
1639
1670
1685
1636
1655
1624
1628
1615
1612
1594
1627
1653
1586
1623
1665
1608
1631
1679
1754
1664
1631
1540
1571
1572
1606
1582
1555
1517
1539
1522
1537
1525
1504
1556
1496
1481
1486
1486
1447
1460
1468
1455
1410
1464
1457
1415
1511
1488
1527
1489
1519
1549
1484
1509
1477
1507
1491
1470
1458
1435
1431
1465
1456
1436
1459
1424
1401
1349
1327
1306
1275
1236
1210
1185
1208
1189
1218
1199
1222
1207
1250
1244
1211
1201
1190
1171
1122
1124
1147
1106
1107
1128
1087
1100
1122
1115
1096
1088
1092
1127
1092
1079
1122
1118
1128
1134
1178
1150
1157
1147
1155
1149
1168
1152
1154
1149
1138
1160
1156
1137
1132
1166
1114
1128
1175
1128
1146
1149
1159
1163
1149
1177
1169
1142
1154
1153
1160
1154
1164
1163
1147
1143
1149
1148
1126
1125
1105
1116
1144
1134
1104
1136
1120
1089
1125
1144
1087
1105
1091
1106
1086
1080
1072
1060
1103
1107
1105
1073
1064
1080
1084
1100
1055
1070
1083
1097
1097
1090
1058
1096
1061
1076
