14203
13738
13554
13556
13578
13632
13723
13763
13792
13727
13904
13897
13927
13956
13864
13708
13735
13738
13769
13693
13698
13700
13681
13887
13813
13830
14004
14021
13948
13960
13931
13824
13912
14037
13799
13894
13933
14079
14076
14251
14274
14348
14282
14360
14331
14297
14252
14199
14242
14340
14309
14203
14173
14120
14176
14147
14252
14237
14364
14439
14381
14265
14315
14354
14335
14266
14239
14268
14106
14007
13942
13876
13997
13926
13935
13879
13885
13850
13883
13837
13662
13670
13630
13485
13378
13249
13384
13448
13519
13587
13396
13362
13380
13421
13485
13371
13305
13195
13155
13209
13202
13222
13209
13158
13122
13013
13015
13138
13299
13220
13218
13356
13287
13376
13289
13355
13178
13101
13201
13189
13237
13219
13163
13091
13134
13113
13063
13132
13108
13167
13180
13273
13169
13038
12963
12999
12929
12974
13028
12992
13092
13104
13135
13097
13144
13113
13169
13117
12992
12910
12930
12964
13067
12923
12990
13130
13150
13072
13027
13017
13100
13054
13024
13052
13100
12982
13103
13106
13023
13036
13002
12999
13052
13135
13088
13200
13114
13105
13014
12991
13022
13015
13017
13002
13070
13112
13019
13185
13110
13053
13103
13082
13044
13153
13161
13051
12954
12813
12878
12863
12925
12797
12914
12999
13013
13048
12893
12823
12918
12837
12886
12913
12856
12910
12930
12809
12848
12992
13042
12979
12901
12910
12912
12992
12868
12893
12920
13060
12968
12953
12956
13041
12946
12989
12966
12913
13050
13013
12976
12938
12957
12889
12784
12843
12796
12857
12780
12818
12761
12800
12871
12810
12723
12672
12829
12897
13032
12911
13043
12897
12944
12846
12867
12894
12849
12811
12763
12858
12787
12824
12743
12674
12639
12499
12419
12422
12290
12290
12301
12079
12068
12059
11984
11954
11895
11893
11783
11738
11616
11686
11591
11544
11427
11356
11237
11088
11169
11084
11032
11108
10998
11004
10880
11007
10963
10861
10731
10684
10663
10707
10766
10778
10634
10631
10563
10499
10445
10335
10300
10176
10221
10228
10215
10150
10161
10199
10134
10043
10065
10052
10014
9926
9910
9892
9805
9718
9774
9811
9789
9731
9885
9691
9633
9590
9656
9611
9642
9680
9803
9739
9629
9633
9498
9470
9624
9580
9578
9540
9534
9477
9502
9509
9515
9534
9486
9454
9444
9467
9435
9426
9357
9313
9316
9363
9310
9320
9396
9289
9318
9319
9216
9252
9246
9261
9168
9283
9175
9116
9076
9137
9089
9154
9189
9067
9056
9011
8924
8943
8888
8818
8842
8823
8819
8674
8795
8783
8727
8765
8650
8555
8605
8604
8702
8633
8475
8552
8475
8525
8571
8547
8466
8449
8462
8400
8330
8277
8175
8272
8264
8312
8171
8125
8027
7981
7987
7956
8006
7829
7659
7692
7612
7659
7613
7640
7584
7508
7447
7499
7465
7484
7388
7400
7363
7367
7332
7388
7403
7450
7584
7586
7529
7574
7731
7773
7746
7708
7586
7531
7487
7408
7422
7351
7415
7381
7351
7330
7392
7389
7379
7436
7519
7555
7541
7615
7630
7620
7726
7950
7895
7877
7907
7800
7900
8014
8060
8086
8065
8011
8110
8295
8387
8323
8325
8422
8382
8533
8530
8501
8441
8492
8611
8676
8801
8755
8895
8956
9140
9070
8910
8875
9000
9070
9197
9210
9122
9073
9113
9100
8961
9061
9048
9160
9264
9191
9096
9005
8959
8638
8770
8816
8682
8680
8703
8735
8714
8679
8550
8437
8536
8487
8476
8500
8586
8390
8163
8106
8213
8394
8407
8327
8498
8482
8336
8171
8510
8431
8515
8511
8471
8645
8705
8850
8755
8893
8812
8994
8999
9109
9068
9133
9134
9133
9284
9296
9298
9369
9420
9386
9328
9480
9482
9226
9343
9470
9665
9753
9595
9545
9744
9717
9669
9666
9666
9657
9754
9787
9809
9557
9636
9820
9794
9869
10007
9950
10190
10196
10175
10021
10106
10174
10275
10205
10234
10130
10193
10160
10007
9998
9889
9848
9831
9884
9668
9583
9668
9577
9588
9472
9589
9576
9469
9382
9558
9742
9615
9562
9482
9451
9631
9610
9528
9580
9524
9463
9541
9622
9796
9546
9658
9690
9712
9713
9679
9546
9529
9509
9707
9713
9487
9655
9717
9643
9808
9923
9830
9860
9874
9865
9805
10027
9917
9825
9902
10011
10069
10044
10153
10176
10099
10121
10089
10192
10078
10234
10191
10105
10139
10161
10030
10200
10144
10187
10076
10168
10038
10015
9886
10157
10283
10105
10209
10167
10249
10153
10233
10143
10189
10217
10173
10128
10081
10005
10085
10220
10088
9931
9865
9867
9931
10004
9999
9986
10030
10039
10028
10007
9989
9986
10110
9990
10129
10038
10104
10330
10139
10327
10188
10053
10384
10239
10139
10132
10296
10594
10211
10117
10065
10194
10166
10168
10326
10196
10346
10188
10358
10240
10413
10311
10386
10335
10392
10662
10540
10294
10135
10294
10343
10547
10540
10433
10412
10539
10518
10394
10487
10469
10363
10428
10086
10179
10174
9914
9947
10033
10140
10029
9808
9845
10195
9829
9928
10255
10064
10138
10017
10278
10261
10231
10306
10432
10295
10088
10144
10238
10261
10251
10280
10265
10198
10210
10109
10068
10148
9898
10034
9947
9826
9709
9642
9653
9472
9621
9596
9604
9634
9608
9790
10003
9790
9728
9800
9809
9810
9595
9735
9762
9733
9560
9765
9698
9688
9755
9690
9698
9644
9754
9512
9618
9610
9751
9728
9807
9907
9895
9892
9893
9751
9880
9619
9723
9620
9674
9740
9920
9817
9732
9798
9658
9903
9964
9771
9682
9596
9553
9550
9466
9573
9541
9571
9373
9456
9384
9390
9458
9371
9424
9481
9264
9313
9333
9200
9138
9073
9153
9252
9032
8976
8932
8775
8652
8694
8592
8464
8265
8425
8448
8482
8369
8330
8272
8368
8410
8279
8501
8406
8274
8396
8334
8382
8111
8047
8062
8087
8042
7847
7868
7826
7780
7819
7833
7888
7999
7787
7785
7764
7908
7898
7848
7809
7890
7941
7913
7832
7666
7676
7709
7597
7585
7609
7608
7700
7710
7937
8052
7837
7917
7679
7828
7776
7891
8027
7921
8098
7955
8082
8124
8081
8152
7982
8125
8166
8272
8202
8316
8504
8333
8431
8502
8583
8721
8664
8635
8866
9008
8945
9072
9104
8984
9200
9005
9169
9497
9215
9524
9613
9774
9655
9849
9754
9816
9764
9685
9681
9517
9444
9463
9569
9506
9496
9611
9597
9600
9776
9867
9920
10196
10209
10191
10075
10014
9810
9731
9715
9728
9671
9773
9864
10106
9897
10157
9959
9868
9954
10059
10059
9847
9943
9845
9980
9824
10057
9933
10075
10045
9806
9978
9843
9844
10068
9870
9828
10193
10110
9982
10154
10056
10424
10059
10265
10088
10228
10333
10109
10265
10119
10074
10072
10021
10081
10145
10151
9888
9995
9900
9860
9927
9948
9866
9842
9749
9641
9735
9668
9751
9729
9841
9788
9929
9880
9933
9793
10113
10153
10261
10328
10230
10184
10102
10333
10154
10122
10160
10236
10033
10090
10263
10153
10180
10074
9892
9888
9939
9829
9765
9866
9720
9881
9770
9718
9683
9680
9687
9465
9551
9531
9412
9426
9429
9624
9559
9597
9699
9640
9550
9695
9782
9732
9658
9664
9417
9439
9411
9357
9194
9007
9102
9036
9015
8981
9029
8987
8996
8931
8833
8820
8749
8790
8773
8841
8692
8655
8693
8650
8635
8643
8591
8595
8585
8524
8506
8471
8508
8375
8380
8337
8331
8278
8274
8141
8081
8190
8233
8163
8067
8213
8165
8139
8074
8140
8169
8161
8157
8131
8145
8110
8128
8136
8225
8207
8141
8186
8077
8139
8227
8177
8158
8146
8154
8229
8198
8185
8166
8078
8130
8111
8178
8136
8140
8097
8154
8118
8120
8128
8124
8144
8143
8202
8142
8148
8114
8155
8135
8116
8114
8115
8146
8131
8200
8145
8135
8159
8188
8188
8151
8130
8171
8162
8129
8148
8155
8179
8147
8166
8161
8143
8125
8149
8143
