0.0347995 0.110681
0.0341597 0.108822
0.0342467 0.110373
0.0343623 0.113234
0.033732 0.113198
0.0333449 0.112823
0.0333876 0.112002
0.0336296 0.113275
0.0328781 0.111006
0.033441 0.112406
0.0334886 0.111694
0.0334298 0.111391
0.0338472 0.112874
0.0337864 0.112568
0.0342084 0.114108
0.0341497 0.115553
0.0345333 0.116636
0.0338325 0.114791
0.034479 0.116276
0.0349283 0.11787
0.0337016 0.11425
0.0338688 0.115109
0.0340437 0.115123
0.0330151 0.109815
0.0331698 0.110114
0.0326881 0.106725
0.0326866 0.104899
0.0345013 0.109764
0.034587 0.109908
0.0349658 0.110673
0.0347179 0.109253
0.0357362 0.113715
0.0351965 0.110983
0.0349803 0.109496
0.0352271 0.112472
0.03514 0.111199
0.0360279 0.113974
0.0365457 0.115633
0.0361801 0.11509
0.0353706 0.112694
0.0363449 0.116225
0.0367644 0.117647
0.0359933 0.11518
0.0357268 0.113788
0.0343041 0.109971
0.0353965 0.11352
0.0356949 0.115282
0.0370111 0.119163
0.035062 0.112695
0.0350889 0.112762
0.0342851 0.11035
0.034349 0.110962
0.0335592 0.10901
0.035034 0.114235
0.0348208 0.113008
0.035033 0.114371
0.0349749 0.112967
0.0350124 0.113367
0.0345159 0.110136
0.0350896 0.112542
0.0355098 0.113831
0.0351588 0.113775
0.0347201 0.111701
0.0343596 0.111258
0.0348817 0.11315
0.0342478 0.111314
0.0341299 0.111033
0.0344118 0.111298
0.034255 0.112151
0.0335417 0.11073
0.0346691 0.115048
0.0345662 0.114226
0.034156 0.112524
0.0335873 0.111733
0.0335328 0.111374
0.0332909 0.111103
0.0329222 0.109183
0.0341344 0.113935
0.0325561 0.108622
0.0333168 0.111802
0.0337931 0.114405
0.0340132 0.115655
0.0343324 0.116728
0.0341356 0.117167
0.0331288 0.11504
0.0338067 0.118952
0.0333877 0.116184
0.0332661 0.115333
0.0333492 0.114358
0.0328491 0.112166
0.0326437 0.113541
0.0322214 0.112483
0.0320174 0.111286
0.031165 0.108412
0.0317881 0.109529
0.0322456 0.112632
0.0314841 0.11056
0.0320115 0.1133
0.0316552 0.112277
0.0317321 0.112423
0.0318713 0.112559
0.0318226 0.112313
0.0321291 0.11318
0.0325255 0.115671
0.0314984 0.11233
0.0316964 0.113732
0.0324838 0.116635
0.0332872 0.118892
0.0334919 0.117528
0.0338367 0.119667
0.0330998 0.116508
0.0334071 0.116427
0.0327305 0.114548
0.0339302 0.118571
0.0333576 0.11739
0.0328881 0.114863
0.0326572 0.116178
0.0326322 0.116403
0.0331239 0.117794
0.0334625 0.118508
0.0324921 0.115056
0.0332602 0.118088
0.0328023 0.116843
0.0335862 0.120082
0.0336161 0.119765
0.0336038 0.120339
0.0332121 0.118885
0.0343573 0.122982
0.0335064 0.120156
0.0340127 0.121288
0.0328804 0.117147
0.0323857 0.114669
0.0329841 0.117397
0.0330188 0.118346
0.033911 0.122117
0.0333868 0.120086
0.0327025 0.117875
0.0332495 0.119161
0.0333965 0.120433
0.0328225 0.118688
0.0330852 0.119157
0.0332823 0.119353
0.0336692 0.120061
0.0333134 0.11934
0.0333903 0.118914
0.0331513 0.118966
0.0336809 0.120207
0.032588 0.116338
0.033587 0.120921
0.0334126 0.120837
0.0331815 0.120572
0.0322704 0.117016
0.0321787 0.116094
0.0328295 0.119167
0.0319966 0.115781
0.0315514 0.1131
0.0312513 0.111635
0.031959 0.114979
0.031396 0.112996
0.0323714 0.116079
0.0329207 0.11855
0.032719 0.118048
0.0323061 0.116708
0.0326161 0.11707
0.0322091 0.115115
0.0325497 0.117855
0.0314176 0.112646
0.0322519 0.11613
0.0325457 0.117715
0.0317228 0.114529
0.0320371 0.115444
0.0321155 0.116317
0.0317977 0.114542
0.0324935 0.116939
0.0331719 0.119346
0.0329106 0.117576
0.0319803 0.114687
0.0329194 0.118733
0.0318331 0.115491
0.0314639 0.11431
0.0320529 0.116111
0.0318358 0.115098
0.0329936 0.119382
0.0335093 0.121597
0.0317437 0.114384
0.032516 0.116916
0.0335468 0.121515
0.032764 0.117254
0.0327408 0.117162
0.0325013 0.116908
0.0327089 0.118065
0.0325129 0.117337
0.0332844 0.119979
0.0330712 0.1183
0.0329309 0.117924
0.032709 0.118688
0.0325616 0.118342
0.0335133 0.123546
0.0326896 0.119351
0.0325933 0.11949
0.0326607 0.119845
0.0324139 0.119012
0.0332733 0.121573
0.0330946 0.120855
0.033767 0.122262
0.0335291 0.121628
0.0328403 0.120375
0.0336655 0.12384
0.0333347 0.12262
0.0330271 0.122381
0.0327662 0.121062
0.0328206 0.119957
0.0337254 0.124456
0.0337941 0.123857
0.0329606 0.121036
0.033136 0.122804
0.0340763 0.125545
0.0333305 0.121767
0.0338208 0.123064
0.032686 0.119038
0.0341352 0.124952
0.0348727 0.127808
0.0333981 0.122444
0.0332612 0.121844
0.0332083 0.122474
0.0338066 0.124486
0.033606 0.123375
0.0326558 0.118224
0.0334894 0.121915
0.033475 0.122829
0.033217 0.121951
0.0332836 0.121463
0.032894 0.120501
0.0334958 0.123258
0.032023 0.116613
0.0326873 0.120034
0.0319144 0.116398
0.0320127 0.116422
0.0325094 0.119605
0.0324608 0.118952
0.0325664 0.119626
0.0335651 0.123594
0.0336734 0.125235
0.0331457 0.122868
0.0328599 0.121679
0.0331452 0.122424
0.032911 0.121753
0.0334361 0.124434
0.0335971 0.125774
0.0332044 0.123359
0.0332179 0.122213
0.0347221 0.129274
0.0335918 0.125285
0.0334807 0.125473
0.0339062 0.125029
0.0337038 0.124137
0.0334766 0.123158
0.0339484 0.125552
0.0331523 0.120754
0.0330504 0.121966
0.0329099 0.121292
0.0332305 0.123307
0.0326547 0.121163
0.0322053 0.119048
0.0321393 0.119542
0.0331648 0.12341
0.0332513 0.123874
0.0330356 0.121947
0.0317925 0.118167
0.0329138 0.121959
0.0324825 0.121243
0.0320637 0.120088
0.0316296 0.119076
0.031569 0.12073
0.0314611 0.121105
0.031745 0.121156
0.0331774 0.129292
0.0303335 0.117657
0.0308824 0.119502
0.0310498 0.122775
0.0306498 0.120733
0.0306615 0.121652
0.0319476 0.12742
0.0310834 0.123892
0.03027 0.121396
0.0304636 0.123266
0.0302737 0.12204
0.0299332 0.122253
0.0298042 0.122503
0.030118 0.123224
0.0306371 0.125874
0.0290985 0.121188
0.0298856 0.125317
0.0297615 0.126277
0.0297001 0.126991
0.0290198 0.126082
0.0308108 0.132689
0.0298498 0.129466
0.0293514 0.128354
0.0296715 0.129456
0.0291559 0.12766
0.0287069 0.125409
0.0282187 0.124173
0.0292477 0.127192
0.0298275 0.131077
0.0302873 0.13461
0.0304366 0.135775
0.0292249 0.13085
0.0300173 0.134953
0.0310532 0.140002
0.0305947 0.137284
0.0308791 0.138059
0.0300518 0.136355
0.0309304 0.14025
0.0306325 0.140301
0.0306722 0.140775
0.0309932 0.143705
0.0312228 0.145718
0.0305745 0.143495
0.0310143 0.147897
0.0312876 0.147637
0.0303836 0.143039
0.0313071 0.147724
0.0319125 0.15202
0.0313135 0.148706
0.0315486 0.150211
0.0306348 0.146635
0.0310792 0.150055
0.0314755 0.149925
0.0303523 0.146637
0.0312083 0.151688
0.0307822 0.150615
0.0310159 0.151261
0.0305807 0.149818
0.0306625 0.151045
0.0303449 0.151369
0.0303781 0.150604
0.0315419 0.155234
0.0310538 0.153642
0.0320092 0.159901
0.0330999 0.161153
0.0322367 0.160665
0.0314242 0.158621
0.0324141 0.163504
0.0312409 0.155551
0.0321297 0.161274
0.0315292 0.157747
0.0314639 0.157645
0.032031 0.158319
0.0318312 0.157819
0.0320959 0.160453
0.0321155 0.160698
0.0317655 0.161192
0.0321626 0.165259
0.0322949 0.161679
0.0332866 0.168685
0.0336518 0.169555
0.0332216 0.168344
0.0332542 0.168974
0.0317858 0.162182
0.0320596 0.162913
0.0326256 0.165317
0.0330656 0.16784
0.032146 0.162996
0.0320253 0.163293
0.0317388 0.162894
0.0314318 0.161372
0.0319397 0.16341
0.0314482 0.161844
0.0303937 0.155209
0.0316189 0.162873
0.0312326 0.162461
0.0314295 0.162731
0.0307794 0.159564
0.0311824 0.162621
0.0322801 0.167704
0.0312856 0.160707
0.0316636 0.164819
0.0314711 0.163769
0.0321496 0.167185
0.0318898 0.167318
0.0321723 0.167315
0.0321879 0.168073
0.0312358 0.163157
0.0323359 0.17103
0.0315957 0.164602
0.0309719 0.163488
0.0308993 0.163997
0.0314528 0.167695
0.0316725 0.169202
0.0319085 0.170426
0.032508 0.1714
0.0322301 0.169768
0.0321441 0.171611
0.0322201 0.172372
0.032775 0.175674
0.0332921 0.180749
0.0322027 0.174214
0.032554 0.176868
0.0333843 0.183375
0.0338236 0.185705
0.0334192 0.183724
0.0322581 0.176777
0.033526 0.186534
0.0326283 0.178738
0.0333892 0.183764
0.0316495 0.175318
0.0325133 0.179122
0.0322674 0.180231
0.0327961 0.18457
0.0332595 0.186752
0.0328546 0.184798
0.0326848 0.180878
0.0324041 0.181629
0.0316129 0.180177
0.0314439 0.177152
0.0313752 0.179233
0.0319339 0.180762
0.0317055 0.178159
0.0316647 0.178659
0.0312305 0.177652
0.0312865 0.177654
0.0315101 0.17939
0.0324518 0.186548
0.0318454 0.183794
0.0324863 0.189199
0.0317094 0.186544
0.0325442 0.188951
0.0319547 0.185866
0.0306925 0.177575
0.0318313 0.186391
0.0319249 0.188677
0.0312703 0.185748
0.0306756 0.183812
0.0307856 0.184425
0.0325459 0.194822
0.0317998 0.188733
0.0319341 0.194533
0.0326842 0.204465
0.032292 0.199688
0.0321007 0.199685
0.0335758 0.208513
0.0333298 0.207146
0.0333804 0.20733
0.0327224 0.204114
0.0336694 0.210842
0.0336124 0.211897
0.0338864 0.212695
0.0341902 0.215405
0.034565 0.216863
0.0356103 0.22523
0.0343983 0.218378
0.0353069 0.225316
0.0350716 0.223022
0.034589 0.22054
0.0351747 0.222794
0.0349156 0.220181
0.0355096 0.223758
0.0346841 0.21308
0.0349484 0.214606
0.0347722 0.216231
0.0352944 0.21719
0.0352605 0.213556
0.0352001 0.210729
0.0358925 0.215466
0.0350611 0.212636
0.0356074 0.219483
0.0362725 0.224937
0.0357757 0.222252
0.0346708 0.218008
0.0345092 0.218405
0.0346792 0.219426
0.0351213 0.220229
0.0344496 0.218263
0.0351062 0.222691
0.0349935 0.221419
0.0354756 0.22335
0.0347899 0.220463
0.0356412 0.22415
0.0363726 0.227945
0.0355818 0.220774
0.0360635 0.222105
0.0364139 0.223578
0.0353457 0.21497
0.036249 0.218611
0.0368246 0.222441
0.0363329 0.216671
0.0363003 0.209811
0.0356398 0.207726
0.0365507 0.21201
0.0364843 0.209941
0.0361464 0.212949
0.0361789 0.208734
0.0367015 0.20876
0.037384 0.213399
0.0369046 0.209374
0.0356477 0.201612
0.0362739 0.206341
0.0359191 0.202343
0.0352371 0.194575
0.0351155 0.192798
0.0353918 0.194521
0.0370032 0.204204
0.0368893 0.20209
0.0384792 0.209497
0.0397582 0.213524
0.0389749 0.209848
0.0383373 0.207976
0.0385632 0.209098
0.0383716 0.208667
0.037715 0.202183
0.039269 0.209774
0.0385645 0.204522
0.0380759 0.201713
0.0372956 0.194604
0.0369189 0.192608
0.0382186 0.195952
0.0372806 0.19129
0.0365964 0.190236
0.0359363 0.18693
0.0348352 0.179889
0.0353856 0.180595
0.0333248 0.169512
0.0335876 0.169707
0.034502 0.175839
0.0341322 0.175025
0.0348413 0.176122
0.0355616 0.179121
0.0349022 0.178663
0.0357915 0.180885
0.0376005 0.186008
0.0372108 0.182751
0.0362796 0.176166
0.0351322 0.173322
0.0368252 0.184037
0.0360293 0.181455
0.0360783 0.182945
0.0354222 0.186038
0.0337449 0.175143
0.0345805 0.177064
0.0341152 0.17807
0.0347594 0.181221
0.0338845 0.176376
0.0349022 0.181339
0.0345773 0.177989
0.0362745 0.184929
0.0358908 0.185965
0.0350715 0.184781
0.0360097 0.187676
0.0350461 0.18275
0.035093 0.180156
0.0379657 0.194353
0.0369888 0.188446
0.0364384 0.191061
0.0331714 0.184001
0.0335486 0.186529
0.0334863 0.183003
0.0343825 0.184537
0.0325716 0.176163
0.0331388 0.180737
0.0325965 0.174747
0.0340063 0.183094
0.034343 0.18702
0.0344933 0.193
0.0334093 0.180846
0.0340569 0.186455
0.0339707 0.18485
0.0349908 0.191164
0.0342889 0.19006
0.0337195 0.185194
0.0352326 0.192074
0.0341233 0.184181
0.0342036 0.186294
0.0341508 0.183515
0.0344237 0.187131
0.0341009 0.180787
0.0340748 0.181465
0.033472 0.17576
0.0337137 0.177547
0.0335104 0.176174
0.0335203 0.175389
0.031875 0.167524
0.0318431 0.164261
0.0315404 0.163188
0.0315695 0.162723
0.0310272 0.158395
0.0307073 0.157113
0.0307058 0.157042
0.0315739 0.161985
0.0315127 0.158966
0.0310407 0.156402
0.0316828 0.163668
0.0312703 0.159692
0.0307233 0.154171
0.0311029 0.15313
0.03122 0.153389
0.0305815 0.152267
0.0301751 0.151283
0.0310929 0.153633
0.0320419 0.157456
0.0311692 0.153377
0.0298576 0.148148
0.0309147 0.152907
0.0309669 0.153257
0.0320027 0.155423
0.0311877 0.151834
0.0303403 0.148231
0.0307045 0.154233
0.0313102 0.155147
0.0301373 0.147047
0.0302451 0.148662
0.0304546 0.148039
0.0314663 0.150794
0.0305637 0.147136
0.0297711 0.139647
0.0300794 0.142311
0.030946 0.144767
0.0315536 0.150085
0.0301358 0.143182
0.0310294 0.145174
0.0311573 0.145207
0.0307841 0.143655
0.03116 0.144909
0.0303918 0.142349
0.0318339 0.147748
0.0319012 0.148425
0.0327737 0.154892
0.0336095 0.159432
0.0338872 0.162099
0.0336271 0.161962
0.033219 0.160513
0.0334825 0.161271
0.0325334 0.16084
0.033856 0.166962
0.0330096 0.162081
0.0324756 0.161428
0.0324538 0.160617
0.0315435 0.15815
0.0320648 0.159036
0.0321563 0.15967
0.0315158 0.158095
0.0316016 0.159881
0.0316604 0.157146
0.0315097 0.152946
0.0312731 0.154134
0.0311015 0.154047
0.0313252 0.156507
0.0308706 0.154693
0.0311069 0.153774
0.0313064 0.153486
0.030873 0.154177
0.0311686 0.153653
0.030927 0.153612
0.031644 0.158618
0.0313199 0.155539
0.0322944 0.157971
0.032297 0.15588
0.0324218 0.161219
0.0316854 0.155415
0.0317423 0.154283
0.0327496 0.160008
0.0332875 0.161845
0.0323241 0.158177
0.032763 0.162267
0.0321397 0.159933
0.0321226 0.159323
0.0324987 0.158854
0.0328752 0.160301
0.0330217 0.164541
0.033068 0.160953
0.0324612 0.158073
0.0327858 0.160635
0.0337557 0.161603
0.0334423 0.158722
0.033715 0.161445
0.0337943 0.161359
0.0338562 0.161535
0.0332656 0.159351
0.0336199 0.161142
0.03305 0.155879
0.033225 0.158717
0.0324449 0.156234
0.0326539 0.15613
0.0332931 0.157127
0.0324947 0.152647
0.0324131 0.152429
0.0317711 0.148626
0.0318608 0.1477
0.0326128 0.152391
0.0324358 0.150677
0.0320433 0.148875
0.0327109 0.151589
0.0336852 0.157372
0.0350188 0.16025
0.0338537 0.156413
0.0348721 0.162296
0.0355647 0.165006
0.0361848 0.167306
0.0361312 0.169093
0.034983 0.161961
0.0348276 0.162066
0.035712 0.165211
0.0354876 0.165939
0.0361161 0.166994
0.0355867 0.166766
0.0347371 0.163655
0.0349548 0.166599
0.0339243 0.156936
0.0345867 0.158417
0.0338116 0.157645
0.0339904 0.15692
0.0340435 0.15747
0.0337257 0.155137
0.0336816 0.15621
0.0354999 0.163002
0.0336362 0.156956
0.033682 0.156443
0.0330889 0.152785
0.0339402 0.156689
0.0331403 0.154818
0.0330692 0.154846
0.0327145 0.154123
0.0338051 0.157263
0.0338622 0.155577
0.0342265 0.159794
0.0344208 0.162119
0.0354539 0.168576
0.0346777 0.1654
0.0350098 0.165844
0.0345407 0.162435
0.0344082 0.162416
0.0345216 0.162528
0.0342156 0.160718
0.0337668 0.159578
0.0338291 0.159454
0.0338189 0.159388
0.033423 0.157974
0.0334041 0.157521
0.0339681 0.158259
0.0345387 0.162062
0.0342121 0.159246
0.034545 0.161984
0.0352192 0.164192
0.0355938 0.162343
0.0347039 0.16116
0.0345443 0.157355
0.0345026 0.158912
0.0341561 0.159256
0.031769 0.143683
0.0327998 0.150894
0.0328351 0.152974
0.0330245 0.153375
0.0342129 0.156274
0.0337055 0.149613
0.0324728 0.149545
0.0335241 0.155184
0.0325992 0.151913
0.0332166 0.152639
0.0339501 0.157387
0.0340645 0.156865
0.0338004 0.153496
0.0341609 0.157219
0.0340356 0.153973
0.0340063 0.155575
0.0337269 0.15196
0.0330723 0.150977
0.0330171 0.149044
0.0326527 0.147027
0.0331008 0.148951
0.0332534 0.150363
0.0340006 0.153965
0.0340151 0.149597
0.0338787 0.150285
0.03472 0.157859
0.0340763 0.156882
0.0346948 0.157276
0.0352986 0.160108
0.0351553 0.156727
0.0359153 0.160436
0.0371408 0.166491
0.035738 0.160104
0.0353049 0.156941
0.0355236 0.15811
0.0355157 0.159804
0.0335404 0.149805
0.034607 0.154074
0.034326 0.154492
0.0340237 0.153913
0.0349894 0.163395
0.0344798 0.160035
0.0340347 0.157558
0.0342806 0.1628
0.0334286 0.157535
0.0324464 0.152895
0.0326545 0.151972
0.0327068 0.153555
0.0326671 0.156811
0.0336457 0.160488
0.0337117 0.155566
0.0329988 0.1579
0.0328552 0.155721
0.0322834 0.14822
0.0335643 0.156399
0.0332864 0.153778
0.0333554 0.156234
0.0331698 0.151294
0.0334344 0.152617
0.0328631 0.150523
0.0326758 0.14836
0.0328954 0.148102
0.0328106 0.149587
0.0321649 0.150178
0.0323916 0.150434
0.0305659 0.140066
0.0317426 0.14482
0.0316925 0.145644
0.0318053 0.145914
0.0319328 0.147491
0.0311507 0.145225
0.0312969 0.144858
0.0304832 0.143041
0.0305783 0.143127
0.0289938 0.135298
0.0288431 0.136997
0.0291291 0.137134
0.0293151 0.139037
0.0299134 0.1437
0.0299479 0.146359
0.0298892 0.14665
0.0300576 0.146483
0.0299823 0.148332
0.0296042 0.144372
0.0301908 0.14777
0.0301991 0.148584
0.0310386 0.151962
0.0312196 0.153622
0.0305778 0.147089
0.0296804 0.140658
0.0297141 0.143514
0.0296499 0.1434
0.0309752 0.148469
0.0303927 0.1466
0.0308753 0.148828
0.0312612 0.153934
0.0317777 0.153878
0.0316491 0.155091
0.0317504 0.15504
0.0320442 0.158787
0.03036 0.147158
0.031376 0.153227
0.0316898 0.155037
0.0309764 0.150897
0.0307491 0.150258
0.0299778 0.146319
0.0297777 0.145686
0.0298134 0.145274
0.0304878 0.150862
0.0301365 0.148264
0.0308413 0.149948
0.0308501 0.149318
0.0312978 0.151521
0.0310858 0.148975
0.0308399 0.146361
0.0302361 0.14381
0.0306936 0.146381
0.0311765 0.148691
0.0308458 0.148703
0.0312613 0.148887
0.0318217 0.155526
0.0317575 0.154068
0.0323243 0.157173
0.031418 0.152264
0.0316531 0.152669
0.0313524 0.148488
0.0300757 0.144138
0.0311009 0.15074
0.0308625 0.148091
0.0303526 0.148064
0.0287502 0.137837
0.0281574 0.13338
0.0287046 0.13929
0.028653 0.13995
0.0290607 0.143602
0.029025 0.143724
0.0284891 0.14178
0.0291426 0.145996
0.0287103 0.141962
0.0290336 0.144115
0.0288311 0.144186
0.0271282 0.137629
0.0282177 0.141709
0.0277392 0.140452
0.0279902 0.141853
0.0271717 0.135758
0.0283892 0.143955
0.0275421 0.138158
0.0282032 0.140808
0.0289579 0.147884
0.0277468 0.141523
0.0282633 0.143791
0.0270157 0.139565
0.0275399 0.143248
0.0284728 0.148242
0.0286716 0.148257
0.0278563 0.142672
0.0282397 0.147586
0.0284351 0.149398
0.0287211 0.15159
0.0281898 0.152023
0.0286072 0.155687
0.0275135 0.149989
0.0269047 0.148045
0.025937 0.144967
0.0259189 0.148457
0.0236015 0.133056
0.0247701 0.139678
0.0248925 0.140533
0.0250278 0.142311
0.0245607 0.140456
0.0242847 0.140474
0.0248787 0.142208
0.0250943 0.143163
0.025349 0.146515
0.0252706 0.14363
0.0246805 0.140138
0.0248998 0.145637
0.0244899 0.140662
0.0240894 0.139669
0.0233399 0.133262
0.0231703 0.136728
0.0234082 0.140301
0.0219487 0.130489
0.0216211 0.128478
0.0220432 0.131684
0.023503 0.144259
0.0225301 0.137646
0.0222837 0.136852
0.0225728 0.139203
0.0228836 0.140811
0.0222696 0.137368
0.0224103 0.137297
0.021466 0.129641
0.0227963 0.141775
0.0223346 0.138471
0.0225575 0.140005
0.0227697 0.138847
0.023288 0.142568
0.0223671 0.138124
0.022123 0.137021
0.0216605 0.132826
0.0219842 0.13361
0.0226042 0.138254
0.0218145 0.134959
0.0208977 0.13149
0.0209819 0.131449
0.0209889 0.130886
0.0211098 0.133605
0.0215714 0.136717
0.0223234 0.141149
0.0227344 0.143796
0.0229832 0.143377
0.0241651 0.150065
0.0236302 0.143505
0.0239896 0.143815
0.0243333 0.150185
0.0245587 0.15132
0.0239586 0.15002
0.0237682 0.146909
0.0236502 0.145448
0.0239751 0.146369
0.0241659 0.143017
0.0235434 0.14228
0.0238892 0.14201
0.0246622 0.14846
0.024371 0.145137
0.0252468 0.149188
0.0254749 0.151838
0.025573 0.151251
0.0255505 0.154097
0.0247429 0.146585
0.0244351 0.143155
0.0249766 0.145189
0.0245545 0.143989
0.0253655 0.147306
0.0254527 0.143462
0.0248762 0.141726
0.0247529 0.138418
0.0258049 0.143378
0.0254489 0.14051
0.025516 0.138631
0.0249673 0.136773
0.0244388 0.133758
0.0242731 0.129935
0.0241214 0.126554
0.0253713 0.134265
0.0251197 0.130732
0.0258738 0.133677
0.0263259 0.137133
0.0281243 0.14337
0.0283101 0.147474
0.0289663 0.148108
0.0296988 0.147415
0.0288948 0.147368
0.0303822 0.150147
0.0312021 0.152502
0.0315552 0.151729
0.0306166 0.148938
0.0317845 0.151691
0.0308209 0.148657
0.0321654 0.154034
0.0309147 0.149324
0.029917 0.145483
0.0307097 0.149158
0.030061 0.149102
0.0290061 0.144536
0.0298008 0.147839
0.0290968 0.144529
0.0289426 0.143909
0.0289049 0.146061
0.0285132 0.13984
0.0296915 0.146713
0.0295603 0.145729
0.0298634 0.144435
0.0304582 0.14584
0.0320251 0.152419
0.0322997 0.149863
0.0309656 0.143305
0.0312612 0.144932
0.0305197 0.142333
0.030068 0.141302
0.0297812 0.1421
0.0292196 0.141095
0.0289136 0.140401
0.0295223 0.142887
0.0310224 0.150657
0.0312227 0.149698
0.0308136 0.147405
0.0315462 0.146547
0.0320003 0.151763
0.0322994 0.14906
0.0325696 0.152726
0.0331322 0.156364
0.032267 0.152401
0.0323012 0.151307
0.0318737 0.148921
0.0329873 0.157815
0.0324359 0.154481
0.0324525 0.154799
0.0328018 0.155411
0.032367 0.156046
0.0317191 0.148752
0.0320054 0.151817
0.0313607 0.146799
0.0315654 0.14883
0.0317201 0.152458
0.0305955 0.14552
0.0304425 0.145789
0.0304091 0.145571
0.0304593 0.142531
0.0304013 0.145289
0.0299609 0.143366
0.0314085 0.145786
0.0315716 0.147181
0.0312685 0.148367
0.0312826 0.144771
0.0320671 0.150259
0.0314368 0.142748
0.0321162 0.151009
0.0316951 0.146322
0.0322833 0.15117
0.0329064 0.150958
0.0326326 0.149037
0.033384 0.154318
0.0340648 0.15772
0.0345548 0.161874
0.0349945 0.164086
0.0343743 0.160544
0.0341713 0.158567
0.0343749 0.15921
0.0342281 0.158995
0.0351049 0.162546
0.0350844 0.166768
0.0342844 0.16038
0.0348931 0.165253
0.0354681 0.16856
0.0353984 0.167321
0.0353187 0.164757
0.03561 0.169268
0.036059 0.171205
0.0349274 0.167812
0.0351746 0.171663
0.0346631 0.166821
0.0346214 0.168391
0.0344629 0.165624
0.0342549 0.16569
0.0339582 0.161975
0.0345318 0.166224
0.0350903 0.166482
0.033952 0.160526
0.0344155 0.163395
0.0357204 0.170019
0.0344237 0.159003
0.0347962 0.160642
0.0361137 0.163629
0.0376193 0.16983
0.0357296 0.162659
0.034943 0.160153
0.0329877 0.152445
0.0331708 0.152037
0.0339137 0.154816
0.0346277 0.158664
0.0341906 0.155709
0.033377 0.151915
0.0326194 0.151201
0.0329918 0.152527
0.0325638 0.1483
0.0329892 0.151384
0.0325848 0.149804
0.0321526 0.149295
0.0333155 0.157299
0.0320542 0.151294
0.0316109 0.149009
0.0319412 0.151185
0.0319158 0.152176
0.0310702 0.146665
0.0314066 0.150206
0.0312414 0.148568
0.031147 0.148925
0.0301057 0.145092
0.0313108 0.151193
0.0310357 0.150517
0.0304996 0.146072
0.0323271 0.159641
0.0319478 0.155795
0.0328126 0.160214
0.0319199 0.158202
0.0325896 0.16115
0.0333161 0.16428
0.0317712 0.154198
0.0324147 0.157862
0.0316173 0.153902
0.0322712 0.155377
0.0319909 0.154668
0.0319607 0.153927
0.0312179 0.150387
0.0306068 0.146698
0.0307088 0.147041
0.0311517 0.151688
0.0310183 0.150662
0.0306007 0.15249
0.0309964 0.154571
0.0302509 0.151312
0.0297547 0.149727
0.0286546 0.146726
0.0281891 0.14733
0.0276168 0.143485
0.0270058 0.141102
0.0262543 0.137105
0.0256758 0.134729
0.0249905 0.131244
0.0253616 0.134416
0.0250279 0.13217
0.0258434 0.136379
0.0252911 0.135741
0.0258531 0.138549
0.0254899 0.137959
0.0263241 0.142207
0.0263347 0.141799
0.0254198 0.136975
0.0252911 0.138173
0.025088 0.137493
0.0247825 0.134706
0.0236889 0.129711
0.0235911 0.130168
0.0241947 0.132709
0.0232852 0.128739
0.0233347 0.128796
0.0237834 0.131392
0.0228366 0.127522
0.0232288 0.12932
0.0236904 0.132452
0.0233366 0.131053
0.0231063 0.130866
0.0227506 0.129833
0.0229667 0.130982
0.0236308 0.135278
0.0229311 0.131916
0.022603 0.130409
0.0233541 0.137821
0.0234519 0.138349
0.0236211 0.137729
0.0237786 0.137738
0.024509 0.14431
0.0240435 0.142556
0.0241863 0.140874
0.0239748 0.140478
0.0241956 0.141909
0.0241148 0.142309
0.0245152 0.143489
0.0241788 0.141021
0.0239817 0.141404
0.0239985 0.140861
0.0237792 0.139958
0.0242045 0.142419
0.0241392 0.14254
0.0237018 0.139887
0.0236439 0.139135
0.0243358 0.141763
0.02325 0.135738
0.0235732 0.138558
0.0243619 0.143538
0.0236082 0.139656
0.0239343 0.140804
0.0239041 0.139662
0.0240546 0.141739
0.0241904 0.142559
0.0238977 0.141051
0.0244429 0.144346
0.0243071 0.142059
0.0237481 0.139302
0.0239877 0.14099
0.0241522 0.141195
0.0243289 0.1436
0.0241392 0.141943
0.0243632 0.143509
0.024401 0.142211
0.0239322 0.140978
0.0239061 0.140418
0.023959 0.141904
0.0239122 0.14079
0.0235186 0.138704
0.0235218 0.138547
0.0231186 0.13595
0.0233683 0.137371
0.0237453 0.140472
0.023709 0.139261
0.0229938 0.134601
0.0237652 0.139523
0.0234172 0.137457
0.0226866 0.134212
0.0234918 0.137952
0.023926 0.140627
0.0225758 0.133933
0.0231676 0.136184
0.0227557 0.134442
0.0232504 0.135772
0.0225686 0.133563
0.0225852 0.131707
0.0223786 0.131614
0.0220723 0.130301
0.0229147 0.135188
0.0229911 0.135198
0.0229006 0.134954
0.0223425 0.13164
0.0222125 0.130873
0.0225578 0.132175
0.0224375 0.132811
0.0229453 0.135318
0.0220366 0.12948
0.0222301 0.131208
0.0226025 0.132412
0.0227183 0.134651
0.0228923 0.134337
0.0227724 0.133562
0.0220096 0.129928
0.0229016 0.134892
0.02216 0.1302
0.0224644 0.132138
