45173
43765
43683
44671
45565
46124
46035
46358
46566
46141
46374
46306
46444
46498
46246
46384
46390
46612
46434
46209
46437
46562
46264
46191
45855
45154
44942
44607
44323
44186
43839
43989
43868
43939
44057
43967
44077
44547
44776
45405
45646
45914
45703
45736
45942
45852
46029
45716
45776
46083
46055
45882
46038
46041
46007
46185
46033
46098
45834
46310
46100
46162
46054
46479
46500
46368
46323
46147
46183
46241
46266
45854
46112
46327
46283
46319
46048
46229
46320
46433
46252
46482
46341
46286
46455
46618
46574
46624
46358
46394
46594
46646
46506
46687
46464
46704
46722
46702
46659
46798
46625
46665
46531
46794
46796
46693
46731
46925
46668
46754
46526
46547
46501
46743
46766
46643
46881
46733
46945
46709
46873
46933
46887
46805
46793
46959
46760
47006
47006
46953
46958
46996
46871
46731
46681
46755
46602
46497
46981
46980
47151
46992
46838
46918
46810
47057
47000
46827
46774
46689
46984
47009
47143
46909
47005
47066
46974
47029
46885
46677
47174
47098
47050
46848
46819
47005
46980
47191
47103
47064
46852
47080
47016
47271
47088
47158
47029
47267
47215
47197
47172
47054
47100
47181
47096
47146
47158
47186
46914
46952
47296
47212
47019
47050
47129
47357
47080
47235
47018
47157
47427
46986
47185
47470
47117
47332
47259
47170
47518
47567
47610
47196
47442
47316
47481
47471
47335
47464
47456
47268
47224
47315
47338
47593
47458
47476
47432
47281
47209
47528
47566
47591
47425
47797
47216
47419
47596
47325
47740
47411
47595
47460
47545
47608
47383
47488
47279
47703
47772
47554
47354
47693
47452
47490
47307
47502
47944
47749
47508
47594
47706
47667
47742
47663
47792
47671
47547
47464
47527
47518
47564
47468
47582
47800
47805
47409
47894
47670
47600
47762
47537
47845
47797
47646
47704
48123
47500
47940
47745
47812
47622
48078
47916
48183
48047
48174
48100
48074
48243
48464
48155
48072
47876
47867
48177
48271
47870
47836
47939
48272
48309
48188
48250
48205
48380
48187
48430
48234
48341
48526
48230
48151
48200
48351
48254
48560
48507
48489
47942
48563
48673
48567
48330
48462
48300
48476
48456
48285
48432
48611
48127
48299
48625
48374
48078
48242
48241
48500
48453
48286
48137
48201
48197
48659
48181
48548
48259
48342
48445
48355
48285
48183
48298
48342
48368
48521
48486
48435
48556
48135
48199
48443
48235
48539
48553
48420
48265
48352
48489
48461
48354
48116
48279
48374
48491
48361
48431
48383
48390
48812
48545
48265
48402
48407
48448
48299
48450
48381
48289
48436
48546
48505
48329
48261
48179
48339
48342
48288
48315
48146
48317
48395
48157
48389
48303
48181
48414
48256
48162
48224
48158
47976
48175
48287
48076
48205
48093
48027
48068
48090
47846
48019
47681
47823
47847
47625
47516
47692
47913
47566
47351
47564
47315
47453
47307
47016
46947
47069
47031
46955
46728
46979
46988
46847
46749
46795
46684
46945
46592
46583
46819
46608
46823
46534
46500
46747
46760
46702
46512
46581
46973
46512
46496
46764
46630
46380
46539
46824
46407
46601
46653
46529
46301
46314
46015
46029
46074
45950
46016
45690
45499
45952
45579
45584
46009
45875
45613
45570
45686
45804
46048
45745
45942
46138
45635
45827
45927
46117
45769
46180
46162
46347
46675
46381
46413
46724
46862
46539
46316
46165
46476
46290
46782
46535
46490
46525
46066
45836
45871
45793
44760
44987
44984
45343
45458
45352
45429
45367
45518
45141
45317
45254
45301
45384
44856
44246
44301
44452
44488
44256
43513
43513
43743
43992
45280
45069
44884
45052
45469
45415
45557
45668
45395
45719
46065
46158
46334
46498
46954
47480
47456
47768
47685
47788
47903
47682
47924
47831
47755
48015
47792
48000
47891
48097
47926
47829
48197
48004
47856
47822
47776
47660
47713
47521
47584
47918
47774
47854
48146
47750
47579
47961
47809
47793
47371
47647
47923
48006
47748
47914
48140
47973
47956
47900
47798
48239
47599
47665
48016
47600
47886
47622
47593
47447
47308
47271
47294
47427
47304
47432
47503
47607
47797
47259
47471
47605
47452
47490
47560
47549
47500
47466
47441
47287
47389
47361
47374
47359
47610
47115
47582
47227
47305
47434
47382
47067
47280
47468
47372
47098
47451
47225
47364
47279
47418
47163
47448
47361
47272
46994
47318
47246
46955
47096
47071
47079
47111
47256
46996
47292
47374
47311
47345
47247
47300
47234
47496
47174
47190
47016
46874
47232
47083
46832
47085
47029
47041
46981
46940
47223
47204
47127
47115
47015
47040
47183
47118
46987
47099
47114
47131
47028
47145
47088
46986
47330
47325
47176
46965
47314
47204
47135
46916
46955
47098
46774
46906
47062
47044
47046
47198
47014
47113
47443
47267
47163
47213
47090
47103
46875
47147
47069
47105
47115
47084
47041
46924
46873
46964
47104
47236
47056
47029
47025
47024
46832
46903
46844
47128
46823
46893
46925
46804
46609
46669
46746
47006
46428
46736
46732
47058
46891
46755
46803
46660
46664
46914
47020
47083
46768
46645
46849
46814
46768
46839
46609
46641
47173
47100
47245
47099
47082
46876
47278
47191
47085
47081
46960
47046
47032
47055
47083
46895
46836
46919
46880
46838
46861
46793
46967
46936
47101
47111
46915
46814
47109
47162
47412
47543
47257
47436
47125
47355
47013
47238
47177
47203
47449
47308
47043
46861
46919
46968
47253
47167
47278
47093
47405
47284
47049
46973
47314
47287
47247
47140
47837
47527
47372
47332
47361
47397
47520
47351
47335
47183
47529
47068
47318
46723
47196
47096
46999
47017
47063
47176
47183
47008
47055
47012
47170
46776
46884
46978
46982
47048
47169
47015
47113
47478
47199
47414
47290
47418
47304
47527
47422
47335
47359
47865
47552
47488
47514
47588
47255
47518
47273
47335
47310
47501
47482
47528
47531
47238
47329
47386
47203
47160
47143
47322
47086
47395
47278
47307
47340
47497
47638
47886
47587
47637
47849
47832
47979
47852
48317
47730
48394
48224
48320
47858
47863
48231
47930
48055
48042
48164
48069
48062
47978
48113
48317
48326
48309
48429
48266
48188
48222
48351
48464
48366
48383
48262
48398
48454
48235
48089
48073
48082
48073
48111
48121
48035
47879
48201
48271
48370
48781
48083
48384
47822
48175
47505
47869
48139
47887
48131
48006
48165
48215
48140
48135
47841
48085
48097
48294
47932
47475
47146
47239
47389
47382
47462
47261
47460
47261
47337
47214
47036
46798
46899
46909
46882
47140
46998
47067
46984
46997
46968
47004
47046
47007
47162
47097
47021
47204
47059
46945
47531
47266
47985
47136
47421
47327
47282
47245
47213
47307
47246
47247
46986
47060
46808
46989
47175
47083
46966
46857
47187
46947
46937
46874
46700
46571
47014
47119
46998
47109
47355
46961
47284
47363
47164
47117
47161
47362
47131
47458
47138
47124
47112
47169
47028
47312
47131
47364
46991
47120
47333
47297
47389
47238
46921
47192
46729
47527
47403
47236
47041
46501
46691
47125
47002
47001
46756
46886
46859
46923
46406
46897
46729
46840
47051
46851
47023
46862
47059
46940
47116
47107
46713
47159
46612
46712
46873
46492
46625
46572
46676
46684
47361
46353
46379
46270
46589
46506
46648
46739
46591
46801
46777
46705
46671
46851
46523
46560
46572
46487
46989
46714
46835
46757
46946
46394
46741
46576
46537
46648
46610
46494
46709
46553
46715
46698
46607
45994
46704
46885
46599
47028
46940
46927
47070
47073
47085
47078
47075
47290
47212
47078
47126
47418
47631
47507
47130
47408
47267
47352
47485
47238
47640
47487
47433
47251
47364
47645
47407
47498
47440
47428
47599
47355
47361
47779
47433
47823
47547
47692
47621
47737
48043
47672
47754
47690
48064
47830
47837
47842
47736
47647
47644
47645
48120
47878
47857
47925
47889
47971
47877
47913
47914
47851
48231
47780
47881
48067
48182
48077
48080
48153
48093
48088
48108
47739
47680
47806
47777
47662
47927
47812
47957
48009
47877
47828
47797
47757
48178
47830
48013
47801
47828
48002
47889
47814
48149
47696
47944
47569
48120
47819
47903
48024
48135
48149
48252
48025
47901
47877
48312
47940
47875
48133
47915
48287
47920
47865
48070
47857
47879
47898
