60.994   9.6775   70.6715 0.10389   0.090954
62.9691   9.10253   72.0716 0.111568   0.0897096
62.8643   9.49927   72.3636 0.110609   0.0890652
61.9057   9.73411   71.6398 0.107537   0.0912288
65.7343   10.981   76.7153 0.109911   0.091534
64.9737   10.048   75.0216 0.110782   0.0882952
67.1404   10.5267   77.6671 0.113458   0.0918022
63.8864   10.5265   74.4128 0.10748   0.0895108
61.8644   11.6795   73.5439 0.10842   0.0924254
64.7603   11.2077   75.968 0.116301   0.104258
66.4974   11.3583   77.8558 0.118211   0.106818
70.1614   11.0036   81.165 0.121254   0.118403
69.4488   8.51679   77.9656 0.123194   0.107355
70.3475   6.7771   77.1246 0.125003   0.109958
67.1336   8.54318   75.6768 0.122783   0.117567
71.6872   8.32595   80.0132 0.12367   0.110326
70.5381   8.09284   78.6309 0.119904   0.110644
74.8761   7.81181   82.6879 0.123974   0.115673
73.3151   6.87798   80.1931 0.121833   0.0990112
75.8349   6.08257   81.9175 0.125575   0.0898459
74.0947   7.41114   81.5058 0.125676   0.109578
74.1627   8.0816   82.2443 0.124608   0.103257
73.2737   7.8381   81.1118 0.124799   0.119544
73.6582   8.1045   81.7627 0.124704   0.122056
70.8934   7.3492   78.2426 0.123925   0.11353
69.4499   7.29567   76.7455 0.122746   0.107132
70.8946   10.4379   81.3324 0.12418   0.109488
72.6401   9.18183   81.822 0.122242   0.116471
78.6618   8.75675   87.4185 0.124662   0.124563
70.7456   7.26559   78.0112 0.120521   0.112354
70.6354   7.80975   78.4452 0.1255   0.105775
71.543   7.97106   79.5141 0.120598   0.113764
68.9064   10.2108   79.1172 0.124066   0.136691
69.3813   7.2684   76.6497 0.127884   0.133529
60.0549   8.22194   68.2768 0.100555   0.0930084
58.8044   8.80119   67.6056 0.0971064   0.0980451
54.8291   10.8246   65.6537 0.10283   0.0997968
60.4208   8.77795   69.1988 0.10655   0.0919157
68.2708   10.2655   78.5363 0.11557   0.10443
66.4687   9.29783   75.7666 0.114096   0.100048
65.1272   9.99351   75.1207 0.112011   0.116883
64.7822   8.9283   73.7105 0.111437   0.107656
68.3562   9.55554   77.9117 0.110222   0.110725
69.7129   6.65698   76.3698 0.11292   0.102678
72.8368   8.39521   81.2321 0.116328   0.103602
69.1346   8.92627   78.0609 0.115391   0.10948
67.3254   8.85934   76.1847 0.116614   0.10501
69.4695   8.91622   78.3857 0.118968   0.11076
69.1414   7.92686   77.0682 0.119815   0.108241
66.419   9.45416   75.8731 0.118099   0.114967
55.1197   10.7188   65.8384 0.0975224   0.111345
57.37   11.2673   68.6373 0.0987776   0.112224
60.9261   9.87815   70.8043 0.10091   0.107371
62.3681   12.7742   75.1423 0.107581   0.131557
60.7998   12.2116   73.0114 0.106473   0.117044
63.5794   11.7327   75.3121 0.106844   0.116358
65.1333   10.5005   75.6337 0.106497   0.102912
66.2623   10.4463   76.7086 0.109164   0.112629
65.9822   10.8924   76.8746 0.107266   0.107912
63.69   9.65715   73.3472 0.110439   0.107941
67.9989   8.28435   76.2833 0.111273   0.0909036
70.4087   7.41319   77.8218 0.114226   0.0962335
73.8864   9.62511   83.5115 0.113905   0.103459
73.5423   12.0099   85.5522 0.11723   0.116866
68.9734   8.94118   77.9146 0.113786   0.0874016
74.1606   9.95948   84.1201 0.11826   0.0919337
71.0781   8.27543   79.3535 0.114519   0.0958914
57.2407   11.4595   68.7002 0.0933323   0.0938022
56.6945   12.521   69.2155 0.0952688   0.106956
58.8942   13.8305   72.7247 0.0931625   0.120126
56.6652   14.5703   71.2355 0.0941021   0.113065
61.9419   13.5723   75.5142 0.10024   0.102898
62.6742   14.1985   76.8728 0.101942   0.107728
62.5315   14.1577   76.6892 0.10309   0.114969
63.1706   13.6393   76.8099 0.103626   0.10822
62.1067   13.2746   75.3814 0.102318   0.115647
59.2188   13.9873   73.206 0.101931   0.121417
60.7699   12.2961   73.066 0.107203   0.105275
63.1771   12.7379   75.9151 0.108001   0.109432
65.361   12.9472   78.3082 0.110395   0.120439
64.9723   11.2213   76.1935 0.109973   0.107655
65.3641   12.6117   77.9758 0.112529   0.110596
65.4245   13.6148   79.0393 0.113901   0.116299
64.558   13.3794   77.9374 0.112438   0.108306
57.2788   15.6121   72.8909 0.0944623   0.117561
58.4594   15.4782   73.9376 0.0941274   0.105918
61.7504   13.7447   75.4951 0.0982608   0.106907
61.9035   12.3323   74.2357 0.0994486   0.103604
61.8485   13.6775   75.526 0.100523   0.114616
63.6598   13.4847   77.1445 0.103534   0.10834
66.4736   13.6848   80.1584 0.102751   0.109918
68.2698   13.1296   81.3994 0.1053   0.109383
64.9679   15.1641   80.132 0.100311   0.111392
66.8033   16.334   83.1373 0.105412   0.133411
67.5037   14.6652   82.1689 0.10338   0.107071
70.3993   15.3631   85.7625 0.108507   0.109763
69.0112   14.1575   83.1687 0.10885   0.111564
73.9059   14.5741   88.48 0.111153   0.114397
74.4593   11.3343   85.7935 0.109301   0.0970401
59.6237   12.4671   72.0908 0.0903846   0.092899
63.9603   10.9899   74.9502 0.0974856   0.103127
69.0886   12.7364   81.825 0.101359   0.109619
67.3117   11.9026   79.2143 0.105864   0.0993263
69.9615   13.9701   83.9316 0.104094   0.104854
73.5919   12.4712   86.0631 0.106319   0.101317
67.9192   13.8635   81.7828 0.0991188   0.109995
70.0301   13.5258   83.5559 0.101099   0.114991
68.7621   14.536   83.2981 0.103252   0.120364
76.1535   13.9458   90.0993 0.105379   0.109838
73.3172   11.5698   84.8871 0.108393   0.108096
75.2694   12.0893   87.3587 0.110826   0.106202
78.3151   9.29948   87.6146 0.109798   0.101856
74.2775   9.7239   84.0014 0.109829   0.0956763
76.9513   11.1541   88.1054 0.112442   0.112403
57.5979   11.5876   69.1855 0.0846571   0.0977031
55.9697   12.454   68.4237 0.0875164   0.102954
62.5461   10.3136   72.8597 0.0931809   0.102555
60.6654   10.2405   70.9059 0.0909481   0.0970054
61.1317   11.4132   72.5449 0.0944058   0.0987442
66.9203   11.6833   78.6036 0.098475   0.104222
65.949   11.4526   77.4016 0.0973225   0.102134
64.4513   10.6107   75.0619 0.0952013   0.102199
66.5664   8.40407   74.9705 0.0964913   0.0920884
63.0754   10.5911   73.6665 0.0958058   0.112832
65.9983   10.4066   76.4049 0.0972947   0.110905
64.674   10.7682   75.4423 0.0959793   0.113112
64.8297   11.4767   76.3064 0.0967126   0.121233
58.3901   10.1291   68.5192 0.0838241   0.0952741
55.7956   11.2415   67.0371 0.0866885   0.0997474
58.0772   10.4533   68.5305 0.0902054   0.106957
59.4879   9.6056   69.0935 0.0920153   0.103397
60.6898   8.75365   69.4435 0.0965374   0.0980618
66.0736   10.0927   76.1663 0.101988   0.107206
63.474   11.1445   74.6185 0.102048   0.117723
71.6432   13.7239   85.3671 0.112529   0.117132
69.1887   13.0055   82.1942 0.110903   0.112536
78.8833   10.1464   89.0296 0.114656   0.110287
57.3246   10.8497   68.1743 0.0880963   0.11181
59.5424   10.3201   69.8625 0.0895375   0.114456
61.513   7.61888   69.1319 0.0938479   0.0949124
62.3091   7.90538   70.2144 0.0964813   0.098226
60.974   9.89146   70.8655 0.100689   0.114176
62.3373   9.81709   72.1544 0.101   0.12411
66.0068   10.3528   76.3597 0.104095   0.121607
63.8384   9.89638   73.7348 0.104141   0.119233
64.2827   9.81759   74.1003 0.105289   0.123544
65.9996   8.50794   74.5075 0.104018   0.103168
52.9086   9.93422   62.8428 0.0897872   0.112974
49.9897   9.19291   59.1826 0.0874098   0.106936
56.3607   8.61595   64.9767 0.0944857   0.110745
58.4348   9.21502   67.6498 0.0936376   0.111378
60.3165   8.67365   68.9902 0.100253   0.11445
60.3156   8.87   69.1856 0.102076   0.100289
59.0799   5.97855   65.0584 0.0961482   0.0844825
62.0292   6.77932   68.8085 0.1056   0.104031
65.0637   6.73774   71.8015 0.102409   0.104732
65.7299   5.7868   71.5167 0.103079   0.0970396
48.9577   5.62963   54.5874 0.080904   0.0945626
47.1505   6.90969   54.0602 0.0820436   0.109562
52.2925   5.78078   58.0733 0.0851715   0.0995542
55.1661   6.8258   61.9919 0.0892703   0.104637
56.9783   5.93655   62.9149 0.0934888   0.0944307
56.2037   6.2651   62.4688 0.0956658   0.112479
59.1093   7.32214   66.4314 0.0968211   0.109231
50.939   7.14557   58.0846 0.0900209   0.114635
51.1656   5.8367   57.0023 0.0931244   0.105292
56.9354   4.43064   61.366 0.0972589   0.0678159
46.6761   5.37815   52.0542 0.0792329   0.0876873
51.0958   5.95713   57.0529 0.0857456   0.0884285
53.3554   4.93342   58.2888 0.0886494   0.0890649
52.8811   5.00339   57.8845 0.0902704   0.0972985
53.2999   6.49266   59.7925 0.0879391   0.118696
53.7033   6.52877   60.232 0.0897498   0.100546
50.1937   6.40574   56.5995 0.0887024   0.108266
55.01   6.43734   61.4473 0.0932723   0.120952
49.9088   5.48032   55.3892 0.0851299   0.109388
52.9908   5.29286   58.2836 0.0901459   0.0951952
44.9255   4.46937   49.3949 0.0780319   0.0987343
42.0726   4.6275   46.7001 0.0790639   0.117251
49.705   2.46975   52.1748 0.0873294   0.0668102
49.6483   4.05564   53.7039 0.0891725   0.10346
50.808   3.49227   54.3003 0.0882083   0.0975
46.8526   4.4944   51.347 0.088652   0.108473
49.7979   5.69635   55.4943 0.0889673   0.13085
45.5905   6.63773   52.2282 0.0878261   0.142339
49.4543   5.82857   55.2828 0.0894668   0.12754
48.9469   6.45006   55.397 0.0922366   0.129346
41.7995   4.98233   46.7818 0.0753732   0.0971845
45.4938   3.64847   49.1422 0.0808347   0.0826693
45.2708   5.07258   50.3434 0.0815249   0.100713
48.9055   4.32324   53.2287 0.0887254   0.097811
46.4852   4.30178   50.787 0.0860624   0.0995015
48.8243   5.39401   54.2183 0.0882791   0.110157
46.9231   3.96252   50.8856 0.0909613   0.100136
50.1072   2.39504   52.5022 0.0894315   0.0846732
51.5251   3.2694   54.7945 0.0935459   0.10122
57.1293   3.30349   60.4328 0.0976513   0.101438
42.1871   3.9305   46.1176 0.0768716   0.0919773
46.7281   4.0547   50.7828 0.083381   0.0928556
44.675   4.98533   49.6603 0.0863452   0.115223
49.064   2.50746   51.5714 0.0854128   0.0832121
47.2098   2.56711   49.7769 0.0920448   0.0877143
49.7772   2.38998   52.1672 0.0913567   0.0874383
50.2416   2.54514   52.7868 0.0887243   0.0954428
48.051   2.96928   51.0203 0.0863968   0.103821
47.8568   2.97478   50.8316 0.0902732   0.101183
38.8679   2.64873   41.5166 0.0755834   0.102437
42.1197   2.92391   45.0436 0.0831092   0.102593
48.7509   2.96731   51.7182 0.0906319   0.0997975
47.728   3.00346   50.7314 0.09064   0.112069
45.1314   3.2439   48.3753 0.0944765   0.13535
46.8776   1.46174   48.3393 0.0952216   0.0781679
53.3838   1.99345   55.3773 0.099609   0.10311
51.9814   2.27613   54.2576 0.0993719   0.103775
38.0702   1.35963   39.4298 0.0801816   0.0834126
40.2307   2.74142   42.9721 0.0887311   0.0919941
44.2348   3.1193   47.3541 0.0963302   0.0991303
49.6553   2.56655   52.2218 0.105217   0.0988403
46.6072   2.62877   49.2359 0.103426   0.103904
48.4065   3.03187   51.4383 0.104814   0.104788
48.8427   3.24785   52.0905 0.106597   0.13167
50.2753   1.86473   52.1401 0.109628   0.110732
34.8179   1.88734   36.7052 0.0817961   0.101652
38.6148   2.4881   41.1029 0.0878275   0.116996
44.013   1.45678   45.4698 0.0969022   0.0856931
43.3658   2.07935   45.4451 0.101433   0.102096
46.9078   1.35302   48.2609 0.105593   0.0941774
45.7783   1.58013   47.3584 0.104517   0.106049
50.6751   2.02811   52.7032 0.107674   0.117006
52.9359   1.72921   54.6651 0.110899   0.117234
39.7008   2.19404   41.8948 0.086645   0.104644
43.4174   3.12065   46.538 0.0972249   0.131303
51.3233   1.66815   52.9914 0.105235   0.106251
50.0725   2.5261   52.5986 0.111761   0.120674
52.0868   1.51484   53.6016 0.114092   0.131345
53.3496   1.23577   54.5854 0.116357   0.0882693
54.8267   1.75952   56.5862 0.11676   0.114254
52.0966   1.34272   53.4393 0.119478   0.105449
37.444   2.46118   39.9052 0.0834149   0.0986666
46.358   1.81628   48.1743 0.0953215   0.0969544
47.5942   1.51949   49.1137 0.100757   0.0841047
54.8446   2.08283   56.9275 0.114212   0.109815
49.5417   1.49436   51.0361 0.11524   0.0903847
55.5986   1.29716   56.8957 0.118138   0.10075
58.7361   0.898291   59.6344 0.122185   0.0823761
59.4112   1.93373   61.3449 0.12227   0.120108
35.8982   2.39301   38.2912 0.0843209   0.107793
37.3772   2.01268   39.3899 0.090138   0.0955388
41.7832   2.22435   44.0075 0.0968619   0.119724
52.0716   1.96008   54.0317 0.112736   0.12166
49.6167   1.50814   51.1248 0.112829   0.112308
53.4146   1.16754   54.5821 0.116428   0.109078
53.0517   2.30738   55.3591 0.118208   0.121228
53.1017   2.20824   55.31 0.120731   0.127644
37.2929   2.78887   40.0818 0.0871398   0.0904498
39.1981   3.29556   42.4937 0.0911867   0.111337
43.0045   3.75595   46.7605 0.0965526   0.0914599
45.1454   1.67627   46.8216 0.105743   0.0874575
50.7636   1.25609   52.0197 0.114033   0.0691428
49.9673   1.82825   51.7955 0.114747   0.0935386
44.5758   1.80928   46.3851 0.111896   0.114754
42.9863   3.13963   46.1259 0.0927678   0.110648
47.2608   3.13469   50.3955 0.100115   0.097959
53.7534   3.65803   57.4114 0.112392   0.115704
54.9442   3.61312   58.5573 0.11342   0.116678
58.3296   4.20339   62.533 0.119847   0.147315
58.0169   2.93794   60.9549 0.120267   0.0977141
58.0825   3.51576   61.5982 0.119961   0.130213
53.0388   3.20141   56.2403 0.117213   0.134137
47.5629   4.04445   51.6074 0.094918   0.109169
50.8134   3.40395   54.2173 0.099771   0.0926665
51.7526   3.07059   54.8232 0.102255   0.0891463
53.5372   4.77248   58.3097 0.108375   0.0969032
48.4648   4.29938   52.7642 0.102318   0.100846
59.8898   3.93048   63.8203 0.116479   0.0962566
52.087   2.80187   54.8888 0.111679   0.0799773
49.8676   2.87683   52.7444 0.117779   0.0803584
55.0185   3.72903   58.7475 0.121767   0.0774192
43.8297   4.93693   48.7667 0.088307   0.0938877
49.1505   4.53419   53.6847 0.0912599   0.101804
52.3165   6.15984   58.4764 0.097401   0.0987549
55.9034   6.64314   62.5465 0.103794   0.114471
57.5895   5.88598   63.4755 0.10713   0.0999318
63.6842   5.05299   68.7372 0.112895   0.0994817
65.739   5.01389   70.7529 0.118927   0.100748
68.0122   5.50018   73.5124 0.119184   0.0993656
70.6424   6.54127   77.1836 0.117927   0.0997822
69.4573   6.19157   75.6489 0.123626   0.112574
46.2765   7.20057   53.4771 0.0828932   0.0908398
49.7225   5.57098   55.2935 0.0883328   0.0983114
49.0108   4.86569   53.8765 0.0899282   0.0930935
53.2672   5.16725   58.4344 0.0986612   0.0766654
55.6687   7.89783   63.5665 0.101653   0.114683
55.131   7.26277   62.3938 0.104235   0.0943217
54.6221   8.60954   63.2317 0.101484   0.110237
58.16   5.09254   63.2526 0.107115   0.079654
54.3001   6.53775   60.8379 0.104852   0.0984971
45.5525   5.46101   51.0136 0.0869116   0.074426
45.4958   4.36103   49.8569 0.086494   0.0728458
50.1585   6.15939   56.3179 0.0952859   0.0825656
46.5284   5.41157   51.94 0.087961   0.0849539
47.9539   5.64886   53.6028 0.0928739   0.0999798
52.5554   4.91435   57.4697 0.094427   0.0985686
48.9443   6.16196   55.1063 0.0910479   0.107351
51.9447   4.31501   56.2598 0.0941426   0.094009
54.5696   3.77983   58.3495 0.101525   0.0990347
59.689   2.84331   62.5323 0.10404   0.0770695
60.7039   5.37842   66.0823 0.106477   0.108533
51.2662   6.08376   57.35 0.0834502   0.0818076
53.1448   5.63135   58.7761 0.0877073   0.087944
57.1693   4.70645   61.8758 0.0918579   0.083497
65.6682   4.60353   70.2717 0.0994069   0.075716
66.1181   5.67432   71.7924 0.100718   0.098285
66.308   5.16272   71.4707 0.104405   0.0833404
61.9821   5.14358   67.1257 0.100214   0.0774302
62.9822   4.53592   67.5181 0.102516   0.0784761
67.439   3.33605   70.7751 0.10433   0.0695494
62.1657   4.35955   66.5253 0.104177   0.0810789
66.367   6.02945   72.3965 0.105317   0.0993319
65.7228   4.18185   69.9046 0.102612   0.0733657
46.6399   3.73661   50.3765 0.0782855   0.0680621
48.8507   4.11911   52.9698 0.0787914   0.0704982
50.8499   4.0336   54.8835 0.0841143   0.078987
51.0562   4.58266   55.6388 0.0859803   0.0778371
53.0038   4.93927   57.943 0.0881535   0.0800962
59.0609   5.59902   64.66 0.0958393   0.0960518
62.698   5.00742   67.7054 0.0969057   0.0749239
73.6346   4.90633   78.5409 0.110305   0.088847
67.5117   4.49103   72.0028 0.105279   0.0700629
67.1064   5.50091   72.6073 0.10425   0.0899331
62.4052   6.21016   68.6153 0.10551   0.100288
64.502   5.05471   69.5567 0.108058   0.0830736
63.0044   6.45971   69.4641 0.09244   0.0974526
58.8932   5.03942   63.9326 0.0909469   0.0733303
61.4263   5.93073   67.357 0.097502   0.0918702
60.9243   4.40607   65.3303 0.0955996   0.0739628
69.1971   3.90064   73.0978 0.102262   0.0673297
67.6302   4.59084   72.221 0.103309   0.0669497
67.3725   5.06452   72.437 0.103512   0.0806024
56.2326   5.06625   61.2989 0.0828343   0.0844374
59.9737   4.72907   64.7028 0.0886166   0.0809157
58.0081   4.96145   62.9695 0.0862385   0.0719051
58.7582   4.9837   63.7419 0.0901844   0.0807294
66.4035   5.84799   72.2515 0.0972232   0.0843092
71.6027   5.27814   76.8808 0.0977178   0.0902246
57.6606   5.78431   63.4449 0.0820286   0.0914756
66.598   6.42106   73.019 0.0865176   0.0879024
73.5352   7.25251   80.7877 0.0919726   0.0885172
72.4155   6.34997   78.7655 0.0939729   0.0962117
73.2782   5.77166   79.0499 0.0937819   0.0912326
75.8512   6.0884   81.9396 0.0952227   0.0924352
55.0039   4.73501   59.7389 0.0767104   0.078873
56.6606   6.00165   62.6622 0.0831121   0.0922583
60.2602   5.17477   65.4349 0.0880997   0.0878941
57.9632   6.1741   64.1373 0.0856731   0.0856028
67.6323   5.2352   72.8675 0.0924865   0.083674
66.3863   7.51727   73.9035 0.0927781   0.0962803
54.7554   5.66015   60.4156 0.0788037   0.081402
58.9484   5.56868   64.5171 0.0857431   0.0854093
62.3819   7.09471   69.4766 0.0890449   0.101643
70.0602   6.83815   76.8983 0.0998212   0.104972
70.2643   5.22277   75.487 0.0974314   0.0724044
67.0774   6.60665   73.684 0.0941933   0.0824542
66.1574   6.09311   72.2506 0.0929178   0.0828995
70.3074   6.51441   76.8218 0.094019   0.084493
64.7851   6.23277   71.0178 0.088259   0.0739941
65.8058   6.08269   71.8885 0.0902509   0.0778406
63.849   6.69951   70.5485 0.0890792   0.0920262
59.0374   5.84472   64.8821 0.0830062   0.0937856
64.1745   5.66035   69.8348 0.0856993   0.0839607
65.6654   7.799   73.4644 0.0896221   0.105064
63.9308   4.99149   68.9223 0.0872974   0.0707456
59.325   5.60606   64.931 0.0916924   0.0843017
54.5402   5.0983   59.6385 0.0811864   0.0875047
55.6217   5.63326   61.255 0.0827581   0.0966807
52.9237   4.95939   57.8831 0.0803375   0.0867027
49.3603   4.03924   53.3995 0.0771255   0.0863495
44.1464   6.07479   50.2212 0.0697121   0.0848829
48.1565   7.10332   55.2599 0.0709297   0.0961207
51.0918   7.39328   58.485 0.0745049   0.0937836
54.2074   6.78766   60.9951 0.0834174   0.086651
50.2935   7.50182   57.7953 0.0802897   0.083261
44.1847   6.03419   50.2189 0.0707672   0.0847895
53.3319   7.42593   60.7578 0.0798063   0.0813058
63.4154   6.10223   69.5176 0.094328   0.0864688
62.3205   4.84546   67.1659 0.0867611   0.0717138
62.5847   5.30352   67.8882 0.0871249   0.0846306
60.7874   6.09472   66.8821 0.0876319   0.0767167
49.2702   5.24423   54.5144 0.0753706   0.0807536
56.9303   5.12439   62.0547 0.0845541   0.0810822
59.142   6.49864   65.6406 0.0877828   0.086693
58.724   7.03972   65.7637 0.0863292   0.0911881
53.1778   7.44373   60.6215 0.0803605   0.0983272
50.0474   7.09171   57.1391 0.0777899   0.093435
56.7536   7.11221   63.8658 0.0865674   0.093994
55.6132   6.49442   62.1076 0.0853618   0.102382
53.5178   6.83328   60.3511 0.0870385   0.0971844
49.2552   6.87312   56.1283 0.076109   0.0937243
52.5365   5.94223   58.4787 0.0821596   0.0866776
59.4159   6.07099   65.4868 0.0896527   0.0803041
60.6276   6.50761   67.1352 0.0923919   0.0932323
48.9324   4.78239   53.7148 0.0771561   0.0821717
56.8964   4.156   61.0524 0.0866883   0.0714909
60.2995   5.34646   65.6459 0.092413   0.0825709
56.6877   6.00363   62.6913 0.0912111   0.0964438
61.714   5.64917   67.3631 0.10043   0.0949441
63.873   6.43875   70.3117 0.0981151   0.0985523
62.8711   5.85337   68.7245 0.098575   0.0860367
63.4239   6.42829   69.8522 0.102012   0.0820315
61.5707   5.80543   67.3761 0.101535   0.0749088
61.4871   5.88477   67.3719 0.100821   0.0803199
52.2771   5.93844   58.2155 0.0886353   0.0779323
49.7527   5.55961   55.3123 0.0863063   0.0790092
51.974   6.32464   58.2986 0.0899444   0.0822203
52.0633   6.87981   58.9431 0.0907554   0.0833579
57.8282   5.17278   63.001 0.0981803   0.0831637
60.3615   4.79393   65.1554 0.100069   0.0758533
57.6224   6.51915   64.1416 0.100346   0.0922521
61.6637   5.90289   67.5666 0.106176   0.0849807
47.9856   5.95563   53.9412 0.0818693   0.0905799
48.3367   6.63568   54.9724 0.0844556   0.0764676
49.2163   5.95983   55.1761 0.0855723   0.0832711
53.6802   6.74322   60.4234 0.0910656   0.0938296
56.4847   7.58295   64.0677 0.0950743   0.106635
58.4309   6.15344   64.5843 0.0945229   0.0876975
47.5621   4.89747   52.4596 0.0830365   0.0772994
46.8458   5.09693   51.9428 0.0825166   0.0823984
46.3959   4.27141   50.6673 0.0830772   0.0888644
48.4673   4.40155   52.8688 0.0863329   0.0862485
46.1977   7.76333   53.9611 0.0861148   0.100129
43.0348   8.20509   51.2399 0.0774425   0.0938798
46.1487   5.11618   51.2649 0.0789767   0.0734379
48.6066   5.49631   54.1029 0.0808493   0.0864199
50.0649   5.06235   55.1272 0.0885293   0.0897361
54.5771   5.40813   59.9853 0.0926921   0.0872748
49.9932   4.77794   54.7712 0.0855516   0.0802403
48.6216   6.23521   54.8568 0.0804549   0.0989192
46.6372   6.15386   52.7911 0.0835293   0.098725
45.0661   7.31651   52.3827 0.0819087   0.10064
44.6262   5.23285   49.859 0.0795618   0.0891456
42.8063   4.53321   47.3395 0.0742377   0.0737774
45.3487   5.93656   51.2852 0.0777051   0.0910049
47.3608   5.92705   53.2879 0.0852273   0.0926102
48.624   7.76589   56.3899 0.0829496   0.109475
47.4311   7.14577   54.5768 0.0837265   0.0957878
48.9402   8.23712   57.1774 0.0894376   0.104532
48.0459   7.291   55.3369 0.084996   0.105389
46.9213   6.09254   53.0139 0.0882602   0.110272
43.841   5.40615   49.2472 0.0863075   0.0893304
47.5921   8.0746   55.6667 0.0895755   0.116117
50.7809   4.95163   55.7325 0.0927787   0.0882468
39.1654   5.24718   44.4126 0.0752265   0.0946575
42.3374   5.64764   47.985 0.0802503   0.0997229
39.619   4.42412   44.0432 0.0783206   0.0869097
39.5014   3.15811   42.6595 0.0830908   0.065589
29.9224   7.11209   37.0345 0.0681723   0.107759
33.6186   5.8326   39.4512 0.0766782   0.0984405
35.8361   6.322   42.1581 0.0830019   0.11547
38.069   4.34016   42.4092 0.0834181   0.111286
34.4723   4.6085   39.0808 0.0792871   0.0960103
33.2647   3.61558   36.8803 0.0757509   0.0774766
37.2144   7.85938   45.0738 0.0832537   0.115579
36.0349   3.24325   39.2781 0.0855145   0.0699143
35.7149   4.66295   40.3779 0.081915   0.0866184
35.0991   4.81526   39.9143 0.0865042   0.0917192
34.9814   3.87146   38.8528 0.0852071   0.073172
35.1161   5.11712   40.2332 0.0866528   0.10083
37.2159   4.49339   41.7093 0.0950193   0.0837277
37.5949   4.41286   42.0078 0.0909042   0.0848083
41.0262   7.09504   48.1212 0.0969504   0.111733
38.4706   4.77946   43.25 0.0947551   0.0908643
37.6139   4.24211   41.856 0.0871633   0.0799393
35.296   4.62387   39.9199 0.0831799   0.0970043
35.6021   5.31676   40.9188 0.0823074   0.0842593
37.9146   4.31638   42.231 0.0910095   0.0870824
37.6261   4.21333   41.8394 0.0958016   0.0931124
37.4585   4.06464   41.5231 0.0951931   0.0846801
29.7639   3.31716   33.081 0.0744097   0.0752191
35.8257   5.24729   41.0729 0.086685   0.0866298
36.0062   4.51642   40.5227 0.0845642   0.0792355
36.0119   5.15596   41.1679 0.0816597   0.0790185
36.1753   5.78579   41.9611 0.0820767   0.0787182
34.5282   6.01951   40.5478 0.0838797   0.0926648
33.8574   6.48401   40.3414 0.0805169   0.0989925
37.5947   5.07568   42.6704 0.0861769   0.0818659
36.2505   4.73304   40.9836 0.0817428   0.0837271
40.9216   5.02388   45.9455 0.0866551   0.0977185
34.2393   6.23788   40.4772 0.0752822   0.107782
35.6315   5.10853   40.7401 0.0815491   0.0833819
37.4577   6.30976   43.7674 0.0800912   0.0889482
35.3369   3.98175   39.3187 0.0795697   0.0799549
34.0117   5.0485   39.0602 0.0806794   0.0790063
33.3972   4.45071   37.8479 0.0760179   0.0848833
33.4066   4.7894   38.1961 0.0785977   0.0984798
34.9496   4.58729   39.5369 0.0817671   0.0831892
39.1686   4.06721   43.2358 0.0852881   0.0789749
35.0319   4.70991   39.7418 0.0725048   0.0803739
36.5955   6.25883   42.8543 0.0730012   0.0890725
43.3443   5.63957   48.9839 0.0831034   0.0907517
45.6267   5.79304   51.4197 0.0839704   0.0823656
48.2083   8.10537   56.3136 0.0814742   0.0929515
48.0552   8.32138   56.3766 0.0872824   0.0985612
49.0924   8.87097   57.9634 0.0868152   0.100007
43.8805   7.2086   51.0891 0.0808957   0.081792
45.2075   5.96359   51.1711 0.078514   0.0912304
45.8415   6.94233   52.7838 0.0836524   0.0917084
49.6832   7.58204   57.2652 0.0891978   0.100027
42.8409   6.86432   49.7053 0.0768792   0.0879102
45.7418   5.62114   51.3629 0.0781466   0.0817819
49.2421   7.80911   57.0512 0.0893078   0.0936625
53.9569   5.55292   59.5098 0.0920662   0.0815008
52.6848   8.04651   60.7313 0.0908798   0.0904509
52.8333   8.82767   61.661 0.091003   0.0941786
44.8834   5.65743   50.5408 0.0779767   0.084188
44.775   5.39442   50.1694 0.0866781   0.0731281
46.198   6.84855   53.0465 0.0788182   0.0892513
43.2276   7.17957   50.4071 0.0798715   0.0843946
44.0333   6.83337   50.8667 0.0790157   0.088536
43.6195   8.78896   52.4084 0.0797966   0.0990491
48.3866   5.92136   54.308 0.0847401   0.0871263
42.8736   6.23072   49.1043 0.0781817   0.0795672
43.4939   7.73627   51.2302 0.0750585   0.0867619
44.2872   7.41255   51.6997 0.07732   0.0830796
45.0693   9.24681   54.3162 0.0820769   0.102112
44.9474   9.11304   54.0605 0.0806762   0.0946318
42.2677   6.58859   48.8563 0.077084   0.0851972
43.8248   8.03815   51.863 0.078921   0.0941236
41.8443   6.90949   48.7538 0.0774243   0.0878664
39.5445   6.18049   45.725 0.0734176   0.0843753
38.6225   6.71834   45.3409 0.0657778   0.0881094
40.5499   6.76058   47.3105 0.0729315   0.0819465
37.8265   6.60581   44.4323 0.069208   0.0855121
40.9974   7.12031   48.1177 0.0713619   0.0882456
43.6769   7.78289   51.4597 0.0727601   0.104972
38.3626   6.16108   44.5237 0.0681074   0.0783852
48.5008   8.02372   56.5245 0.0804326   0.0969633
46.9292   6.64249   53.5717 0.0769205   0.0860427
50.7946   7.11985   57.9144 0.0827273   0.0930699
44.5626   9.64985   54.2125 0.0743491   0.100753
49.0598   9.14227   58.2021 0.0774901   0.0929722
52.9021   7.64507   60.5472 0.0809313   0.0978048
44.5533   7.41369   51.967 0.0735203   0.095149
45.0095   6.25307   51.2626 0.0737659   0.0764123
44.0353   6.55544   50.5907 0.070027   0.0730818
37.7224   6.27085   43.9933 0.0646116   0.0788126
42.3912   6.7924   49.1836 0.0675802   0.0798679
43.0037   7.80764   50.8113 0.0688206   0.0907162
44.9869   6.64143   51.6283 0.07392   0.0901792
47.5618   8.31334   55.8752 0.0750029   0.104922
53.0806   7.57745   60.6581 0.088194   0.10688
62.0377   6.43835   68.4761 0.0922631   0.112428
50.9977   6.4033   57.401 0.0829038   0.101871
45.3892   7.48805   52.8772 0.0782797   0.0916904
41.1431   5.80948   46.9526 0.074653   0.0804081
45.1361   7.01698   52.1531 0.0792788   0.0853994
49.9698   6.96451   56.9343 0.0870554   0.0816951
41.6888   5.87895   47.5678 0.0738552   0.0771516
36.658   7.36746   44.0254 0.0703833   0.0836577
36.9212   7.14428   44.0654 0.0739162   0.0763074
36.8809   9.02955   45.9105 0.0695604   0.0883517
36.341   7.28333   43.6243 0.0718977   0.0831085
30.2351   7.93914   38.1742 0.0580217   0.0911497
33.7119   5.82697   39.5389 0.0651701   0.0675265
37.4986   8.47946   45.9781 0.0701959   0.086702
39.7616   6.71413   46.4757 0.0719884   0.0736468
42.4508   6.45824   48.909 0.0760572   0.0879526
43.1571   6.4652   49.6223 0.0790568   0.091705
43.3439   5.75901   49.103 0.0803071   0.0840174
36.9743   6.08396   43.0583 0.0680592   0.0793905
37.6532   5.52675   43.18 0.0714686   0.0793503
40.624   6.18659   46.8106 0.0768036   0.0924292
49.1473   6.60921   55.7566 0.091488   0.106945
54.9594   5.80612   60.7655 0.0960269   0.0965006
54.3344   7.1307   61.4651 0.100853   0.0970163
48.5877   6.01765   54.6053 0.0969491   0.0916859
36.3945   5.45093   41.8454 0.0823901   0.0871685
36.151   7.36172   43.5127 0.0811339   0.100501
40.5813   7.74007   48.3214 0.0897511   0.0970308
38.9804   6.64791   45.6283 0.0877278   0.0999685
36.6154   4.75495   41.3703 0.0810732   0.0917354
33.3489   5.03033   38.3792 0.0764007   0.0867797
32.8114   5.37241   38.1838 0.073822   0.0923623
31.8725   4.75628   36.6288 0.0758569   0.0905959
32.3788   4.01659   36.3954 0.0833788   0.083679
29.5757   4.50377   34.0794 0.0780361   0.0863342
29.1666   3.30405   32.4707 0.0753724   0.0791706
26.6874   3.32508   30.0124 0.0722116   0.0794387
28.0148   4.45856   32.4734 0.0759843   0.0888977
29.6446   4.90209   34.5467 0.0801206   0.0919141
30.442   5.55559   35.9976 0.0836318   0.0888895
30.4378   5.47309   35.9109 0.0862261   0.090018
33.639   5.78019   39.4192 0.0910803   0.0942422
37.7099   4.78504   42.4949 0.0973158   0.0784433
27.322   4.99941   32.3214 0.0786925   0.0859991
37.5257   5.5315   43.0572 0.0947619   0.0911785
29.508   4.05339   33.5614 0.0889331   0.0664854
31.8301   5.87527   37.7053 0.0892223   0.0932582
36.5994   5.9083   42.5077 0.0958265   0.0792706
35.2409   5.50377   40.7447 0.0891499   0.0741414
33.3965   5.62295   39.0195 0.0901391   0.0786427
33.9828   4.1649   38.1477 0.0911679   0.0708919
30.7588   4.77164   35.5304 0.087945   0.0808752
27.7352   4.89028   32.6255 0.0802523   0.0805205
30.8861   4.79049   35.6766 0.0820712   0.0813095
26.2914   4.31766   30.6091 0.0727398   0.0702694
28.8781   5.88826   34.7663 0.0812551   0.0894873
27.9523   5.99926   33.9515 0.0750061   0.095479
28.6418   6.22919   34.871 0.0790482   0.0948607
29.7236   5.86318   35.5868 0.082261   0.103044
28.6197   5.07159   33.6913 0.0796468   0.0930566
30.9164   4.76375   35.6802 0.0804347   0.0847139
31.5838   5.06492   36.6487 0.0834409   0.085796
28.9194   5.34953   34.2689 0.0824618   0.0943479
29.855   5.3445   35.1995 0.0841935   0.0921466
31.2093   5.53875   36.748 0.0864922   0.0963261
31.1388   4.97973   36.1185 0.0850476   0.0889766
28.863   5.32497   34.1879 0.0803087   0.0886019
33.6979   5.77236   39.4703 0.0890302   0.0982529
32.1396   4.68784   36.8274 0.0873654   0.088869
31.0552   5.5036   36.5588 0.0855514   0.0987193
28.0354   5.87429   33.9097 0.080573   0.100846
27.7748   6.18098   33.9557 0.0765912   0.10741
27.9828   6.59472   34.5775 0.0786033   0.105347
28.2996   6.40787   34.7074 0.0780319   0.101177
28.0825   5.2255   33.308 0.0766583   0.0925413
26.6675   6.03848   32.706 0.0734102   0.102695
27.135   5.09425   32.2293 0.0761471   0.0954873
27.0993   6.44378   33.5431 0.0741364   0.102772
28.8071   5.35259   34.1597 0.0760685   0.0901109
30.1444   5.08529   35.2297 0.078069   0.0980296
28.1507   4.75537   32.9061 0.0796239   0.0930767
28.5522   6.17377   34.726 0.0793668   0.102753
