1367         1367
1271         577
1290         587
1273         564
1299         568
1306         575
1329         598
1361         586
1352         591
1366         594
1311         570
1294         556
1309         562
1292         578
1296         563
1239         562
1267         546
1288         579
1328         588
1367         603
1398         601
1363         603
1344         589
1376         595
1323         587
1334         590
1305         572
1273         565
1302         570
1325         594
1385         631
1378         587
1317         562
1339         593
1310         555
1337         542
1303         597
1292         605
1216         533
1264         567
1263         590
1271         582
1255         581
1253         581
1295         620
1301         617
1280         626
1285         599
1259         577
1263         583
1242         577
1237         562
1228         565
1301         580
1330         603
1313         579
1297         571
1322         595
1325         611
1334         607
1338         615
1317         576
1369         611
1349         616
1352         648
1337         627
1321         606
1346         627
1318         620
1346         613
1351         595
1360         632
1317         602
1375         617
1327         614
1344         606
1310         609
1290         607
1270         580
1277         566
1324         584
1334         592
1304         590
1273         580
1326         574
1308         574
1317         606
1365         621
1325         628
1327         622
1349         615
1353         614
1352         646
1394         648
1417         647
1369         633
1396         652
1372         648
1395         634
1408         664
1424         681
1398         659
1455         656
1435         681
1419         635
1421         672
1457         692
1433         685
1455         692
1488         665
1490         722
1445         676
1445         679
1476         713
1441         676
1494         684
1510         680
1444         639
1427         671
1448         667
1471         647
1513         679
1463         677
1432         677
1498         689
1474         658
1492         678
1509         673
1496         670
1484         696
1514         643
1513         643
1448         646
1486         628
1459         647
1425         622
1440         636
1427         623
1488         688
1422         650
1405         665
1404         655
1376         645
1329         605
1329         617
1326         634
1319         613
1339         610
1332         634
1298         589
1289         571
1265         596
1319         624
1300         601
1262         590
1297         614
1277         587
1308         635
1343         637
1299         605
1319         574
1363         613
1335         617
1334         609
1312         587
1298         610
1312         565
1292         549
1270         585
1307         589
1331         595
1305         601
1329         585
1346         606
1336         598
1339         565
1305         589
1302         586
1367         587
1350         575
1320         532
1318         569
1247         556
1291         576
1230         528
1260         559
1243         519
1279         552
1249         530
1278         554
1275         562
1253         555
1263         551
1213         540
1242         553
1241         515
1270         560
1248         550
1306         585
1255         548
1279         560
1223         517
1249         574
1187         512
1202         544
1250         566
1233         556
1200         530
1177         514
1175         506
1144         537
1159         526
1128         477
1103         492
1147         535
1104         523
1080         474
1060         453
1060         459
1080         471
1042         450
1041         461
1013         458
1024         458
1025         425
1065         439
1052         454
1029         427
1026         444
1006         438
1027         470
1045         477
1029         458
1028         446
1028         487
1001         448
1039         456
1001         458
1031         469
1014         436
1024         448
1041         486
1008         472
1032         480
978         429
1008         470
989         480
986         485
990         425
984         414
993         431
1053         461
1044         439
1073         458
1080         448
1056         439
1052         427
1070         429
1095         445
1090         426
1074         445
1059         435
1030         398
1051         463
1081         472
1136         478
1149         484
1246         486
1199         482
1151         484
1131         452
1076         501
1074         509
1094         506
1104         494
1059         473
1086         514
1045         466
1007         423
1054         451
1040         496
1045         538
1078         537
1065         538
1065         537
1084         564
1078         552
1077         570
1120         599
1091         561
1111         558
1079         562
1051         545
1022         539
1028         547
1018         528
1068         538
1062         542
1040         517
1051         524
1032         526
1060         526
1067         528
1045         516
1070         556
1037         537
1068         551
1042         537
1120         573
1088         570
1149         614
1108         605
1163         622
1212         660
1198         656
1158         635
1143         618
1123         614
1166         646
1102         596
1147         630
1186         640
1154         595
1160         620
1174         604
1165         593
1199         601
1153         616
1226         647
1210         667
1218         641
1225         643
1170         591
1203         596
1217         681
1244         647
1202         630
1255         637
1263         676
1256         654
1283         650
1248         678
1286         676
1258         672
1250         651
1239         683
1298         732
1294         702
1377         769
1393         799
1323         770
1336         781
1373         796
1337         717
1284         681
1261         684
1268         676
1362         731
1289         715
1274         694
1266         687
1267         700
1276         701
1317         721
1280         712
1283         712
1289         747
1298         734
1293         729
1266         716
1264         711
1319         748
1313         732
1294         732
1198         647
1256         671
1254         672
1270         658
1229         640
1265         633
1275         678
1279         685
1267         649
1228         626
1240         624
1283         668
1251         672
1302         718
1314         718
1335         693
1270         653
1265         673
1259         673
1241         680
1265         661
1237         643
1258         655
1215         651
1206         614
1221         647
1224         639
1232         662
1249         656
1249         634
1237         656
1251         652
1207         621
1209         614
1231         651
1178         637
1172         621
1130         606
1153         609
1152         589
1121         576
1107         577
1108         573
1146         589
1138         603
1118         574
1134         580
1149         586
1167         572
1142         575
1138         589
1184         594
1155         618
1109         572
1141         567
1106         558
1137         561
1110         536
1139         555
1133         584
1185         601
1189         565
1175         588
1164         584
1196         604
1101         558
1138         550
1129         560
1119         576
1136         583
1113         555
1120         586
1122         566
1109         547
1122         565
1092         531
1035         507
1129         531
1078         547
1058         520
1046         527
1006         505
934         475
898         438
892         438
884         431
896         456
907         434
902         439
875         447
886         421
906         436
834         405
856         410
806         405
807         391
825         413
844         423
815         406
845         431
822         424
835         432
813         416
818         392
799         393
816         400
816         413
840         425
865         441
833         440
841         411
848         420
871         436
901         443
940         472
938         454
886         436
936         467
920         444
894         421
930         439
936         425
913         427
981         459
1008         483
1051         501
1063         521
1075         543
1172         591
1114         550
1151         565
1178         542
1177         575
1127         548
1144         557
1138         557
1134         585
1138         551
1224         586
1147         579
1143         580
1144         575
1120         516
1197         586
1167         541
1183         557
1192         546
1199         571
1187         548
1212         579
1229         572
1161         549
1161         557
1189         548
1143         555
1153         540
1126         538
1233         587
1210         556
1204         546
1238         574
1265         600
1250         563
1279         603
1246         610
1259         614
1259         599
1263         633
1315         653
1270         606
1252         610
1292         628
1268         583
1262         627
1250         624
1226         608
1327         634
1280         601
1392         672
1309         615
1242         579
1233         551
1245         569
1204         574
1219         564
1171         520
1148         499
1174         530
1147         505
1140         521
1114         517
1170         534
1199         552
1219         558
1178         545
1169         539
1176         543
1167         526
1161         528
1125         537
1154         572
1147         538
1089         501
1044         441
1012         445
969         452
971         444
965         451
955         436
960         444
933         420
928         388
891         379
876         386
879         369
874         368
886         370
868         364
867         353
880         369
857         387
823         347
907         396
856         331
864         356
898         381
905         395
861         370
889         372
837         349
831         345
902         376
896         361
870         355
891         372
886         362
876         361
865         359
889         384
876         378
859         350
857         354
863         360
871         366
850         359
866         378
862         367
848         363
846         347
852         362
846         356
867         362
872         366
816         363
847         356
827         365
853         378
871         386
821         353
846         359
