3426       3426
3205       108
3193       106
3229       101
3267       106
3279       106
3286       119
3265       113
3222       114
3232       117
3211       126
3194       107
3235       106
3356       92
3406       79
3317       61
3344       72
3333       75
3332       73
3323       67
3349       69
3356       67
3359       67
3363       78
3356       65
3341       66
3338       64
3326       68
3441       95
3463       78
3510       70
3457       64
3425       73
3443       70
3441       74
3401       54
3414       88
3479       89
3464       108
3378       95
3358       98
3279       92
3250       85
3221       82
3185       86
3180       64
3184       81
3146       81
3164       84
3186       80
3106       73
3071       82
3070       96
3009       100
3120       92
3068       97
3074       104
3064       100
3050       102
3033       92
3051       100
2950       89
2982       91
2997       77
2996       93
3070       102
3041       102
3009       108
3056       86
3035       122
3015       117
3015       115
3050       128
3026       131
3002       131
2984       123
2995       126
2942       114
2931       115
2943       116
2998       116
2979       107
3008       104
2993       114
2981       117
2962       123
2919       132
2948       146
2921       128
2928       119
2896       119
2929       124
2904       124
2830       120
2912       136
2903       122
2853       136
2846       139
2858       126
2829       127
2825       116
2820       134
2761       106
2723       116
2740       119
2759       133
2696       123
2681       126
2659       117
2685       120
2695       126
2648       107
2662       113
2624       91
2592       101
2607       99
2612       118
2659       120
2627       100
2632       105
2602       115
2530       112
2530       112
2510       103
2495       91
2481       93
2491       93
2484       95
2611       94
2639       106
2573       112
2632       97
2589       92
2576       89
2512       94
2473       94
2472       117
2417       115
2370       92
2386       97
2370       90
2321       80
2271       80
2284       86
2214       79
2183       85
2154       83
2123       79
2052       82
2014       87
2017       85
1978       77
1929       82
1933       75
1913       88
1912       70
1867       65
1820       64
1760       59
1717       59
1708       63
1665       58
1642       65
1602       62
1575       55
1560       67
1524       62
1501       55
1481       65
1450       61
1458       67
1471       55
1442       51
1469       54
1458       64
1389       59
1414       53
1429       50
1393       55
1377       45
1385       39
1372       36
1348       39
1337       35
1329       41
1315       43
1337       46
1318       45
1336       49
1347       51
1314       44
1341       50
1319       44
1260       43
1209       48
1168       39
1133       28
1106       32
1037       32
1043       42
1046       43
1032       43
1051       30
1049       29
1044       27
1036       26
1042       28
1019       29
1016       25
1014       28
1030       29
1004       26
995       23
969       18
995       19
970       21
986       16
982       29
975       31
944       25
938       25
905       28
912       24
886       16
882       18
846       21
840       17
799       20
794       14
758       14
707       17
723       14
726       20
698       23
675       15
650       20
668       11
662       14
671       15
690       12
698       24
742       18
742       18
765       18
790       16
762       12
825       10
849       16
852       22
863       21
885       18
894       16
923       13
923       10
906       19
902       17
946       30
983       29
991       41
973       19
979       18
988       19
998       15
982       28
1019       32
1006       31
1036       30
1046       28
1087       30
1138       27
1146       23
1147       37
1132       36
1170       34
1157       49
1178       42
1167       40
1145       35
1143       35
1158       48
1165       52
1137       44
1151       62
1209       58
1249       58
1285       50
1238       49
1227       55
1249       65
1262       55
1312       79
1311       56
1373       52
1451       67
1424       68
1459       77
1393       78
1413       63
1380       66
1419       73
1375       59
1377       74
1397       63
1354       56
1333       49
1338       57
1314       45
1292       38
1280       36
1290       49
1283       74
1240       64
1249       56
1229       60
1247       57
1178       61
1136       66
1110       57
1098       47
1112       53
1134       60
1146       57
1145       54
1141       58
1150       51
1188       58
1168       61
1162       58
1137       66
1175       55
1167       64
1206       61
1207       61
1204       60
1212       66
1251       68
1241       64
1264       59
1211       57
1251       68
1259       62
1231       60
1264       58
1258       69
1314       61
1347       69
1294       58
1304       63
1292       73
1296       81
1296       66
1270       63
1305       65
1285       60
1272       65
1334       58
1325       72
1335       62
1348       78
1349       69
1335       65
1350       69
1347       65
1365       72
1375       80
1367       73
1374       77
1387       84
1357       78
1371       72
1348       62
1346       67
1340       74
1306       70
1297       66
1298       58
1335       58
1326       57
1238       46
1274       71
1204       73
1230       78
1250       78
1249       90
1266       71
1283       91
1285       70
1302       67
1357       62
1333       79
1366       64
1379       63
1368       74
1350       77
1352       75
1345       75
1359       75
1317       63
1342       70
1319       73
1330       68
1368       75
1318       69
1367       58
1388       58
1345       64
1351       62
1326       59
1358       65
1350       68
1365       78
1376       77
1354       73
1340       76
1346       70
1325       76
1386       82
1320       62
1308       63
1333       70
1333       69
1332       65
1291       86
1297       71
1295       71
1284       71
1311       70
1293       63
1309       61
1294       48
1247       51
1283       77
1299       87
1226       69
1255       63
1281       56
1283       61
1359       59
1360       63
1387       62
1405       72
1376       58
1354       61
1336       65
1322       64
1366       70
1374       74
1368       78
1350       69
1329       55
1310       60
1330       69
1309       56
1275       55
1206       56
1182       50
1129       48
1132       66
1119       59
1146       54
1161       39
1182       48
1150       46
1162       68
1129       46
1140       53
1152       52
1157       52
1148       50
1112       53
1123       52
1086       63
1051       52
1052       53
1087       47
1118       63
1110       49
1127       45
1130       48
1141       44
1143       60
1178       57
1167       65
1190       73
1197       64
1182       65
1192       62
1187       56
1145       51
1160       57
1156       61
1117       70
1143       49
1194       63
1173       52
1166       48
1194       55
1175       51
1172       58
1209       70
1199       62
1294       70
1398       87
1369       84
1374       88
1357       88
1336       65
1290       75
1343       75
1379       78
1317       68
1361       83
1369       68
1415       88
1382       93
1338       67
1304       73
1264       76
1279       85
1260       77
1311       88
1332       67
1316       78
1323       89
1326       89
1365       90
1356       96
1355       77
1381       85
1346       78
1333       73
1377       76
1325       82
1358       77
1379       80
1373       74
1369       78
1328       82
1304       77
1376       76
1312       95
1320       98
1321       78
1343       77
1347       81
1312       89
1299       79
1317       85
1343       86
1286       73
1324       79
1339       70
1310       57
1313       62
1262       81
1229       72
1240       82
1230       85
1229       76
1241       88
1257       93
1256       102
1276       87
1236       87
1202       86
1210       97
1194       91
1169       73
1203       70
1203       68
1239       76
1297       69
1334       66
1295       61
1250       60
1211       73
1230       65
1163       62
1128       73
1194       79
1189       66
1169       51
1228       57
1207       58
1204       52
1190       48
1172       52
1164       41
1153       41
1125       50
1119       53
1102       62
1117       60
1131       61
1103       61
1123       58
1083       60
1061       60
1049       63
1061       74
1067       74
1082       71
1064       58
1077       59
1075       60
1087       58
1081       61
1082       65
1064       62
1065       65
1044       56
1068       54
1063       56
1065       59
1064       56
1058       58
1069       57
1076       55
1056       60
1061       58
1045       52
1059       55
1051       58
1052       57
1064       62
1063       63
1060       56
1048       58
1059       53
1060       62
1065       59
1073       51
1055       51
1057       60
