0  1034646
105  2670
119  2489
103  5181
113  5664
127  4512
131  2596
135  6418
133  3469
134  3076
118  3395
20  3071
128  6870
106  1842
101  1890
89  2286
91  2456
126  5363
92  2055
127  3153
127  2418
95  2573
95  2651
103  1916
126  3068
125  6741
127  4820
126  2799
126  2135
94  7941
92  2804
97  3354
19  2871
134  1798
127  2899
127  441762
116  1935
109  1841
100  2672
91  2267
91  2519
104  1813
136  2462
141  2827
132  2925
132  12141
132  2652
129  4562
90  1733
104  2322
86  3630
87  328036
130  2507
133  3014
134  3437
137  2256
135  3159
127  3903
128  2393
103  3528
47  2001
85  2344
94  1961
89  2106
92  2753
124  3352
124  7255
132  2681
137  244847
124  3149
105  3795
88  2533
120  7698
126  3295
31  2391
22  2458
90  5065
43  2276
84  2723
87  2667
89  7925
129  2456
131  3128
131  3147
133  3019
130  277626
103  3502
115  2674
110  3450
87  2169
131  2200
129  2827
67  2581
94  2121
88  3010
108  2644
88  2605
132  4127
39  2257
128  2519
106  234271
92  3175
101  1811
43  1904
16  2197
93  3152
31  2043
72  1852
43  3683
85  3518
93  3463
87  3564
130  2530
130  2795
129  2706
130  199910
121  2115
99  3119
130  2241
125  2237
70  2964
109  2931
129  3815
67  3573
88  6345
98  13727
26  3515
130  4068
24  166549
64  2636
86  7857
93  3438
127  3460
129  2821
28  2941
81  3791
15  2196
79  2917
34  214267
105  3018
117  2629
29  3041
68  3258
82  3158
77  2844
73  4368
29  2689
112  2373
75  322004
68  2393
68  4583
22  2655
60  2522
32  2871
19  2542
93  2182
95  4184
104  2788
92  207883
61  2296
60  2777
62  2431
73  4677
66  2899
65  2454
63  2075
46  3000
87  4378
89  621794
64  2558
85  2153
64  3041
77  3297
62  2205
93  3317
90  2228
26  9578
87  12770
66  527277
62  2753
61  2650
62  1882
80  2093
23  3495
62  2568
31  2084
80  1992
90  5666
43  317081
87  2084
83  1903
75  2912
84  3510
83  2377
60  3223
39  4033
27  6344
27  2419
55  289883
53  3070
22  2107
60  4479
78  2666
55  3064
56  2800
53  2102
71  2235
43  343780
56  4767
50  2069
50  2255
68  3517
66  5947
53  2601
55  2183
51  189253
72  1853
13  2373
72  2292
69  2624
66  4583
65  5314
68  4477
55  277903
61  1945
62  2368
52  2453
65  2735
64  4556
58  2805
57  2815
24  233686
60  2965
60  2438
60  2661
59  2715
61  4870
14  3323
60  5449
51  192267
35  3229
59  1531
61  2451
71  2606
56  4013
16  2539
44  4465
65  230135
61  2217
61  2822
39  6082
20  3348
48  3530
46  9781
49  5055
47  214721
48  1889
53  3652
51  2335
48  2907
10  2447
17  2728
69  266100
19  2059
67  2428
60  3202
67  3862
58  3068
60  2200
29  2774
50  223083
34  4363
60  3714
16  9422
12  2898
50  2496
13  2177
78  3686
13  2791
67  236760
28  3174
58  2741
20  2835
71  5298
53  2728
54  2825
56  3033
36  2882
48  2998
12  179305
53  2637
55  2395
81  2601
85  4145
61  4272
21  3245
55  3090
84  3419
15  189262
17  2710
53  2587
11  2618
74  3329
59  3582
15  2054
56  3537
55  3070
18  2947
72  3289
24  236279
81  2288
79  3002
84  4196
82  4691
83  3239
48  2236
49  1963
78  3168
82  2714
61  2886
53  3007
26  205689
76  5577
27  2142
63  2159
31  6994
76  5051
62  2384
14  6334
19  3235
53  4668
47  2191
31  3064
27  251346
15  3296
39  2266
20  2990
32  2606
58  2122
39  2960
86  243830
40  2961
35  2141
55  2996
78  2877
31  2788
24  223798
91  4084
66  2170
93  2373
32  2595
40  2828
99  319292
86  2510
40  2805
19  3361
34  2262
96  2545
32  229438
61  2541
85  2596
87  1886
27  3399
62  3097
21  2540
13  3332
31  2104
97  3649
25  2267
84  2384
71  4532
35  2139
31  7736
28  3581
14  212195
54  3527
64  2354
93  3636
20  462970
59  1882
78  2856
25  3949
16  2723
20  244999
58  2427
61  2122
17  2193
94  3147
20  2777
25  590885
34  3061
20  2428
59  2504
91  2590
79  308798
86  3875
68  2462
96  3173
54  659013
87  11807
27  3614
62  2953
15  208938
12  3046
57  2148
13  3458
47  3282
16  2400
37  2597
86  3286
24  3324
57  2516
87  629375
17  2639
63  2468
50  1814
31  2696
15  2208
12  3064
39  2602
37  639413
23  6111
29  4346
21  4007
80  3095
50  2935
14  495691
41  2999
20  3246
77  2599
80  12621
58  209828
32  2472
19  2711
14  2704
60  2585
61  602565
35  2318
63  3000
16  3177
23  2866
60  252810
41  2433
64  2956
30  2676
47  2521
82  3077
18  2794
40  3064
22  3068
71  3949
28  2623
25  630636
55  2779
49  2031
37  3200
54  637048
33  2847
35  3566
27  3269
26  228289
23  2517
74  2227
52  2501
42  222445
12  2395
9  2750
27  2196
12  4389
7  2433
47  2739
12  2799
13  26572
62  2206
9  2108
43  2764
44  2550
13  3572
8  542114
43  2671
14  2321
22  3487
51  2420
17  2316
35  2350
11  2575
16  2391
32  3725
40  501225
34  2304
47  2282
25  2851
22  2907
50  208825
49  2848
55  2504
13  2319
13  625961
50  4679
51  3265
14  1832
77  297254
66  1936
16  2113
54  3246
67  290080
38  2366
23  2755
14  2876
23  2604
54  2666
19  2231
88  2443
71  2742
83  592072
29  2290
71  4128
62  2769
29  517484
24  2015
55  3023
75  2197
40  220987
88  2230
54  3913
19  2601
57  413282
16  3861
61  3181
45  2299
19  245905
27  3363
13  3577
35  4885
37  249424
17  2741
68  3419
12  1999
68  2452
11  772330
55  2258
23  2365
21  3051
38  4028
21  2912
92  4098
89  5426
65  2543
86  2451
55  406080
69  2183
89  24159
87  277568
20  2730
86  267516
21  2668
15  1952
11  2230
31  1858
58  2960
19  2899
23  4738
26  676316
61  3801
45  3102
14  2531
15  2990
17  2832
47  3737
25  382838
58  2288
40  2725
64  2487
60  3143
35  2125
14  2548
81  386638
80  3555
49  3021
34  3140
18  3005
73  400855
78  2733
77  3384
13  2203
10  2187
13  2599
73  2430
19  3949
24  3867
9  2426
10  4181
23  2351
11  3773
13  572740
45  2498
10  4380
68  2447
12  2454
35  2196
51  3186
8  2448
10  2309
10  2776
48  2764
21  2382
20  2528
12  2324
49  2486
12  2275
44  2930
15  3397
60  2768
48  2223
16  3284
11  2701
15  4204
67  3307
23  3391
11  4034
19  2241
11  2943
28  1961
20  2865
12  2882
9  24744
65  3429
32  2188
43  3433
59  3395
44  2064
19  2906
24  2797
27  3407
