44988      5517
43578      5252
43516      5185
44477      5197
45377      5226
45934      5215
45866      5289
46178      5269
46386      5301
45965      5292
46186      5346
46119      5361
46260      5360
46324      5339
46051      5352
46201      5297
46207      5347
46431      5322
46224      5353
46007      5324
46256      5326
46364      5353
46098      5344
46004      5407
45659      5378
44964      5384
44748      5440
44434      5461
44153      5504
44031      5405
43683      5433
43828      5351
43707      5367
43787      5408
43895      5334
43809      5372
43914      5363
44354      5363
44593      5388
45228      5397
45448      5448
45737      5528
45510      5505
45533      5472
45748      5481
45650      5477
45823      5472
45547      5373
45589      5432
45894      5398
45893      5410
45707      5358
45848      5377
45840      5428
45839      5502
46008      5481
45869      5494
45907      5442
45661      5465
46136      5517
45913      5522
45976      5499
45861      5445
46301      5478
46332      5478
46194      5436
46136      5485
45992      5593
46012      5509
46056      5430
46071      5426
45671      5464
45935      5470
46151      5465
46097      5495
46159      5488
45874      5481
46046      5493
46143      5487
46256      5456
46093      5424
46333      5444
46179      5385
46118      5327
46273      5254
46457      5196
46395      5166
46446      5189
46172      5217
46197      5169
46400      5106
46445      5113
46328      5128
46502      5103
46290      5183
46510      5156
46550      5149
46535      5134
46461      5137
46614      5139
46440      5092
46471      5079
46342      5009
46589      4999
46601      5028
46495      4984
46528      4973
46706      4990
46454      5027
46557      4964
46315      4969
46348      5046
46277      4991
46547      5021
46555      4972
46431      4960
46662      4957
46527      4936
46737      4867
46524      4913
46657      4935
46721      4955
46682      4866
46577      4894
46565      4864
46731      4838
46525      4835
46788      4892
46808      4885
46740      4936
46748      4977
46790      4995
46664      4950
46522      4920
46470      4886
46538      4886
46348      4900
46271      4855
46771      4883
46760      4893
46928      4882
46772      4869
46620      4875
46704      4874
46615      4875
46818      4863
46767      4858
46601      4815
46566      4809
46454      4801
46754      4814
46748      4817
46922      4826
46683      4815
46782      4821
46855      4835
46737      4857
46785      4836
46667      4841
46437      4860
46963      4915
46883      4918
46827      4884
46639      4837
46596      4820
46785      4810
46757      4824
46974      4751
46884      4804
46828      4824
46637      4793
46845      4776
46778      4740
47015      4790
46841      4772
46929      4852
46784      4802
47031      4853
46962      4873
46939      4851
46935      4873
46807      4776
46865      4844
46918      4814
46827      4791
46902      4718
46900      4660
46935      4725
46637      4748
46718      4775
47046      4749
46954      4716
46762      4695
46794      4732
46873      4720
47080      4696
46821      4699
46974      4694
46742      4695
46861      4673
47131      4660
46716      4621
46923      4632
47185      4606
46849      4587
47057      4576
46967      4569
46898      4552
47277      4533
47301      4521
47326      4554
46913      4526
47189      4518
47069      4462
47192      4464
47192      4425
47055      4446
47215      4497
47168      4517
46989      4481
46969      4463
47040      4442
47065      4453
47323      4502
47189      4438
47189      4433
47137      4449
47000      4441
46930      4447
47260      4427
47267      4477
47305      4438
47118      4442
47545      4476
46924      4464
47146      4405
47318      4444
47048      4430
47458      4428
47152      4391
47312      4410
47188      4369
47245      4337
47346      4361
47112      4339
47223      4354
46995      4347
47426      4401
47482      4401
47264      4360
47078      4331
47425      4306
47164      4274
47177      4247
47013      4302
47207      4364
47650      4456
47461      4427
47215      4390
47294      4332
47401      4334
47338      4396
47411      4360
47371      4398
47496      4405
47383      4389
47251      4429
47176      4461
47223      4453
47236      4403
47282      4339
47178      4320
47287      4328
47511      4306
47506      4292
47132      4297
47601      4239
47369      4198
47311      4249
47460      4208
47239      4182
47569      4142
47536      4106
47356      4043
47431      4018
47847      3988
47239      3968
47655      3933
47482      3879
47535      3874
47372      3924
47821      3906
47632      3886
47901      3885
47742      3823
47867      3749
47833      3752
47800      3698
47980      3692
48189      3713
47867      3719
47760      3707
47585      3664
47599      3677
47906      3613
48000      3562
47593      3575
47552      3567
47672      3534
48014      3536
48005      3511
47911      3529
47986      3485
47936      3441
48101      3376
47878      3334
48130      3322
47923      3261
48041      3230
48208      3161
47947      3196
47863      3240
47900      3232
48085      3231
47944      3245
48233      3259
48178      3181
48210      3142
47653      3162
48251      3129
48364      3095
48259      3052
48006      3036
48156      3023
47986      3017
48175      2998
48113      2987
47978      3003
48125      3011
48293      3012
47846      3013
47994      2956
48289      2941
48042      2964
47747      2944
47903      2908
47908      2895
48162      2877
48103      2909
47924      2867
47821      2860
47863      2848
47863      2840
48296      2870
47857      2870
48222      2856
47935      2878
48011      2898
48117      2876
48003      2883
47932      2843
47828      2839
47970      2852
48008      2814
48046      2803
48177      2808
48119      2827
48097      2809
48215      2790
47804      2795
47868      2816
48069      2813
47880      2828
48196      2824
48182      2784
48078      2788
47903      2773
48006      2722
48136      2798
48129      2769
47991      2731
47762      2742
47959      2746
48009      2757
48154      2732
48004      2760
48098      2730
47999      2683
48025      2672
48476      2633
48179      2651
47934      2630
48075      2594
48075      2531
48109      2516
47975      2466
48092      2431
48034      2425
47947      2451
48102      2463
48211      2460
48165      2458
47997      2448
47911      2423
47835      2419
48016      2409
48029      2403
47934      2411
47981      2408
47787      2389
47978      2408
48035      2444
47804      2458
48059      2489
47943      2443
47827      2455
48040      2490
47884      2452
47786      2451
47856      2486
47813      2429
47644      2429
47807      2397
47946      2397
47730      2426
47865      2397
47749      2417
47726      2399
47710      2392
47709      2385
47503      2365
47657      2385
47342      2332
47448      2324
47491      2301
47300      2324
47209      2397
47334      2399
47582      2402
47246      2425
46992      2417
47228      2404
46985      2381
47101      2397
46965      2369
46691      2308
46620      2283
46732      2280
46725      2270
46655      2259
46448      2254
46669      2257
46697      2280
46540      2315
46457      2277
46525      2260
46408      2247
46694      2199
46319      2220
46325      2229
46542      2254
46353      2258
46554      2277
46278      2260
46261      2281
46524      2325
46486      2245
46441      2168
46288      2133
46347      2092
46745      2109
46236      2120
46229      2116
46544      2133
46384      2157
46145      2196
46281      2231
46560      2234
46126      2225
46335      2215
46411      2274
46292      2258
46071      2291
46075      2347
45802      2410
45820      2405
45858      2402
45731      2461
45810      2416
45492      2396
45299      2426
45742      2404
45387      2375
45388      2392
45819      2440
45673      2450
45400      2454
45394      2492
45495      2532
45612      2544
45847      2615
45563      2625
45736      2586
45963      2662
45461      2636
45636      2659
45722      2626
45943      2618
45583      2642
45984      2646
45976      2720
46183      2704
46511      2747
46197      2738
46255      2776
46566      2749
46698      2761
46339      2812
46122      2757
45979      2745
46290      2792
46104      2783
46583      2845
46361      2864
46349      2898
46376      2912
45922      2842
45669      2860
45696      2832
45638      2894
44588      2866
44790      2831
44764      2902
45103      2847
45209      2880
45105      2825
45189      2850
45132      2807
45293      2806
44935      2853
45108      2854
45048      2903
45089      2910
45194      2899
44695      2916
44073      2890
44115      2901
44299      2925
44289      3002
44096      3024
43317      3053
43344      3004
43569      2973
43818      2943
45079      2913
44882      2940
44724      2940
44876      3021
45291      3039
45232      3050
45367      3099
45475      3043
45232      3032
45557      2978
45895      3100
46005      3163
46191      3176
46356      3223
46809      3240
47329      3275
47331      3312
47643      3361
47547      3332
47642      3300
47752      3246
47515      3232
47756      3201
47663      3219
47599      3207
47837      3182
47626      3216
47820      3252
47714      3300
47912      3282
47733      3335
47632      3383
48026      3424
47840      3389
47701      3371
47660      3386
47611      3334
47500      3297
47542      3344
47327      3355
47401      3396
47743      3389
47574      3449
47664      3436
47933      3501
47567      3518
47374      3519
47741      3535
47592      3611
47576      3557
47213      3512
47444      3504
47725      3499
47837      3396
47565      3337
47700      3365
47948      3304
47768      3279
47766      3323
47684      3354
47609      3400
48019      3352
47376      3259
47464      3257
47817      3257
47412      3349
47691      3322
47397      3325
47373      3357
47216      3342
47104      3389
47062      3312
47073      3279
47229      3200
47119      3148
47217      3131
47307      3117
47397      3096
47606      3066
47070      2998
47282      3034
47391      3025
47238      3048
47279      3046
47367      3044
47341      2992
47275      2981
47237      3006
47205      3061
47035      3121
47131      3092
47156      3051
47154      3030
47116      3053
47367      3059
46883      3080
47319      3159
46974      3204
47058      3149
47164      3228
47153      3277
46833      3263
47024      3263
47182      3251
47084      3255
46806      3275
47193      3338
46953      3286
47082      3292
47042      3257
47160      3440
46887      3329
47193      3298
47091      3239
47014      3237
46720      3161
47046      3174
46980      3172
46721      3273
46814      3307
46823      3191
46820      3166
46876      3250
46976      3262
46745      3250
47019      3295
47105      3256
47054      3323
47080      3379
46976      3427
47025      3372
46985      3438
47254      3407
46925      3378
46944      3348
46789      3394
46654      3458
46996      3484
46851      3522
46603      3611
46841      3508
46807      3431
46811      3490
46754      3510
46695      3428
46981      3304
46984      3428
46912      3520
46887      3423
46817      3399
46831      3424
46960      3504
46907      3572
46767      3667
46917      3654
46911      3522
46936      3521
46813      3461
46941      3415
46884      3449
46771      3423
47123      3505
47116      3540
46952      3551
46745      3425
47097      3426
46970      3421
46922      3409
46699      3479
46748      3435
46905      3425
46563      3528
46703      3487
46853      3526
46844      3494
46833      3553
46998      3559
46799      3554
46902      3533
47236      3559
47059      3550
46955      3554
46996      3530
46873      3505
46892      3458
46680      3485
46956      3405
46845      3376
46899      3447
46888      3481
46835      3309
46787      3376
46661      3388
46631      3428
46713      3452
46849      3533
46984      3501
46803      3454
46803      3393
46783      3428
46787      3465
46606      3547
46678      3421
46610      3418
46883      3411
46605      3461
46655      3502
46669      3570
46583      3495
46370      3484
46417      3539
46491      3522
46763      3586
46198      3495
46506      3332
46513      3410
46826      3458
46674      3629
46539      3531
46543      3549
46407      3453
46415      3485
46690      3534
46774      3506
46830      3520
46533      3511
46453      3538
46640      3502
46624      3509
46568      3458
46616      3555
46424      3534
46449      3561
46966      3622
46910      3597
47048      3592
46912      3567
46890      3432
46640      3453
47077      3576
46984      3425
46868      3441
46867      3400
46756      3386
46843      3344
46818      3176
46846      3282
46896      3406
46691      3528
46622      3465
46714      3420
46677      3485
46637      3394
46663      3420
46599      3453
46783      3487
46730      3417
46898      3435
46921      3463
46725      3454
46607      3409
46897      3477
46954      3499
47222      3478
47367      3453
47063      3550
47227      3548
46924      3527
47149      3578
46841      3548
47036      3572
46981      3545
47008      3397
47260      3336
47126      3376
46853      3355
46683      3191
46754      3274
46806      3292
47103      3241
47012      3244
47124      3249
46940      3290
47231      3361
47124      3226
46867      3283
46817      3301
47143      3250
47091      3255
47078      3216
46969      3136
47678      3199
47382      3162
47234      3090
47167      3168
47200      3167
47218      3147
47332      3186
47200      3189
47185      3179
47014      3141
47342      3146
46867      3147
47119      3200
46537      3189
47042      3261
46935      3248
46810      3233
46840      3191
46877      3222
46984      3228
47005      3137
46840      3117
46857      3289
46828      3175
46993      3156
46572      3133
46696      3073
46791      3018
46789      3045
46858      3172
47002      3168
46841      3237
46945      3310
47306      3249
47031      3226
47231      3266
47125      3289
47238      3201
47119      3146
47320      3122
47225      3146
47153      3163
47198      3098
47693      3168
47377      3196
47336      3206
47345      3200
47403      3164
47076      3162
47340      3147
47093      3031
47154      3088
47141      3073
47339      3015
47341      3011
47387      3027
47395      3092
47076      2976
47188      3017
47243      3024
47047      2943
47013      2915
46979      2830
47167      2883
46954      2824
47238      2784
47119      2705
47169      2690
47183      2766
47350      2729
47501      2807
47748      2901
47453      2823
47502      2732
47720      2716
47697      2697
47827      2685
47710      2716
48189      2665
47578      2811
48263      2732
48092      2641
48195      2744
47722      2747
47730      2737
48112      2751
47799      2760
47935      2791
47914      2669
48034      2597
47922      2529
47936      2531
47863      2479
47999      2510
48211      2574
48222      2622
48212      2657
48335      2553
48160      2542
48077      2561
48111      2620
48227      2613
48352      2607
48255      2538
48275      2567
48135      2636
48296      2668
48348      2514
48114      2563
47963      2592
47969      2566
47952      2651
47949      2610
47987      2628
48010      2637
47924      2649
47780      2639
48082      2691
48142      2706
48247      2689
48644      2769
47967      2624
48258      2742
47714      2745
48055      2846
47410      2817
47758      2799
48041      2834
47787      2846
48010      2821
47896      2788
48057      2740
48103      2820
47991      2816
47990      2722
47699      2750
47934      2676
47955      2753
48144      2775
47795      2822
47339      2797
47006      2832
47088      2727
47220      2836
47214      2941
47311      2892
47097      2922
47298      2909
47079      2885
47145      2964
47037      2962
46844      2824
46597      2913
46698      2978
46703      2974
46701      3034
46950      3119
46821      3128
46905      3249
46797      3196
46808      3263
46781      3317
46831      3352
46858      3226
46823      3334
46959      3276
46911      3240
46831      3127
46977      3253
46839      3234
46718      3302
47308      3213
47054      3185
47778      3224
46930      3250
47227      3292
47121      3158
47075      3206
47064      3261
47021      3250
47129      3274
47074      3420
47074      3324
46817      3472
46867      3306
46630      3220
46786      3154
46985      3140
46859      3156
46760      3139
46655      3056
46987      3189
46772      3478
46747      3319
46685      3342
46504      3264
46388      3309
46837      3154
46940      3129
46814      3190
46927      3215
47185      3240
46783      3196
47112      3125
47193      3100
47008      3206
46933      3168
47002      3279
47188      3408
46950      3354
47278      3458
46951      3341
46934      3202
46942      3354
46989      3428
46842      3453
47116      3491
46931      3359
47147      3314
46780      3203
46921      3309
47130      3455
47094      3462
47181      3481
47068      3429
46741      3448
47005      3362
46522      3294
47343      3326
47227      3324
47048      3316
46853      3486
46311      3332
46487      3283
46929      3273
46825      3206
46805      3259
46536      3222
46685      3394
46627      3418
46716      3507
46189      3469
46668      3369
46539      3271
46621      3286
46834      3226
46624      3265
46806      3254
46643      3256
46851      3219
46745      3298
46932      3286
46890      3439
46503      3502
46952      3317
46391      3273
46524      3365
46660      3379
46259      3439
46414      3330
46350      3313
46459      3396
46475      3333
47150      3315
46154      3193
46178      3140
46074      3203
46371      3220
46311      3224
46449      3193
46512      3240
46395      3208
46625      3194
46587      3177
46501      3201
46478      3196
46638      3207
46309      3207
46362      3146
46351      3183
46292      3118
46795      3148
46529      3128
46622      3139
46524      3155
46736      3034
46203      3051
46539      3087
46371      3082
46324      3004
46450      3065
46396      2926
46291      3005
46485      3117
46319      3102
46477      3045
46481      3096
46404      3200
45787      3190
46480      3210
46677      3236
46391      3112
46822      3190
46715      3108
46716      3021
46847      3048
46861      3016
46877      3086
46858      2985
46861      2853
47083      2856
46996      2814
46877      2830
46933      2859
47194      2779
47422      2871
47307      2901
46941      2895
47209      2894
47072      2893
47147      2897
47303      2844
47071      2816
47456      2832
47311      2855
47265      2879
47092      2848
47195      2848
47483      2815
47256      2814
47321      2808
47269      2788
47253      2786
47403      2786
47147      2785
47193      2780
47590      2792
47262      2751
47659      2772
47366      2760
47535      2713
47444      2639
47572      2602
47868      2628
47489      2601
47596      2635
47507      2716
47900      2701
47671      2629
47672      2607
47683      2544
47578      2525
47488      2533
47475      2548
47472      2587
47934      2552
47694      2567
47712      2575
47771      2556
47720      2549
47819      2561
47744      2569
47770      2590
47779      2578
47715      2574
48066      2553
47624      2558
47719      2588
47901      2565
48027      2594
47920      2598
47919      2565
48005      2563
47936      2537
47930      2553
47954      2554
47571      2555
47536      2562
47646      2547
47611      2537
47502      2576
47770      2550
47662      2575
47827      2559
47880      2567
47735      2523
47661      2536
47649      2551
47593      2546
48036      2535
47680      2530
47862      2543
47655      2544
47668      2546
47858      2530
47738      2538
47655      2531
48002      2541
47536      2557
47791      2546
47419      2553
47960      2545
47660      2578
47742      2553
47867      2528
47985      2554
48015      2540
48097      2533
47864      2512
47763      2528
47700      2520
48174      2520
47785      2532
47724      2533
47974      2527
47742      2523
48146      2516
47758      2542
47704      2527
47924      2524
47698      2537
47711      2528
47741      2537
