0.0390549 0.31847
0.0385975 0.320259
0.0382158 0.320733
0.038874 0.332692
0.0380149 0.33008
0.0376192 0.331352
0.0371953 0.322556
0.0376586 0.330044
0.0368861 0.322769
0.037398 0.32483
0.0376954 0.325664
0.0376201 0.323634
0.0379594 0.327612
0.0376695 0.32684
0.0385877 0.332025
0.0382459 0.333585
0.0386305 0.333832
0.0378626 0.330327
0.0391788 0.338315
0.0394723 0.341097
0.0377465 0.327826
0.038284 0.33159
0.0377674 0.325786
0.0372142 0.316627
0.0376049 0.319264
0.0370519 0.309435
0.0371637 0.305699
0.0385291 0.313496
0.0385704 0.309411
0.0386092 0.314524
0.0384131 0.308853
0.0395409 0.323865
0.0390098 0.317682
0.0385731 0.312315
0.0390477 0.321335
0.0388733 0.317014
0.0398734 0.326496
0.041056 0.339549
0.0404324 0.334633
0.0394225 0.330369
0.0408599 0.340859
0.0407766 0.337373
0.0403867 0.333878
0.0403444 0.335709
0.0386902 0.322934
0.0399781 0.333212
0.0403509 0.337902
0.0408589 0.346361
0.0393077 0.329897
0.0393515 0.334568
0.0379361 0.321811
0.0383092 0.326801
0.0378424 0.322671
0.0395724 0.334193
0.0386134 0.321701
0.039015 0.327495
0.0386754 0.322898
0.0393186 0.33168
0.0384354 0.321134
0.0389934 0.326083
0.0397273 0.330315
0.0393466 0.328969
0.0390746 0.329109
0.0383361 0.324023
0.0386342 0.326762
0.0381435 0.324135
0.0383215 0.322334
0.0378979 0.31164
0.0380988 0.318207
0.0376932 0.319705
0.0390484 0.331552
0.0387117 0.323572
0.0381409 0.320293
0.037529 0.316926
0.0377031 0.316288
0.0368726 0.310131
0.03684 0.308338
0.0382444 0.32059
0.0365169 0.307089
0.0372708 0.315982
0.0373593 0.317478
0.0373384 0.317781
0.037961 0.325534
0.0379028 0.32814
0.0371923 0.32756
0.0373894 0.334296
0.0373747 0.335656
0.037226 0.333205
0.0375119 0.331992
0.0372535 0.332946
0.0369612 0.335879
0.0366886 0.333268
0.0359826 0.325078
0.0352673 0.32138
0.0356665 0.318541
0.0365513 0.329713
0.0352954 0.319091
0.0357151 0.323724
0.0360517 0.326066
0.0358047 0.324771
0.0359819 0.328162
0.0361301 0.330577
0.0363385 0.336195
0.0370688 0.345469
0.0358147 0.331941
0.0360899 0.336677
0.0369885 0.346069
0.0381321 0.356914
0.0382529 0.353491
0.0382112 0.35838
0.0378063 0.352385
0.0378441 0.347602
0.0377293 0.34983
0.0382839 0.354909
0.038041 0.356195
0.0376042 0.352016
0.0375037 0.353036
0.0372042 0.350689
0.0377217 0.362235
0.037572 0.355791
0.037272 0.352381
0.0379487 0.35782
0.0373377 0.3582
0.0386457 0.367797
0.0386771 0.370271
0.0386467 0.373295
0.038431 0.369804
0.0391767 0.374693
0.0378781 0.362948
0.0387249 0.366694
0.0375203 0.352421
0.036931 0.345946
0.0375664 0.354141
0.0376596 0.356098
0.0386056 0.367171
0.0382053 0.363897
0.038362 0.362857
0.0382961 0.364985
0.0380364 0.364325
0.0376818 0.360106
0.0379944 0.365219
0.0381425 0.3664
0.0385028 0.368205
0.0380481 0.364588
0.0377132 0.360615
0.0384254 0.369936
0.0388308 0.373816
0.0375958 0.363863
0.0382038 0.369931
0.0386404 0.37388
0.0382641 0.371624
0.0380337 0.369109
0.0370402 0.360133
0.0378296 0.366771
0.0369159 0.358224
0.0361968 0.350776
0.0364807 0.35104
0.037341 0.361249
0.036214 0.349101
0.037707 0.360288
0.0375615 0.358901
0.0374549 0.357056
0.0372221 0.35688
0.0372435 0.359107
0.0371491 0.359129
0.0374052 0.363825
0.0363368 0.352197
0.0370205 0.366028
0.0373688 0.364696
0.0369224 0.358416
0.0367948 0.358022
0.0372932 0.365787
0.0370473 0.365612
0.0381155 0.374113
0.03862 0.379086
0.0379509 0.367065
0.0373846 0.364223
0.0381025 0.369256
0.0373919 0.360353
0.0371333 0.359307
0.0372643 0.358916
0.0372807 0.365369
0.0381735 0.369323
0.0393026 0.383049
0.0376706 0.36819
0.0378875 0.376643
0.0392324 0.39485
0.038287 0.380317
0.0388747 0.381845
0.0376728 0.368586
0.0381967 0.378395
0.0381863 0.380195
0.0389633 0.388072
0.0387229 0.382925
0.0385723 0.383051
0.038785 0.388842
0.0382734 0.381358
0.0392558 0.392842
0.0387874 0.386155
0.0391157 0.392253
0.0391462 0.395923
0.0383809 0.388011
0.0390427 0.39551
0.0393345 0.402953
0.0396807 0.405276
0.039569 0.406906
0.0392616 0.403589
0.0396605 0.408612
0.0386023 0.402603
0.0388364 0.406326
0.0389638 0.404919
0.039051 0.404772
0.0392676 0.410137
0.039219 0.413716
0.0392863 0.415323
0.0392439 0.418531
0.0402295 0.425776
0.03878 0.40716
0.0401331 0.419083
0.0388176 0.407052
0.0397496 0.418328
0.0409226 0.433363
0.0393923 0.416349
0.0391564 0.411595
0.0390981 0.415728
0.0400941 0.426799
0.0400747 0.42459
0.0388298 0.410943
0.0396335 0.41826
0.0393356 0.419923
0.0397529 0.419701
0.0395307 0.421361
0.0396239 0.420306
0.0389736 0.413986
0.0384451 0.404122
0.0386671 0.413848
0.0379771 0.404365
0.0380888 0.404515
0.0386447 0.414182
0.038132 0.409474
0.0387428 0.415646
0.0395228 0.426871
0.0402371 0.438321
0.0388628 0.421922
0.0388012 0.421295
0.0389429 0.42237
0.0391531 0.42328
0.039472 0.425358
0.0399099 0.430584
0.0395438 0.42867
0.0392752 0.426922
0.0405693 0.446818
0.0399033 0.440337
0.0403375 0.448081
0.0403718 0.44119
0.0401635 0.434464
0.0398531 0.426167
0.0402225 0.431218
0.0395637 0.425513
0.0396033 0.432364
0.0395561 0.432626
0.0404115 0.435168
0.0398642 0.433486
0.0385679 0.415416
0.0385717 0.415891
0.0394445 0.425837
0.039724 0.423798
0.039342 0.41605
0.0384347 0.40759
0.0390804 0.41926
0.0386405 0.421065
0.0384077 0.419444
0.0380654 0.415896
0.0378439 0.417557
0.0379531 0.420084
0.0378087 0.414708
0.039537 0.443973
0.0368807 0.416151
0.0371795 0.41398
0.0376106 0.424192
0.0371515 0.419656
0.0366415 0.420811
0.0376136 0.43546
0.0373976 0.438041
0.0362 0.427327
0.0364077 0.43681
0.035966 0.428175
0.0360928 0.437325
0.0355082 0.434648
0.0361208 0.443211
0.0360762 0.435525
0.0346291 0.423963
0.0360262 0.441585
0.0358239 0.441699
0.0362783 0.453047
0.0356195 0.454788
0.0365647 0.466151
0.0357531 0.462142
0.0349937 0.454767
0.0355475 0.461352
0.0353479 0.454961
0.0354271 0.456434
0.0345067 0.448144
0.0350428 0.453631
0.0356532 0.472737
0.0361042 0.486524
0.0364339 0.485035
0.0353718 0.471545
0.0357862 0.482739
0.0365935 0.496889
0.0371211 0.507548
0.0368391 0.500142
0.0357188 0.491822
0.0367156 0.511479
0.0366105 0.521623
0.037324 0.535993
0.0374195 0.542143
0.037915 0.557191
0.0370101 0.550464
0.0378153 0.576716
0.0373746 0.560701
0.0365836 0.540432
0.0377662 0.559715
0.0376209 0.559889
0.0379818 0.561171
0.0385421 0.57042
0.0376728 0.570575
0.0370463 0.568428
0.0377311 0.568627
0.0370148 0.570789
0.0377967 0.59063
0.0373609 0.59076
0.0379744 0.600461
0.0371293 0.591465
0.0374067 0.594962
0.0367826 0.591061
0.0377237 0.607633
0.0381425 0.609391
0.0376312 0.601461
0.0388048 0.622178
0.0391673 0.621971
0.0387965 0.629905
0.0386009 0.633798
0.0395487 0.641026
0.0383898 0.622622
0.0394339 0.649587
0.0386992 0.640415
0.0387027 0.647897
0.0395402 0.653833
0.0396252 0.662365
0.038916 0.650699
0.0394041 0.662219
0.0389654 0.65669
0.0399205 0.671777
0.0392837 0.655052
0.0402721 0.679972
0.0406384 0.676859
0.0403449 0.668392
0.0402976 0.6742
0.0393517 0.65522
0.0396604 0.66866
0.0402902 0.67876
0.0401292 0.674965
0.0393268 0.670931
0.0389418 0.667499
0.0391058 0.67094
0.0392984 0.668907
0.0391916 0.671057
0.0387431 0.669534
0.0375282 0.64186
0.0387524 0.658736
0.0392561 0.670814
0.0390769 0.661598
0.0381152 0.650496
0.0391225 0.677083
0.0396231 0.683286
0.039079 0.675081
0.0390993 0.689566
0.0390352 0.671551
0.0392695 0.682557
0.0396949 0.697547
0.0398225 0.693654
0.039075 0.682447
0.039076 0.68045
0.0395606 0.697291
0.0392676 0.682971
0.0381097 0.671429
0.0391467 0.700335
0.039292 0.706213
0.0388233 0.714774
0.0397476 0.722369
0.0396378 0.722433
0.0392512 0.727448
0.039272 0.74595
0.0394937 0.755167
0.0397499 0.773317
0.0409839 0.810777
0.0396594 0.785567
0.0399191 0.780906
0.0405596 0.792123
0.0410072 0.803659
0.0407142 0.797803
0.0393983 0.772467
0.0410762 0.812216
0.0400544 0.792063
0.0403407 0.804068
0.0383727 0.766958
0.0401385 0.798009
0.0394531 0.78613
0.040555 0.811218
0.0405603 0.80814
0.0405954 0.797872
0.0403104 0.783971
0.0394931 0.762555
0.0393592 0.772411
0.0390783 0.761303
0.0394047 0.760241
0.0399507 0.780179
0.0398234 0.776418
0.039598 0.762269
0.0386715 0.761219
0.0384728 0.754632
0.0394503 0.786817
0.0397948 0.795995
0.0393254 0.773702
0.0398203 0.795161
0.0391422 0.773273
0.0390563 0.77699
0.0396982 0.791806
0.0389235 0.778616
0.0392817 0.789006
0.0397633 0.794549
0.0386549 0.784734
0.0388214 0.792599
0.0385126 0.794872
0.0396406 0.806799
0.0385096 0.758448
0.0397389 0.784077
0.039868 0.789759
0.0392837 0.765361
0.0399855 0.77741
0.0409291 0.804077
0.0405874 0.800924
0.0411032 0.807676
0.0402427 0.797805
0.0408644 0.82669
0.0408623 0.834428
0.0413421 0.847368
0.0409631 0.843172
0.0412174 0.851262
0.0418533 0.862467
0.0412694 0.853345
0.0417586 0.855263
0.0418994 0.842333
0.0410918 0.838384
0.0411822 0.847788
0.0410705 0.848242
0.0410759 0.872215
0.0407824 0.850901
0.0407124 0.846119
0.0409308 0.845164
0.0409898 0.841453
0.0412424 0.843215
0.0409266 0.838053
0.0412442 0.836475
0.0400224 0.80086
0.0417115 0.863697
0.0420964 0.901753
0.0407881 0.885138
0.0398947 0.883843
0.039555 0.876719
0.0408556 0.891038
0.0410997 0.897921
0.0393391 0.858415
0.0405959 0.872972
0.0402644 0.846084
0.041248 0.85567
0.0406572 0.847359
0.0419503 0.869663
0.0423222 0.885327
0.0409817 0.836412
0.0413678 0.848096
0.041588 0.836316
0.0407162 0.799318
0.0410681 0.780498
0.0415539 0.791684
0.0412142 0.786844
0.041263 0.766761
0.0402969 0.764073
0.0410622 0.779633
0.0410605 0.766694
0.0409033 0.778286
0.0405623 0.775158
0.0411783 0.781354
0.0416858 0.782787
0.0414906 0.773469
0.0405066 0.749389
0.0402917 0.733949
0.0402682 0.723539
0.0395948 0.709906
0.0396536 0.69522
0.0395277 0.686095
0.041674 0.737046
0.0408372 0.705109
0.042454 0.73217
0.0441099 0.757052
0.0436333 0.759711
0.0422698 0.741788
0.042801 0.738456
0.0427975 0.743764
0.0419132 0.708456
0.0429595 0.733728
0.0422266 0.714962
0.0422105 0.712199
0.0408388 0.680476
0.0404372 0.684976
0.0418647 0.708077
0.0417575 0.688122
0.0409566 0.685165
0.040127 0.672131
0.0389933 0.64649
0.0395627 0.655408
0.0377391 0.617926
0.0374668 0.606494
0.0376491 0.602139
0.0374547 0.596497
0.0380863 0.615412
0.0393484 0.628322
0.0388655 0.627119
0.0393093 0.619903
0.0416031 0.647244
0.0417727 0.660897
0.0413725 0.638181
0.0406403 0.643836
0.0425358 0.667708
0.0417027 0.665841
0.0415809 0.659298
0.0408136 0.656217
0.0388802 0.627584
0.0393235 0.619348
0.0389066 0.614926
0.0394912 0.612814
0.0387456 0.600344
0.039253 0.611935
0.0383041 0.587106
0.0403422 0.615225
0.0402584 0.612203
0.0386465 0.585299
0.0406647 0.599933
0.0388017 0.565807
0.0397765 0.564363
0.0420127 0.606192
0.0411302 0.602758
0.0405541 0.603806
0.0377781 0.584621
0.0378548 0.577891
0.0371836 0.565646
0.0384393 0.571003
0.0366298 0.545903
0.0373187 0.553443
0.0369211 0.540497
0.0383947 0.573776
0.0380704 0.567942
0.038172 0.583949
0.0372372 0.55129
0.0374959 0.545368
0.0371717 0.540617
0.0381612 0.548868
0.0374928 0.541667
0.0370175 0.534962
0.0379667 0.542572
0.0368365 0.522166
0.0372053 0.530912
0.03732 0.538788
0.0376948 0.554529
0.0377355 0.554765
0.0377125 0.562637
0.0371147 0.54955
0.0371016 0.55067
0.037356 0.561596
0.0371226 0.549751
0.0357591 0.52583
0.0356709 0.515758
0.0355235 0.518586
0.0357405 0.511544
0.0352914 0.496896
0.0343772 0.482185
0.0342391 0.483328
0.0349259 0.494215
0.0350189 0.492912
0.0346139 0.494301
0.0351579 0.506521
0.0349796 0.497309
0.0349483 0.492996
0.0350836 0.489694
0.0349999 0.493066
0.034914 0.481589
0.0342816 0.475553
0.0356748 0.488432
0.0360124 0.486924
0.0356314 0.479682
0.0346034 0.467327
0.0356152 0.469399
0.0356692 0.477087
0.0354563 0.476651
0.0355999 0.482021
0.034615 0.472135
0.0343458 0.483804
0.035278 0.502847
0.0347589 0.492719
0.0343706 0.498789
0.0348769 0.508082
0.0355692 0.511285
0.0352319 0.500894
0.0338591 0.474118
0.0347987 0.498508
0.0357987 0.520405
0.035922 0.523488
0.0344229 0.505373
0.0351177 0.497163
0.0353735 0.507827
0.0356774 0.508571
0.0359487 0.507298
0.0354329 0.500598
0.0363026 0.504574
0.0364838 0.518418
0.0376224 0.540104
0.0379428 0.56
0.0379465 0.56798
0.0383337 0.57809
0.0374997 0.569137
0.0380615 0.582687
0.036676 0.569472
0.0380072 0.596731
0.0371389 0.578774
0.0371379 0.581818
0.0371311 0.575459
0.0361471 0.561064
0.03627 0.564389
0.0366912 0.580548
0.0364252 0.577658
0.0366027 0.575183
0.0368181 0.567788
0.0370363 0.558154
0.0369184 0.562743
0.035584 0.549984
0.0361369 0.562376
0.0361873 0.558467
0.0363966 0.563583
0.0364098 0.554221
0.0366026 0.548275
0.0367224 0.53839
0.0363381 0.54303
0.0375498 0.548637
0.0363285 0.522734
0.0374522 0.537542
0.0379168 0.54643
0.03868 0.561366
0.0379959 0.549616
0.0381789 0.545649
0.0383955 0.54284
0.0392733 0.561169
0.0385073 0.550729
0.0379661 0.548357
0.0377863 0.518023
0.0381982 0.537999
0.0380777 0.544876
0.0387972 0.564063
0.0386906 0.56194
0.0391267 0.578298
0.0384305 0.569628
0.0386335 0.572194
0.0389332 0.555759
0.0396676 0.561536
0.0391901 0.575055
0.039513 0.584334
0.0390392 0.563077
0.0394244 0.56775
0.03917 0.563385
0.039048 0.557208
0.0391254 0.566032
0.0380839 0.539272
0.0384664 0.535957
0.0392541 0.53808
0.0385327 0.537367
0.0378844 0.517743
0.0370551 0.513942
0.0373362 0.51865
0.038024 0.533154
0.0374447 0.516205
0.03691 0.497976
0.0378968 0.511194
0.0388039 0.516184
0.0401047 0.517585
0.0392391 0.523945
0.0397804 0.542699
0.0406528 0.545272
0.0412157 0.549003
0.0415676 0.566219
0.0403142 0.573245
0.0396731 0.543757
0.0404587 0.539205
0.040523 0.555069
0.0404981 0.557811
0.0402084 0.549942
0.0396508 0.531393
0.0396103 0.520157
0.038788 0.494682
0.0386001 0.495621
0.0382853 0.509938
0.0382862 0.510366
0.0387926 0.524704
0.0382182 0.525329
0.0381793 0.518991
0.04026 0.550102
0.0381767 0.513267
0.0382673 0.509322
0.0380175 0.502675
0.0388063 0.529635
0.0379005 0.521016
0.0382159 0.5247
0.0374025 0.514814
0.038609 0.518252
0.0384401 0.523144
0.038482 0.527007
0.0391083 0.516156
0.0399546 0.535131
0.0392931 0.522121
0.0394287 0.52862
0.0392458 0.517309
0.0388102 0.512504
0.0392743 0.517164
0.0388683 0.515992
0.0382971 0.508289
0.0383986 0.509014
0.0383985 0.507316
0.0381947 0.508499
0.0381883 0.510699
0.0386207 0.523713
0.0388603 0.520517
0.0384189 0.529809
0.0394919 0.547986
0.0397663 0.54105
0.0406074 0.546969
0.040205 0.569054
0.0401607 0.556576
0.0403335 0.55549
0.0395231 0.537631
0.037313 0.504925
0.0384213 0.509482
0.0383748 0.514996
0.0386086 0.523162
0.0392069 0.540819
0.0390526 0.532964
0.0377028 0.509091
0.0385358 0.506343
0.0375766 0.512716
0.0384038 0.523698
0.0393533 0.540897
0.0389014 0.523837
0.0390741 0.52056
0.0398337 0.520728
0.0389412 0.519027
0.0393358 0.523536
0.039339 0.515965
0.0387387 0.511357
0.038385 0.500558
0.0377938 0.499571
0.0382101 0.533313
0.0381184 0.519941
0.0391236 0.529786
0.0388225 0.499311
0.0386772 0.509771
0.0405002 0.531136
0.0397138 0.533739
0.0402456 0.536011
0.0402656 0.531975
0.0405995 0.541643
0.0415119 0.552273
0.0423785 0.561663
0.0400189 0.525438
0.0399443 0.531982
0.0397435 0.528071
0.0399631 0.538172
0.0384846 0.504641
0.03873 0.508772
0.0386015 0.50351
0.0385811 0.500276
0.0391814 0.510981
0.0388114 0.508352
0.0381565 0.501822
0.0385157 0.526224
0.0386578 0.522155
0.0368545 0.485179
0.0372042 0.510365
0.0374883 0.510607
0.0373824 0.515294
0.0381555 0.526875
0.0381914 0.534988
0.0377205 0.556045
0.0374632 0.534735
0.0363997 0.501174
0.0380801 0.503968
0.0380293 0.511688
0.0378901 0.517544
0.0376631 0.504448
0.0378884 0.520625
0.0372458 0.508187
0.036975 0.498986
0.0369579 0.495842
0.0373636 0.510975
0.0366327 0.500146
0.0365721 0.495524
0.0347566 0.470179
0.036325 0.496627
0.0363563 0.490365
0.036376 0.488139
0.0360849 0.489937
0.0349822 0.479873
0.0355481 0.471268
0.0350435 0.46646
0.0349928 0.465551
0.0334896 0.441308
0.032621 0.430665
0.0335488 0.441769
0.0336093 0.445416
0.0341857 0.473064
0.0340669 0.482614
0.0338667 0.472749
0.0342347 0.478092
0.0339096 0.496083
0.0332378 0.474649
0.0337564 0.479951
0.0334798 0.486578
0.034438 0.499075
0.0345896 0.501693
0.0339369 0.484195
0.0334738 0.470396
0.0332103 0.485121
0.0336484 0.480353
0.0344106 0.488034
0.0341302 0.495077
0.035166 0.508756
0.0349633 0.511816
0.0355341 0.532207
0.0350896 0.522976
0.0349078 0.523087
0.0350595 0.535922
0.0339644 0.505682
0.0348941 0.520051
0.0356008 0.53416
0.0350714 0.52103
0.0340466 0.50392
0.0332521 0.493551
0.0334794 0.501114
0.0338811 0.509854
0.0349073 0.51986
0.0344872 0.507812
0.0349614 0.510191
0.0342247 0.493714
0.0348354 0.503387
0.0352489 0.510362
0.0347353 0.509872
0.0343239 0.499379
0.0349055 0.508054
0.0350814 0.525661
0.0345431 0.519089
0.035619 0.507449
0.035876 0.529134
0.0356436 0.530735
0.0368462 0.547718
0.0355705 0.540514
0.0357761 0.554672
0.0356067 0.547126
0.0342524 0.50599
0.0347645 0.515783
0.0346918 0.502008
0.0340398 0.482779
0.0324906 0.473069
0.0318301 0.464042
0.0326904 0.47275
0.0322546 0.462147
0.0329819 0.486723
0.0330652 0.495232
0.0329882 0.5
0.0334357 0.501907
0.0326808 0.487196
0.0325438 0.495804
0.0325415 0.489899
0.0309222 0.458385
0.0315193 0.465377
0.0314078 0.464687
0.0320022 0.479456
0.0310774 0.462682
0.032256 0.485224
0.0314696 0.488948
0.03215 0.490933
0.0326467 0.500814
0.0312639 0.490879
0.0313259 0.492527
0.0300715 0.470763
0.0304884 0.467335
0.0320121 0.506384
0.0317454 0.49652
0.0309676 0.483796
0.0316492 0.505946
0.0316508 0.510463
0.0323123 0.536396
0.0315687 0.516476
0.0314989 0.523725
0.0309285 0.524785
0.0303699 0.52902
0.0289385 0.507435
0.0293326 0.500362
0.0267793 0.464639
0.0277257 0.469184
0.0278546 0.458463
0.0279224 0.469359
0.0274725 0.477672
0.0270536 0.475331
0.0277795 0.491287
0.0283522 0.505028
0.0284008 0.498895
0.0279939 0.506191
0.0279541 0.473141
0.0276817 0.489019
0.0273018 0.49716
0.0267455 0.469752
0.0262562 0.456134
0.0260214 0.453782
0.0259395 0.453653
0.0247495 0.428623
0.0241786 0.415263
0.0247736 0.444736
0.0262731 0.485945
0.0256667 0.486358
0.0249708 0.472936
0.0250298 0.483259
0.025313 0.484064
0.0245172 0.459207
0.0246153 0.452708
0.0235211 0.426797
0.0247854 0.469252
0.0245847 0.465775
0.0249184 0.467786
0.0251294 0.46145
0.0259191 0.478377
0.0247353 0.458765
0.0244741 0.465327
0.0239461 0.450331
0.0246806 0.450683
0.024764 0.448276
0.0240548 0.462609
0.0234651 0.440499
0.0236641 0.437886
0.0232025 0.433749
0.023878 0.431912
0.0242132 0.444828
0.0249651 0.45586
0.0250989 0.456959
0.0253526 0.458664
0.0262871 0.475938
0.0261636 0.467484
0.0267334 0.47561
0.0269447 0.483451
0.0274443 0.482124
0.0264348 0.483232
0.0264412 0.465354
0.0259672 0.451366
0.0265321 0.447997
0.0262181 0.44125
0.0259224 0.442301
0.0259778 0.440367
0.0268065 0.450105
0.0269527 0.458703
0.0276015 0.474175
0.0277795 0.487226
0.0279608 0.47695
0.0287346 0.489702
0.0278391 0.490816
0.0274849 0.476727
0.0282054 0.505232
0.0275884 0.480567
0.0285602 0.495495
0.0283921 0.480865
0.0278206 0.470862
0.027805 0.461511
0.0290945 0.502384
0.029119 0.484838
0.0291651 0.468208
0.0282387 0.461964
0.028006 0.451403
0.0277813 0.451702
0.0280805 0.458232
0.0295471 0.469973
0.0289772 0.460162
0.0300786 0.498938
0.0307531 0.491933
0.0325496 0.51041
0.0328459 0.515804
0.0329543 0.507251
0.0338658 0.509779
0.0327844 0.490729
0.0339409 0.489997
0.0353228 0.517209
0.0357204 0.512412
0.0347363 0.4899
0.0355961 0.497315
0.0349567 0.50775
0.0362215 0.508698
0.0353713 0.507021
0.0340006 0.492284
0.0348914 0.522546
0.0350384 0.505994
0.0338393 0.490105
0.0348046 0.492429
0.0339477 0.499844
0.0335784 0.496075
0.0333626 0.494417
0.0330279 0.476923
0.0339213 0.486634
0.0340612 0.508233
0.0343919 0.504991
0.0344212 0.49678
0.0362391 0.524308
0.0361985 0.521075
0.0347326 0.47807
0.0350512 0.49639
0.0342397 0.461694
0.0343099 0.486388
0.0337122 0.488199
0.0336853 0.499683
0.0330744 0.494904
0.0344438 0.511407
0.0355646 0.529787
0.0356875 0.54483
0.0352012 0.518658
0.0354058 0.476136
0.0361948 0.509792
0.0364785 0.509575
0.0369216 0.526042
0.0372079 0.521608
0.036168 0.537096
0.0362378 0.543624
0.0359294 0.527273
0.0369936 0.539969
0.0361556 0.526543
0.0363807 0.532541
0.0365724 0.55136
0.0360859 0.549355
0.035143 0.515284
0.0360514 0.534091
0.0348496 0.499543
0.0353692 0.48973
0.0356975 0.499702
0.0345192 0.471949
0.0345467 0.485483
0.0345805 0.506871
0.0341911 0.478533
0.0343485 0.470828
0.0340506 0.461917
0.0356991 0.48181
0.0359677 0.502531
0.036015 0.512372
0.0359342 0.524821
0.0364442 0.516772
0.0358795 0.489436
0.0365652 0.4974
0.0362434 0.491238
0.0360117 0.494313
0.0368841 0.5
0.0367408 0.513682
0.037982 0.53643
0.0380838 0.542093
0.0384102 0.545728
0.0391302 0.555187
0.0385247 0.517785
0.0384142 0.533914
0.0389141 0.55102
0.0385476 0.552704
0.0390176 0.569869
0.0394189 0.566125
0.039174 0.565798
0.0393488 0.541249
0.0406202 0.554125
0.0399863 0.532649
0.0401827 0.535025
0.0406917 0.563669
0.0402888 0.573219
0.0397889 0.564516
0.039971 0.580285
0.0397006 0.566922
0.039418 0.566994
0.0393199 0.563268
0.0388466 0.565393
0.0382715 0.54245
0.0385877 0.551126
0.0398806 0.543763
0.0386212 0.51285
0.038976 0.551703
0.0406544 0.57623
0.0386037 0.53373
0.0395199 0.545724
0.0413325 0.555976
0.0423364 0.59009
0.0406904 0.569273
0.039777 0.54417
0.0376331 0.524752
0.0377943 0.537557
0.0383715 0.554651
0.0391312 0.575478
0.0385901 0.555105
0.0382351 0.550621
0.0369675 0.531017
0.0374174 0.544316
0.0376032 0.539815
0.0373532 0.540212
0.0364826 0.532561
0.0363621 0.533207
0.0378486 0.549828
0.0363398 0.528473
0.0363223 0.52822
0.0367099 0.53009
0.0363229 0.535283
0.0359863 0.524034
0.0357513 0.530789
0.0355166 0.527954
0.0352468 0.524297
0.0348119 0.517044
0.0364758 0.537876
0.0356684 0.54944
0.0347596 0.526385
0.0368078 0.554908
0.0365099 0.549319
0.0375615 0.579228
0.0363186 0.550408
0.0373524 0.592276
0.0378475 0.583028
0.036743 0.547963
0.0376303 0.561896
0.0369 0.563218
0.0370904 0.556848
0.0365055 0.529375
0.0366261 0.525705
0.0361876 0.523988
0.0351993 0.507726
0.0353301 0.526671
0.0356884 0.523824
0.0359842 0.540862
0.0352556 0.545184
0.0359041 0.551837
0.0349118 0.54244
0.0343239 0.521387
0.0334841 0.525628
0.0328845 0.540133
0.0321347 0.529762
0.0317261 0.529851
0.0306547 0.507774
0.0298937 0.490731
0.0298555 0.507017
0.0298806 0.493556
0.0293614 0.4788
0.0299738 0.48601
0.029613 0.483068
0.0301028 0.489803
0.0299489 0.487401
0.0302729 0.503516
0.029976 0.501065
0.0293957 0.492585
0.0291053 0.482312
0.0287316 0.471692
0.0282426 0.466994
0.0273546 0.453301
0.0270834 0.456838
0.0274674 0.461265
0.0271127 0.456909
0.0270367 0.458393
0.027575 0.467696
0.0270658 0.460517
0.027743 0.469659
0.0273346 0.464029
0.0274007 0.467049
0.026808 0.46056
0.02627 0.451659
0.0268758 0.461232
0.0270117 0.473277
0.0267473 0.480864
0.0261498 0.478094
0.0270953 0.493531
0.0273958 0.500192
0.0270191 0.488046
0.0277222 0.484904
0.0280167 0.496853
0.027459 0.497908
0.0277312 0.507096
0.0273892 0.513365
0.0275968 0.52
0.0275438 0.516384
0.0281622 0.524725
0.0279112 0.512176
0.0279551 0.525078
0.027949 0.519283
0.0268905 0.498252
0.0275062 0.514085
0.0277661 0.519812
0.0269558 0.503319
0.0264955 0.492409
0.0274021 0.505405
0.0261412 0.484484
0.0264906 0.491064
0.0278783 0.524873
0.0269612 0.501955
0.0274105 0.50541
0.0274525 0.512671
0.0273596 0.506554
0.0275459 0.508083
0.0273378 0.510721
0.0276013 0.516972
0.0276619 0.522665
0.0271229 0.509205
0.0272761 0.512138
0.027769 0.517025
0.0274318 0.508977
0.0275784 0.515901
0.0279347 0.524241
0.0278515 0.513587
0.0272975 0.511373
0.0271285 0.502136
0.0267422 0.499805
0.0266708 0.497468
0.0265633 0.502576
0.0271081 0.509464
0.0262965 0.49118
0.0268947 0.502749
0.0267716 0.507298
0.0269295 0.50751
0.0262212 0.493512
0.0269017 0.503931
0.0268524 0.502749
0.0257637 0.487352
0.0267292 0.502758
0.0273424 0.514816
0.0257073 0.485636
0.0266114 0.49472
0.02603 0.48861
0.0264873 0.49197
0.02598 0.489587
0.0259966 0.480605
0.0258263 0.482961
0.0254246 0.481408
0.0261123 0.490603
0.0258461 0.488583
0.0261971 0.497434
0.0257814 0.491242
0.0251659 0.475475
0.0263522 0.49881
0.0253664 0.484921
0.0262635 0.495656
0.0252703 0.476115
0.025618 0.486347
0.0263081 0.49782
0.0257135 0.492051
0.0263621 0.495279
0.0262242 0.495053
0.0251231 0.477021
0.0263114 0.494679
0.0257593 0.486155
0.0258269 0.486007
