60.7243   285.302   346.026 0.104337   0.0458943
62.7404   318.328   381.069 0.111308   0.0513958
64.1105   315.666   379.776 0.111303   0.0509549
61.6626   320.285   381.948 0.107551   0.0509494
65.6333   307.804   373.437 0.109633   0.0489121
63.3103   320.054   383.365 0.110425   0.0510807
67.3549   313.888   381.243 0.113711   0.050022
63.2514   327.103   390.355 0.1084   0.0527926
62.1796   334.235   396.415 0.107888   0.0553187
64.6898   368.918   433.607 0.116418   0.061517
66.3657   435.607   501.973 0.11947   0.0717551
70.1631   460.902   531.065 0.122235   0.0759468
70.2137   469.503   539.717 0.125494   0.0781041
70.6066   470.887   541.494 0.126038   0.0803425
67.1382   437.623   504.761 0.123826   0.0751878
73.1818   414.504   487.686 0.125151   0.0722731
70.6742   420.345   491.019 0.120153   0.0729056
73.213   411.113   484.326 0.122635   0.0708419
73.4577   416.676   490.134 0.121922   0.0712115
74.8082   416.159   490.967 0.123906   0.0721652
73.7516   419.617   493.369 0.126287   0.0724769
73.5974   416.079   489.677 0.123382   0.0714667
72.7787   414.811   487.589 0.125103   0.0704532
73.5348   431.016   504.551 0.124804   0.0724445
70.8581   447.498   518.356 0.124575   0.075438
69.6737   458.449   528.122 0.124284   0.0761037
72.9491   478.711   551.66 0.125288   0.0787742
73.0638   462.921   535.985 0.123627   0.0756994
78.2211   466.88   545.101 0.125825   0.0777378
76.1153   453.79   529.905 0.126774   0.0768588
72.0293   453.091   525.12 0.127317   0.0783827
73.3228   460.576   533.898 0.124487   0.0803769
69.2767   470.73   540.007 0.126319   0.0846703
63.5053   445.28   508.785 0.103387   0.0650257
68.9621   509.157   578.119 0.113705   0.0751246
63.4013   432.888   496.29 0.109407   0.0637914
61.9672   434.868   496.835 0.11391   0.064444
69.6058   477.501   547.107 0.117339   0.0720039
71.5772   472.558   544.135 0.124158   0.0723119
71.5135   470.754   542.268 0.126887   0.0748798
68.8263   478.948   547.774 0.122598   0.076453
69.4147   476.075   545.49 0.116899   0.0769427
72.9522   491.242   564.194 0.120682   0.0775165
72.2098   461.71   533.92 0.122514   0.0738264
74.2406   457.779   532.02 0.125153   0.0738616
72.5201   472.22   544.74 0.124263   0.0751153
68.545   489.26   557.805 0.121923   0.0802038
68.715   510.005   578.72 0.126036   0.085288
76.1242   523.326   599.45 0.127682   0.0886813
69.5545   542.129   611.684 0.125008   0.0916069
54.3694   444.965   499.334 0.0975673   0.0659647
58.1794   452.106   510.286 0.0984756   0.0679022
58.1501   445.317   503.467 0.101448   0.0662103
60.0153   447.234   507.249 0.102328   0.0673621
59.0117   456.109   515.121 0.102808   0.0688591
60.5842   462.332   522.916 0.101822   0.0700185
62.5972   455.025   517.622 0.104958   0.0691695
66.7399   480.812   547.552 0.105894   0.0731913
62.6531   464.527   527.18 0.108924   0.0710047
62.55   498.215   560.765 0.110007   0.0772139
63.6482   495.051   558.699 0.109691   0.0771588
68.6788   497.161   565.84 0.113182   0.0778761
68.5697   499.081   567.651 0.112717   0.0779165
68.8123   482.279   551.092 0.115032   0.0747859
66.9676   513.296   580.263 0.112978   0.0803468
71.0093   527.883   598.892 0.119023   0.0849998
64.6667   519.177   583.843 0.112738   0.083606
56.7526   452.696   509.449 0.0941952   0.0666048
58.6113   455.248   513.859 0.0983412   0.0672275
56.7759   447.65   504.426 0.091353   0.0660666
60.5245   439.787   500.312 0.0965688   0.0652019
65.3433   450.598   515.942 0.104591   0.066627
63.8917   481.867   545.759 0.107607   0.072063
62.5431   499.428   561.971 0.103206   0.0751879
62.7512   517.537   580.288 0.10403   0.0773574
63.0435   516.173   579.216 0.106853   0.0795924
60.3086   526.328   586.637 0.104557   0.080189
60.4635   535.655   596.118 0.107472   0.082765
66.5528   531.938   598.491 0.109462   0.0809622
66.8092   516.659   583.468 0.111796   0.0791766
65.3224   539.504   604.827 0.109308   0.0835482
63.7503   543.08   606.831 0.109763   0.0837183
64.7179   537.416   602.134 0.114952   0.083372
65.1046   553.411   618.516 0.112599   0.0851559
56.6563   469.113   525.769 0.0934922   0.0695744
62.4019   471.854   534.256 0.0967472   0.0702226
63.214   447.74   510.954 0.100379   0.0657282
60.284   460.453   520.737 0.0986322   0.0675647
60.7336   509.951   570.685 0.0961583   0.0750149
66.125   485.415   551.54 0.103127   0.0722817
67.9919   488.608   556.6 0.106376   0.0731649
69.7119   507.303   577.015 0.105464   0.0776762
66.4458   524.545   590.991 0.103305   0.0784894
67.7275   524.713   592.441 0.103496   0.0789233
67.2086   537.355   604.564 0.104822   0.0816215
68.9729   536.188   605.161 0.106549   0.0811299
69.0108   524.052   593.063 0.10716   0.0802776
77.394   527.32   604.714 0.113348   0.081349
75.918   530.554   606.472 0.112001   0.0824717
60.9236   416.519   477.442 0.0902572   0.0623904
63.977   430.081   494.058 0.0947527   0.0645961
67.2713   420.257   487.528 0.0994255   0.0644447
69.0488   426.663   495.712 0.103027   0.065772
68.6259   455.91   524.536 0.102244   0.0694455
71.2056   439.327   510.532 0.103196   0.0684434
66.0361   444.917   510.953 0.0983851   0.070112
67.8638   459.873   527.737 0.0982964   0.0725832
69.5221   468.737   538.259 0.0986129   0.0733759
75.1598   472.502   547.662 0.101622   0.0749148
74.8599   470.274   545.134 0.105884   0.0744812
73.8696   442.06   515.929 0.108345   0.0701526
76.2718   464.228   540.5 0.106848   0.0738217
74.4351   455.546   529.981 0.109335   0.0725507
77.9688   461.162   539.131 0.109277   0.073119
57.4511   417.908   475.359 0.0831178   0.0639629
58.7453   433.661   492.406 0.0879947   0.0668054
63.6456   471.079   534.724 0.0927508   0.0734225
63.5533   452.557   516.11 0.0913779   0.0705063
63.1573   447.161   510.319 0.0911361   0.0695682
65.7961   447.096   512.892 0.0967021   0.0715537
68.0199   418.629   486.649 0.0995898   0.0672767
62.394   419.65   482.044 0.0946558   0.0675746
65.6042   440.313   505.917 0.0949409   0.0713127
63.448   450.314   513.762 0.093858   0.0738725
66.8397   448.082   514.922 0.0964962   0.0750682
67.6531   456.506   524.159 0.0954743   0.075443
67.7121   471.356   539.068 0.0963188   0.0751572
60.4901   405.428   465.918 0.0863651   0.0628318
60.2524   419.897   480.149 0.087555   0.0652453
61.8478   464.803   526.651 0.0916458   0.0729332
60.8182   454.709   515.527 0.0928522   0.0714933
65.3566   466.209   531.566 0.0978148   0.0745438
68.8932   486.665   555.559 0.102494   0.0785578
69.7128   477.781   547.494 0.104921   0.0790711
73.1077   477.561   550.669 0.110574   0.0810043
70.3697   478.819   549.189 0.112669   0.0818794
79.6432   492.321   571.964 0.113939   0.0847659
76.7403   484.082   560.822 0.113437   0.0845854
57.0847   369.923   427.007 0.0875309   0.0631716
62.0818   379.899   441.981 0.094421   0.0653964
61.8299   395.943   457.773 0.0997257   0.0697103
62.6224   411.781   474.403 0.0999028   0.0727806
66.5697   410.837   477.407 0.102415   0.0729491
67.3153   402.894   470.209 0.104825   0.0733556
65.8154   398.274   464.089 0.105614   0.07348
66.1979   401.226   467.424 0.105143   0.0760185
64.8141   375.174   439.988 0.103207   0.0726819
68.3083   388.157   456.465 0.109398   0.0758949
49.6097   346.436   396.045 0.0877272   0.065756
51.5859   350.421   402.007 0.0908203   0.0678585
53.1619   366.264   419.426 0.0905141   0.071064
57.8553   337.002   394.858 0.0975638   0.0664088
56.4878   326.86   383.348 0.100267   0.0658362
58.2727   334.878   393.151 0.0994415   0.0667797
60.1301   339.942   400.072 0.104182   0.0689678
63.5714   321.259   384.83 0.103875   0.0666611
63.4005   319.903   383.304 0.101696   0.0676696
65.039   314.024   379.063 0.10544   0.0687394
46.7903   271.309   318.1 0.0792832   0.0581814
51.6933   283.72   335.413 0.0839176   0.0618015
59.0437   294.764   353.808 0.0908364   0.0658936
55.1939   318.26   373.454 0.090954   0.0705625
55.8012   328.866   384.668 0.0931128   0.0744379
56.7759   300.52   357.296 0.0959283   0.069856
54.2086   300.515   354.723 0.0911944   0.0703405
53.7345   293.944   347.678 0.0942003   0.0705505
55.0166   286.076   341.093 0.0946   0.0689293
58.0753   291.812   349.888 0.0959394   0.0713943
48.1246   263.909   312.033 0.0834773   0.0630883
49.5571   254.939   304.496 0.086315   0.0621737
52.5583   252.891   305.449 0.0891899   0.0622489
56.247   255.215   311.462 0.0918318   0.0636262
54.7029   269.426   324.129 0.0931453   0.066089
51.9559   260.885   312.841 0.0904255   0.0660254
53.9405   263.305   317.246 0.0943291   0.0677574
51.6159   268.697   320.313 0.0911136   0.0688613
51.6889   262.745   314.434 0.0911352   0.069089
54.9539   264.786   319.74 0.0936981   0.0696316
53.6423   267.284   320.927 0.0923275   0.0712914
49.4994   243.405   292.904 0.083938   0.064206
46.5867   252.516   299.103 0.085279   0.066826
46.8108   266.386   313.197 0.0860757   0.0707252
46.9997   269.985   316.984 0.0871373   0.0731145
50.8229   269.026   319.849 0.0919663   0.0734893
52.7365   277.409   330.146 0.0948011   0.0760443
51.3407   264.378   315.719 0.0909604   0.0729118
51.7443   258.848   310.592 0.0914671   0.0709034
51.6742   258.647   310.321 0.0932747   0.0716109
52.7805   251.255   304.036 0.0903002   0.0714911
40.8512   231.852   272.703 0.0789722   0.0641284
46.1876   233.412   279.599 0.0831139   0.0654154
44.8951   245.317   290.212 0.0841432   0.0705767
46.0467   231.347   277.394 0.087257   0.0671767
49.3122   232.817   282.129 0.093542   0.0687891
51.2386   224.656   275.894 0.0894607   0.0667675
51.057   219.592   270.649 0.0928122   0.0657265
53.4465   210.455   263.901 0.093907   0.0659674
51.2999   206.252   257.552 0.0939903   0.0659858
51.5915   211.839   263.431 0.0906905   0.0671573
41.3824   188.547   229.93 0.0783263   0.0585712
46.2395   200.735   246.974 0.0823684   0.0627002
44.4884   201.704   246.192 0.0868672   0.0646278
45.7904   198.234   244.025 0.087986   0.0634089
52.5125   198.644   251.156 0.0937513   0.064668
49.0472   203.681   252.729 0.0928673   0.0657218
51.2058   195.919   247.125 0.0956001   0.0654345
53.2967   194.036   247.333 0.0972567   0.0656066
52.0199   201.84   253.86 0.0997984   0.0675475
40.021   185.309   225.33 0.0817311   0.0597899
44.2132   186.687   230.9 0.0853743   0.0606027
44.1526   188.681   232.833 0.0900156   0.0630933
46.2005   189.673   235.874 0.096452   0.0651882
49.479   200.964   250.443 0.0994553   0.0690893
50.6408   195.856   246.497 0.102154   0.0685246
49.4789   201.08   250.559 0.104229   0.0707033
51.6849   217.117   268.801 0.107902   0.0761245
40.3937   183.463   223.857 0.0885098   0.0614487
47.7021   187.571   235.273 0.0999745   0.0655941
48.6683   194.899   243.568 0.102748   0.0701834
48.7929   198.787   247.58 0.109087   0.0749293
51.5408   200.595   252.136 0.111742   0.0757892
52.8893   202.073   254.962 0.114852   0.0801677
53.1943   195.14   248.335 0.117724   0.0799474
54.071   190.335   244.406 0.114342   0.081763
39.4008   165.365   204.766 0.0880042   0.0668721
41.0273   162.636   203.663 0.0914426   0.0700261
46.4583   180.412   226.87 0.103573   0.0792633
46.2581   183.862   230.12 0.102727   0.0820009
51.4884   187.616   239.104 0.109384   0.0874083
53.0843   195.866   248.95 0.112892   0.0912987
50.8066   187.617   238.424 0.113155   0.0881142
45.6953   159.733   205.428 0.0947052   0.0709032
51.3417   155.293   206.635 0.102683   0.072516
50.4542   153.956   204.41 0.104919   0.0732969
54.5672   164.441   219.009 0.114768   0.0792211
55.7773   164.66   220.437 0.119722   0.0825638
61.0643   160.725   221.789 0.121352   0.0826817
57.8455   162.368   220.213 0.125903   0.0845128
60.0233   168.405   228.428 0.126498   0.0865555
40.8285   145.977   186.805 0.0903571   0.0667606
43.9415   151.105   195.046 0.0949516   0.0701579
48.5987   164.901   213.5 0.105458   0.0767817
45.3049   171.206   216.511 0.10533   0.0785396
51.1154   162.971   214.087 0.110408   0.0756376
53.3707   173.593   226.964 0.116051   0.0843414
52.8768   167.752   220.629 0.114271   0.0815068
54.4338   178.682   233.116 0.115817   0.0854207
43.8996   170.717   214.616 0.0926803   0.0696566
42.6177   183.795   226.413 0.0975792   0.0744072
54.1855   198.036   252.222 0.108344   0.0809468
53.0898   201.164   254.254 0.109399   0.0838534
58.571   202.547   261.119 0.119023   0.08752
57.0871   213.402   270.489 0.118746   0.0894721
55.3048   200.605   255.91 0.122872   0.0877691
58.1839   211.752   269.936 0.124225   0.0896779
39.604   197.092   236.696 0.0905235   0.0677089
48.2522   238.679   286.931 0.1004   0.0805531
45.3876   241.934   287.321 0.102196   0.0854625
48.3681   247.986   296.354 0.10427   0.0900988
51.6769   248.087   299.764 0.114203   0.0896463
47.3095   243.556   290.866 0.110065   0.0889594
55.7334   247.458   303.191 0.123168   0.091719
44.8088   233.192   278 0.0935187   0.0760431
53.1413   253.331   306.473 0.10466   0.0806981
54.9678   263.373   318.341 0.108955   0.0809382
60.3872   275.146   335.533 0.117779   0.0855818
58.3472   269.679   328.026 0.118022   0.0858133
54.52   265.792   320.312 0.116309   0.0853162
53.8494   263.383   317.233 0.118428   0.0852869
50.5954   269.659   320.254 0.112721   0.0873612
49.7885   260.276   310.065 0.112936   0.0823771
51.5466   256.714   308.261 0.113957   0.0837021
52.43   219.55   271.98 0.09974   0.06369
54.4962   247.998   302.494 0.106196   0.0711684
52.2667   258.259   310.525 0.107104   0.0756469
48.085   260.805   308.89 0.106915   0.0825922
50.7394   269.67   320.41 0.118136   0.0847407
58.2751   290.723   348.998 0.128021   0.0902923
55.2896   275.995   331.285 0.121143   0.0845262
54.9626   261.613   316.576 0.125917   0.0830781
51.6357   266.953   318.589 0.120363   0.0848894
49.5565   257.881   307.437 0.117266   0.0816173
47.0863   220.828   267.915 0.0922176   0.0629284
55.6121   250.737   306.349 0.100637   0.0700109
55.9625   275.358   331.321 0.101198   0.0763697
54.2618   265.841   320.103 0.100702   0.0741572
63.8012   278.816   342.617 0.107803   0.076381
62.9353   281.717   344.652 0.111311   0.0780509
68.2343   291.489   359.724 0.114808   0.0796057
65.2721   308.873   374.146 0.11556   0.0821763
68.0943   319.816   387.91 0.120025   0.0852728
68.5763   308.325   376.901 0.124594   0.0824221
47.3972   249.53   296.928 0.0852212   0.0602512
48.4904   256.531   305.022 0.0890058   0.0617434
52.0402   259.797   311.838 0.090781   0.0632842
50.2959   279.784   330.08 0.0925124   0.0672288
51.8147   297.898   349.713 0.0927155   0.0712845
59.3727   322.794   382.167 0.103185   0.076102
57.5397   383.192   440.732 0.10626   0.0932643
56.5965   307.428   364.024 0.0988931   0.0746897
46.3207   283.448   329.769 0.0835737   0.0663852
50.0548   309.4   359.455 0.0896397   0.0725644
49.969   285.092   335.061 0.0884095   0.0690931
53.9657   284.424   338.39 0.0935282   0.0682268
53.4483   308.613   362.061 0.0948505   0.0732524
57.9705   322.474   380.444 0.101259   0.0769505
62.2269   315.601   377.828 0.106919   0.0768409
61.812   310.9   372.712 0.106243   0.0772384
63.4591   321.771   385.23 0.104833   0.0802687
61.0151   309.413   370.428 0.108794   0.0776088
62.9461   301.687   364.633 0.107051   0.0756297
58.7011   256.538   315.239 0.0898945   0.0604956
66.4003   251.795   318.195 0.0969112   0.0615862
63.159   247.161   310.32 0.100957   0.0599148
62.2431   244.969   307.212 0.0976362   0.0617672
63.6159   255.868   319.484 0.10159   0.0654227
65.4658   233.791   299.257 0.102104   0.0603774
60.09   246.063   306.153 0.101059   0.0629801
64.0466   247.705   311.752 0.100465   0.0647004
62.6398   239.988   302.628 0.0993651   0.0636371
61.0949   241.358   302.453 0.100391   0.0648438
60.6454   233.961   294.607 0.0989967   0.0644912
60.7329   239.048   299.781 0.100885   0.0648847
49.5971   232.053   281.65 0.0822164   0.0590616
52.6961   240.089   292.786 0.0858476   0.0618097
58.5886   254.096   312.685 0.0946809   0.0648336
63.9211   257.057   320.978 0.098431   0.0646229
74.5612   257.781   332.342 0.108637   0.0653022
66.749   279.424   346.173 0.103551   0.0704727
65.1476   292.274   357.421 0.102562   0.0734652
62.7633   282.127   344.89 0.102554   0.0720888
59.931   289.844   349.775 0.103747   0.0738771
59.9411   249.061   309.002 0.0921887   0.0599916
61.9541   258.661   320.615 0.0941074   0.0602168
62.6438   273.733   336.376 0.099619   0.0651796
69.3159   271.063   340.379 0.102198   0.0645734
68.9287   264.066   332.995 0.104702   0.0637354
69.0388   277.759   346.798 0.105672   0.0666382
70.9413   299.557   370.498 0.105437   0.0708815
54.7855   261.235   316.021 0.0844674   0.0596128
57.4191   271.275   328.695 0.0881743   0.0609115
55.8719   270.092   325.964 0.0874091   0.0608673
59.9553   285.669   345.625 0.0964532   0.0636859
60.8721   288.01   348.882 0.0964998   0.0654478
67.575   293.82   361.395 0.100558   0.0669446
60.2279   261.92   322.148 0.0832452   0.0581108
66.3672   257.531   323.898 0.0891233   0.0579785
73.6843   259.634   333.318 0.0928481   0.0595299
70.6995   270.968   341.667 0.0953337   0.0614522
72.8544   274.243   347.097 0.0967778   0.0632829
73.7214   278.352   352.074 0.0985581   0.0644371
58.37   259.941   318.311 0.0818941   0.0581686
59.5322   270.772   330.305 0.0870354   0.0598304
58.6954   291.935   350.63 0.0874485   0.0644277
61.1948   307.726   368.921 0.0899924   0.0688322
69.4519   320.12   389.571 0.0925819   0.0708909
68.6831   327.001   395.684 0.09577   0.073693
55.053   259.679   314.732 0.0807031   0.0564418
57.196   275.908   333.104 0.0870562   0.0611796
58.9436   293.741   352.685 0.0897163   0.0656963
70.51   333.916   404.426 0.102964   0.0743755
74.0487   318.624   392.673 0.107317   0.0722012
65.7732   285.972   351.745 0.0966968   0.0650913
63.3482   280.707   344.055 0.0939188   0.0637391
63.1637   267.325   330.489 0.0914422   0.0605698
63.2788   272.564   335.843 0.0914697   0.0610282
63.2358   280.813   344.049 0.0902337   0.0622894
61.3106   277.731   339.042 0.088753   0.0612768
61.2921   278.056   339.348 0.0878111   0.061514
63.4563   286.574   350.03 0.0888433   0.0647223
68.2374   288.889   357.127 0.0928822   0.0653521
63.3282   279.323   342.651 0.0913563   0.0636011
61.7582   285.057   346.815 0.0976259   0.063186
53.4994   249.904   303.403 0.0847045   0.0567732
68.6646   339.382   408.047 0.104565   0.0768906
67.8568   355.265   423.122 0.103704   0.0804009
52.9186   246.958   299.877 0.0848326   0.0579796
47.9127   224.303   272.215 0.0757314   0.0509528
53.6205   230.808   284.429 0.0803424   0.0534353
53.0813   231.89   284.971 0.0822711   0.054228
56.0626   240.093   296.156 0.0868919   0.0550042
52.8169   251.635   304.452 0.0857974   0.0566593
47.4461   224.579   272.025 0.0762554   0.0505739
58.5922   300.018   358.61 0.0907563   0.0669654
64.9537   323.283   388.237 0.0988942   0.0721904
60.2163   244.592   304.808 0.0870807   0.055928
57.2359   249.104   306.34 0.0879469   0.0555986
61.6395   266.665   328.305 0.091149   0.0588568
50.8179   249.078   299.896 0.0783019   0.0533614
56.1459   258.228   314.374 0.0862456   0.0554994
57.9536   263.706   321.66 0.087742   0.057138
56.0797   269.003   325.082 0.0885236   0.0593203
54.2291   265.604   319.833 0.0833268   0.0593262
53.223   262.861   316.084 0.0825802   0.0573276
60.4672   269.382   329.85 0.0893825   0.0606273
58.9869   275.441   334.427 0.0883037   0.0618099
59.523   275.695   335.218 0.0914332   0.064854
52.2468   274.06   326.306 0.0803797   0.059708
56.7214   292.813   349.535 0.0878494   0.0660183
62.2209   306.491   368.712 0.0954308   0.0680336
59.7585   283.958   343.717 0.0942861   0.064451
48.4667   262.721   311.187 0.0779521   0.0581337
57.6127   292.711   350.324 0.0898234   0.0647591
60.9763   298.882   359.858 0.0945076   0.067331
59.5603   293.888   353.449 0.0979288   0.0671745
63.1593   314.478   377.637 0.100126   0.0712875
63.9748   326.518   390.493 0.101333   0.0737533
64.6477   314.86   379.507 0.102399   0.0726376
64.6469   316.474   381.121 0.104912   0.0726824
60.7057   312.686   373.392 0.105502   0.0725826
61.4709   309.74   371.21 0.105007   0.0723555
49.5049   263.992   313.497 0.086396   0.0614249
52.7473   262.597   315.344 0.09114   0.0626722
55.4693   265.451   320.92 0.0975284   0.0644884
54.9986   271.673   326.671 0.0990519   0.0660321
59.1809   264.838   324.019 0.10042   0.0632349
62.5643   275.027   337.591 0.102263   0.066071
58.2764   287.75   346.027 0.101483   0.0690629
62.4544   282.14   344.595 0.107004   0.067619
47.9954   251.005   299 0.0841655   0.058904
51.7797   250.991   302.771 0.08723   0.0595527
54.0026   248.552   302.554 0.0907912   0.0588149
52.5007   258.705   311.206 0.0932516   0.0639212
56.519   253.389   309.908 0.0993304   0.0627915
55.8123   260.803   316.615 0.0983303   0.0641266
41.87   239.578   281.448 0.0835728   0.0579083
46.0184   239.005   285.023 0.0874874   0.0592733
45.909   237.071   282.98 0.0886274   0.0595118
48.7309   264.692   313.423 0.0961162   0.0667139
50.7494   280.025   330.774 0.0964555   0.0697323
41.2431   233.693   274.936 0.0777291   0.0560819
43.8854   230.9   274.785 0.0823752   0.0575129
44.7767   230.652   275.428 0.0839638   0.0569189
53.4133   237.618   291.031 0.0900123   0.058761
55.123   285.717   340.84 0.0984047   0.0686022
54.0274   275.763   329.79 0.0934191   0.0658774
51.0004   242.992   293.993 0.086588   0.0566812
45.2214   244.126   289.348 0.0880135   0.0558054
45.0546   255.1   300.154 0.0853954   0.0596585
48.1929   253.267   301.46 0.0889716   0.0609231
42.9663   239.606   282.572 0.0787891   0.0562476
46.0388   246.942   292.981 0.0836764   0.0581286
50.5645   244.485   295.049 0.0903206   0.057456
53.8114   250.404   304.215 0.0915471   0.0585768
52.1925   256.399   308.591 0.0903431   0.0604368
50.8382   261.224   312.062 0.0914356   0.0623892
45.78   272.684   318.464 0.0884923   0.0641987
47.9272   277.865   325.792 0.0911742   0.06702
46.2368   277.063   323.3 0.0915217   0.0680978
52.6257   268.541   321.166 0.0942438   0.0659675
51.101   277.948   329.049 0.0953673   0.0681998
42.3213   231.62   273.941 0.0770319   0.0585638
43.5657   218.906   262.471 0.0831179   0.0578089
40.2993   223.132   263.431 0.0814128   0.0610384
38.5651   213.164   251.729 0.0844985   0.061537
31.7837   204.524   236.308 0.0732681   0.0583387
34.7798   202.812   237.592 0.080323   0.0580358
36.1069   211.404   247.511 0.0841653   0.0614869
36.8742   221.562   258.437 0.0882158   0.0625847
34.366   204.575   238.941 0.0816779   0.0574165
34.9199   215.069   249.989 0.0806837   0.059323
36.359   218.111   254.47 0.0879937   0.0596714
36.8696   222.734   259.603 0.0876804   0.0608936
36.991   202.777   239.768 0.0841088   0.055809
35.1788   202.008   237.186 0.0858857   0.0556495
37.6574   192.344   230.002 0.0890246   0.0550184
37.1944   195.108   232.303 0.092111   0.0570559
36.8706   207.356   244.227 0.0925003   0.0612211
37.4004   201.473   238.874 0.0945411   0.060714
44.5306   199.823   244.354 0.10231   0.0616026
39.1773   197.124   236.302 0.0970936   0.0616158
39.1956   205.241   244.437 0.0924425   0.0621604
37.4454   194.491   231.936 0.0874892   0.0591787
37.6012   201.703   239.304 0.0888078   0.0602529
36.1687   197.159   233.328 0.0926928   0.0589945
37.5072   202.156   239.663 0.0933016   0.0603955
35.6897   198.224   233.914 0.0923406   0.0583499
34.9651   204.385   239.35 0.0873401   0.0587003
36.4217   210.463   246.885 0.0900635   0.0601015
39.2045   217.991   257.196 0.0930275   0.0594607
36.8979   207.804   244.702 0.0868595   0.0578456
34.4902   205.459   239.949 0.0833097   0.0582119
33.853   193.975   227.828 0.0821898   0.0551884
35.1193   210.081   245.2 0.0820066   0.057675
38.2387   207.181   245.419 0.0857852   0.0569725
36.2491   205.775   242.024 0.0818263   0.0567655
41.3291   207.808   249.137 0.0844141   0.0582096
37.2509   193.669   230.92 0.0780532   0.0546277
37.5553   205.702   243.257 0.0855961   0.0560992
39.7343   204.872   244.606 0.0850114   0.056482
36.7512   214.887   251.638 0.0836395   0.0585299
38.344   219.997   258.341 0.0886224   0.0600702
35.8196   204.958   240.777 0.0805387   0.0567082
35.0943   215.454   250.549 0.0821496   0.0589285
38.8842   213.987   252.871 0.0864094   0.0602577
38.4835   223.004   261.488 0.083406   0.0614507
35.984   214.279   250.263 0.0758516   0.0575646
37.268   221.897   259.165 0.0764001   0.0587558
40.231   230.137   270.368 0.0807203   0.0593781
44.9356   239.174   284.109 0.0863482   0.0597426
50.1644   243.087   293.251 0.087091   0.057691
49.1003   242.533   291.633 0.0908304   0.0569574
50.1014   264.625   314.726 0.0922677   0.0608589
48.9351   265.32   314.255 0.0897234   0.0620225
43.3138   245.441   288.754 0.0780428   0.0577281
44.5709   243.22   287.79 0.085576   0.0585883
46.52   259.163   305.683 0.0866564   0.0617226
46.6492   262.251   308.901 0.0877964   0.0626472
46.0867   256.793   302.88 0.0885066   0.0608453
49.5963   271.113   320.709 0.0922435   0.0629812
54.9232   276.93   331.853 0.0986053   0.0634524
47.1557   280.287   327.443 0.0909289   0.0621548
51.2735   282.216   333.49 0.0935078   0.0637273
43.9724   245.299   289.271 0.0811798   0.0572482
43.3353   243.541   286.877 0.082859   0.057755
44.42   244.112   288.532 0.0824883   0.0599612
44.9343   246.507   291.441 0.0855241   0.0601236
44.4589   236.439   280.898 0.082817   0.0569321
44.1296   239.56   283.69 0.0838327   0.0576226
48.0463   248.576   296.622 0.0875161   0.059359
45.0971   252.714   297.811 0.0857359   0.0595967
45.4656   240.131   285.597 0.0817139   0.0566641
48.9158   259.005   307.921 0.0848055   0.0598248
46.7189   251.771   298.49 0.0850053   0.0575845
48.4694   264.342   312.811 0.0880941   0.0590576
41.0964   259.883   300.979 0.0775038   0.0585124
56.8581   356.261   413.119 0.100304   0.0826783
47.3185   343.928   391.247 0.0912227   0.0784176
37.5586   251.78   289.339 0.0752175   0.0574534
39.6687   248.252   287.921 0.0706101   0.0549571
39.5036   254.951   294.454 0.0737833   0.0563901
42.8016   291.448   334.249 0.0770366   0.0631961
48.7789   290.672   339.451 0.0846269   0.0642313
46.9573   278.696   325.653 0.0783667   0.0609625
44.6539   261.005   305.658 0.0769452   0.057738
47.9664   264.203   312.169 0.0806158   0.0595158
51.1254   268.324   319.449 0.085954   0.0613283
47.7159   265.982   313.698 0.0811724   0.0604871
47.5336   269.593   317.126 0.0795941   0.0602226
48.9477   257.871   306.819 0.0800452   0.0577109
51.3552   244.975   296.33 0.0834502   0.0560916
48.1912   266.756   314.947 0.0822095   0.0601045
44.7167   243.757   288.473 0.0795317   0.0561554
45.113   237.604   282.717 0.0767881   0.0552375
42.7616   235.42   278.182 0.0721836   0.054352
39.5655   234.243   273.808 0.0690497   0.0537871
40.8027   236.406   277.209 0.0716842   0.0541967
41.6094   250.427   292.036 0.0764879   0.0579423
48.2938   267.679   315.973 0.0813027   0.0607739
67.8011   405.296   473.097 0.111332   0.0933216
78.0267   411.478   489.504 0.115977   0.09675
48.2819   285.064   333.345 0.0868602   0.0670265
48.8792   292.032   340.911 0.0891956   0.068836
43.0584   240.011   283.069 0.0785497   0.0571409
44.3848   242.303   286.688 0.0779592   0.0574813
45.6494   236.132   281.781 0.0834287   0.057788
44.8238   239.14   283.964 0.0829302   0.0581025
36.0308   232.247   268.278 0.0737329   0.0563843
37.3014   215.322   252.624 0.073428   0.0531435
35.8729   202.904   238.777 0.0714837   0.0506605
35.8146   205.384   241.198 0.0731551   0.0511996
28.9962   206.369   235.365 0.0612252   0.0512794
32.0205   201.765   233.785 0.0676681   0.051371
33.7427   209.276   243.019 0.06737   0.0530561
38.4153   215.833   254.248 0.0716971   0.0564535
41.3313   223.188   264.519 0.0775932   0.0579307
40.6325   236.822   277.455 0.076839   0.060677
43.932   239.324   283.256 0.08298   0.059291
38.6281   237.153   275.782 0.0758305   0.0580206
41.6479   249.698   291.346 0.0816893   0.0599636
45.7948   276.305   322.099 0.085758   0.066462
49.0255   288.804   337.83 0.0930717   0.0700578
54.4635   297.636   352.1 0.0969388   0.0732222
51.9272   271.652   323.579 0.0957184   0.0696542
55.3243   300.546   355.87 0.10341   0.0781421
38.8034   262.506   301.309 0.0839901   0.0727666
37.7964   217.707   255.503 0.0830386   0.0601178
39.6831   231.657   271.34 0.0891755   0.063642
39.1675   232.775   271.943 0.0870388   0.0637479
35.0304   226.005   261.036 0.0846485   0.0629278
33.9843   198.654   232.638 0.0757733   0.0544108
33.9203   199.342   233.263 0.0778703   0.0543108
30.3088   194.794   225.102 0.0751767   0.0534609
30.9125   193.983   224.896 0.0772169   0.0543421
27.1164   188.672   215.788 0.0748726   0.0542629
27.7287   187.047   214.775 0.0728106   0.0538445
27.147   182.018   209.165 0.0709912   0.0529491
28.3998   180.929   209.329 0.0739579   0.0524099
29.0094   177.579   206.589 0.0782981   0.0520265
27.3029   181.638   208.941 0.0773892   0.0530423
29.3929   182.376   211.769 0.080126   0.0533004
29.6149   194.643   224.258 0.0818995   0.0575527
36.1763   190.888   227.065 0.0901404   0.0565511
27.5089   192.77   220.279 0.0821569   0.0567639
33.8465   199.892   233.738 0.0851485   0.05909
32.8975   203.982   236.88 0.0909131   0.0605853
32.9825   192.219   225.202 0.0886626   0.0580109
36.4278   190.71   227.138 0.0898121   0.0577875
32.6979   182.53   215.228 0.08397   0.0553423
33.5409   174.144   207.685 0.089363   0.0528349
34.0077   177.019   211.027 0.0883317   0.0537399
30.7853   173.317   204.103 0.0869641   0.0526041
27.7828   180.584   208.367 0.0817142   0.0539003
28.6057   181.485   210.091 0.0770525   0.0543857
27.4856   183.74   211.226 0.0759271   0.055045
27.6677   180.456   208.124 0.0797801   0.0543249
28.1103   183.819   211.929 0.0736256   0.0550487
27.5077   182.254   209.762 0.0758485   0.0544774
28.6026   180.448   209.05 0.0764775   0.0539617
29.5242   173.632   203.156 0.07848   0.052286
28.4815   182.338   210.82 0.0801543   0.0547288
27.1776   177.992   205.169 0.0750763   0.0535153
26.2713   181.514   207.785 0.0732812   0.0548795
29.2523   178.525   207.778 0.0805849   0.0542177
30.0391   178.805   208.844 0.0818504   0.0538448
32.9171   177.841   210.758 0.0846198   0.0533203
30.1905   182.369   212.559 0.0845199   0.054312
33.4662   182.594   216.061 0.0849395   0.0537569
31.938   182.563   214.501 0.0831717   0.054387
29.9176   177.37   207.287 0.0832432   0.0532738
28.0936   176.123   204.216 0.0776602   0.052759
26.4534   175.359   201.812 0.0736865   0.0528083
28.6537   180.526   209.18 0.07641   0.0535579
28.8385   179.543   208.381 0.075362   0.0536215
29.3423   183.581   212.923 0.0770814   0.0545127
26.9284   179.612   206.541 0.0753594   0.05397
28.2383   180.4   208.638 0.0759776   0.0540712
28.048   179.488   207.536 0.0762693   0.0538035
29.5269   180.728   210.255 0.0798024   0.0539703
29.7485   178.444   208.192 0.0738788   0.0536296
26.0544   177.687   203.741 0.0740884   0.0532049
28.2511   176.922   205.173 0.0757402   0.0530978
