1367         1367
1271         566
1290         582
1273         563
1299         576
1306         573
1329         598
1361         573
1352         592
1366         583
1311         576
1294         555
1309         555
1292         574
1296         559
1239         560
1267         542
1288         584
1328         588
1367         597
1398         602
1363         603
1344         584
1376         596
1323         581
1334         589
1305         568
1273         560
1302         582
1325         591
1385         621
1378         600
1317         565
1339         589
1310         548
1337         614
1303         606
1292         579
1216         544
1264         593
1263         576
1271         563
1255         561
1253         593
1295         604
1301         589
1280         593
1285         583
1259         562
1263         545
1242         596
1237         556
1228         557
1301         590
1330         573
1313         586
1297         574
1322         595
1325         596
1334         630
1338         575
1317         568
1369         580
1349         606
1352         608
1337         598
1321         592
1346         596
1318         573
1346         602
1351         596
1360         621
1317         626
1375         624
1327         593
1344         606
1310         603
1290         590
1270         576
1277         562
1324         608
1334         597
1304         597
1273         580
1326         563
1308         578
1317         606
1365         645
1325         629
1327         611
1349         631
1353         641
1352         639
1394         661
1417         643
1369         654
1396         641
1372         647
1395         644
1408         682
1424         677
1398         675
1455         675
1435         676
1419         670
1421         671
1457         690
1433         671
1455         690
1488         705
1490         739
1445         707
1445         681
1476         713
1441         680
1494         713
1510         691
1444         667
1427         686
1448         695
1471         693
1513         680
1463         683
1432         659
1498         691
1474         676
1492         692
1509         708
1496         703
1484         700
1514         688
1513         674
1448         655
1486         668
1459         672
1425         664
1440         661
1427         624
1488         699
1422         676
1405         652
1404         657
1376         620
1329         626
1329         650
1326         642
1319         623
1339         629
1332         628
1298         624
1289         565
1265         568
1319         587
1300         593
1262         563
1297         586
1277         577
1308         612
1343         623
1299         616
1319         590
1363         616
1335         650
1334         606
1312         599
1298         591
1312         594
1292         570
1270         581
1307         605
1331         576
1305         574
1329         589
1346         612
1336         587
1339         574
1305         571
1302         566
1367         567
1350         586
1320         581
1318         589
1247         546
1291         543
1230         539
1260         552
1243         556
1279         564
1249         565
1278         554
1275         584
1253         517
1263         555
1213         533
1242         527
1241         527
1270         572
1248         550
1306         569
1255         545
1279         568
1223         528
1249         561
1187         512
1202         520
1250         560
1233         528
1200         535
1177         548
1175         521
1144         489
1159         517
1128         490
1103         479
1147         497
1104         495
1080         474
1060         479
1060         456
1080         477
1042         473
1041         447
1013         461
1024         460
1025         451
1065         472
1052         447
1029         448
1026         448
1006         450
1027         470
1045         470
1029         449
1028         482
1028         500
1001         480
1039         475
1001         465
1031         503
1014         459
1024         474
1041         451
1008         462
1032         460
978         430
1008         462
989         459
986         462
990         470
984         473
993         436
1053         500
1044         485
1073         492
1080         480
1056         450
1052         468
1070         437
1095         480
1090         444
1074         463
1059         452
1030         429
1051         452
1081         479
1136         507
1149         504
1246         512
1199         494
1151         468
1131         454
1076         448
1074         440
1094         452
1104         525
1059         513
1086         488
1045         449
1007         429
1054         455
1040         456
1045         436
1078         429
1065         422
1065         510
1084         552
1078         553
1077         538
1120         591
1091         565
1111         594
1079         564
1051         567
1022         550
1028         556
1018         544
1068         573
1062         543
1040         558
1051         575
1032         541
1060         572
1067         554
1045         558
1070         565
1037         577
1068         563
1042         572
1120         582
1088         581
1149         605
1108         560
1163         588
1212         653
1198         685
1158         625
1143         637
1123         626
1166         641
1102         594
1147         637
1186         630
1154         608
1160         612
1174         602
1165         603
1199         613
1153         618
1226         649
1210         686
1218         644
1225         635
1170         612
1203         577
1217         650
1244         658
1202         628
1255         678
1263         658
1256         653
1283         672
1248         648
1286         651
1258         639
1250         621
1239         630
1298         672
1294         723
1377         744
1393         793
1323         741
1336         752
1373         748
1337         712
1284         684
1261         671
1268         680
1362         750
1289         717
1274         682
1266         657
1267         657
1276         684
1317         690
1280         680
1283         674
1289         690
1298         691
1293         700
1266         690
1264         698
1319         714
1313         734
1294         693
1198         632
1256         631
1254         656
1270         654
1229         623
1265         632
1275         667
1279         645
1267         645
1228         615
1240         622
1283         645
1251         656
1302         691
1314         650
1335         676
1270         649
1265         651
1259         660
1241         633
1265         650
1237         644
1258         676
1215         668
1206         651
1221         650
1224         645
1232         652
1249         633
1249         621
1237         641
1251         645
1207         608
1209         630
1231         631
1178         631
1172         616
1130         575
1153         585
1152         573
1121         578
1107         568
1108         555
1146         589
1138         611
1118         574
1134         583
1149         570
1167         593
1142         594
1138         563
1184         569
1155         567
1109         501
1141         526
1106         518
1137         507
1110         526
1139         530
1133         532
1185         533
1189         593
1175         560
1164         578
1196         589
1101         513
1138         527
1129         541
1119         545
1136         550
1113         559
1120         587
1122         577
1109         556
1122         517
1092         525
1035         505
1129         558
1078         535
1058         549
1046         524
1006         495
934         456
898         433
892         433
884         429
896         418
907         420
902         432
875         413
886         420
906         439
834         409
856         423
806         403
807         398
825         395
844         435
815         403
845         424
822         428
835         423
813         390
818         402
799         386
816         400
816         404
840         421
865         424
833         414
841         411
848         428
871         445
901         443
940         489
938         477
886         438
936         467
920         439
894         432
930         444
936         427
913         450
981         461
1008         474
1051         487
1063         498
1075         520
1172         576
1114         540
1151         543
1178         545
1177         555
1127         520
1144         536
1138         531
1134         520
1138         537
1224         557
1147         518
1143         548
1144         541
1120         523
1197         538
1167         525
1183         536
1192         526
1199         549
1187         526
1212         556
1229         576
1161         549
1161         550
1189         530
1143         566
1153         518
1126         499
1233         561
1210         535
1204         555
1238         576
1265         599
1250         580
1279         595
1246         594
1259         587
1259         597
1263         611
1315         615
1270         586
1252         562
1292         587
1268         592
1262         573
1250         569
1226         544
1327         594
1280         609
1392         672
1309         555
1242         548
1233         548
1245         569
1204         547
1219         540
1171         488
1148         508
1174         501
1147         489
1140         473
1114         473
1170         500
1199         535
1219         532
1178         528
1169         529
1176         509
1167         509
1161         534
1125         526
1154         561
1147         542
1089         535
1044         462
1012         455
969         445
971         450
965         413
955         448
960         435
933         403
928         400
891         362
876         380
879         382
874         384
886         370
868         352
867         366
880         361
857         401
823         334
907         397
856         361
864         372
898         405
905         389
861         375
889         385
837         354
831         340
902         371
896         362
870         346
891         381
886         362
876         374
865         376
889         355
876         362
859         358
857         363
863         367
871         389
850         357
866         394
862         384
848         359
846         361
852         359
846         375
867         382
872         380
816         357
847         371
827         367
853         370
871         402
821         351
846         373
