9620       9620
9198       6320
9099       6216
9188       6193
9217       6195
9306       6286
9323       6293
9272       6265
9243       6275
9189       6196
9101       6042
9082       5997
9301       6070
9506       6068
9509       6011
9403       5861
9370       5820
9284       5735
9378       5765
9504       5803
9644       5851
9524       5766
9558       5789
9513       5822
9543       5887
9535       5949
9427       5932
9562       6024
9671       6077
9711       6115
9753       6005
9707       5904
9624       5780
9627       5730
9549       5559
9375       6847
9421       6777
9441       6786
9435       6748
9397       6631
9250       6535
9102       6286
9003       6264
8943       6187
9013       6337
8986       6254
8897       6197
8942       6286
8823       6100
8732       5979
8748       5901
8695       5918
8675       6745
8614       6658
8786       6725
8749       6639
8710       6623
8755       6603
8723       6578
8708       6569
8651       6542
8532       6452
8579       6416
8568       6384
8602       6405
8701       6448
8658       6388
8537       6210
8516       6209
8571       6796
8555       6771
8616       6775
8623       6745
8644       6763
8509       6686
8487       6642
8572       6690
8457       6485
8539       6563
8420       6472
8526       6570
8478       6525
8473       6457
8497       6487
8500       6446
8510       6498
8427       6742
8454       6719
8488       6812
8512       6815
8503       6798
8475       6715
8438       6678
8319       6531
8467       6683
8455       6648
8385       6583
8418       6609
8361       6528
8340       6482
8305       6433
8252       6676
8261       6658
8127       6521
8114       6487
8224       6565
8066       6418
8030       6345
8020       6335
8088       6388
8003       6307
7997       6314
7991       6301
8052       6288
8054       6279
8082       6307
8082       6533
8107       6491
8065       6416
8073       6418
8031       6427
7847       6248
7812       6222
7842       6210
7832       6174
7800       6095
7708       5969
7830       6051
8110       6271
8114       6452
8099       6435
8114       6373
8056       6360
7953       6254
7869       6195
7757       6042
7634       5895
7496       5847
7430       5808
7407       5723
7295       5855
7210       5809
7163       5679
7196       5657
7085       5631
6989       5492
6900       5420
6747       5278
6632       5161
6596       5114
6546       5268
6436       5164
6433       5154
6324       5074
6197       4964
6289       5014
6193       4929
6045       4819
5930       4727
5742       4568
5763       4663
5685       4590
5591       4473
5585       4510
5538       4418
5419       4302
5341       4272
5257       4166
5202       4150
5153       4087
5221       4183
5115       4100
5087       4062
5020       4011
5093       4076
4939       3951
4892       3886
4936       3902
4862       3803
4875       3802
4815       3749
4817       3791
4786       3778
4770       3766
4746       3692
4700       3660
4743       3648
4672       3626
4699       3650
4670       3611
4600       3514
4632       3615
4573       3568
4518       3475
4411       3443
4412       3384
4414       3364
4331       3341
4165       3190
4148       3125
4147       3154
4144       3219
4117       3201
4083       3121
4059       3126
4021       3071
4071       3099
3974       2994
3930       2957
3943       2988
3962       3099
3929       3080
3865       2990
3816       2909
3802       2908
3743       2858
3776       2844
3783       2852
3804       2985
3648       2859
3594       2777
3522       2653
3517       2646
3387       2520
3346       2440
3222       2327
3176       2472
3047       2322
3022       2276
3026       2242
2970       2146
2969       2145
2987       2129
2932       2252
2826       2141
2839       2100
2863       2075
2823       1994
2841       1943
2809       1921
2911       1945
2926       2186
2934       2153
3021       2147
3133       2179
3122       2154
3156       2058
3197       2058
3254       2091
3345       2450
3467       2470
3455       2446
3517       2399
3539       2314
3557       2385
3579       2285
3753       2361
3895       2910
4000       2963
3907       2830
3890       2752
4022       2767
4121       2737
4111       2698
4043       3066
4135       3139
4256       3254
4253       3215
4227       3142
4243       3115
4271       3088
4332       3086
4331       3159
4252       3067
4253       3447
4331       3484
4312       3414
4091       3157
4105       3182
4163       3219
4204       3265
4085       3149
4094       3144
4167       3159
4236       3509
4365       3581
4413       3605
4427       3584
4541       3650
4504       3609
4628       3661
4766       3758
4804       3750
4850       3740
4892       4141
4957       4154
4886       4105
4985       4161
5012       4179
5079       4241
5014       4108
5036       4116
4994       4269
5036       4263
4924       4126
5045       4168
5112       4213
5152       4190
5097       4107
5077       4025
5142       4008
5131       3986
5121       3989
5042       4240
4912       4088
4884       4125
4751       3966
4701       3911
4646       3872
4674       3907
4634       3828
4615       3771
4583       3722
4546       3627
4617       3684
4594       3929
4579       3884
4621       3919
4698       3977
4683       3947
4722       3965
4777       3978
4750       3913
4841       3923
4820       4151
4914       4295
4879       4199
4935       4197
4924       4143
4954       4168
4976       4226
5003       4382
5111       4453
5132       4437
5163       4485
5131       4400
5156       4389
5190       4507
5159       4441
5076       4361
5140       4409
5090       4333
5095       4319
5142       4468
5261       4525
5295       4531
5307       4470
5313       4515
5345       4437
5350       4600
5295       4509
5290       4471
5316       4489
5183       4413
5163       4393
5195       4404
5191       4413
5250       4466
5292       4508
5346       4532
5324       4520
5234       4427
5191       4420
5153       4391
5247       4511
5136       4401
5191       4413
5198       4418
4990       4259
5075       4402
5040       4319
5020       4276
5036       4365
5163       4441
5096       4440
5213       4480
5229       4478
5146       4373
5293       4480
5368       4530
5398       4667
5447       4652
5420       4615
5325       4534
5243       4477
5272       4585
5160       4443
5188       4456
5059       4251
5290       4590
5152       4435
5294       4505
5191       4405
5261       4519
5290       4520
5231       4439
5203       4375
5295       4411
5281       4427
5232       4334
5218       4354
5212       4308
5198       4280
5076       4297
4982       4190
4891       4116
4973       4114
4984       4188
5080       4162
5094       4166
5079       4172
5070       4261
5061       4214
5051       4226
4946       4047
4959       4035
5005       4067
4945       4137
4873       4032
4836       3983
4835       3967
4913       4015
4952       4167
4804       4014
4884       4052
4870       4043
5018       4164
5044       4186
5144       4287
5248       4374
5144       4276
5074       4157
5053       4259
5045       4248
5123       4255
5089       4274
5055       4242
4993       4187
5071       4247
4963       4146
4876       4068
4902       4070
4895       4075
4740       3955
4562       3786
4426       3655
4268       3464
4226       3505
4220       3494
4138       3438
4259       3540
4229       3563
4293       3625
4326       3655
4337       3657
4262       3633
4242       3630
4107       3496
4039       3419
4012       3387
3960       3318
3904       3243
3859       3199
3981       3301
3919       3286
4004       3347
4009       3342
4009       3347
4022       3397
4048       3481
4072       3501
4217       3666
4142       3592
4089       3529
4140       3514
4266       3642
4257       3636
4261       3625
4211       3570
4169       3545
4277       3666
4240       3627
4345       3671
4345       3662
4321       3614
4391       3656
4367       3551
4409       3629
4486       3722
4576       3776
4679       3875
4815       4003
5036       4213
5062       4258
5176       4348
5159       4277
5084       4251
4944       4151
5013       4198
4981       4186
5015       4220
5127       4304
5192       4364
5338       4509
5288       4428
5085       4284
4994       4216
4850       4071
4918       4100
4907       4153
4950       4157
5052       4187
5083       4240
5045       4237
5121       4329
5194       4372
5257       4476
5161       4441
5103       4309
5193       4385
5109       4382
5243       4517
5262       4521
5392       4611
5308       4525
5322       4571
5249       4520
5218       4439
5164       4375
5213       4397
5230       4476
5179       4468
5089       4367
5161       4438
5074       4340
5027       4301
5063       4331
5065       4355
5114       4362
5066       4322
5101       4404
5259       4343
5255       4253
5095       4253
5071       4242
4986       4200
4999       4215
4892       4086
4931       4115
4917       4119
4874       4051
4824       4005
4840       4011
4840       4024
4701       3927
4735       3944
4596       3823
4655       3852
4716       3903
4829       4036
4834       4087
4929       4164
4962       4157
4971       4122
4906       4064
4710       3900
4694       3846
4436       3607
4400       3621
4442       3640
4494       3651
4422       3591
4413       3651
4439       3670
4403       3643
4353       3569
4256       3477
4246       3473
4228       3437
4199       3452
4164       3413
4133       3424
4158       3421
4107       3382
4096       3375
4091       3396
4073       3382
4071       3366
4030       3313
4023       3300
4047       3298
4021       3296
4005       3294
4016       3294
4055       3350
4059       3337
4008       3338
4031       3321
4044       3339
4043       3345
4035       3344
4004       3320
4017       3331
4021       3326
3991       3307
4018       3292
4032       3320
4042       3335
4047       3357
4055       3396
4057       3356
4008       3329
4031       3338
4012       3320
4040       3370
4019       3348
4054       3367
4022       3328
4039       3336
4037       3336
4043       3348
4039       3327
4021       3339
4037       3332
