1694
1627
1613
1663
1663
1667
1661
1673
1658
1661
1686
1687
1694
1694
1726
1707
1725
1703
1745
1758
1664
1704
1694
1650
1647
1603
1601
1659
1657
1646
1637
1688
1654
1643
1655
1650
1692
1749
1738
1732
1788
1794
1773
1766
1712
1771
1774
1798
1739
1744
1688
1693
1666
1749
1719
1730
1727
1737
1693
1749
1771
1741
1727
1724
1730
1706
1703
1692
1695
1660
1727
1698
1693
1670
1672
1652
1629
1706
1625
1669
1666
1667
1694
1690
1643
1682
1673
1660
1671
1635
1642
1637
1606
1582
1590
1625
1586
1605
1609
1608
1605
1612
1604
1648
1604
1624
1657
1703
1694
1708
1685
1686
1669
1715
1697
1682
1681
1654
1695
1682
1661
1694
1671
1726
1715
1732
1699
1758
1714
1737
1685
1659
1675
1699
1727
1706
1687
1701
1710
1689
1704
1714
1729
1705
1688
1710
1744
1681
1710
1713
1708
1676
1670
1680
1653
1624
1623
1657
1616
1657
1686
1690
1675
1667
1659
1687
1625
1652
1675
1650
1647
1659
1649
1696
1715
1702
1669
1714
1676
1652
1668
1664
1711
1752
1673
1695
1756
1706
1726
1668
1710
1720
1724
1722
1719
1736
1714
1763
1715
1724
1747
1709
1728
1755
1764
1762
1746
1785
1738
1753
1743
1719
1759
1761
1763
1765
1801
1742
1786
1722
1780
1833
1760
1773
1744
1784
1795
1719
1781
1779
1770
1777
1761
1763
1719
1728
1704
1701
1750
1713
1742
1774
1796
1761
1735
1751
1744
1786
1815
1768
1747
1831
1780
1794
1802
1795
1801
1825
1758
1771
1773
1800
1784
1731
1754
1786
1771
1773
1710
1747
1732
1728
1709
1704
1715
1686
1773
1646
1662
1679
1661
1663
1703
1675
1628
1657
1596
1622
1597
1626
1629
1572
1612
1610
1638
1596
1674
1626
1590
1622
1601
1582
1544
1583
1630
1655
1657
1583
1626
1664
1687
1655
1628
1665
1680
1688
1711
1717
1678
1725
1700
1653
1706
1721
1709
1750
1713
1695
1714
1697
1727
1701
1708
1692
1700
1676
1684
1736
1716
1761
1770
1776
1762
1792
1725
1786
1749
1752
1771
1775
1754
1770
1756
1808
1787
1823
1839
1829
1826
1779
1784
1816
1809
1774
1759
1762
1765
1773
1753
1696
1746
1764
1754
1730
1760
1797
1757
1766
1772
1770
1781
1787
1774
1766
1788
1753
1736
1765
1763
1771
1797
1783
1783
1764
1793
1800
1842
1799
1797
1842
1871
1852
1781
1866
1808
1838
1732
1811
1776
1825
1842
1828
1794
1779
1763
1767
1785
1765
1762
1770
1732
1730
1761
1790
1759
1775
1749
1753
1778
1724
1753
1792
1711
1697
1701
1745
1717
1758
1781
1739
1766
1816
1784
1817
1772
1806
1796
1822
1794
1826
1856
1824
1850
1845
1810
1826
1813
1826
1786
1794
1806
1802
1827
1816
1820
1796
1853
1875
1806
1778
1765
1803
1815
1761
1803
1778
1816
1803
1837
1869
1823
1838
1834
1801
1798
1824
1819
1819
1780
1804
1786
1807
1782
1800
1853
1815
1765
1773
1768
1742
1754
1731
1831
1814
1875
1949
1921
1879
1883
1903
1866
1925
1904
1892
1834
1829
1882
1858
1827
1792
1739
1761
1691
1679
1703
1679
1700
1733
1717
1744
1795
1814
1784
1759
1831
1795
1791
1773
1688
1697
1688
1717
1671
1712
1658
1720
1705
1662
1732
1660
1646
1759
1730
1708
1616
1634
1607
1650
1593
1624
1608
1676
1656
1677
1642
1667
1671
1721
1698
1694
1748
1711
1723
1726
1737
1730
1739
1705
1708
1720
1707
1661
1652
1648
1659
1622
1610
1586
1618
1618
1599
1619
1612
1597
1605
1618
1586
1567
1639
1634
1612
1556
1611
1600
1593
1615
1572
1570
1598
1581
1577
1584
1625
1598
1547
1596
1608
1642
1575
1605
1612
1626
1633
1591
1632
1636
1685
1718
1726
1719
1692
1738
1673
1719
1690
1676
1674
1621
1644
1648
1637
1645
1642
1648
1631
1585
1618
1605
1631
1615
1640
1642
1612
1684
1629
1676
1698
1735
1696
1709
1727
1766
1735
1706
1704
1700
1712
1722
1737
1732
1709
1722
1736
1764
1741
1754
1739
1746
1742
1738
1746
1703
1708
1749
1696
1690
1665
1654
1694
1672
1636
1702
1732
1778
1742
1782
1819
1837
1857
1795
1776
1825
1802
1830
1800
1772
1769
1709
1726
1698
1719
1723
1694
1697
1783
1726
1710
1705
1709
1712
1717
1675
1715
1718
1726
1731
1792
1758
1770
1740
1742
1763
1728
1712
1734
1710
1706
1706
1727
1723
1735
1761
1789
1817
1774
1783
1777
1747
1645
1700
1697
1708
1739
1729
1670
1716
1664
1692
1746
1724
1727
1755
1728
1742
1718
1697
1701
1660
1691
1693
1757
1721
1716
1797
1744
1772
1794
1802
1849
1875
1786
1792
1772
1802
1707
1718
1715
1739
1775
1752
1718
1754
1720
1674
1675
1690
1683
1720
1725
1700
1680
1632
1695
1679
1686
1678
1676
1655
1635
1653
1657
1617
1638
1548
1606
1615
1629
1629
1590
1596
1581
1563
1486
1452
1501
1502
1533
1543
1530
1540
1523
1499
1520
1519
1552
1569
1525
1509
1502
1504
1547
1538
1582
1578
1594
1602
1597
1610
1547
1591
1611
1577
1551
1522
1503
1540
1550
1542
1561
1552
1572
1588
1551
1535
1547
1567
1545
1582
1593
1587
1632
1584
1599
1573
1517
1551
1548
1526
1461
1415
1461
1435
1477
1478
1477
1509
1466
1474
1486
1397
1421
1411
1435
1392
1436
1414
1442
1463
1408
1425
1364
1381
1444
1449
1409
1429
1433
1453
1418
1417
1401
1370
1307
1329
1204
1258
1267
1258
1246
1237
1271
1287
1297
1297
1262
1274
1239
1232
1194
1186
1200
1119
1086
1123
1193
1171
1146
1141
1165
1141
1126
1083
1156
1146
1155
1164
1198
1154
1132
1116
1127
1146
1117
1082
1074
1071
1090
1114
1136
1147
1160
1206
1194
1217
1242
1280
1207
1225
1185
1220
1198
1190
1200
1234
1249
1287
1298
1298
1323
1274
1244
1285
1261
1313
1298
1262
1240
1304
1308
1302
1269
1254
1252
1246
1322
1302
1341
1363
1445
1453
1473
1525
1462
1535
1585
1595
1549
1600
1571
1622
1571
1494
1536
1554
1486
1525
1511
1474
1500
1472
1519
1515
1535
1552
1609
1621
1560
1565
1536
1531
1504
1498
1472
1532
1567
1587
1573
1591
1614
1620
1628
1644
1624
1634
1604
1668
1651
1635
1648
1634
1590
1624
1577
1593
1605
1554
1551
1557
1535
1540
1521
1606
1607
1623
1596
1638
1601
1647
1621
1625
1657
1651
1667
1719
1731
1788
1722
1712
1731
1737
1764
1751
1732
1766
1808
1798
1786
1829
1815
1779
1801
1763
1776
1754
1735
1727
1752
1797
1725
1760
1803
1717
1766
1818
1872
1801
1759
1670
1695
1689
1730
1705
1681
1638
1649
1658
1657
1632
1606
1675
1593
1594
1627
1609
1593
1572
1580
1555
1526
1587
1589
1522
1633
1617
1667
1610
1652
1663
1633
1639
1615
1633
1607
1573
1573
1545
1530
1580
1574
1550
1583
1549
1520
1475
1450
1420
1405
1366
1335
1334
1329
1310
1332
1314
1322
1319
1339
1349
1316
1295
1278
1252
1206
1219
1232
1209
1203
1229
1198
1231
1219
1215
1196
1189
1181
1216
1197
1175
1238
1228
1225
1244
1277
1252
1268
1250
1264
1249
1272
1251
1266
1272
1228
1260
1257
1237
1213
1265
1209
1217
1275
1233
1255
1260
1246
1257
1244
1272
1265
1235
1254
1259
1247
1242
1258
1254
1237
1237
1227
1225
1202
1220
1188
1210
1236
1229
1192
1226
1207
1174
1221
1238
1173
1213
1183
1204
1184
1178
1173
1156
1199
1183
1194
1165
1142
1186
1160
1201
1142
1169
1184
1178
1186
1183
1146
1195
1158
1179
