14200
13735
13547
13549
13573
13627
13714
13758
13783
13715
13898
13886
13920
13949
13855
13702
13726
13730
13761
13689
13690
13696
13677
13880
13813
13822
14001
14015
13944
13955
13922
13822
13907
14027
13796
13891
13926
14075
14071
14246
14274
14344
14279
14356
14328
14288
14248
14190
14240
14336
14302
14196
14168
14114
14173
14143
14249
14234
14361
14436
14380
14260
14315
14350
14333
14261
14232
14265
14100
14005
13939
13866
13994
13922
13933
13878
13881
13846
13881
13828
13659
13668
13621
13479
13375
13247
13381
13445
13516
13585
13394
13357
13376
13420
13482
13368
13300
13191
13153
13202
13199
13220
13207
13155
13120
13010
13010
13135
13291
13215
13215
13351
13282
13372
13282
13347
13175
13098
13196
13187
13230
13214
13159
13087
13129
13107
13057
13126
13104
13158
13178
13269
13166
13032
12961
12993
12924
12970
13025
12987
13083
13096
13128
13093
13139
13111
13165
13115
12987
12903
12926
12960
13066
12922
12984
13126
13148
13064
13022
13009
13095
13048
13023
13050
13094
12974
13095
13102
13020
13031
12999
12998
13050
13133
13086
13197
13105
13097
13005
12990
13020
13011
13016
12998
13062
13109
13011
13177
13099
13049
13098
13079
13042
13149
13156
13048
12952
12809
12876
12858
12919
12794
12910
12995
13006
13041
12888
12819
12916
12834
12884
12903
12854
12908
12923
12802
12844
12989
13037
12978
12899
12903
12908
12986
12863
12891
12911
13052
12961
12943
12951
13038
12942
12986
12963
12911
13049
13006
12970
12933
12950
12878
12779
12837
12789
12854
12776
12809
12755
12796
12865
12807
12715
12664
12825
12894
13027
12907
13031
12889
12933
12840
12860
12891
12848
12808
12760
12851
12780
12821
12737
12670
12631
12492
12413
12417
12289
12280
12297
12074
12062
12053
11978
11953
11892
11885
11778
11730
11611
11678
11585
11540
11423
11354
11234
11082
11158
11079
11030
11102
10995
10999
10871
11003
10962
10855
10726
10683
10661
10705
10760
10776
10629
10629
10554
10490
10441
10333
10299
10170
10215
10218
10210
10148
10156
10196
10131
10035
10060
10049
10011
9922
9909
9888
9803
9715
9768
9807
9784
9725
9883
9689
9631
9589
9654
9606
9638
9675
9793
9737
9623
9626
9496
9466
9617
9577
9573
9533
9530
9472
9498
9507
9511
9530
9485
9454
9441
9463
9433
9423
9355
9309
9314
9361
9307
9317
9390
9282
9318
9317
9210
9248
9244
9260
9165
9281
9171
9112
9075
9133
9086
9147
9185
9065
9053
9007
8921
8939
8885
8815
8836
8823
8819
8670
8790
8778
8726
8764
8648
8550
8602
8600
8699
8630
8475
8550
8469
8519
8569
8542
8463
8446
8460
8393
8329
8272
8173
8271
8258
8309
8168
8123
8023
7978
7982
7956
8006
7824
7655
7691
7611
7657
7612
7636
7582
7507
7445
7499
7463
7483
7386
7399
7362
7363
7330
7386
7402
7449
7581
7582
7526
7572
7726
7772
7745
7706
7583
7530
7487
7405
7422
7349
7412
7377
7350
7326
7391
7385
7379
7435
7517
7553
7539
7615
7629
7619
7724
7948
7894
7877
7902
7799
7898
8013
8057
8086
8066
8009
8108
8294
8385
8321
8322
8419
8379
8531
8529
8500
8438
8490
8611
8675
8799
8753
8894
8954
9139
9066
8910
8875
8996
9064
9193
9205
9121
9069
9111
9100
8960
9059
9044
9158
9261
9188
9092
9003
8955
8634
8760
8813
8679
8676
8698
8723
8706
8673
8548
8434
8531
8484
8471
8499
8585
8385
8162
8101
8211
8392
8403
8325
8493
8476
8330
8163
8509
8423
8504
8505
8463
8641
8705
8848
8750
8890
8810
8988
8992
9103
9064
9124
9121
9124
9281
9284
9290
9356
9416
9382
9316
9475
9477
9212
9338
9463
9651
9745
9591
9531
9737
9713
9649
9659
9654
9655
9748
9778
9804
9548
9631
9818
9789
9852
9996
9936
10180
10195
10167
10008
10093
10170
10264
10198
10224
10122
10186
10156
9996
9991
9883
9845
9826
9876
9663
9574
9657
9567
9582
9463
9576
9569
9466
9373
9547
9735
9607
9555
9470
9446
9625
9607
9518
9572
9517
9455
9539
9617
9794
9535
9650
9681
9702
9702
9674
9539
9524
9503
9700
9704
9477
9649
9709
9641
9800
9913
9828
9847
9865
9858
9797
10021
9910
9810
9891
10003
10061
10039
10150
10171
10093
10108
10079
10180
10074
10222
10182
10089
10131
10154
10023
10192
10138
10181
10075
10166
10035
10006
9885
10148
10277
10101
10209
10162
10244
10149
10225
10137
10185
10210
10165
10117
10077
10001
10081
10209
10082
9922
9864
9863
9926
10003
9993
9984
10023
10037
10024
10004
9979
9980
10096
9984
10122
10030
10099
10323
10132
10319
10180
10045
10379
10233
10133
10121
10283
10589
10200
10110
10056
10185
10157
10161
10308
10185
10345
10181
10346
10233
10402
10309
10383
10329
10387
10656
10533
10288
10129
10283
10332
10536
10538
10422
10408
10531
10508
10388
10478
10459
10351
10420
10079
10176
10170
9908
9941
10024
10138
10022
9800
9843
10176
9823
9925
10256
10057
10132
10013
10276
10255
10223
10292
10428
10290
10081
10140
10228
10258
10248
10272
10259
10192
10203
10099
10065
10143
9896
10027
9939
9819
9704
9641
9652
9467
9621
9588
9601
9628
9603
9787
9996
9788
9724
9798
9806
9802
9588
9735
9759
9728
9559
9760
9694
9682
9754
9685
9695
9640
9754
9506
9614
9608
9750
9725
9803
9902
9891
9889
9891
9747
9875
9617
9719
9614
9673
9734
9918
9813
9731
9789
9652
9899
9960
9762
9680
9593
9545
9543
9464
9567
9535
9567
9372
9454
9382
9383
9452
9365
9420
9475
9263
9312
9325
9195
9138
9072
9148
9251
9031
8973
8926
8775
8649
8692
8587
8462
8265
8423
8443
8481
8367
8325
8263
8368
8399
8274
8494
8402
8268
8395
8333
8379
8110
8044
8061
8086
8042
7843
7865
7825
7773
7817
7831
7888
7997
7785
7784
7763
7907
7897
7848
7808
7891
7939
7912
7830
7658
7671
7710
7596
7579
7607
7607
7699
7707
7937
8044
7832
7909
7679
7821
7773
7887
8024
7919
8093
7957
8079
8118
8078
8151
7975
8125
8165
8271
8198
8313
8502
8332
8414
8498
8579
8713
8661
8630
8860
8995
8937
9064
9097
8981
9198
9003
9169
9492
9209
9520
9608
9768
9653
9843
9746
9805
9761
9685
9679
9501
9440
9458
9563
9503
9495
9605
9593
9595
9770
9864
9916
10190
10201
10187
10063
10009
9808
9723
9709
9719
9667
9770
9859
10103
9894
10153
9958
9865
9954
10058
10054
9840
9938
9843
9973
9821
10055
9927
10076
10041
9806
9976
9838
9839
10066
9869
9825
10188
10104
9976
10147
10050
10414
10052
10263
10085
10225
10324
10103
10263
10119
10068
10068
10017
10068
10141
10147
9883
9984
9895
9852
9922
9942
9864
9838
9745
9639
9729
9659
9745
9723
9836
9786
9923
9875
9926
9789
10108
10144
10257
10318
10219
10179
10098
10330
10153
10116
10155
10226
10032
10089
10260
10145
10175
10071
9889
9886
9936
9827
9762
9863
9717
9880
9769
9717
9678
9679
9682
9458
9548
9525
9408
9423
9426
9619
9555
9593
9695
9638
9544
9691
9776
9728
9654
9660
9412
9433
9390
9341
9190
9000
9095
9034
9007
8981
9022
8987
8985
8929
8827
8820
8746
8785
8768
8834
8688
8649
8690
8644
8628
8642
8589
8595
8577
8515
8503
8464
8498
8366
8378
8332
8327
8274
8273
8141
8081
8187
8230
8161
8065
8210
8163
8134
8070
8135
8167
8157
8150
8128
8140
8108
8122
8134
8222
8202
8138
8185
8077
8136
8227
8175
8150
8142
8151
8226
8192
8180
8159
8072
8125
8106
8170
8131
8133
8092
8149
8114
8118
8124
8117
8137
8143
8194
8138
8145
8108
8149
8130
8110
8106
8112
8142
8125
8196
8143
8133
8149
8179
8181
8147
8128
8165
8159
8124
8146
8151
8174
8144
8161
8155
8139
8120
8148
8138
