0.0376018 0.119296
0.0372883 0.118456
0.0370243 0.119067
0.0373347 0.12274
0.0365985 0.122523
0.0362431 0.122331
0.0361787 0.121117
0.0361777 0.121602
0.0357028 0.120293
0.0360906 0.121108
0.0364611 0.121312
0.0365413 0.121489
0.0365701 0.121695
0.0365283 0.121442
0.0374387 0.124576
0.0368993 0.12458
0.0372836 0.125674
0.0366347 0.124035
0.0376971 0.126808
0.0381635 0.128424
0.0359101 0.121549
0.0366965 0.124416
0.0367104 0.123858
0.0358182 0.118876
0.0360165 0.119236
0.0356009 0.115975
0.0357286 0.114349
0.0372918 0.118373
0.0374895 0.118832
0.037337 0.117951
0.0374394 0.117584
0.0384747 0.122124
0.0377988 0.118933
0.0374832 0.117131
0.037653 0.119962
0.037618 0.118782
0.0384782 0.121499
0.0393688 0.124263
0.038918 0.123516
0.0382517 0.121578
0.039282 0.125263
0.0391635 0.12507
0.0389029 0.124168
0.0387247 0.123015
0.037375 0.119486
0.0387493 0.12395
0.0386509 0.124509
0.0394212 0.126709
0.0381009 0.122121
0.0379493 0.121652
0.0367388 0.118025
0.0369933 0.119259
0.0362829 0.117589
0.0381004 0.12392
0.0374591 0.121287
0.0375491 0.122322
0.0376122 0.121201
0.0377814 0.122032
0.0370273 0.117889
0.0378686 0.121155
0.0385285 0.123157
0.0378117 0.12209
0.037604 0.120643
0.0371936 0.120139
0.0372909 0.1207
0.0368865 0.119627
0.0368607 0.11966
0.0367483 0.118612
0.0367918 0.120213
0.0359837 0.118529
0.0374271 0.123897
0.0371221 0.122458
0.0368092 0.12098
0.036137 0.119954
0.0362195 0.120003
0.0357506 0.119037
0.0354632 0.117355
0.0370057 0.123212
0.0351709 0.117066
0.036039 0.120697
0.0361005 0.121971
0.0359298 0.121964
0.0366365 0.124367
0.0365991 0.12538
0.0354469 0.122841
0.0361627 0.126972
0.0360126 0.125028
0.0356874 0.123466
0.036143 0.123631
0.0353261 0.120353
0.0353323 0.122592
0.0351952 0.122557
0.0346203 0.120066
0.0339777 0.117884
0.0343035 0.117935
0.0348825 0.121559
0.0340292 0.119248
0.034448 0.121674
0.0345821 0.12233
0.034451 0.1218
0.0345117 0.1216
0.0346384 0.121936
0.0345526 0.121451
0.0353133 0.125276
0.0343719 0.122256
0.034888 0.124827
0.035564 0.127364
0.0364013 0.129654
0.0364011 0.127455
0.0366304 0.129247
0.0363295 0.127507
0.0363237 0.126283
0.0360055 0.125659
0.0367915 0.128253
0.0363937 0.127767
0.0361759 0.126021
0.0359718 0.12759
0.0354905 0.126279
0.0362141 0.128448
0.0361022 0.12755
0.0355408 0.125548
0.0361966 0.128197
0.0357403 0.126985
0.0369981 0.131887
0.0367623 0.130627
0.0370046 0.132143
0.0364483 0.130122
0.0375136 0.133933
0.0365716 0.1308
0.0371051 0.132011
0.0359912 0.127865
0.0354041 0.125028
0.035835 0.127222
0.0364788 0.130371
0.0371103 0.133246
0.0366016 0.131301
0.0363272 0.130532
0.0367054 0.131149
0.0365073 0.131286
0.0360643 0.130053
0.0362499 0.130245
0.0365911 0.13088
0.0370347 0.131703
0.0364503 0.130222
0.0361572 0.128472
0.0364551 0.130425
0.0372339 0.132472
0.0360173 0.128174
0.0366677 0.13167
0.0368102 0.13276
0.0364685 0.132137
0.0357737 0.129321
0.0355395 0.127813
0.0359212 0.130011
0.0352783 0.127311
0.0346069 0.123724
0.0346654 0.123441
0.0353493 0.126837
0.0345735 0.124098
0.0356107 0.127373
0.0358411 0.128751
0.0359965 0.129522
0.0357181 0.128619
0.0356891 0.127739
0.035549 0.126699
0.0360101 0.130029
0.0346992 0.124093
0.0351034 0.126088
0.0356679 0.128648
0.035176 0.126621
0.0352631 0.126702
0.0353483 0.127635
0.0351884 0.12636
0.0360001 0.12914
0.0365399 0.131056
0.0362066 0.128969
0.0356137 0.127356
0.0363837 0.13087
0.0356277 0.128874
0.0351265 0.127175
0.0354773 0.128111
0.0354888 0.127892
0.0364485 0.131454
0.0372687 0.13479
0.035658 0.128081
0.0360761 0.1293
0.0373744 0.134963
0.0362778 0.129468
0.0369403 0.131766
0.0356334 0.127826
0.0362803 0.130554
0.0365747 0.131509
0.0367904 0.132188
0.0367289 0.130961
0.0366041 0.130663
0.0368031 0.133047
0.0365466 0.132335
0.0374668 0.137638
0.036614 0.133194
0.0367043 0.13408
0.03699 0.135227
0.0365171 0.133578
0.0367448 0.13385
0.0371146 0.135052
0.0375767 0.13563
0.0373645 0.135112
0.0370976 0.135475
0.0380006 0.139246
0.0366945 0.134562
0.0369948 0.13659
0.0367512 0.135284
0.0365542 0.133225
0.0372015 0.136845
0.0373457 0.136427
0.0372861 0.136423
0.0373316 0.137869
0.0381997 0.140221
0.0368256 0.134113
0.037779 0.136995
0.0365675 0.132686
0.0378273 0.137995
0.0388908 0.14206
0.0373206 0.13635
0.0374027 0.136532
0.0368788 0.135583
0.0377191 0.138391
0.0380047 0.139029
0.0364922 0.131704
0.0378864 0.137412
0.0375792 0.137449
0.0373607 0.136669
0.037491 0.136294
0.0372904 0.136069
0.0370106 0.135762
0.0365675 0.132608
0.0365784 0.133839
0.035941 0.130585
0.0360848 0.130786
0.0368096 0.134927
0.0362639 0.132452
0.0367487 0.134517
0.0375219 0.137754
0.0379303 0.140543
0.0371323 0.137182
0.0367546 0.135663
0.0370104 0.136222
0.0370347 0.136506
0.0375905 0.139433
0.0381607 0.142297
0.0373271 0.138168
0.0370284 0.135795
0.0385328 0.142969
0.0376592 0.139992
0.0379393 0.141661
0.0382517 0.140507
0.0379428 0.139212
0.0377189 0.138251
0.0383847 0.141396
0.0371474 0.134909
0.037366 0.137404
0.037324 0.137091
0.0379339 0.140187
0.0375445 0.138725
0.0364674 0.13428
0.0368689 0.136519
0.0376269 0.139444
0.0373968 0.138793
0.0375167 0.137966
0.0361308 0.133803
0.0369072 0.136261
0.0365578 0.135982
0.0365621 0.136385
0.0360716 0.135302
0.0357946 0.136407
0.036034 0.138162
0.0356992 0.135782
0.037162 0.144275
0.0346745 0.134039
0.0350574 0.135155
0.0352983 0.139059
0.0350918 0.137705
0.034901 0.137974
0.0357615 0.142177
0.0352988 0.140132
0.0342593 0.136899
0.0345698 0.139419
0.0337121 0.135507
0.0339665 0.138278
0.0335709 0.137542
0.034141 0.139236
0.0343294 0.140613
0.0328149 0.136222
0.0337691 0.141119
0.0335368 0.1418
0.034242 0.145807
0.0332666 0.144017
0.034942 0.150027
0.0339578 0.146764
0.0330775 0.144152
0.0335957 0.1461
0.0333834 0.145612
0.0330478 0.143831
0.0323805 0.142029
0.0331977 0.14387
0.0339697 0.148695
0.0344232 0.152464
0.0347598 0.154484
0.0332207 0.148179
0.0340509 0.152519
0.0345896 0.155441
0.0350728 0.156784
0.0344641 0.153582
0.0338659 0.153166
0.0346651 0.156647
0.0348678 0.159181
0.0351835 0.160915
0.0354832 0.163873
0.0357537 0.166167
0.0348559 0.162928
0.0357099 0.169617
0.0353879 0.166422
0.0344655 0.161773
0.0355394 0.167091
0.0357254 0.16959
0.0355627 0.168275
0.0362004 0.171636
0.0354805 0.169085
0.0350924 0.168909
0.0359051 0.170378
0.0351055 0.168873
0.035634 0.17251
0.035173 0.171437
0.0354939 0.172369
0.0350659 0.171117
0.035357 0.173416
0.0347206 0.172517
0.0349059 0.1724
0.0361125 0.177016
0.0355869 0.175388
0.0363798 0.18108
0.0369135 0.179095
0.0369384 0.183301
0.0364117 0.182951
0.037217 0.186881
0.0360464 0.178682
0.0372037 0.185925
0.0364276 0.181469
0.0362928 0.181085
0.0367168 0.180843
0.0369422 0.182294
0.0365966 0.182272
0.0368911 0.183877
0.0366047 0.18492
0.037343 0.190999
0.037268 0.185817
0.0377113 0.190352
0.0382774 0.192103
0.0380099 0.19186
0.0378603 0.191605
0.0369755 0.187817
0.0371288 0.187829
0.0378815 0.191017
0.0376201 0.190201
0.0368646 0.186149
0.0365256 0.185451
0.0364811 0.186376
0.0365841 0.186951
0.0367774 0.187361
0.0362715 0.185837
0.0354056 0.179985
0.0363924 0.186638
0.0366036 0.189494
0.036544 0.188319
0.0358156 0.184809
0.0364336 0.189105
0.037293 0.192873
0.0365904 0.187114
0.0367022 0.190261
0.0367307 0.19017
0.0366847 0.189975
0.0370155 0.193377
0.0373248 0.193231
0.036913 0.191908
0.0367007 0.190713
0.0370409 0.19509
0.0364176 0.188881
0.0360203 0.189292
0.0366845 0.193701
0.0366155 0.19427
0.0364501 0.193912
0.0372073 0.197777
0.0371064 0.194927
0.0370078 0.194121
0.0365983 0.194595
0.0371868 0.198056
0.037436 0.199845
0.0381991 0.206479
0.0373702 0.201253
0.0373877 0.202251
0.038207 0.208962
0.0387234 0.211747
0.0383643 0.209906
0.0370216 0.20195
0.0388645 0.215225
0.0377114 0.205688
0.0382001 0.209387
0.0359784 0.198487
0.0376923 0.206641
0.0369246 0.205365
0.0381002 0.21345
0.0383096 0.214136
0.0379592 0.212558
0.0374241 0.206231
0.0369256 0.206141
0.036678 0.208024
0.036867 0.206667
0.0370732 0.210769
0.0367463 0.207184
0.0367642 0.205625
0.0368896 0.207211
0.036136 0.204656
0.0362326 0.204831
0.0367395 0.208156
0.037242 0.213273
0.0367622 0.21119
0.0369822 0.214579
0.0365372 0.213997
0.0366453 0.211945
0.0371764 0.215306
0.0360353 0.207486
0.0368154 0.214618
0.0375209 0.220608
0.0360507 0.213262
0.0356565 0.21271
0.035721 0.213104
0.0367911 0.219331
0.0362925 0.214464
0.0370441 0.224693
0.0373391 0.232658
0.0367164 0.226108
0.0374907 0.232033
0.0383567 0.237169
0.0378704 0.234367
0.0384795 0.237952
0.0376357 0.233711
0.0385955 0.240575
0.0384344 0.241236
0.0388967 0.242966
0.0382965 0.240386
0.0390572 0.24402
0.0398831 0.251286
0.0389985 0.24652
0.0395324 0.25129
0.0395541 0.250577
0.0388779 0.24693
0.0391719 0.247224
0.0389884 0.244934
0.0390288 0.245134
0.0384731 0.235589
0.0386496 0.236613
0.0387213 0.239968
0.0387936 0.237982
0.0391665 0.236474
0.0391751 0.233659
0.0392673 0.23499
0.038549 0.233065
0.0397879 0.244362
0.0403044 0.249004
0.0389476 0.241218
0.0383041 0.240108
0.0376903 0.237807
0.0389232 0.245339
0.039189 0.244873
0.0377784 0.238715
0.0388042 0.245306
0.038464 0.242697
0.0391599 0.245704
0.0386495 0.244144
0.0397413 0.24895
0.0402567 0.251379
0.0392127 0.242517
0.0396386 0.243347
0.0397374 0.243268
0.0390249 0.236507
0.0391849 0.23568
0.0397386 0.239401
0.0396046 0.2355
0.039717 0.228863
0.0388002 0.225488
0.0395996 0.229021
0.0393626 0.226019
0.039449 0.231696
0.0392114 0.225627
0.0395979 0.224635
0.0403915 0.229986
0.0396695 0.224462
0.0388134 0.21882
0.0390099 0.221376
0.0388068 0.218056
0.0381382 0.210031
0.0382044 0.209183
0.0379331 0.208028
0.0399686 0.220019
0.0394125 0.215465
0.0411943 0.223774
0.0426477 0.228461
0.0419469 0.225232
0.0408425 0.221059
0.0412477 0.223157
0.0413255 0.224146
0.0405326 0.2167
0.0416288 0.221902
0.0408838 0.216388
0.0409037 0.216154
0.0396027 0.206206
0.0392321 0.204266
0.0402386 0.205931
0.0400293 0.204942
0.0395592 0.20505
0.0389294 0.201915
0.037514 0.193308
0.0381441 0.194285
0.0362487 0.183944
0.0361705 0.182401
0.0367097 0.186712
0.0361588 0.185136
0.0369798 0.186588
0.0378939 0.19044
0.037526 0.191629
0.038172 0.192516
0.0402034 0.198474
0.0404486 0.198078
0.039793 0.192636
0.0389357 0.191445
0.0404185 0.201386
0.0397203 0.199378
0.0395565 0.2
0.0392248 0.205351
0.0372085 0.192694
0.0377069 0.192556
0.0373658 0.194492
0.0380625 0.197902
0.0369977 0.192113
0.0378292 0.196263
0.0370511 0.190443
0.0389749 0.198317
0.0385869 0.199462
0.0374755 0.19706
0.0390459 0.203024
0.0376016 0.195662
0.0379315 0.19431
0.0405244 0.206966
0.0396507 0.201514
0.0389181 0.203697
0.0357791 0.197991
0.0363539 0.201703
0.0358866 0.195713
0.0367066 0.196616
0.0351214 0.189575
0.0358531 0.195075
0.035392 0.189332
0.0367988 0.197735
0.0365579 0.1988
0.036761 0.205439
0.0357252 0.192972
0.0361896 0.19791
0.0361399 0.196496
0.0370873 0.202352
0.036231 0.200638
0.0357482 0.196042
0.0368932 0.200804
0.0358798 0.193377
0.0362028 0.196914
0.036189 0.194151
0.0363275 0.197162
0.0363613 0.192479
0.0363671 0.193394
0.035724 0.187301
0.0358394 0.188438
0.0359051 0.188514
0.0357959 0.187151
0.0346989 0.182047
0.0345867 0.177998
0.0343577 0.17751
0.0347216 0.178579
0.0340106 0.173365
0.0334949 0.170986
0.0331162 0.169047
0.0338855 0.17368
0.0339125 0.170765
0.0335501 0.168724
0.0340477 0.175749
0.0338705 0.172628
0.0337034 0.168763
0.0338187 0.166304
0.0338522 0.166034
0.0332851 0.165363
0.0328298 0.164411
0.034143 0.168327
0.0342946 0.168228
0.0339726 0.167064
0.0325271 0.161093
0.0337906 0.166874
0.033562 0.165717
0.0336829 0.163418
0.0339871 0.165167
0.0328836 0.160343
0.0327698 0.164432
0.0335397 0.165923
0.0330912 0.161031
0.0328412 0.161099
0.0331034 0.16078
0.0339674 0.162565
0.0334548 0.160829
0.0324496 0.151965
0.033185 0.156547
0.0338783 0.158159
0.0345488 0.164069
0.0328892 0.156049
0.0338094 0.157817
0.0337479 0.157054
0.034259 0.159443
0.0344203 0.159722
0.0336378 0.157182
0.0345895 0.16022
0.0347029 0.161087
0.0357302 0.168567
0.0363191 0.171955
0.0365825 0.174643
0.0363363 0.174606
0.0357045 0.172196
0.036618 0.175982
0.0350888 0.173135
0.0364658 0.179549
0.0356932 0.175003
0.0353028 0.175186
0.0353777 0.174703
0.0342221 0.171299
0.0346536 0.171679
0.0347459 0.172223
0.034565 0.172935
0.0347626 0.175504
0.0347139 0.171991
0.0349679 0.169286
0.0345258 0.169772
0.0335457 0.165882
0.0342506 0.170855
0.0339927 0.169913
0.0343658 0.169455
0.03438 0.168107
0.0345911 0.172305
0.0348939 0.171542
0.0341844 0.169381
0.0356395 0.178107
0.0344857 0.170773
0.0357272 0.174275
0.0360441 0.173371
0.0367025 0.181961
0.0359497 0.175751
0.0364517 0.176531
0.0365286 0.178005
0.0375497 0.182024
0.0367897 0.179347
0.0362039 0.178845
0.0360727 0.178916
0.0361871 0.178891
0.0362113 0.176495
0.0364861 0.177453
0.0368821 0.183286
0.0369959 0.1795
0.0362499 0.176022
0.0365815 0.178612
0.0370908 0.177143
0.0376063 0.177948
0.0371081 0.177147
0.037386 0.178125
0.037026 0.17628
0.0370842 0.177115
0.0371952 0.17781
0.0368869 0.173436
0.03699 0.176186
0.0361241 0.173598
0.0361995 0.172682
0.0371566 0.174848
0.0359772 0.168572
0.0359002 0.168343
0.0351711 0.164039
0.0351743 0.162619
0.0360157 0.167839
0.0356739 0.165414
0.0350021 0.162318
0.0361551 0.167191
0.0369005 0.171928
0.0380777 0.173939
0.0371136 0.171086
0.0380063 0.176628
0.0387888 0.179548
0.0392153 0.180914
0.0396973 0.185274
0.0381266 0.176119
0.0377294 0.175182
0.0388422 0.179255
0.0383527 0.178859
0.0390333 0.180012
0.0383681 0.179372
0.0376621 0.177094
0.0376415 0.178958
0.036461 0.168408
0.0367218 0.167948
0.0361207 0.168102
0.0365636 0.168381
0.036733 0.169553
0.0360111 0.165365
0.0361241 0.167209
0.0380406 0.174377
0.0365709 0.170267
0.0362219 0.167894
0.0362519 0.166993
0.0364781 0.168126
0.0362943 0.16922
0.0364946 0.170388
0.0356368 0.167483
0.0366555 0.170122
0.0366882 0.168283
0.0367359 0.171196
0.0371037 0.174461
0.0383094 0.181671
0.0374553 0.178242
0.037723 0.17832
0.0370757 0.173948
0.0370008 0.174322
0.0376115 0.176583
0.0367683 0.172403
0.0361693 0.170569
0.0367903 0.172985
0.0363459 0.170932
0.0362323 0.170959
0.0363311 0.170942
0.0367635 0.171058
0.0368391 0.172576
0.0368953 0.171409
0.0375208 0.175573
0.0380841 0.177146
0.0386801 0.176015
0.0377897 0.175089
0.0380308 0.172788
0.0379977 0.174558
0.0373874 0.173917
0.0351413 0.158493
0.0362095 0.166129
0.0360374 0.167473
0.0364164 0.168758
0.0370797 0.169114
0.0368806 0.163283
0.0356221 0.163725
0.0367562 0.169733
0.0355799 0.165473
0.0362251 0.166127
0.0371632 0.171901
0.0369212 0.169668
0.0369404 0.16754
0.0375216 0.172312
0.0370267 0.167037
0.0375011 0.171103
0.0369264 0.166055
0.0364202 0.165836
0.0363019 0.163526
0.0358655 0.161024
0.0362938 0.162862
0.0363359 0.163907
0.0374619 0.169154
0.036801 0.161505
0.0368059 0.162917
0.0385366 0.17467
0.0375005 0.172179
0.0380985 0.172323
0.038353 0.173635
0.0384459 0.171033
0.0394033 0.17546
0.0402102 0.179908
0.0383871 0.171599
0.0383636 0.170164
0.0379403 0.168633
0.0386471 0.173469
0.0365501 0.162913
0.0369431 0.16426
0.0368603 0.165684
0.0369693 0.166891
0.0377877 0.176109
0.0371801 0.17217
0.0365656 0.168928
0.0373653 0.177029
0.0368127 0.173021
0.0355127 0.166999
0.0355951 0.16522
0.0360072 0.168629
0.0358573 0.171735
0.0367364 0.174743
0.0367749 0.169517
0.0362597 0.173063
0.0358049 0.16927
0.0347448 0.159126
0.0362381 0.168539
0.0359406 0.165713
0.0360272 0.168381
0.0358877 0.163293
0.0358671 0.163432
0.0354041 0.16189
0.0350205 0.158861
0.035276 0.158516
0.0353916 0.16103
0.034405 0.160401
0.0348518 0.161538
0.0330762 0.151349
0.0343941 0.156561
0.0343712 0.157592
0.0346353 0.158586
0.0344419 0.158787
0.0335203 0.156005
0.0338566 0.156425
0.0334242 0.15655
0.0332532 0.155291
0.0314551 0.146505
0.0309483 0.146726
0.0318596 0.149696
0.0319181 0.151122
0.0325602 0.156126
0.032603 0.159007
0.0324208 0.158697
0.0328239 0.159552
0.0325824 0.160875
0.0320238 0.155805
0.0324329 0.158532
0.0322088 0.158213
0.0329659 0.161197
0.0332521 0.163386
0.0324413 0.155819
0.0319007 0.15096
0.0318308 0.153453
0.0320409 0.154669
0.0329984 0.157889
0.0325751 0.156843
0.0335418 0.161396
0.0334705 0.164581
0.0338832 0.163739
0.0335504 0.164156
0.0336643 0.164165
0.0340525 0.168428
0.0327602 0.158504
0.0336677 0.164122
0.0340678 0.166391
0.0332595 0.161677
0.0328212 0.160145
0.0322239 0.156988
0.031921 0.155913
0.0324853 0.157884
0.0330117 0.163055
0.0326681 0.160391
0.0334957 0.162469
0.0329512 0.159179
0.0334482 0.161645
0.0338795 0.161991
0.0330591 0.156635
0.0326937 0.155192
0.0328611 0.156436
0.0332788 0.158427
0.0329333 0.15851
0.0336997 0.160203
0.033955 0.165644
0.0337079 0.163288
0.0349794 0.169752
0.0338657 0.163755
0.0341186 0.16427
0.0335523 0.158601
0.0323137 0.154591
0.0329404 0.159388
0.0329937 0.158137
0.0324563 0.158102
0.0308345 0.147591
0.0300342 0.142068
0.0308788 0.149662
0.0303961 0.148244
0.0312137 0.153966
0.0313142 0.154845
0.0311577 0.154773
0.0319061 0.159446
0.0310409 0.153235
0.0311892 0.154588
0.0311146 0.155326
0.0294446 0.149061
0.0299745 0.150307
0.0297548 0.150394
0.0302201 0.152936
0.0295247 0.14727
0.0302756 0.153337
0.0299824 0.150106
0.0305327 0.15219
0.0309846 0.15794
0.0296977 0.151203
0.0300639 0.152815
0.0287473 0.148341
0.0290988 0.151127
0.0306328 0.159171
0.0306751 0.158395
0.0297905 0.152308
0.0303352 0.158233
0.0304453 0.159701
0.030886 0.162783
0.0300182 0.161595
0.0301387 0.163834
0.0296207 0.161183
0.0290377 0.159543
0.0276748 0.154455
0.0281341 0.160799
0.0253933 0.142942
0.0264508 0.148999
0.0265002 0.149393
0.0264731 0.150353
0.0261979 0.14967
0.0258927 0.149704
0.0266172 0.151888
0.0268707 0.153233
0.0271521 0.156756
0.0268858 0.152696
0.026487 0.150202
0.0263632 0.154088
0.0257235 0.147588
0.0255326 0.147846
0.024989 0.142499
0.024819 0.146239
0.0249169 0.14918
0.0233792 0.138817
0.0226212 0.134306
0.0234066 0.139642
0.0248009 0.15211
0.0244055 0.148887
0.0238815 0.146454
0.0238105 0.14679
0.0242461 0.149034
0.0236467 0.145703
0.0233208 0.142748
0.0224396 0.135426
0.0238957 0.148491
0.0237769 0.147225
0.0240025 0.148783
0.0241714 0.147211
0.0248141 0.151703
0.0238459 0.147044
0.0234349 0.14498
0.0230984 0.141427
0.0233837 0.141957
0.0237041 0.144843
0.0230814 0.142656
0.0224663 0.14129
0.0223638 0.140008
0.0223074 0.138911
0.022705 0.143497
0.0232103 0.146985
0.0236425 0.149336
0.023862 0.150782
0.0241772 0.150669
0.0252143 0.156481
0.0247996 0.150435
0.0252427 0.151293
0.0257116 0.15858
0.0262839 0.161841
0.0251312 0.157182
0.0253576 0.15663
0.0248074 0.152451
0.0253586 0.154685
0.025245 0.149302
0.0248923 0.150272
0.0249537 0.148276
0.0257975 0.155084
0.0259911 0.154598
0.0268511 0.158537
0.0269888 0.160683
0.0269574 0.159244
0.0275355 0.165893
0.0265129 0.1568
0.0260436 0.152358
0.0267703 0.155362
0.0262615 0.153818
0.0272373 0.157945
0.0271242 0.15267
0.0266278 0.151464
0.0263421 0.147373
0.0276541 0.153448
0.0276609 0.152465
0.0275328 0.149432
0.0267846 0.146519
0.0265892 0.145307
0.0264358 0.141309
0.0264235 0.138521
0.027999 0.147924
0.0276445 0.143645
0.0285854 0.147411
0.0292069 0.151765
0.0308939 0.157099
0.0310576 0.161391
0.0314966 0.16065
0.0324365 0.160662
0.0311767 0.158758
0.032686 0.161239
0.0338205 0.164967
0.0340194 0.163288
0.033058 0.160468
0.0341166 0.162552
0.033479 0.161194
0.0345864 0.165426
0.0333907 0.160947
0.0317791 0.154259
0.0327303 0.158694
0.0330154 0.163562
0.0316588 0.157415
0.0325722 0.161239
0.0318756 0.158005
0.0312553 0.155109
0.0313336 0.157978
0.0313138 0.153254
0.0321074 0.158345
0.03209 0.157895
0.0325495 0.157114
0.0329288 0.15734
0.0341498 0.162263
0.034333 0.159078
0.0330866 0.152926
0.0331856 0.153627
0.0327617 0.152638
0.0326133 0.152962
0.0322069 0.153344
0.0319648 0.154068
0.0312746 0.151612
0.0326367 0.157629
0.0334429 0.162098
0.0339589 0.162436
0.0334197 0.15955
0.0339689 0.157478
0.0344688 0.163129
0.0346391 0.159559
0.0349409 0.163487
0.0353777 0.16665
0.0346217 0.16315
0.0347608 0.162458
0.0342063 0.159538
0.0354931 0.169512
0.0349492 0.16613
0.0348986 0.166108
0.0349249 0.165246
0.0345732 0.166378
0.0337795 0.15813
0.0345525 0.163594
0.0335083 0.156511
0.0337043 0.15865
0.0341337 0.163675
0.0328153 0.155774
0.0329846 0.157654
0.0331277 0.158248
0.0326512 0.152494
0.0327221 0.156044
0.0324196 0.154809
0.0340312 0.157636
0.0341828 0.159046
0.0343696 0.16269
0.0340553 0.157288
0.0348563 0.162985
0.0339051 0.153735
0.034917 0.163848
0.0342924 0.157946
0.0344732 0.16113
0.0353999 0.162054
0.0350672 0.159919
0.0357557 0.165
0.0362452 0.167495
0.0365885 0.171064
0.037961 0.177592
0.0366883 0.171037
0.0369141 0.170909
0.0371738 0.171931
0.0369567 0.171285
0.0376216 0.173844
0.0373356 0.177173
0.0371459 0.173478
0.0377706 0.178474
0.0387044 0.183516
0.0384303 0.181213
0.0386087 0.179642
0.039133 0.185422
0.0389493 0.184489
0.0380967 0.182555
0.0383968 0.186845
0.0377419 0.181211
0.037888 0.18387
0.0375404 0.17999
0.0369652 0.178443
0.0368962 0.17558
0.0372837 0.179031
0.0382642 0.181094
0.0370378 0.174684
0.0374293 0.177312
0.0387959 0.184186
0.0368431 0.169865
0.0377851 0.174093
0.0392208 0.177245
0.040252 0.181431
0.0387854 0.17624
0.0377889 0.172807
0.0358723 0.165379
0.0358829 0.164085
0.03653 0.166355
0.0374014 0.171016
0.0369471 0.167898
0.0361793 0.164385
0.0353131 0.163278
0.0354334 0.163445
0.0355771 0.161598
0.0356566 0.163332
0.034951 0.160393
0.0344081 0.159468
0.035955 0.16938
0.0342036 0.161137
0.034105 0.160427
0.0350783 0.165564
0.0346491 0.164823
0.0343127 0.161513
0.0338976 0.161778
0.0337052 0.159919
0.0333591 0.159177
0.0326634 0.157044
0.034031 0.16398
0.0339428 0.16417
0.0328818 0.157199
0.0350286 0.172658
0.0348139 0.169355
0.035929 0.175013
0.0346036 0.171131
0.0355445 0.175316
0.035856 0.176427
0.035073 0.169768
0.0353058 0.171533
0.0346738 0.168352
0.035064 0.168437
0.0345658 0.166736
0.0342769 0.164816
0.0337633 0.162316
0.0330305 0.15804
0.0329032 0.157278
0.0336794 0.163663
0.0336167 0.16294
0.0331105 0.164683
0.0337196 0.167815
0.0329939 0.164963
0.0323638 0.162723
0.0314151 0.160501
0.0308826 0.161111
0.0301001 0.15613
0.0298416 0.155524
0.029096 0.15166
0.0284037 0.148647
0.0282215 0.147861
0.0279731 0.14788
0.0276453 0.145799
0.0283308 0.149177
0.0277842 0.148861
0.0280281 0.149887
0.0279213 0.150812
0.0282513 0.152419
0.0286211 0.153855
0.0276849 0.14897
0.0273247 0.149056
0.0269933 0.147763
0.0265423 0.144074
0.0255076 0.139519
0.0256362 0.141284
0.0260344 0.14256
0.025509 0.140761
0.0254098 0.139965
0.0259683 0.14329
0.0252274 0.140693
0.0260673 0.144772
0.0257913 0.144022
0.0254829 0.142975
0.0252678 0.14296
0.0249151 0.141919
0.0248852 0.141743
0.0255446 0.146031
0.0251915 0.14467
0.0246636 0.142028
0.025831 0.15207
0.0258189 0.151961
0.0257045 0.149627
0.0261454 0.151154
0.0266236 0.156476
0.026232 0.155239
0.0265683 0.154446
0.026184 0.15313
0.0265396 0.155397
0.0262687 0.154771
0.0267564 0.156361
0.0263114 0.153177
0.0263706 0.155204
0.026636 0.156074
0.0257081 0.151083
0.0263461 0.154791
0.0263037 0.155032
0.0258403 0.152302
0.0253787 0.149127
0.0264567 0.153856
0.0252828 0.147403
0.0254805 0.149545
0.0264902 0.155773
0.0258626 0.152656
0.0262706 0.154253
0.0262741 0.153154
0.0259071 0.152416
0.0261968 0.154233
0.0259248 0.152788
0.026468 0.156054
0.0263558 0.153781
0.0257318 0.150757
0.0261206 0.153301
0.0264313 0.154308
0.0262013 0.154485
0.0260279 0.152862
0.0263826 0.155194
0.0263606 0.153488
0.0258586 0.152134
0.0259231 0.152096
0.0256271 0.151631
0.025557 0.150325
0.0251459 0.148139
0.0255588 0.150283
0.0248984 0.146233
0.0253866 0.14907
0.0257039 0.151899
0.0257463 0.150927
0.0248722 0.145472
0.0256964 0.150651
0.0252823 0.148189
0.0245007 0.144795
0.0255477 0.149834
0.025943 0.152276
0.0244055 0.144636
0.0254896 0.149642
0.0247221 0.145833
0.0253629 0.147875
0.0246554 0.145723
0.0246852 0.143729
0.0245387 0.14405
0.0241195 0.142137
0.0249589 0.147135
0.0246084 0.144639
0.0247908 0.145948
0.0243048 0.142997
0.0238797 0.140502
0.0248268 0.145254
0.0240484 0.142174
0.025105 0.147834
0.0238972 0.140192
0.0243369 0.143418
0.0247626 0.14485
0.0244368 0.144646
0.0247956 0.145325
0.0247635 0.145064
0.023884 0.140804
0.025022 0.147167
0.0242351 0.142121
0.0246679 0.144876
