45051
43633
43566
44543
45439
45995
45911
46244
46439
46023
46241
46167
46322
46375
46102
46261
46267
46486
46290
46065
46338
46435
46145
46066
45729
45027
44810
44487
44199
44085
43724
43873
43758
43833
43954
43862
43973
44426
44658
45279
45517
45808
45575
45604
45806
45704
45898
45610
45642
45956
45946
45765
45917
45905
45890
46073
45916
45975
45723
46186
45966
46044
45926
46352
46392
46250
46201
46043
46070
46132
46143
45741
45994
46213
46163
46209
45935
46101
46203
46311
46149
46396
46238
46176
46351
46512
46456
46515
46233
46283
46473
46512
46389
46560
46351
46585
46607
46592
46527
46675
46506
46538
46422
46668
46666
46549
46592
46784
46537
46628
46381
46416
46354
46614
46629
46495
46731
46604
46805
46590
46735
46800
46754
46651
46651
46805
46614
46863
46867
46813
46817
46859
46742
46575
46537
46610
46439
46342
46840
46833
47007
46842
46686
46776
46685
46907
46839
46672
46635
46536
46835
46850
46990
46769
46856
46927
46819
46875
46741
46531
47041
46949
46895
46709
46668
46848
46831
47061
46961
46907
46706
46933
46862
47111
46935
47008
46864
47109
47042
47030
47016
46888
46943
47010
46918
46984
46984
47026
46724
46810
47133
47027
46860
46884
46962
47170
46899
47055
46840
46970
47229
46800
47027
47286
46944
47157
47065
46973
47364
47385
47427
47026
47283
47154
47283
47279
47147
47304
47275
47091
47056
47132
47159
47403
47290
47297
47231
47106
47009
47340
47376
47398
47224
47635
47009
47241
47411
47139
47542
47237
47403
47279
47350
47425
47205
47311
47091
47512
47562
47365
47180
47518
47266
47286
47109
47308
47748
47545
47325
47396
47503
47451
47517
47467
47574
47466
47357
47259
47328
47335
47377
47262
47378
47605
47594
47228
47710
47470
47408
47566
47333
47649
47621
47452
47520
47932
47342
47753
47571
47626
47452
47905
47736
48007
47836
47976
47908
47883
48069
48280
47958
47870
47683
47684
47984
48078
47670
47651
47752
48107
48100
48021
48072
48031
48182
47977
48220
48023
48141
48306
48039
47961
48003
48173
48056
48342
48280
48301
47737
48340
48465
48361
48121
48252
48081
48271
48244
48072
48220
48406
47950
48080
48391
48150
47855
48006
48013
48274
48234
48048
47928
47979
47972
48416
47950
48341
48044
48119
48230
48113
48049
47939
48086
48122
48158
48299
48245
48209
48330
47902
47977
48192
47997
48303
48307
48186
48018
48117
48243
48249
48115
47877
48059
48119
48271
48136
48195
48113
48149
48587
48297
48051
48179
48199
48216
48082
48221
48140
48064
48211
48317
48274
48107
48013
47943
48115
48140
48047
48098
47900
48082
48157
47937
48178
48067
47929
48148
48032
47927
47981
47930
47747
47932
48064
47848
47996
47869
47837
47826
47842
47616
47760
47461
47593
47619
47430
47310
47457
47698
47363
47105
47345
47108
47220
47083
46793
46729
46842
46845
46752
46536
46771
46797
46645
46556
46615
46501
46786
46422
46417
46641
46451
46647
46356
46349
46590
46572
46521
46370
46418
46829
46322
46314
46614
46464
46225
46374
46650
46224
46427
46490
46369
46153
46150
45885
45900
45929
45799
45876
45556
45373
45806
45446
45457
45876
45753
45474
45450
45559
45676
45911
45633
45811
46026
45516
45700
45796
46006
45651
46049
46037
46242
46571
46255
46310
46620
46771
46416
46184
46032
46356
46167
46650
46419
46391
46434
45971
45733
45755
45688
44648
44847
44832
45177
45301
45191
45277
45201
45366
45005
45175
45110
45165
45256
44749
44131
44186
44349
44358
44147
43394
43406
43631
43887
45166
44947
44780
44951
45357
45296
45434
45545
45298
45619
45962
46063
46237
46404
46866
47387
47380
47687
47593
47694
47815
47578
47818
47727
47657
47904
47687
47869
47764
47966
47780
47691
48067
47892
47749
47711
47660
47551
47593
47384
47459
47796
47649
47731
48004
47646
47450
47837
47676
47673
47294
47518
47805
47910
47645
47777
48019
47850
47840
47766
47674
48094
47464
47527
47888
47472
47766
47462
47443
47298
47182
47143
47159
47303
47181
47308
47389
47463
47679
47140
47348
47475
47318
47367
47441
47430
47360
47321
47301
47129
47240
47249
47240
47216
47460
46975
47411
47057
47156
47251
47237
46911
47109
47272
47177
46884
47278
47031
47160
47122
47238
46978
47278
47196
47096
46816
47145
47073
46804
46907
46917
46916
46967
47082
46834
47117
47202
47143
47183
47071
47141
47075
47340
47023
47035
46869
46740
47075
46937
46694
46937
46887
46895
46844
46779
47080
47072
46985
46985
46883
46914
47050
46996
46872
47002
47009
47014
46906
47041
46977
46871
47196
47209
47032
46850
47170
47048
47002
46787
46827
46984
46653
46777
46936
46921
46931
47080
46874
46997
47333
47132
47048
47085
46957
46976
46771
47025
46934
46975
46975
46944
46883
46766
46727
46811
46949
47090
46902
46899
46881
46881
46686
46768
46708
46982
46694
46751
46773
46669
46452
46525
46595
46857
46284
46592
46593
46901
46765
46623
46631
46506
46511
46776
46871
46925
46630
46526
46711
46705
46627
46703
46504
46527
47039
46973
47122
46984
46942
46723
47138
47057
46935
46936
46820
46907
46884
46921
46971
46774
46716
46798
46757
46728
46746
46687
46859
46819
46999
46999
46801
46694
46987
47033
47297
47434
47140
47301
47003
47242
46917
47113
47058
47082
47327
47192
46917
46743
46809
46866
47161
47079
47185
47008
47303
47187
46940
46881
47214
47165
47146
47044
47749
47439
47280
47222
47256
47288
47415
47256
47232
47085
47406
46953
47202
46603
47100
46998
46872
46916
46951
47077
47087
46913
46944
46915
47081
46656
46773
46866
46882
46946
47085
46918
47017
47382
47113
47314
47210
47319
47199
47404
47295
47228
47260
47759
47445
47407
47421
47485
47147
47431
47161
47228
47217
47411
47399
47448
47459
47139
47237
47297
47107
47068
47044
47238
47016
47298
47180
47227
47238
47414
47560
47811
47520
47561
47774
47751
47896
47768
48241
47646
48325
48166
48252
47781
47786
48160
47863
48008
47978
48103
47981
47987
47920
48049
48252
48283
48263
48377
48198
48120
48156
48279
48394
48304
48315
48196
48346
48394
48161
48024
48011
48007
47996
48049
48068
47979
47830
48146
48212
48305
48699
48028
48309
47768
48110
47455
47806
48089
47834
48055
47931
48094
48150
48047
48052
47766
48001
48017
48206
47854
47394
47073
47154
47287
47289
47378
47162
47360
47155
47216
47098
46912
46667
46773
46784
46767
47015
46894
46962
46865
46885
46857
46898
46925
46897
47049
47012
46929
47069
46938
46819
47403
47160
47872
47008
47310
47211
47159
47132
47116
47214
47149
47159
46884
46944
46698
46864
47067
46941
46856
46733
47068
46837
46825
46768
46593
46470
46907
47007
46892
46995
47240
46850
47187
47262
47070
47001
47063
47264
47021
47356
47022
47000
47012
47063
46916
47192
47012
47222
46865
46993
47220
47169
47270
47138
46808
47081
46622
47427
47310
47101
46936
46378
46565
47001
46888
46899
46627
46756
46713
46786
46259
46738
46599
46697
46905
46712
46875
46723
46936
46807
46991
46963
46574
47022
46474
46603
46738
46353
46507
46435
46548
46554
47237
46236
46255
46147
46463
46385
46538
46603
46471
46694
46675
46586
46574
46738
46382
46437
46426
46375
46877
46614
46719
46634
46814
46287
46619
46447
46397
46527
46477
46380
46560
46423
46577
46572
46491
45891
46589
46775
46500
46913
46822
46813
46946
46948
46966
46952
46952
47176
47082
46948
47001
47269
47510
47386
47016
47293
47167
47240
47396
47133
47535
47393
47345
47170
47280
47550
47322
47395
47344
47327
47488
47224
47264
47679
47333
47722
47458
47603
47516
47641
47927
47562
47657
47580
47965
47728
47726
47739
47627
47547
47540
47546
48008
47755
47767
47825
47788
47871
47796
47814
47819
47762
48131
47675
47772
47956
48095
47983
47985
48058
47997
47995
48008
47633
47593
47718
47683
47571
47837
47718
47879
47932
47801
47733
47714
47663
48086
47735
47925
47711
47741
47917
47793
47720
48063
47588
47852
47471
48022
47721
47802
47928
48039
48073
48163
47933
47823
47771
48236
47839
47788
48034
47814
48206
47831
47772
47982
47758
47782
47795
