44988      10907
43578      10478
43516      10341
44477      10335
45377      10332
45934      10406
45866      10471
46178      10464
46386      10517
45965      10500
46186      10679
46119      10638
46260      10690
46324      10689
46051      10681
46201      10584
46207      10574
46431      10611
46224      10584
46007      10534
46256      10532
46364      10473
46098      10450
46004      10602
45659      10627
44964      10636
44748      10841
44434      10803
44153      10819
44031      10718
43683      10815
43828      10681
43707      10766
43787      10775
43895      10688
43809      10718
43914      10790
44354      10894
44593      10857
45228      11035
45448      11014
45737      11145
45510      11055
45533      11096
45748      11070
45650      11068
45823      11060
45547      11020
45589      11038
45894      11046
45893      10995
45707      10923
45848      10934
45840      10916
45839      10851
46008      10953
45869      10928
45907      10936
45661      10995
46136      11240
45913      11136
45976      11067
45861      11046
46301      11170
46332      11140
46194      11047
46136      10985
45992      10938
46012      10938
46056      10994
46071      10807
45671      10830
45935      10843
46151      10865
46097      10845
46159      10858
45874      10773
46046      10722
46143      10759
46256      10710
46093      10652
46333      10745
46179      10658
46118      10504
46273      10391
46457      10391
46395      10376
46446      10371
46172      10428
46197      10483
46400      10518
46445      10500
46328      10406
46502      10337
46290      10331
46510      10326
46550      10252
46535      10333
46461      10369
46614      10319
46440      10243
46471      10293
46342      10188
46589      10223
46601      10190
46495      10134
46528      10150
46706      10177
46454      10166
46557      10092
46315      10121
46348      10187
46277      10168
46547      10272
46555      10296
46431      10280
46662      10175
46527      10176
46737      10179
46524      10163
46657      10178
46721      10144
46682      9982
46577      9929
46565      9957
46731      9986
46525      9949
46788      10033
46808      10136
46740      10122
46748      10073
46790      10098
46664      10064
46522      9936
46470      9943
46538      9970
46348      9909
46271      9901
46771      10036
46760      9994
46928      9948
46772      9981
46620      9965
46704      9995
46615      10074
46818      10056
46767      10092
46601      10063
46566      9989
46454      9972
46754      9959
46748      9963
46922      9993
46683      9910
46782      9933
46855      9871
46737      9909
46785      9823
46667      9817
46437      9865
46963      9935
46883      9990
46827      9932
46639      9982
46596      9981
46785      9926
46757      10016
46974      10063
46884      10086
46828      10182
46637      10058
46845      10074
46778      9969
47015      10009
46841      9984
46929      10060
46784      10011
47031      10017
46962      9949
46939      9895
46935      9982
46807      9964
46865      9984
46918      10024
46827      10037
46902      10059
46900      9925
46935      10012
46637      9911
46718      9924
47046      9952
46954      9878
46762      9872
46794      9866
46873      9820
47080      9767
46821      9763
46974      9729
46742      9823
46861      9874
47131      9969
46716      9881
46923      9848
47185      9904
46849      9855
47057      9831
46967      9776
46898      9705
47277      9692
47301      9643
47326      9724
46913      9724
47189      9708
47069      9692
47192      9688
47192      9650
47055      9675
47215      9669
47168      9744
46989      9705
46969      9725
47040      9688
47065      9578
47323      9689
47189      9619
47189      9637
47137      9642
47000      9710
46930      9682
47260      9773
47267      9817
47305      9832
47118      9804
47545      9823
46924      9765
47146      9722
47318      9797
47048      9729
47458      9741
47152      9715
47312      9682
47188      9641
47245      9591
47346      9692
47112      9680
47223      9741
46995      9538
47426      9665
47482      9606
47264      9585
47078      9608
47425      9702
47164      9583
47177      9598
47013      9663
47207      9727
47650      9869
47461      9768
47215      9767
47294      9668
47401      9754
47338      9705
47411      9776
47371      9747
47496      9685
47383      9678
47251      9685
47176      9648
47223      9556
47236      9584
47282      9486
47178      9428
47287      9468
47511      9326
47506      9255
47132      9285
47601      9204
47369      9077
47311      9126
47460      9064
47239      9059
47569      9030
47536      8935
47356      8875
47431      8815
47847      8846
47239      8786
47655      8668
47482      8647
47535      8620
47372      8677
47821      8560
47632      8449
47901      8445
47742      8364
47867      8290
47833      8223
47800      8199
47980      8202
48189      8291
47867      8210
47760      8189
47585      8111
47599      8064
47906      7996
48000      8014
47593      8010
47552      8051
47672      7940
48014      7935
48005      7998
47911      8013
47986      7860
47936      7817
48101      7746
47878      7726
48130      7709
47923      7619
48041      7540
48208      7488
47947      7483
47863      7460
47900      7471
48085      7432
47944      7403
48233      7437
48178      7373
48210      7317
47653      7383
48251      7352
48364      7323
48259      7189
48006      7221
48156      7156
47986      7104
48175      7009
48113      6997
47978      7029
48125      7042
48293      7033
47846      7111
47994      7097
48289      7115
48042      7061
47747      7093
47903      7068
47908      6998
48162      6965
48103      6987
47924      6965
47821      6962
47863      6952
47863      6890
48296      6876
47857      6906
48222      6867
47935      6868
48011      6855
48117      6879
48003      6797
47932      6799
47828      6807
47970      6782
48008      6827
48046      6817
48177      6789
48119      6689
48097      6708
48215      6704
47804      6665
47868      6653
48069      6620
47880      6653
48196      6640
48182      6598
48078      6605
47903      6597
48006      6581
48136      6584
48129      6625
47991      6521
47762      6504
47959      6519
48009      6560
48154      6468
48004      6518
48098      6503
47999      6414
48025      6416
48476      6387
48179      6347
47934      6351
48075      6391
48075      6370
48109      6327
47975      6289
48092      6210
48034      6232
47947      6241
48102      6215
48211      6230
48165      6223
47997      6201
47911      6161
47835      6202
48016      6185
48029      6129
47934      6117
47981      6141
47787      6052
47978      5993
48035      6014
47804      6082
48059      6097
47943      5993
47827      6040
48040      5962
47884      5961
47786      5909
47856      5908
47813      5933
47644      5936
47807      5938
47946      5923
47730      5882
47865      5843
47749      5783
47726      5760
47710      5761
47709      5831
47503      5793
47657      5735
47342      5705
47448      5633
47491      5661
47300      5607
47209      5692
47334      5627
47582      5642
47246      5625
46992      5509
47228      5480
46985      5493
47101      5477
46965      5416
46691      5453
46620      5415
46732      5373
46725      5322
46655      5319
46448      5230
46669      5333
46697      5324
46540      5394
46457      5352
46525      5365
46408      5360
46694      5281
46319      5291
46325      5366
46542      5417
46353      5379
46554      5518
46278      5643
46261      5580
46524      5558
46486      5400
46441      5317
46288      5325
46347      5287
46745      5292
46236      5348
46229      5298
46544      5225
46384      5205
46145      5248
46281      5373
46560      5343
46126      5323
46335      5352
46411      5510
46292      5466
46071      5491
46075      5535
45802      5619
45820      5687
45858      5697
45731      5731
45810      5752
45492      5687
45299      5689
45742      5664
45387      5759
45388      5851
45819      5771
45673      5874
45400      5884
45394      5876
45495      5932
45612      6023
45847      6055
45563      6103
45736      6125
45963      6178
45461      6141
45636      6227
45722      6232
45943      6293
45583      6253
45984      6279
45976      6362
46183      6493
46511      6514
46197      6574
46255      6622
46566      6662
46698      6662
46339      6636
46122      6629
45979      6618
46290      6669
46104      6693
46583      6842
46361      6818
46349      6832
46376      6737
45922      6620
45669      6637
45696      6671
45638      6809
44588      6694
44790      6732
44764      6828
45103      6865
45209      6710
45105      6698
45189      6682
45132      6570
45293      6546
44935      6650
45108      6532
45048      6526
45089      6520
45194      6534
44695      6576
44073      6465
44115      6380
44299      6223
44289      6244
44096      6154
43317      6311
43344      6283
43569      6273
43818      6128
45079      6102
44882      6149
44724      6257
44876      6229
45291      6082
45232      6141
45367      6271
45475      6205
45232      6116
45557      5945
45895      6170
46005      6207
46191      6289
46356      6331
46809      6354
47329      6432
47331      6571
47643      6740
47547      6636
47642      6703
47752      6715
47515      6725
47756      6758
47663      6802
47599      6718
47837      6697
47626      6781
47820      6960
47714      7059
47912      7044
47733      7068
47632      7140
48026      7214
47840      7297
47701      7153
47660      7260
47611      7107
47500      6987
47542      6969
47327      6921
47401      7185
47743      7236
47574      7179
47664      7250
47933      7312
47567      7231
47374      7111
47741      7186
47592      7251
47576      7242
47213      7315
47444      7338
47725      7245
47837      7410
47565      7441
47700      7472
47948      7422
47768      7316
47766      7384
47684      7399
47609      7383
48019      7570
47376      7433
47464      7387
47817      7448
47412      7618
47691      7618
47397      7477
47373      7495
47216      7604
47104      7570
47062      7561
47073      7482
47229      7350
47119      7180
47217      7159
47307      7094
47397      7162
47606      7074
47070      7070
47282      7099
47391      7147
47238      7041
47279      6898
47367      6883
47341      6850
47275      6949
47237      6941
47205      7011
47035      7089
47131      7136
47156      7002
47154      6973
47116      6928
47367      7009
46883      7056
47319      6995
46974      6976
47058      6967
47164      7022
47153      6899
46833      7068
47024      7174
47182      7105
47084      7001
46806      6995
47193      7170
46953      7185
47082      7220
47042      7112
47160      7202
46887      7066
47193      7186
47091      7098
47014      6993
46720      7174
47046      6981
46980      7128
46721      7080
46814      7151
46823      7151
46820      7236
46876      7056
46976      7100
46745      7219
47019      7168
47105      7186
47054      7096
47080      7429
46976      7389
47025      7260
46985      7316
47254      7535
46925      7493
46944      7373
46789      7463
46654      7366
46996      7508
46851      7500
46603      7546
46841      7406
46807      7400
46811      7583
46754      7377
46695      7288
46981      7632
46984      7562
46912      7494
46887      7454
46817      7476
46831      7531
46960      7478
46907      7597
46767      7615
46917      7367
46911      7401
46936      7423
46813      7523
46941      7676
46884      7565
46771      7694
47123      7756
47116      7687
46952      7660
46745      7513
47097      7537
46970      7454
46922      7412
46699      7455
46748      7416
46905      7417
46563      7494
46703      7521
46853      7536
46844      7545
46833      7538
46998      7532
46799      7518
46902      7539
47236      7588
47059      7613
46955      7658
46996      7532
46873      7505
46892      7443
46680      7428
46956      7588
46845      7671
46899      7632
46888      7556
46835      7442
46787      7610
46661      7494
46631      7648
46713      7551
46849      7578
46984      7671
46803      7544
46803      7643
46783      7746
46787      7788
46606      7411
46678      7371
46610      7516
46883      7640
46605      7706
46655      7763
46669      7626
46583      7601
46370      7534
46417      7828
46491      7864
46763      7677
46198      7736
46506      7753
46513      7645
46826      7793
46674      7600
46539      7518
46543      7793
46407      7794
46415      7670
46690      7668
46774      7603
46830      7797
46533      7771
46453      7801
46640      7822
46624      7798
46568      7669
46616      7923
46424      7704
46449      7779
46966      7794
46910      7629
47048      7895
46912      7571
46890      7529
46640      7396
47077      7319
46984      7292
46868      7306
46867      7195
46756      7333
46843      7505
46818      7103
46846      7394
46896      7594
46691      7529
46622      7402
46714      7363
46677      7657
46637      7527
46663      7569
46599      7594
46783      7546
46730      7474
46898      7429
46921      7483
46725      7486
46607      7529
46897      7520
46954      7404
47222      7412
47367      7443
47063      7425
47227      7533
46924      7560
47149      7613
46841      7503
47036      7331
46981      7212
47008      7194
47260      7123
47126      7169
46853      7233
46683      7271
46754      7260
46806      7464
47103      7404
47012      7335
47124      7246
46940      7334
47231      7424
47124      7300
46867      7174
46817      7227
47143      7301
47091      7371
47078      7063
46969      7129
47678      7245
47382      7287
47234      7058
47167      7137
47200      6980
47218      7141
47332      7137
47200      7157
47185      7147
47014      7063
47342      7099
46867      7064
47119      7175
46537      7261
47042      7259
46935      7222
46810      7145
46840      7372
46877      7460
46984      7249
47005      7229
46840      7223
46857      7264
46828      7189
46993      7127
46572      6962
46696      6933
46791      6992
46789      7179
46858      7137
47002      7177
46841      7210
46945      7234
47306      7333
47031      7282
47231      7334
47125      7193
47238      7145
47119      7004
47320      7117
47225      6871
47153      6971
47198      6933
47693      7045
47377      6996
47336      6944
47345      7092
47403      7081
47076      7008
47340      6962
47093      6968
47154      6990
47141      6841
47339      6919
47341      6800
47387      6862
47395      6878
47076      6859
47188      6869
47243      6765
47047      6531
47013      6618
46979      6501
47167      6602
46954      6454
47238      6458
47119      6344
47169      6270
47183      6260
47350      6220
47501      6144
47748      6204
47453      6070
47502      6142
47720      6118
47697      6052
47827      6109
47710      6186
48189      6222
47578      6135
48263      6157
48092      6063
48195      6004
47722      6089
47730      6016
48112      6063
47799      5949
47935      5941
47914      6060
48034      5856
47922      5777
47936      5769
47863      5714
47999      5765
48211      5794
48222      5855
48212      5735
48335      5618
48160      5679
48077      5633
48111      5699
48227      5757
48352      5779
48255      5794
48275      5772
48135      5795
48296      5941
48348      5748
48114      5695
47963      5762
47969      5546
47952      5556
47949      5761
47987      5643
48010      5640
47924      5617
47780      5853
48082      5963
48142      5962
48247      5754
48644      5715
47967      5811
48258      5899
47714      5941
48055      5917
47410      6089
47758      5964
48041      5967
47787      5982
48010      6113
47896      6019
48057      6153
48103      6156
47991      6077
47990      6044
47699      6213
47934      6121
47955      5993
48144      6097
47795      6244
47339      6176
47006      6224
47088      6347
47220      6378
47214      6494
47311      6403
47097      6440
47298      6601
47079      6626
47145      6542
47037      6723
46844      6711
46597      6632
46698      6799
46703      6780
46701      6788
46950      6833
46821      6998
46905      7071
46797      7176
46808      7092
46781      7249
46831      7320
46858      7315
46823      7318
46959      7277
46911      7084
46831      7086
46977      7070
46839      7045
46718      7028
47308      7108
47054      7139
47778      7092
46930      7093
47227      7159
47121      7104
47075      7079
47064      7341
47021      7400
47129      7426
47074      7364
47074      7578
46817      7645
46867      7429
46630      7313
46786      7189
46985      7197
46859      7061
46760      6985
46655      7109
46987      7283
46772      7247
46747      7410
46685      7379
46504      7389
46388      7122
46837      7358
46940      7401
46814      7369
46927      7200
47185      7197
46783      7102
47112      7330
47193      7329
47008      7335
46933      7309
47002      7314
47188      7277
46950      7256
47278      7145
46951      7249
46934      7326
46942      7284
46989      7463
46842      7252
47116      7337
46931      7413
47147      7307
46780      7457
46921      7320
47130      7394
47094      7436
47181      7598
47068      7616
46741      7610
47005      7523
46522      7619
47343      7382
47227      7481
47048      7443
46853      7599
46311      7519
46487      7407
46929      7654
46825      7418
46805      7261
46536      7338
46685      7464
46627      7482
46716      7390
46189      7486
46668      7369
46539      7241
46621      7141
46834      7150
46624      7114
46806      7127
46643      7115
46851      7223
46745      7311
46932      7309
46890      7288
46503      7165
46952      7230
46391      7254
46524      7447
46660      7510
46259      7606
46414      7663
46350      7598
46459      7606
46475      7355
47150      7497
46154      7508
46178      7541
46074      7493
46371      7422
46311      7361
46449      7543
46512      7426
46395      7324
46625      7408
46587      7377
46501      7325
46478      7301
46638      7311
46309      7251
46362      7194
46351      7114
46292      7009
46795      7096
46529      7091
46622      7099
46524      7009
46736      6961
46203      7050
46539      6970
46371      6955
46324      7022
46450      7052
46396      7099
46291      7100
46485      7073
46319      7217
46477      7061
46481      7065
46404      7058
45787      7120
46480      7219
46677      7268
46391      7238
46822      7121
46715      7225
46716      7007
46847      6978
46861      6875
46877      6825
46858      6717
46861      6729
47083      6776
46996      6585
46877      6597
46933      6496
47194      6516
47422      6600
47307      6677
46941      6516
47209      6523
47072      6547
47147      6520
47303      6554
47071      6563
47456      6462
47311      6404
47265      6272
47092      6339
47195      6265
47483      6225
47256      6297
47321      6288
47269      6263
47253      6215
47403      6173
47147      6183
47193      6203
47590      6277
47262      6140
47659      6213
47366      6169
47535      6180
47444      6165
47572      6162
47868      6157
47489      6259
47596      6145
47507      6164
47900      6054
47671      5915
47672      6017
47683      6000
47578      5965
47488      6003
47475      6043
47472      6045
47934      6029
47694      6012
47712      6000
47771      6043
47720      5969
47819      6018
47744      6018
47770      6080
47779      6036
47715      6043
48066      6034
47624      6022
47719      6048
47901      6074
48027      6027
47920      5984
47919      5967
48005      5976
47936      6002
47930      5959
47954      5990
47571      5960
47536      5914
47646      5908
47611      5886
47502      5913
47770      5925
47662      5934
47827      5921
47880      5949
47735      5939
47661      5937
47649      5901
47593      5904
48036      5979
47680      5919
47862      5926
47655      5944
47668      5929
47858      5912
47738      5896
47655      5925
48002      5901
47536      5887
47791      5916
47419      5912
47960      5967
47660      5939
47742      5926
47867      5906
47985      5912
48015      5923
48097      5938
47864      5925
47763      5896
47700      5893
48174      5912
47785      5886
47724      5907
47974      5923
47742      5902
48146      5930
47758      5928
47704      5878
47924      5903
47698      5896
47711      5913
47741      5932
