1617
1541
1531
1586
1593
1588
1578
1603
1580
1584
1607
1591
1610
1619
1636
1628
1642
1617
1656
1664
1604
1630
1622
1566
1562
1518
1517
1574
1577
1583
1564
1601
1588
1572
1596
1581
1627
1680
1661
1648
1698
1720
1694
1682
1619
1676
1687
1726
1659
1662
1611
1612
1584
1657
1647
1667
1636
1664
1623
1660
1682
1664
1634
1639
1654
1623
1618
1621
1619
1596
1651
1626
1617
1599
1587
1578
1558
1619
1543
1587
1600
1613
1620
1628
1571
1611
1597
1598
1592
1559
1571
1543
1541
1492
1511
1550
1511
1539
1524
1528
1529
1524
1528
1574
1525
1523
1559
1605
1599
1618
1599
1603
1575
1633
1617
1594
1580
1565
1602
1613
1568
1612
1587
1638
1622
1634
1600
1666
1617
1652
1597
1568
1592
1604
1640
1617
1594
1595
1621
1587
1611
1623
1632
1609
1596
1613
1634
1576
1616
1611
1623
1580
1572
1588
1559
1536
1528
1556
1533
1568
1604
1580
1563
1582
1554
1591
1526
1567
1579
1544
1550
1562
1554
1590
1607
1604
1557
1610
1560
1543
1570
1558
1615
1644
1541
1586
1642
1604
1601
1573
1597
1602
1619
1609
1620
1601
1583
1647
1603
1603
1624
1601
1616
1628
1643
1659
1621
1652
1634
1633
1614
1613
1652
1656
1638
1639
1677
1629
1670
1604
1675
1711
1649
1646
1628
1679
1658
1604
1646
1649
1657
1652
1638
1653
1595
1621
1592
1590
1615
1606
1619
1642
1663
1633
1622
1625
1618
1666
1684
1650
1649
1725
1658
1660
1673
1670
1683
1703
1636
1643
1637
1654
1635
1594
1601
1663
1648
1641
1588
1629
1611
1592
1559
1574
1581
1563
1647
1518
1526
1555
1527
1534
1586
1559
1508
1531
1488
1490
1480
1500
1516
1459
1494
1508
1502
1464
1559
1505
1481
1503
1475
1437
1412
1446
1505
1541
1535
1470
1504
1560
1553
1552
1504
1544
1550
1552
1580
1572
1533
1583
1586
1530
1576
1611
1586
1606
1566
1582
1582
1553
1588
1557
1577
1555
1563
1542
1543
1597
1574
1631
1658
1635
1617
1636
1581
1615
1604
1596
1628
1613
1613
1624
1611
1633
1650
1699
1700
1682
1683
1631
1620
1645
1676
1636
1624
1614
1596
1631
1600
1551
1610
1595
1605
1573
1590
1641
1600
1621
1624
1625
1627
1629
1639
1592
1628
1616
1596
1587
1599
1625
1632
1648
1634
1625
1641
1664
1701
1641
1653
1695
1720
1719
1638
1701
1649
1698
1601
1645
1630
1663
1680
1683
1634
1646
1602
1593
1609
1616
1604
1612
1581
1569
1594
1638
1621
1641
1598
1612
1630
1567
1605
1615
1565
1536
1543
1612
1581
1616
1642
1610
1605
1674
1645
1657
1629
1673
1652
1673
1671
1682
1729
1681
1738
1711
1688
1720
1691
1721
1682
1674
1689
1711
1714
1705
1729
1694
1731
1763
1711
1673
1673
1668
1688
1671
1695
1675
1702
1689
1722
1747
1718
1731
1736
1691
1713
1745
1725
1718
1692
1709
1700
1703
1688
1713
1765
1730
1675
1698
1687
1650
1663
1651
1742
1741
1805
1872
1831
1795
1799
1817
1783
1864
1830
1815
1769
1762
1826
1777
1743
1704
1656
1682
1615
1590
1629
1615
1633
1654
1639
1685
1719
1737
1685
1650
1727
1696
1694
1650
1584
1600
1596
1634
1586
1621
1585
1647
1632
1597
1646
1593
1573
1690
1655
1645
1545
1556
1543
1580
1516
1556
1529
1596
1591
1614
1575
1615
1604
1658
1637
1635
1696
1663
1673
1664
1680
1665
1669
1637
1645
1650
1638
1578
1564
1574
1577
1544
1535
1522
1548
1550
1524
1549
1533
1508
1526
1537
1507
1484
1547
1556
1524
1472
1518
1518
1545
1524
1492
1499
1532
1485
1495
1501
1535
1505
1457
1494
1515
1550
1490
1524
1526
1518
1533
1496
1549
1562
1594
1639
1644
1646
1620
1647
1588
1653
1607
1590
1582
1535
1565
1569
1541
1548
1551
1553
1535
1513
1526
1518
1534
1527
1538
1545
1528
1570
1540
1575
1581
1613
1566
1584
1605
1646
1607
1601
1582
1588
1598
1619
1622
1620
1608
1617
1637
1643
1650
1644
1655
1645
1641
1625
1632
1599
1626
1635
1608
1597
1571
1553
1599
1589
1553
1605
1639
1696
1651
1696
1728
1754
1749
1691
1689
1732
1716
1747
1728
1671
1687
1643
1663
1622
1644
1647
1624
1635
1711
1636
1631
1600
1634
1617
1610
1588
1629
1631
1652
1642
1703
1664
1680
1670
1657
1665
1646
1641
1643
1627
1628
1625
1636
1655
1651
1670
1705
1722
1673
1676
1668
1655
1544
1600
1592
1605
1650
1629
1571
1629
1572
1600
1647
1644
1636
1649
1630
1642
1618
1594
1602
1566
1593
1604
1663
1631
1626
1679
1641
1670
1711
1702
1757
1791
1709
1702
1693
1701
1617
1648
1645
1656
1688
1674
1645
1659
1633
1592
1592
1593
1588
1629
1631
1596
1586
1557
1617
1594
1611
1605
1603
1573
1559
1578
1572
1539
1562
1472
1519
1537
1546
1558
1527
1518
1489
1478
1406
1389
1416
1422
1449
1466
1455
1460
1442
1429
1450
1459
1491
1501
1462
1444
1441
1431
1488
1464
1494
1519
1529
1544
1541
1550
1474
1520
1547
1518
1487
1458
1442
1461
1464
1462
1481
1492
1506
1505
1475
1463
1481
1506
1485
1514
1520
1528
1558
1511
1523
1505
1458
1493
1482
1464
1394
1360
1395
1384
1419
1420
1400
1418
1397
1406
1409
1322
1358
1352
1364
1318
1377
1347
1374
1403
1357
1369
1315
1330
1375
1387
1356
1362
1374
1375
1365
1366
1332
1302
1252
1268
1134
1203
1213
1212
1192
1191
1215
1238
1236
1242
1208
1225
1198
1186
1138
1130
1144
1075
1058
1082
1146
1109
1106
1103
1132
1093
1097
1053
1119
1096
1110
1127
1153
1105
1098
1071
1084
1114
1078
1042
1033
1034
1042
1071
1091
1108
1119
1166
1157
1175
1193
1224
1163
1171
1147
1181
1161
1145
1169
1203
1202
1239
1262
1255
1262
1211
1191
1238
1204
1260
1247
1208
1188
1241
1237
1239
1210
1182
1184
1194
1242
1225
1260
1283
1359
1372
1399
1444
1396
1475
1510
1524
1480
1531
1495
1547
1493
1434
1475
1458
1404
1436
1421
1406
1419
1387
1437
1436
1461
1478
1549
1564
1498
1513
1471
1457
1430
1414
1395
1451
1504
1505
1500
1524
1540
1553
1554
1582
1558
1555
1529
1598
1575
1557
1589
1571
1535
1549
1514
1526
1532
1491
1467
1476
1472
1468
1460
1533
1526
1524
1521
1548
1532
1560
1536
1554
1574
1577
1589
1661
1671
1696
1644
1633
1645
1652
1695
1689
1647
1676
1723
1705
1687
1723
1726
1679
1702
1666
1690
1671
1647
1642
1661
1709
1628
1678
1702
1643
1671
1724
1790
1706
1680
1586
1607
1607
1648
1627
1601
1564
1578
1572
1590
1568
1542
1599
1529
1524
1535
1527
1508
1505
1510
1490
1454
1503
1502
1448
1545
1526
1574
1525
1562
1586
1540
1547
1516
1550
1518
1501
1490
1468
1461
1498
1485
1468
1495
1462
1431
1393
1363
1356
1321
1288
1262
1246
1259
1224
1251
1241
1261
1244
1282
1278
1248
1236
1227
1199
1161
1151
1175
1142
1144
1164
1132
1149
1154
1150
1135
1119
1119
1154
1122
1105
1156
1159
1154
1162
1216
1181
1183
1176
1183
1177
1197
1174
1188
1186
1162
1192
1191
1168
1146
1196
1148
1152
1218
1157
1177
1184
1178
1196
1169
1211
1196
1177
1188
1187
1190
1182
1187
1187
1174
1171
1173
1170
1146
1148
1138
1150
1172
1159
1134
1160
1143
1116
1147
1169
1113
1135
1113
1135
1111
1100
1108
1089
1138
1139
1134
1102
1085
1109
1104
1122
1081
1093
1107
1121
1118
1116
1088
1126
1090
1103
