14200
13737
13552
13553
13576
13630
13720
13759
13789
13724
13901
13897
13924
13954
13860
13706
13732
13736
13766
13692
13696
13699
13678
13886
13813
13829
14002
14021
13947
13957
13927
13824
13912
14035
13796
13892
13931
14078
14075
14249
14275
14348
14280
14359
14331
14297
14250
14196
14241
14339
14306
14200
14171
14117
14177
14144
14251
14237
14362
14437
14380
14263
14315
14352
14335
14264
14236
14267
14105
14005
13941
13869
13994
13924
13935
13879
13882
13848
13881
13832
13662
13670
13623
13480
13376
13248
13383
13447
13518
13585
13394
13361
13378
13422
13484
13370
13301
13194
13154
13206
13202
13222
13209
13156
13122
13012
13013
13138
13294
13219
13217
13354
13285
13375
13287
13351
13178
13101
13200
13189
13235
13219
13160
13091
13133
13109
13058
13127
13106
13166
13180
13271
13169
13035
12962
12997
12926
12971
13029
12992
13086
13100
13133
13095
13144
13113
13166
13117
12991
12907
12927
12961
13066
12923
12988
13129
13148
13069
13023
13014
13098
13053
13024
13051
13099
12978
13101
13104
13023
13034
13001
12997
13051
13135
13089
13199
13111
13102
13011
12991
13022
13015
13016
13001
13066
13110
13016
13182
13107
13051
13100
13081
13043
13152
13159
13049
12953
12811
12877
12862
12921
12795
12913
12997
13012
13045
12892
12821
12918
12834
12885
12907
12856
12908
12925
12806
12846
12991
13040
12979
12901
12907
12911
12990
12868
12893
12916
13056
12966
12949
12952
13040
12943
12988
12965
12913
13050
13011
12973
12934
12955
12884
12783
12839
12792
12854
12778
12812
12759
12798
12865
12808
12721
12667
12828
12896
13030
12910
13037
12893
12938
12842
12864
12894
12849
12807
12762
12858
12785
12823
12742
12672
12636
12497
12416
12419
12290
12286
12301
12076
12065
12059
11982
11954
11894
11889
11781
11737
11616
11683
11590
11542
11425
11354
11235
11084
11163
11081
11032
11105
10996
11002
10878
11005
10964
10861
10729
10684
10663
10706
10765
10778
10632
10631
10560
10494
10445
10335
10299
10176
10217
10224
10214
10150
10159
10198
10133
10039
10065
10052
10012
9925
9910
9891
9805
9717
9772
9810
9787
9727
9884
9690
9632
9589
9656
9609
9641
9679
9800
9738
9627
9631
9498
9468
9620
9578
9577
9538
9534
9475
9500
9509
9515
9532
9485
9454
9443
9464
9435
9425
9356
9313
9314
9362
9309
9319
9393
9286
9318
9319
9213
9250
9245
9260
9168
9282
9173
9116
9075
9136
9089
9151
9187
9065
9056
9009
8924
8942
8888
8817
8839
8823
8820
8672
8792
8781
8727
8765
8650
8552
8604
8603
8701
8631
8475
8551
8474
8523
8569
8546
8465
8449
8461
8399
8330
8274
8174
8272
8263
8312
8169
8123
8026
7981
7985
7956
8006
7827
7657
7692
7611
7659
7613
7639
7583
7508
7446
7499
7465
7483
7387
7399
7363
7366
7332
7387
7402
7450
7583
7586
7527
7573
7730
7772
7745
7708
7584
7531
7487
7408
7422
7349
7414
7379
7350
7328
7392
7389
7379
7435
7519
7553
7539
7615
7630
7619
7726
7949
7895
7878
7906
7799
7900
8014
8058
8086
8065
8011
8108
8294
8386
8323
8324
8422
8381
8533
8530
8501
8440
8491
8611
8675
8801
8755
8895
8955
9140
9068
8910
8875
8999
9069
9195
9209
9122
9071
9113
9100
8960
9061
9047
9159
9263
9191
9095
9004
8959
8637
8766
8815
8679
8679
8701
8733
8711
8677
8550
8437
8533
8486
8473
8499
8583
8390
8163
8104
8211
8394
8405
8325
8496
8479
8333
8168
8509
8427
8511
8509
8468
8644
8705
8850
8752
8891
8810
8990
8998
9108
9065
9130
9127
9126
9282
9289
9295
9365
9419
9384
9323
9477
9480
9222
9341
9465
9656
9751
9593
9538
9742
9716
9663
9662
9658
9656
9752
9782
9807
9553
9633
9819
9793
9867
10006
9949
10185
10195
10171
10019
10103
10174
10271
10198
10232
10126
10190
10159
10003
9995
9887
9847
9831
9881
9666
9577
9662
9571
9587
9469
9583
9573
9468
9380
9554
9740
9614
9561
9480
9447
9627
9610
9522
9578
9521
9460
9539
9621
9794
9544
9656
9687
9707
9708
9676
9543
9527
9507
9703
9710
9485
9651
9712
9641
9805
9916
9828
9857
9869
9861
9801
10025
9914
9821
9897
10007
10064
10041
10151
10174
10097
10114
10087
10187
10078
10231
10185
10101
10138
10158
10025
10200
10142
10185
10075
10167
10037
10011
9886
10155
10283
10103
10209
10165
10248
10151
10231
10141
10189
10213
10169
10125
10081
10004
10085
10213
10084
9928
9865
9866
9929
10004
9997
9986
10029
10038
10026
10007
9986
9984
10104
9987
10128
10036
10103
10329
10136
10326
10188
10050
10384
10237
10135
10128
10293
10591
10207
10114
10062
10188
10160
10165
10318
10194
10346
10184
10355
10237
10411
10311
10386
10331
10390
10660
10536
10290
10134
10293
10343
10540
10539
10429
10412
10536
10513
10392
10484
10462
10359
10425
10083
10178
10173
9910
9944
10031
10139
10027
9804
9845
10186
9827
9926
10256
10061
10136
10014
10276
10259
10231
10301
10431
10295
10084
10142
10235
10261
10250
10273
10263
10194
10207
10106
10067
10145
9897
10032
9942
9825
9707
9641
9653
9470
9620
9592
9603
9632
9607
9789
9999
9788
9727
9800
9809
9808
9593
9735
9762
9731
9560
9765
9696
9685
9756
9688
9698
9643
9754
9510
9618
9610
9751
9727
9804
9906
9894
9891
9891
9751
9879
9619
9723
9617
9674
9739
9921
9816
9731
9793
9657
9901
9963
9766
9681
9596
9549
9548
9465
9572
9538
9569
9372
9455
9383
9389
9456
9369
9424
9477
9264
9312
9329
9197
9138
9073
9151
9251
9031
8973
8931
8775
8649
8694
8589
8464
8264
8425
8445
8482
8368
8328
8267
8368
8402
8278
8500
8404
8274
8395
8334
8382
8110
8046
8060
8087
8041
7843
7867
7826
7777
7818
7833
7888
7999
7786
7784
7764
7907
7898
7848
7809
7891
7940
7912
7832
7664
7675
7709
7597
7581
7608
7607
7700
7710
7937
8051
7836
7917
7679
7826
7776
7890
8026
7921
8095
7955
8080
8122
8080
8151
7981
8125
8165
8272
8201
8314
8502
8333
8428
8502
8582
8720
8663
8634
8865
9002
8942
9069
9100
8984
9198
9003
9169
9496
9211
9522
9612
9770
9654
9846
9750
9814
9763
9685
9680
9512
9441
9461
9566
9506
9496
9609
9595
9597
9771
9864
9919
10191
10204
10190
10072
10012
9810
9728
9714
9721
9671
9773
9863
10105
9895
10155
9959
9867
9954
10059
10059
9844
9942
9844
9976
9825
10055
9930
10077
10045
9806
9976
9842
9841
10067
9870
9827
10193
10107
9979
10149
10055
10423
10056
10264
10087
10227
10328
10108
10264
10118
10070
10071
10021
10076
10144
10148
9884
9990
9899
9856
9927
9946
9864
9842
9748
9640
9730
9662
9748
9728
9838
9788
9925
9876
9930
9792
10113
10150
10260
10323
10226
10181
10101
10333
10153
10119
10158
10235
10033
10090
10262
10148
10177
10074
9892
9887
9939
9828
9764
9865
9718
9881
9769
9718
9683
9680
9683
9462
9548
9529
9411
9425
9427
9622
9558
9597
9697
9640
9547
9695
9778
9730
9655
9663
9415
9436
9404
9351
9193
9006
9100
9035
9013
8981
9025
8988
8989
8931
8830
8820
8749
8789
8772
8836
8690
8654
8692
8645
8632
8642
8592
8595
8584
8522
8505
8466
8503
8371
8379
8333
8330
8278
8274
8141
8081
8190
8234
8162
8066
8211
8164
8139
8072
8138
8169
8158
8155
8129
8143
8108
8126
8135
8225
8206
8141
8186
8078
8138
8227
8177
8156
8146
8153
8228
8196
8182
8164
8076
8128
8110
8178
8135
8139
8094
8151
8117
8119
8127
8122
8138
8143
8200
8141
8147
8113
8154
8133
8114
8111
8114
8144
8130
8200
8145
8134
8154
8182
8187
8150
8130
8170
8160
8128
8148
8155
8176
8145
8164
8160
8142
8123
8149
8142
