0.0358314 0.113873
0.0352478 0.112179
0.0350761 0.112972
0.0355446 0.117022
0.0350041 0.117339
0.0344663 0.116508
0.0343088 0.115015
0.0346116 0.116506
0.0339661 0.114584
0.0343601 0.115418
0.0346934 0.115603
0.0343903 0.114485
0.0346938 0.115628
0.0348547 0.116024
0.0354174 0.118038
0.0351316 0.11878
0.0354261 0.119575
0.0347204 0.11772
0.0357058 0.120296
0.0360493 0.121531
0.0345705 0.117114
0.035047 0.118987
0.0350953 0.118585
0.0339328 0.112775
0.0340944 0.113082
0.0336496 0.109769
0.0337907 0.108342
0.0353137 0.11226
0.0356151 0.113071
0.0358567 0.11342
0.0357102 0.1123
0.0364195 0.115813
0.0362359 0.114146
0.0358054 0.112006
0.036262 0.115686
0.0359883 0.113807
0.0369454 0.11679
0.0377571 0.119335
0.0371298 0.118011
0.0363292 0.115657
0.0372311 0.118949
0.0374875 0.119877
0.0371052 0.118627
0.0368149 0.117139
0.0352731 0.112972
0.0365947 0.117227
0.0366859 0.118386
0.0377829 0.121584
0.0362845 0.116495
0.0361006 0.115908
0.0350042 0.11261
0.0351612 0.113521
0.0344355 0.111778
0.0360241 0.117376
0.035834 0.116174
0.0361323 0.117859
0.0355598 0.114799
0.0361362 0.116879
0.0354421 0.113007
0.0358725 0.114982
0.0365216 0.116968
0.036079 0.116665
0.0355071 0.114146
0.0352951 0.1142
0.0355944 0.115382
0.035029 0.113783
0.0349566 0.113656
0.035152 0.113619
0.0350843 0.114782
0.0345484 0.113959
0.0357212 0.118428
0.0354921 0.11724
0.0350988 0.11555
0.0345476 0.114838
0.034315 0.113886
0.0340946 0.113697
0.0338651 0.112232
0.0350524 0.116912
0.0333369 0.111159
0.0342077 0.114734
0.0346208 0.117113
0.0347255 0.117996
0.0349801 0.118917
0.0352091 0.120772
0.033841 0.117449
0.0345834 0.121603
0.0343205 0.11933
0.0343088 0.118837
0.0343755 0.117769
0.0336289 0.114759
0.033753 0.117291
0.0331073 0.115485
0.0331726 0.115189
0.0319829 0.111161
0.0325436 0.112059
0.033219 0.115931
0.0323679 0.1136
0.0329847 0.116644
0.0326954 0.115858
0.032681 0.115705
0.0328238 0.115816
0.0326856 0.115262
0.0328616 0.115679
0.0336742 0.119641
0.0326238 0.116217
0.0326474 0.117046
0.0333904 0.119803
0.0342349 0.122165
0.0342898 0.12028
0.0346333 0.1224
0.0344115 0.120981
0.0344739 0.120039
0.0339089 0.118555
0.0349709 0.122093
0.0346186 0.121698
0.0342185 0.119392
0.0337376 0.119897
0.0335168 0.119457
0.0341592 0.121364
0.03457 0.122299
0.0334842 0.118474
0.0343842 0.121946
0.0338827 0.120593
0.0350457 0.125124
0.0346996 0.123506
0.0348379 0.124647
0.0342517 0.12253
0.0354808 0.126914
0.0344306 0.123379
0.0352254 0.125475
0.0340475 0.121168
0.0333972 0.118152
0.0339989 0.12089
0.034369 0.123053
0.035175 0.126524
0.034626 0.124413
0.034256 0.123317
0.0343395 0.122967
0.0345415 0.124415
0.0338127 0.122152
0.0342038 0.123109
0.0345812 0.123893
0.0348845 0.124267
0.0343275 0.122871
0.0341193 0.121424
0.0343162 0.123008
0.0348037 0.124108
0.0336918 0.120149
0.0345824 0.124394
0.0345426 0.124816
0.0345908 0.125551
0.0336557 0.121904
0.0333843 0.120312
0.0338875 0.122882
0.0332055 0.120034
0.0326704 0.116993
0.0325702 0.116215
0.0331233 0.11906
0.0327396 0.117715
0.0336336 0.120486
0.0340386 0.122461
0.0335749 0.121045
0.0332504 0.120009
0.0338078 0.121217
0.0332243 0.118635
0.0338914 0.122592
0.0325165 0.11648
0.0332372 0.119582
0.033555 0.121247
0.032842 0.118459
0.0331175 0.119222
0.0332128 0.120182
0.0330941 0.119071
0.0336743 0.121051
0.0341602 0.122775
0.0340509 0.121524
0.0331446 0.118755
0.0341008 0.122882
0.0330803 0.119899
0.032733 0.118775
0.0333234 0.120565
0.0331532 0.119708
0.0343332 0.124078
0.0348911 0.126452
0.0327524 0.11794
0.033678 0.120976
0.0348635 0.126152
0.034035 0.121681
0.0341736 0.122148
0.0335359 0.120527
0.0338018 0.121908
0.0339803 0.122468
0.0344725 0.124128
0.0342362 0.122339
0.0344234 0.12311
0.0338442 0.122691
0.0336594 0.122211
0.0349155 0.128561
0.0341412 0.124486
0.0340405 0.124631
0.0342963 0.125687
0.0341306 0.125127
0.0342816 0.125145
0.0343366 0.12526
0.0349092 0.126268
0.0351037 0.127175
0.0343505 0.125737
0.0350698 0.128851
0.0344232 0.12649
0.0343753 0.12724
0.0339389 0.125262
0.034223 0.124971
0.0348597 0.1285
0.0350409 0.128293
0.0345511 0.126731
0.0345744 0.127987
0.0354763 0.130546
0.0343548 0.125395
0.0352388 0.128067
0.0339766 0.123584
0.0355166 0.129835
0.0362086 0.132564
0.0348847 0.127721
0.0346308 0.126713
0.0343416 0.126515
0.0354204 0.130226
0.0350025 0.128368
0.0339679 0.122855
0.0349143 0.126947
0.0347377 0.127346
0.0348923 0.127934
0.0347621 0.126687
0.0345956 0.126555
0.0346214 0.127271
0.0338404 0.123024
0.0342359 0.125532
0.0334996 0.121992
0.0336508 0.122204
0.0338738 0.124489
0.0339219 0.124169
0.0340656 0.124971
0.0346333 0.127445
0.0350231 0.130095
0.0343406 0.127191
0.0342787 0.126798
0.034256 0.12642
0.0342673 0.126624
0.0349765 0.130034
0.0353092 0.131985
0.0347493 0.128926
0.0348788 0.128177
0.0362212 0.134681
0.0349878 0.130336
0.0350063 0.131049
0.0354164 0.130418
0.0352076 0.129498
0.0351607 0.129163
0.035727 0.131913
0.0344806 0.125489
0.034572 0.127433
0.0343626 0.126527
0.0347501 0.128796
0.0343012 0.127099
0.0334846 0.123623
0.033545 0.124601
0.0349451 0.129851
0.0347094 0.129133
0.0346268 0.127625
0.0334668 0.124208
0.0343287 0.127037
0.0339172 0.126432
0.0335879 0.125631
0.0328017 0.123378
0.0329737 0.12595
0.0331252 0.127336
0.0330088 0.125856
0.0344301 0.134011
0.0318921 0.123555
0.0320966 0.124055
0.0326064 0.128768
0.0321697 0.126564
0.0321068 0.127208
0.033223 0.132365
0.0327741 0.130417
0.0316541 0.126787
0.0318573 0.128774
0.0313593 0.126305
0.0311162 0.126949
0.0310351 0.12741
0.0314123 0.128392
0.0318722 0.130802
0.0303844 0.126408
0.03122 0.130766
0.0313455 0.132817
0.0313099 0.133689
0.0304315 0.132082
0.0324636 0.139658
0.0313516 0.135818
0.0307402 0.134246
0.0310544 0.135344
0.0306755 0.13414
0.0299281 0.130613
0.0295305 0.129803
0.0302378 0.131395
0.0312831 0.137267
0.0319763 0.141884
0.0321183 0.14307
0.0307763 0.137589
0.0314158 0.141048
0.0323578 0.145713
0.0321972 0.144264
0.03225 0.143997
0.0312059 0.14146
0.0320651 0.145236
0.0320831 0.14678
0.0322574 0.147894
0.0326777 0.151269
0.0326358 0.152104
0.0317483 0.148849
0.0326742 0.155562
0.0329367 0.155231
0.0318193 0.149648
0.0327426 0.154298
0.0333658 0.158719
0.0329189 0.156118
0.033123 0.157482
0.0323373 0.154545
0.0326765 0.157585
0.0330485 0.157178
0.0320312 0.154497
0.0326722 0.15861
0.0320998 0.156877
0.0326826 0.159132
0.0321354 0.157214
0.0324153 0.159408
0.0318562 0.158691
0.03189 0.1579
0.0331252 0.162793
0.0325462 0.160826
0.0336039 0.167678
0.0344971 0.167746
0.0339064 0.168731
0.0333155 0.167878
0.0338674 0.170612
0.0329382 0.163732
0.0335222 0.168072
0.033307 0.166373
0.0329548 0.164893
0.0336524 0.166122
0.0334578 0.16564
0.0335559 0.16755
0.0337455 0.168622
0.0334809 0.169615
0.033607 0.172476
0.0343128 0.171518
0.0350562 0.177386
0.0352822 0.177509
0.0348485 0.176347
0.0347921 0.176526
0.0337954 0.172137
0.0336009 0.170526
0.0341925 0.172994
0.0347581 0.176143
0.0338997 0.171632
0.0336281 0.171218
0.0333148 0.170721
0.0329657 0.169014
0.0337325 0.172337
0.0330013 0.169581
0.0322809 0.164562
0.0334629 0.172082
0.0329811 0.171266
0.0333361 0.172321
0.0324598 0.16802
0.0327991 0.170802
0.0339456 0.176092
0.0332122 0.17034
0.0335875 0.174564
0.03356 0.174286
0.0335785 0.174375
0.0337069 0.176598
0.0339128 0.176108
0.0340084 0.177285
0.0329654 0.171922
0.0336148 0.177574
0.0334763 0.1741
0.0330196 0.173989
0.0328633 0.17409
0.0330967 0.176198
0.033345 0.177868
0.0336759 0.179558
0.0342008 0.18009
0.0338106 0.17786
0.0336174 0.179261
0.0339274 0.181206
0.0345099 0.184704
0.0351722 0.19061
0.0339766 0.183516
0.0342889 0.185981
0.0350511 0.192242
0.0354873 0.194592
0.0355114 0.194832
0.0339482 0.185714
0.0353066 0.196149
0.0342813 0.187557
0.0351881 0.193372
0.0331669 0.183454
0.0341194 0.187678
0.0337866 0.188439
0.0346011 0.194457
0.034823 0.195258
0.0348433 0.195629
0.033973 0.187795
0.0340709 0.190708
0.0332172 0.189027
0.0331164 0.186294
0.0332961 0.189875
0.0335402 0.189605
0.0333576 0.187186
0.0334864 0.188626
0.032882 0.186769
0.0327503 0.185702
0.03314 0.188394
0.0339721 0.195023
0.0337807 0.194598
0.0340952 0.198332
0.0332778 0.195498
0.0335987 0.194874
0.0339767 0.197265
0.0326465 0.188523
0.0336027 0.196474
0.0336901 0.198818
0.0328733 0.194991
0.0321648 0.192457
0.0322959 0.193237
0.0338919 0.202614
0.0333221 0.197477
0.0339503 0.206465
0.0343249 0.214444
0.0339004 0.209308
0.0339568 0.210879
0.0352518 0.218566
0.034817 0.216078
0.0349726 0.216913
0.0344937 0.214823
0.0356519 0.222829
0.0352442 0.221864
0.0356026 0.223096
0.0355774 0.223845
0.0358666 0.224776
0.0370529 0.23406
0.0358315 0.227193
0.0370505 0.236045
0.0365762 0.232283
0.0361626 0.230224
0.0368143 0.232841
0.0362697 0.228452
0.0367021 0.231007
0.0361518 0.221812
0.0359714 0.22067
0.0361222 0.224392
0.0367625 0.225934
0.0366553 0.221734
0.0366927 0.219377
0.0372308 0.223241
0.0362803 0.219772
0.0370711 0.228244
0.0378058 0.234099
0.0368234 0.228529
0.0359607 0.225837
0.0356557 0.225411
0.0359042 0.22697
0.0363472 0.227677
0.0357785 0.226453
0.0363953 0.230612
0.0361552 0.228575
0.0366116 0.230249
0.0361175 0.228583
0.0371609 0.233365
0.0375303 0.23497
0.0368709 0.228488
0.037245 0.22918
0.0375343 0.230269
0.0365543 0.222062
0.0372634 0.224509
0.0379521 0.229033
0.0374813 0.223272
0.0374292 0.216128
0.0368114 0.214313
0.0374362 0.216933
0.0373963 0.215027
0.0370943 0.218361
0.0370663 0.213671
0.037612 0.213751
0.0383996 0.219037
0.0377416 0.21395
0.0367615 0.207688
0.0372982 0.211959
0.0369632 0.208066
0.0360514 0.198939
0.0361506 0.198307
0.0361166 0.198366
0.0379521 0.209274
0.0377665 0.206721
0.0395955 0.215368
0.0408939 0.219384
0.0399032 0.214654
0.0389455 0.211152
0.0393353 0.213152
0.0393844 0.213991
0.03866 0.207061
0.0402566 0.21487
0.0392325 0.207931
0.0391738 0.20731
0.0381456 0.198876
0.0377407 0.196762
0.0389946 0.199781
0.0382175 0.195964
0.0376718 0.195623
0.0369471 0.192
0.0356597 0.18402
0.0363707 0.185467
0.0345632 0.175639
0.0341877 0.172657
0.0350586 0.178579
0.0347327 0.17804
0.0354707 0.179195
0.0361041 0.181758
0.0357603 0.182924
0.036833 0.185962
0.0384357 0.190008
0.0386653 0.18965
0.0375019 0.181907
0.0364351 0.179523
0.0380355 0.189885
0.0374476 0.188361
0.0373342 0.189084
0.0364046 0.191039
0.0348362 0.180698
0.0354751 0.181509
0.0352575 0.183892
0.036156 0.188271
0.0350497 0.182278
0.0357466 0.185618
0.0353621 0.181954
0.0372591 0.189812
0.0368739 0.190877
0.0359571 0.189285
0.0370354 0.192898
0.0360293 0.187721
0.0361884 0.185649
0.0388729 0.198847
0.0378667 0.192823
0.0374289 0.196067
0.0341535 0.189269
0.0345586 0.192004
0.0344082 0.187919
0.0350947 0.18823
0.0333671 0.180369
0.0343003 0.186907
0.0335948 0.179967
0.0349808 0.18823
0.0350726 0.190928
0.0353312 0.1976
0.0342176 0.185098
0.0350211 0.191646
0.0346406 0.188462
0.0356812 0.194853
0.034884 0.193316
0.0344602 0.189149
0.0357565 0.194831
0.0348382 0.18791
0.0351153 0.191156
0.0348438 0.187156
0.0350936 0.190692
0.0349474 0.185206
0.0348522 0.185486
0.0342504 0.179732
0.0344719 0.181467
0.0343936 0.180723
0.0342994 0.179468
0.0329079 0.172913
0.0326841 0.168498
0.0327644 0.169448
0.0329489 0.169661
0.0323222 0.164869
0.0318848 0.162968
0.0317374 0.162191
0.0323721 0.166041
0.032441 0.163554
0.0319263 0.160759
0.0325277 0.167968
0.0321572 0.164115
0.0317654 0.159324
0.0321006 0.158036
0.0321031 0.157625
0.0315748 0.157094
0.0310369 0.155588
0.0321648 0.158797
0.0326041 0.160148
0.0320586 0.157715
0.0307172 0.152349
0.0317779 0.157175
0.0317872 0.157208
0.0326349 0.158429
0.0320108 0.155796
0.031158 0.152136
0.0312415 0.156914
0.03211 0.159037
0.0310196 0.151237
0.0310804 0.15266
0.0313145 0.152123
0.0320259 0.153408
0.0314465 0.151271
0.0305041 0.143054
0.0309984 0.146542
0.0318565 0.148953
0.03255 0.154706
0.0310591 0.147481
0.0320485 0.149794
0.03189 0.148574
0.0319109 0.148853
0.0322445 0.149824
0.0315658 0.147739
0.0327727 0.152012
0.0330813 0.153755
0.0337355 0.159352
0.0345912 0.163982
0.0347841 0.166279
0.0347397 0.167158
0.0341333 0.164785
0.0346343 0.166684
0.0332468 0.164287
0.0350167 0.172601
0.0338808 0.166322
0.0334308 0.166127
0.0333685 0.165015
0.0323478 0.162108
0.0329335 0.16331
0.0330253 0.163898
0.0324722 0.162759
0.0326458 0.165032
0.032727 0.16234
0.0328858 0.159446
0.0324278 0.159663
0.0319731 0.158247
0.0322403 0.16097
0.032091 0.160686
0.032256 0.159344
0.0324459 0.158897
0.0323701 0.161521
0.032765 0.161307
0.0323455 0.160487
0.0331468 0.165962
0.0325403 0.161443
0.0335021 0.163704
0.0334773 0.161425
0.0340338 0.169007
0.0331029 0.162179
0.0336957 0.163518
0.0338608 0.165345
0.0349091 0.169551
0.0339833 0.166081
0.0339001 0.167767
0.0334037 0.166054
0.0337227 0.167035
0.0337188 0.164691
0.0342291 0.166735
0.0343564 0.171007
0.034521 0.167858
0.0340346 0.165568
0.0342745 0.167721
0.0349018 0.166956
0.0349366 0.165692
0.0351004 0.167888
0.0349594 0.166785
0.0351746 0.167697
0.0348643 0.166819
0.0349632 0.167432
0.0344061 0.162095
0.0344915 0.164616
0.0338434 0.162814
0.0344018 0.164292
0.0346508 0.163386
0.0340469 0.159777
0.0338577 0.159048
0.0331197 0.154763
0.0329556 0.152644
0.0339274 0.158364
0.0338431 0.157109
0.0331675 0.153961
0.0340244 0.157554
0.0348501 0.162631
0.0362579 0.165771
0.0351067 0.162101
0.0361058 0.167904
0.0367769 0.170448
0.0373772 0.172672
0.0373024 0.174464
0.0358384 0.165784
0.035815 0.166535
0.03679 0.170054
0.0364556 0.170323
0.0371971 0.17183
0.0367769 0.172163
0.0354393 0.166916
0.0358341 0.170645
0.0350036 0.161792
0.0353341 0.161723
0.0344483 0.160546
0.0349126 0.161034
0.035056 0.162027
0.0344718 0.15847
0.0347584 0.161068
0.0364485 0.167237
0.034598 0.161325
0.0344908 0.160075
0.0339436 0.156663
0.0348215 0.160684
0.0342114 0.159704
0.0341427 0.159706
0.0337234 0.158737
0.0347535 0.161527
0.0347657 0.159698
0.0351056 0.163824
0.035129 0.165391
0.0363376 0.172631
0.0353817 0.16866
0.0357363 0.169201
0.0355312 0.166933
0.035132 0.16575
0.0354466 0.166733
0.0349625 0.164124
0.0346173 0.163479
0.0347924 0.163874
0.0345208 0.162586
0.0345186 0.163028
0.0345465 0.16276
0.034759 0.161916
0.0353338 0.165715
0.0350464 0.163013
0.035513 0.166401
0.0362311 0.168762
0.0365838 0.166715
0.0355617 0.165055
0.0356672 0.162309
0.035584 0.163722
0.0353489 0.164677
0.0329127 0.14869
0.0340071 0.156296
0.0337324 0.157079
0.0341453 0.158472
0.0351154 0.160303
0.0346736 0.15381
0.0334398 0.153914
0.0348278 0.161064
0.0335467 0.156231
0.034188 0.157048
0.0349823 0.162106
0.0351477 0.161731
0.0349259 0.158558
0.0351757 0.161762
0.0348536 0.157549
0.0352724 0.161233
0.0347024 0.156253
0.0341342 0.15571
0.034117 0.153876
0.033766 0.151877
0.0341187 0.15338
0.0343601 0.155261
0.0353867 0.160058
0.0348095 0.153002
0.0348083 0.154328
0.0359152 0.163168
0.0352078 0.16193
0.0358269 0.162246
0.0365138 0.165426
0.0362351 0.16148
0.0373695 0.166714
0.0383397 0.171733
0.0366715 0.164138
0.0363667 0.161541
0.0361876 0.161039
0.0364022 0.163684
0.0345565 0.154235
0.0353846 0.157522
0.0353027 0.158799
0.0351428 0.158849
0.0358691 0.16741
0.0354661 0.164472
0.0349576 0.161703
0.0352701 0.167407
0.0348857 0.16422
0.0337145 0.158708
0.0337717 0.157017
0.0338706 0.158871
0.033765 0.161975
0.0347253 0.165465
0.0347014 0.160122
0.0339661 0.16241
0.0337339 0.159782
0.0330953 0.151814
0.0345129 0.16072
0.0340591 0.157261
0.0343695 0.160875
0.0342729 0.156189
0.0342514 0.156253
0.033591 0.153748
0.0333383 0.151345
0.0336217 0.15128
0.0335153 0.152695
0.0326911 0.152618
0.0331811 0.154013
0.0314013 0.14382
0.0324704 0.148036
0.032657 0.149951
0.0328126 0.150492
0.0328914 0.151807
0.0321494 0.149794
0.0321488 0.148721
0.0314181 0.147338
0.031388 0.146816
0.0297113 0.13859
0.0295658 0.140346
0.0300013 0.141148
0.0301667 0.14303
0.0307213 0.147481
0.0309257 0.151025
0.0307826 0.150918
0.0310658 0.151248
0.0307962 0.15227
0.0304827 0.148545
0.0308931 0.151168
0.0308973 0.151932
0.0316292 0.154797
0.0317652 0.15624
0.0310595 0.149351
0.0304847 0.144414
0.0304986 0.147221
0.0304384 0.147116
0.0317 0.151837
0.0309592 0.149251
0.031617 0.152325
0.0321788 0.158345
0.0324566 0.157062
0.0322965 0.158164
0.0324455 0.15836
0.0327419 0.162134
0.0311661 0.150947
0.032117 0.156766
0.0326702 0.159732
0.0319754 0.155597
0.0314243 0.153489
0.0308271 0.15034
0.0305858 0.149539
0.0307676 0.149785
0.0311231 0.153943
0.0309209 0.152007
0.0317246 0.15411
0.031637 0.15301
0.031999 0.154827
0.032052 0.153509
0.0313883 0.1489
0.0311124 0.147867
0.0314151 0.149732
0.031942 0.15226
0.0316139 0.152292
0.0322045 0.153254
0.0323487 0.158021
0.0324141 0.157153
0.0333405 0.162005
0.0322546 0.156192
0.0324443 0.156382
0.0320554 0.151698
0.031018 0.148533
0.0316696 0.153427
0.0315427 0.151333
0.0310967 0.1516
0.0293789 0.140794
0.0288331 0.136505
0.0294428 0.142843
0.0292842 0.14296
0.0299512 0.147874
0.0300485 0.148707
0.0294855 0.146628
0.0299245 0.149815
0.0295368 0.145947
0.0297076 0.14741
0.0294548 0.147246
0.0278199 0.141058
0.0286075 0.143628
0.0284751 0.14409
0.028682 0.145276
0.0279113 0.139382
0.0289956 0.146974
0.0285212 0.142933
0.0290511 0.144983
0.0296762 0.151446
0.0285913 0.145726
0.0288484 0.146747
0.027686 0.142981
0.0279941 0.145546
0.0291264 0.151549
0.0293241 0.151568
0.0286378 0.146579
0.0288718 0.150814
0.0291553 0.153126
0.0291796 0.153958
0.0288638 0.155556
0.0290225 0.157937
0.0281208 0.153209
0.0275567 0.151589
0.0264794 0.147921
0.0268082 0.153437
0.0238817 0.134599
0.0252651 0.142451
0.0253421 0.143009
0.0254804 0.144837
0.0250341 0.143132
0.0249059 0.144067
0.0254147 0.145196
0.0258213 0.147346
0.0258421 0.149311
0.0257164 0.146118
0.0253249 0.143741
0.0253235 0.148054
0.0248512 0.142704
0.0245559 0.142309
0.0237891 0.135767
0.0236194 0.139334
0.0237266 0.142182
0.0224393 0.133375
0.0220251 0.130827
0.0225327 0.13456
0.0238006 0.146118
0.0230835 0.140969
0.0230287 0.141324
0.0229993 0.141828
0.0235431 0.144794
0.0226294 0.139538
0.0227066 0.139072
0.0218044 0.131641
0.0231131 0.143719
0.022716 0.140802
0.0230458 0.142968
0.0233851 0.142532
0.0238598 0.145986
0.0228103 0.1408
0.022715 0.140607
0.0221464 0.135724
0.0224714 0.136524
0.023027 0.140799
0.0222576 0.13764
0.0216178 0.13596
0.0214917 0.134593
0.0215201 0.134129
0.0216835 0.137159
0.0222944 0.141274
0.0226847 0.143402
0.023032 0.145655
0.0233028 0.145325
0.0243576 0.151232
0.0240126 0.145773
0.0243503 0.145945
0.0246722 0.152246
0.0251051 0.154604
0.0241929 0.151452
0.0242127 0.149629
0.0239928 0.147505
0.024528 0.149683
0.0244462 0.144655
0.0239284 0.144552
0.0242934 0.14441
0.0251332 0.151226
0.0249886 0.148762
0.0258238 0.152549
0.0262207 0.156188
0.0260411 0.153969
0.0262326 0.158126
0.0251689 0.149046
0.0249064 0.145866
0.0257659 0.149662
0.0250447 0.146811
0.0261091 0.151552
0.0260307 0.146671
0.0254594 0.144966
0.0252095 0.140959
0.0262829 0.145966
0.0261202 0.144139
0.0261657 0.142087
0.0255075 0.139674
0.0250243 0.136901
0.0249642 0.133559
0.0252929 0.132637
0.0262601 0.138895
0.0259671 0.135076
0.0268125 0.138462
0.0274456 0.142809
0.0290019 0.14775
0.0292756 0.152394
0.029867 0.152579
0.0306608 0.152064
0.0297274 0.151558
0.0313683 0.154904
0.0321687 0.157095
0.0324559 0.155988
0.031539 0.153304
0.0325974 0.155495
0.0318078 0.153333
0.0329345 0.157632
0.0316804 0.152924
0.030464 0.148064
0.0313897 0.152376
0.0309128 0.15328
0.0298596 0.148713
0.0306131 0.151781
0.0299202 0.148547
0.0297705 0.147907
0.0295915 0.149431
0.0294524 0.144344
0.0303216 0.149766
0.0303658 0.14963
0.0309318 0.149524
0.0313096 0.149838
0.0328345 0.156165
0.0330858 0.153469
0.0317299 0.146805
0.0320476 0.148479
0.0313319 0.146048
0.0309881 0.145525
0.0305738 0.14577
0.0301184 0.145354
0.0295902 0.143607
0.0308579 0.149264
0.0320552 0.155516
0.0321478 0.153996
0.0318194 0.152084
0.0324919 0.150816
0.0328365 0.155634
0.033159 0.15293
0.0332998 0.15604
0.0339981 0.160332
0.033168 0.15652
0.0330247 0.154588
0.0325548 0.152003
0.033953 0.162332
0.0332868 0.158419
0.0331785 0.158167
0.0336325 0.159282
0.033196 0.159898
0.0325729 0.15266
0.0329042 0.155992
0.0321266 0.150243
0.032241 0.151916
0.0325307 0.156231
0.0314431 0.149459
0.0311425 0.149055
0.0313502 0.149985
0.0312693 0.14622
0.0311446 0.148734
0.031079 0.14857
0.0324341 0.150397
0.032404 0.150984
0.0322056 0.152721
0.0324031 0.149867
0.0328781 0.153953
0.0323965 0.146983
0.0330117 0.155131
0.0324359 0.149649
0.0329175 0.15406
0.0335672 0.153906
0.0334429 0.152692
0.0340257 0.157202
0.0349795 0.161828
0.0352755 0.165151
0.0359375 0.168421
0.0349683 0.163241
0.0351508 0.162958
0.0352618 0.163259
0.0350847 0.162855
0.0360969 0.167028
0.035966 0.170882
0.0352586 0.164865
0.0357768 0.16931
0.0368178 0.174817
0.0363702 0.171754
0.0363907 0.169616
0.0367817 0.174676
0.0369688 0.175371
0.0358784 0.17224
0.0362097 0.176556
0.0355914 0.171223
0.0359873 0.174912
0.0357006 0.17142
0.0350247 0.169305
0.0350166 0.166904
0.0352789 0.169698
0.0363223 0.172191
0.0348825 0.164844
0.0356233 0.168983
0.0365432 0.173815
0.0351993 0.162464
0.03568 0.164631
0.0371176 0.168031
0.0384211 0.173399
0.0366645 0.16683
0.0360306 0.165013
0.0340066 0.157014
0.0339567 0.155521
0.0346949 0.158278
0.0355655 0.162862
0.0351974 0.160169
0.0343983 0.156424
0.0336641 0.155886
0.0338561 0.156392
0.0336696 0.153187
0.0341656 0.156681
0.0335344 0.154073
0.0329917 0.153067
0.0342677 0.161646
0.0327844 0.154648
0.0325585 0.153335
0.0330292 0.156186
0.0328253 0.156391
0.0324224 0.152864
0.032406 0.154867
0.0321639 0.152819
0.0319201 0.152523
0.0310744 0.149619
0.0321718 0.15522
0.0320249 0.155165
0.0312331 0.14954
0.0330786 0.163285
0.0327904 0.159824
0.0338567 0.16518
0.0327169 0.162044
0.0335431 0.165729
0.0341391 0.16824
0.0330097 0.16005
0.0332581 0.161854
0.0324792 0.157966
0.0332226 0.159843
0.0325891 0.157469
0.0326567 0.157222
0.0319249 0.153687
0.0313327 0.150133
0.0313728 0.150154
0.0318757 0.155153
0.0316557 0.153679
0.031304 0.155921
0.0317855 0.158436
0.0310832 0.155466
0.0304112 0.153032
0.0296169 0.151528
0.028976 0.151344
0.0287045 0.149011
0.0280075 0.146209
0.0273891 0.142905
0.0268089 0.140519
0.0263108 0.138061
0.0264607 0.140076
0.0257836 0.136166
0.0265622 0.140074
0.0262002 0.140544
0.0267003 0.142971
0.0262919 0.142188
0.0270162 0.145864
0.027074 0.145691
0.0262168 0.14124
0.0260474 0.142232
0.0258883 0.141784
0.0253902 0.137943
0.0245325 0.134297
0.0241715 0.133341
0.0248 0.135964
0.0240614 0.132914
0.0241335 0.133101
0.0245611 0.135601
0.0238045 0.132833
0.0242887 0.135097
0.0243825 0.13631
0.0240868 0.135246
0.0239482 0.135587
0.023414 0.133548
0.023548 0.134285
0.0242106 0.138535
0.0235759 0.13554
0.0231603 0.133551
0.0240788 0.141997
0.0243329 0.143423
0.0241787 0.140904
0.02438 0.141122
0.0253196 0.148983
0.0247076 0.146417
0.0247433 0.144075
0.0245958 0.144047
0.0247967 0.14535
0.024717 0.145813
0.0251391 0.147088
0.024652 0.143714
0.0247057 0.145624
0.0247905 0.145432
0.0242929 0.142945
0.0248888 0.146383
0.0248882 0.146892
0.0243638 0.143736
0.0239433 0.140873
0.0249775 0.14541
0.0239766 0.139898
0.0240868 0.141506
0.025276 0.148791
0.0242299 0.143229
0.0245977 0.14463
0.0246502 0.143916
0.0244586 0.144063
0.0248938 0.146641
0.0243238 0.143506
0.0251668 0.148534
0.0248825 0.145357
0.0244938 0.143607
0.0247119 0.145197
0.0248821 0.145394
0.0249738 0.14735
0.0247394 0.145423
0.0248566 0.146363
0.0249171 0.145146
0.0245094 0.144315
0.0245061 0.143875
0.0244717 0.144922
0.0243816 0.143541
0.0239463 0.141185
0.0240142 0.141397
0.0238255 0.140027
0.0240974 0.141591
0.0243406 0.144016
0.0242443 0.142331
0.0236334 0.138293
0.0242795 0.142489
0.0239096 0.140297
0.0232621 0.137557
0.0239622 0.140667
0.0244617 0.143735
0.0231282 0.13717
0.0238115 0.139933
0.0232252 0.13717
0.0238746 0.139366
0.0231001 0.136654
0.023013 0.134146
0.0231475 0.136034
0.0226899 0.133882
0.023659 0.139563
0.0236715 0.139208
0.0235157 0.138512
0.0229602 0.135215
0.0226608 0.133456
0.0231776 0.135741
0.0228609 0.135294
0.023415 0.138041
0.0225919 0.132671
0.0227188 0.134028
0.023115 0.135396
0.0232269 0.13763
0.0233408 0.136943
0.0233282 0.136765
0.0226478 0.133628
0.0235432 0.138619
0.0227795 0.133759
0.0230411 0.13547
