45128
43719
43648
44620
45509
46074
45994
46314
46517
46100
46320
46263
46406
46450
46192
46340
46350
46572
46379
46159
46398
46509
46217
46150
45814
45112
44894
44572
44279
44148
43797
43960
43824
43904
44013
43931
44038
44495
44735
45363
45607
45882
45654
45688
45899
45799
45985
45682
45722
46038
46023
45846
45999
45997
45962
46136
46007
46048
45793
46275
46055
46121
46019
46437
46468
46333
46286
46114
46146
46196
46219
45813
46070
46284
46248
46283
46006
46188
46285
46393
46215
46450
46312
46238
46423
46583
46532
46577
46312
46359
46544
46606
46454
46650
46430
46660
46682
46658
46612
46755
46582
46626
46498
46742
46745
46650
46690
46882
46632
46718
46467
46499
46448
46696
46709
46583
46832
46693
46898
46659
46828
46882
46838
46739
46744
46903
46713
46955
46964
46898
46905
46950
46825
46670
46624
46699
46532
46448
46929
46935
47100
46933
46783
46872
46777
47004
46949
46777
46729
46638
46920
46946
47088
46861
46950
47015
46914
46976
46824
46620
47123
47059
47007
46794
46773
46944
46930
47146
47057
47013
46803
47030
46957
47217
47043
47106
46976
47213
47158
47139
47114
46994
47039
47118
47050
47093
47098
47128
46849
46905
47246
47145
46965
46997
47061
47305
47030
47171
46952
47091
47352
46908
47139
47413
47065
47260
47190
47106
47468
47505
47556
47132
47390
47259
47408
47405
47271
47417
47391
47209
47161
47254
47270
47530
47406
47402
47368
47221
47144
47470
47489
47523
47347
47745
47133
47348
47523
47250
47677
47344
47526
47411
47483
47553
47318
47437
47217
47632
47693
47483
47278
47624
47388
47420
47238
47433
47866
47667
47447
47524
47639
47597
47666
47604
47727
47589
47480
47391
47450
47453
47498
47398
47528
47735
47728
47351
47836
47598
47544
47690
47467
47778
47738
47568
47640
48058
47450
47885
47688
47752
47565
48018
47854
48109
47972
48108
48023
48004
48178
48399
48084
48015
47815
47821
48109
48192
47792
47764
47874
48211
48234
48124
48196
48152
48312
48113
48351
48168
48286
48448
48153
48084
48133
48283
48179
48486
48427
48414
47869
48484
48604
48505
48252
48389
48218
48405
48385
48211
48362
48536
48062
48221
48536
48306
47999
48177
48158
48430
48377
48210
48069
48125
48117
48591
48087
48465
48183
48266
48373
48261
48213
48110
48219
48260
48293
48447
48414
48351
48483
48047
48113
48361
48146
48460
48477
48342
48175
48262
48391
48394
48269
48035
48194
48293
48431
48273
48335
48291
48313
48733
48462
48186
48328
48338
48368
48218
48362
48298
48208
48358
48468
48407
48250
48178
48102
48255
48271
48213
48244
48062
48244
48302
48097
48311
48228
48103
48324
48181
48085
48139
48081
47908
48099
48216
47986
48130
48020
47978
47974
47999
47764
47937
47607
47754
47777
47563
47446
47599
47837
47492
47266
47487
47247
47380
47226
46926
46873
46991
46968
46896
46663
46914
46909
46779
46678
46721
46623
46891
46526
46537
46758
46542
46760
46467
46440
46692
46694
46633
46465
46523
46921
46457
46441
46704
46572
46328
46488
46764
46339
46549
46595
46476
46251
46260
45970
45979
46023
45900
45964
45651
45459
45910
45540
45544
45964
45838
45564
45525
45640
45768
46002
45713
45900
46099
45586
45777
45886
46090
45735
46135
46120
46303
46645
46332
46375
46687
46827
46497
46268
46120
46439
46246
46726
46508
46465
46498
46038
45812
45833
45747
44724
44924
44931
45286
45405
45290
45374
45324
45470
45102
45267
45193
45250
45347
44822
44204
44259
44414
44444
44214
43467
43475
43706
43950
45237
45025
44844
45021
45434
45364
45513
45625
45363
45682
46029
46115
46304
46467
46927
47446
47432
47735
47643
47756
47872
47643
47888
47795
47720
47974
47756
47952
47852
48040
47862
47769
48142
47956
47819
47779
47735
47621
47672
47473
47538
47877
47728
47814
48096
47724
47538
47921
47769
47755
47342
47609
47885
47981
47711
47873
48101
47933
47930
47859
47764
48196
47557
47619
47973
47553
47852
47570
47543
47393
47265
47217
47250
47382
47263
47381
47461
47554
47764
47206
47431
47561
47410
47453
47520
47509
47456
47418
47392
47224
47336
47321
47332
47303
47557
47063
47513
47154
47240
47365
47326
47012
47226
47394
47307
47009
47400
47151
47288
47227
47360
47090
47392
47299
47211
46928
47246
47178
46903
47028
47008
47026
47051
47183
46935
47230
47316
47247
47265
47185
47229
47168
47434
47124
47130
46952
46823
47172
47030
46776
47028
46973
46986
46927
46887
47184
47159
47078
47071
46966
46986
47151
47078
46938
47065
47085
47089
46982
47111
47039
46943
47286
47288
47137
46925
47265
47155
47089
46873
46914
47058
46742
46866
47030
47011
47001
47165
46972
47079
47404
47223
47131
47163
47038
47067
46839
47109
47025
47059
47070
47045
46990
46875
46819
46912
47049
47195
47005
46988
46981
46980
46773
46860
46800
47081
46774
46842
46879
46767
46552
46625
46698
46956
46378
46690
46682
46995
46855
46713
46749
46609
46613
46859
46971
47017
46714
46603
46801
46784
46728
46793
46574
46597
47122
47060
47200
47057
47037
46810
47220
47140
47032
47031
46911
47001
46988
47015
47046
46852
46801
46873
46830
46801
46828
46763
46934
46904
47077
47075
46877
46781
47065
47116
47368
47497
47218
47393
47088
47322
46980
47198
47138
47166
47404
47267
46997
46824
46879
46936
47221
47140
47253
47071
47368
47248
47013
46940
47288
47253
47205
47109
47807
47495
47340
47295
47327
47352
47474
47320
47296
47146
47485
47039
47282
46683
47160
47064
46955
46992
47023
47143
47148
46973
47012
46988
47140
46730
46846
46942
46950
47005
47143
46984
47079
47449
47168
47380
47261
47377
47257
47481
47386
47297
47328
47836
47520
47470
47480
47556
47221
47490
47228
47296
47277
47462
47455
47497
47510
47208
47299
47350
47174
47127
47122
47291
47067
47367
47248
47282
47299
47484
47615
47865
47566
47615
47820
47807
47945
47829
48296
47700
48374
48207
48298
47837
47842
48216
47907
48036
48019
48150
48043
48027
47958
48082
48300
48312
48293
48414
48248
48165
48193
48324
48443
48338
48360
48239
48378
48433
48201
48065
48048
48055
48039
48094
48107
48020
47870
48183
48254
48354
48755
48072
48363
47806
48149
47492
47851
48120
47865
48102
47979
48130
48193
48108
48115
47819
48048
48074
48259
47905
47448
47125
47217
47358
47352
47437
47234
47428
47207
47296
47175
46993
46747
46859
46865
46841
47096
46960
47022
46940
46956
46926
46967
47001
46972
47127
47072
46990
47165
47020
46908
47493
47228
47953
47093
47392
47290
47233
47206
47176
47271
47211
47211
46949
47018
46772
46948
47144
47022
46919
46815
47141
46904
46899
46835
46667
46532
46973
47086
46967
47065
47316
46928
47246
47325
47125
47076
47126
47331
47094
47419
47106
47081
47075
47135
46977
47265
47093
47321
46940
47083
47289
47256
47355
47209
46891
47155
46700
47485
47370
47193
47014
46457
46651
47086
46957
46961
46712
46846
46798
46879
46358
46844
46688
46797
47004
46809
46961
46806
47024
46892
47082
47051
46671
47104
46575
46677
46833
46447
46589
46530
46627
46638
47325
46318
46337
46225
46543
46459
46609
46689
46538
46758
46739
46662
46638
46808
46474
46519
46511
46442
46947
46679
46791
46718
46901
46361
46707
46538
46490
46612
46567
46457
46653
46515
46676
46655
46580
45963
46672
46852
46569
46995
46911
46895
47034
47035
47055
47034
47039
47240
47166
47026
47074
47357
47580
47472
47097
47366
47228
47315
47453
47204
47603
47452
47396
47223
47325
47618
47379
47462
47403
47392
47554
47306
47329
47744
47394
47792
47520
47665
47591
47711
48009
47631
47728
47662
48026
47799
47811
47813
47708
47619
47615
47623
48086
47841
47833
47893
47854
47940
47863
47883
47880
47827
48188
47751
47850
48032
48163
48044
48060
48119
48066
48053
48074
47705
47650
47778
47754
47638
47900
47784
47933
47987
47857
47805
47764
47723
48150
47805
47983
47777
47805
47975
47867
47789
48123
47666
47922
47540
48095
47799
47867
47995
48100
48117
48223
47996
47880
47848
48292
47918
47849
48110
47891
48263
47899
47839
48040
47827
47850
47871
