1563
1522
1562
1525
1503
1521
1514
1538
1504
1528
1510
1510
1518
1523
1522
1525
1533
1534
1531
1569
1547
1522
1531
1536
1546
1551
1567
1542
1563
1559
1536
1556
1547
1549
1541
1533
1574
1550
1543
1542
1533
1550
1543
1522
1537
1500
1511
1529
1544
1528
1525
1540
1519
1551
1544
1552
1512
1528
1549
1533
1570
1568
1575
1533
1547
1541
1506
1498
1499
1511
1495
1497
1494
1501
1525
1525
1551
1527
1536
1537
1529
1531
1526
1570
1560
1548
1596
1554
1534
1578
1573
1580
1588
1611
1623
1619
1613
1594
1585
1608
1644
1632
1654
1621
1621
1647
1643
1613
1675
1658
1635
1644
1647
1631
1656
1598
1643
1622
1632
1610
1638
1648
1648
1628
1670
1653
1654
1671
1640
1696
1665
1658
1654
1653
1719
1656
1652
1634
1631
1662
1667
1670
1641
1644
1615
1649
1650
1649
1685
1668
1690
1674
1706
1653
1644
1618
1625
1630
1608
1618
1620
1615
1588
1572
1606
1584
1613
1627
1625
1603
1591
1570
1607
1586
1554
1545
1561
1528
1564
1500
1547
1563
1525
1590
1530
1539
1547
1586
1590
1586
1558
1611
1573
1596
1552
1579
1616
1561
1594
1621
1635
1598
1619
1636
1630
1645
1650
1656
1659
1695
1644
1688
1636
1632
1675
1657
1684
1650
1656
1713
1677
1681
1661
1673
1680
1662
1700
1651
1699
1695
1687
1732
1712
1708
1730
1717
1718
1726
1700
1717
1712
1680
1707
1738
1678
1677
1727
1708
1698
1705
1712
1707
1701
1675
1710
1652
1684
1707
1664
1664
1690
1689
1730
1755
1762
1751
1780
1755
1755
1709
1716
1735
1704
1714
1716
1781
1732
1718
1767
1770
1742
1732
1735
1751
1821
1801
1795
1835
1752
1747
1661
1660
1689
1758
1748
1758
1771
1775
1762
1786
1728
1700
1746
1706
1706
1781
1784
1771
1802
1794
1757
1843
1794
1813
1766
1829
1832
1873
1809
1822
1800
1809
1766
1744
1771
1830
1810
1773
1771
1738
1780
1771
1819
1802
1820
1794
1820
1785
1816
1796
1777
1839
1828
1827
1838
1851
1866
1904
1879
1843
1854
1859
1833
1869
1906
1887
1920
1894
1921
1904
1861
1923
1909
1906
1888
1920
1887
1911
1864
1862
1868
1833
1831
1852
1847
1857
1859
1878
1926
1885
1867
1837
1880
1916
1879
1880
1878
1915
1889
1946
1891
1873
1895
1856
1916
1897
1850
1901
1891
1866
1857
1842
1867
1831
1799
1826
1791
1826
1836
1836
1763
1822
1780
1757
1757
1736
1665
1609
1623
1654
1700
1687
1722
1745
1771
1764
1752
1723
1710
1711
1714
1718
1697
1698
1718
1752
1721
1674
1677
1689
1688
1716
1758
1706
1731
1712
1697
1751
1651
1638
1616
1641
1615
1630
1593
1532
1512
1546
1517
1501
1530
1549
1515
1501
1490
1491
1525
1444
1476
1435
1473
1442
1467
1458
1465
1466
1463
1512
1502
1551
1548
1512
1510
1505
1484
1492
1486
1475
1450
1468
1430
1486
1451
1483
1507
1492
1495
1510
1514
1552
1482
1458
1479
1466
1472
1485
1463
1478
1468
1451
1463
1455
1447
1444
1455
1479
1462
1466
1412
1448
1457
1415
1420
1449
1395
1389
1373
1350
1353
1402
1376
1390
1366
1348
1306
1328
1330
1361
1375
1355
1324
1329
1346
1319
1325
1307
1331
1342
1345
1323
1286
1283
1283
1316
1290
1295
1276
1273
1276
1243
1310
1327
1372
1284
1298
1313
1283
1282
1276
1283
1273
1308
1298
1347
1358
1358
1339
1375
1327
1335
1362
1363
1353
1353
1398
1382
1406
1373
1448
1394
1448
1454
1504
1495
1489
1506
1520
1491
1507
1499
1495
1473
1459
1468
1469
1506
1474
1457
1427
1427
1406
1383
1389
1385
1396
1365
1401
1395
1373
1425
1405
1389
1371
1399
1357
1366
1344
1330
1336
1343
1326
1338
1339
1322
1316
1336
1318
1329
1324
1324
1320
1277
1352
1317
1279
1257
1272
1238
1271
1267
1266
1257
1259
1247
1241
1183
1208
1190
1209
1217
1195
1219
1212
1208
1208
1238
1241
1199
1233
1220
1219
1187
1204
1183
1192
1179
1179
1143
1136
1146
1155
1191
1173
1216
1212
1217
1263
1280
1283
1266
1230
1250
1230
1248
1245
1227
1221
1188
1224
1245
1293
1299
1233
1249
1257
1266
1191
1252
1223
1274
1284
1285
1306
1296
1305
1364
1328
1316
1344
1324
1329
1333
1340
1322
1220
1258
1338
1350
1294
1311
1270
1276
1321
1331
1351
1367
1399
1375
1378
1410
1380
1375
1385
1432
1408
1373
1392
1411
1393
1394
1434
1435
1484
1410
1390
1431
1491
1486
1490
1510
1520
1525
1578
1577
1576
1565
1573
1549
1590
1605
1584
1613
1604
1664
1651
1672
1594
1675
1619
1612
1606
1628
1609
1572
1609
1618
1634
1639
1736
1794
1792
1804
1772
1709
1742
1786
1779
1726
1704
1621
1645
1713
1644
1666
1653
1668
1669
1670
1659
1684
1719
1763
1770
1707
1705
1726
1676
1698
1655
1655
1669
1675
1720
1687
1730
1666
1681
1662
1675
1717
1678
1682
1691
1716
1665
1657
1714
1627
1616
1619
1644
1623
1674
1666
1691
1696
1739
1700
1700
1685
1664
1666
1649
1697
1755
1683
1664
1689
1683
1702
1677
1700
1734
1750
1783
1773
1766
1794
1838
1820
1784
1730
1692
1660
1710
1711
1664
1652
1616
1649
1741
1676
1699
1648
1671
1623
1640
1561
1594
1601
1666
1654
1629
1615
1569
1545
1518
1555
1584
1616
1628
1661
1689
1695
1687
1690
1706
1744
1772
1677
1726
1768
1736
1740
1711
1719
1743
1740
1746
1754
1758
1744
1759
1752
1742
1785
1805
1813
1765
1731
1672
1683
1761
1714
1746
1742
1731
1764
1750
1780
1749
1776
1764
1741
1763
1792
1734
1732
1708
1711
1632
1680
1718
1704
1693
1697
1699
1747
1748
1742
1759
1715
1703
1713
1712
1694
1719
1668
1701
1701
1755
1687
1667
1654
1632
1565
1606
1634
1628
1627
1599
1599
1601
1587
1534
1508
1463
1521
1583
1542
1598
1584
1594
1673
1601
1613
1631
1696
1665
1645
1657
1600
1617
1573
1595
1571
1567
1590
1627
1628
1702
1698
1655
1658
1617
1653
1682
1656
1640
1664
1654
1649
1659
1704
1728
1727
1724
1715
1737
1738
1708
1770
1754
1767
1798
1809
1837
1820
1866
1784
1859
1801
1795
1814
1777
1808
1838
1795
1816
1864
1836
1841
1849
1804
1752
1818
1768
1725
1767
1738
1804
1787
1780
1798
1797
1852
1792
1877
1862
1887
1846
1902
1840
1882
1881
1878
1868
1912
1870
1859
1900
1876
1841
1840
1827
1806
1819
1795
1823
1823
1856
1797
1809
1747
1736
1707
1692
1738
1734
1743
1740
1782
1742
1731
1687
1662
1699
1746
1749
1772
1764
1773
1741
1763
1707
1725
1740
1726
1740
1718
1750
1739
1759
1776
1802
1716
1740
1699
1628
1626
1662
1627
1578
1625
1612
1560
1587
1604
1594
1617
1563
1551
1553
1558
1538
1555
1550
1520
1542
1492
1510
1477
1563
1555
1556
1524
1530
1542
1541
1564
1561
1522
1569
1571
1533
1520
1521
1499
1521
1479
1492
1466
1494
1505
1444
1445
1469
1468
1501
1508
1523
1510
1454
1505
1465
1475
1443
1460
1409
1457
1451
1436
1422
1436
1382
1423
1407
1410
1464
1426
1445
1421
1436
1425
1413
1497
1480
1440
1405
1401
1337
1333
1369
1397
1402
1431
1467
1487
1441
1411
1374
1354
1385
1415
1460
1450
1412
1407
1388
1436
1422
1439
1489
1474
1517
1507
1410
1430
1496
1509
1470
1475
1473
1532
1517
1491
1505
1504
1438
1464
1462
1421
1444
1447
1433
1424
1419
1368
1344
1372
1353
1379
1338
1306
1358
1330
1386
1348
1335
1363
1349
1362
1338
1364
1354
1400
1377
1364
1352
1276
1300
1285
1272
1339
1302
1275
1277
1297
1278
1256
1255
1271
1274
1257
1272
1270
1223
1259
1251
1231
1264
1227
1221
1232
1214
1197
1233
1222
1258
1258
1253
1279
1251
1273
1263
1297
1268
1318
1297
1305
1276
1302
1348
1294
1236
1255
1208
1181
1234
1288
1269
1312
1302
1314
1300
1382
1367
1369
1411
1391
1403
1404
1343
1322
1372
1343
1359
1363
1307
1298
1314
1354
1378
1367
1339
1321
1325
1345
1371
1307
1380
1379
1352
1395
1325
1348
1329
1292
1306
1253
1315
1317
1341
1232
1289
1261
1280
1247
1227
1222
1251
1261
1238
1238
1239
1244
1209
1211
1237
1243
1223
1270
1314
1298
1358
1326
1274
1315
1293
1345
1359
1382
1391
1362
1340
1392
1385
1419
1428
1390
1387
1395
1391
1363
1373
1378
1358
1381
1409
1351
1395
1399
1350
1370
1350
1441
1498
1478
1517
1516
1512
1515
1514
1495
1500
1492
1493
1577
1608
1599
1571
1632
1555
1490
1520
1544
1564
1564
1563
1613
1698
1713
1664
1655
1681
1674
1644
1666
1688
1743
1646
1694
1748
1721
1708
1755
1730
1709
1707
1771
1738
1761
1770
1714
1772
1743
1797
1775
1780
1742
1753
1782
1744
1727
1736
1712
1696
1706
1736
1648
1614
1543
1569
1603
1648
1673
1663
1696
1688
1704
1716
1700
1711
1637
1715
1772
1765
1742
1723
1739
1725
1715
1701
1686
1719
1776
1689
1666
1716
1733
1715
1692
1716
1723
1700
1720
1711
1711
1674
1671
1684
1604
1751
1729
1763
1718
1683
1704
1658
1707
1701
1771
1796
1762
1842
1872
1760
1706
1753
1716
1706
1702
1735
1745
1763
1759
1727
1704
1673
1647
1641
1665
1646
1692
1662
1663
1653
1624
1613
1635
1613
1649
1637
1643
1639
1663
1638
1676
1702
1733
1704
1671
1705
1732
1709
1705
1737
1693
1722
1701
1742
1747
1731
1737
1706
1708
1695
1724
1686
1661
1659
1622
1678
1668
1665
1731
1712
1661
1773
1768
1688
1623
1641
1655
1660
1622
1595
1629
1615
1597
1600
1612
1603
1660
1708
1756
1681
1680
1709
1624
1715
1726
1683
1732
1694
1717
1734
1663
1659
1710
1736
1760
1797
1787
1786
1799
1788
1803
1817
1791
1818
1761
1763
1790
1755
1804
1881
1904
1813
1862
1843
1811
1767
1776
1799
1811
1779
1783
1828
1816
1874
1817
1767
1809
1850
1825
1796
1760
1765
1740
1777
1735
1755
1660
1701
1658
1728
1672
1710
1714
1748
1713
1665
1669
1663
1678
1690
1707
1673
1699
1672
1657
1700
1707
1734
1715
1640
1740
1666
1659
1572
1605
1603
1605
1582
1568
1556
1590
1571
1497
1558
1546
1535
1569
1541
1566
1552
1554
1577
1560
1561
1517
1530
1552
1550
1559
1551
1531
1557
1570
1490
1495
1485
1485
1476
1485
1462
1468
1449
1477
1457
1458
1461
1475
1486
1410
1396
1351
1376
1449
1449
1441
1488
1459
1429
1471
1451
1457
1418
1402
1398
1462
1453
1440
1451
1460
1443
1449
1465
1482
1448
1440
1492
1503
1496
1481
1495
1488
1448
1438
1457
1489
1474
1472
1457
1456
1477
1423
1419
1401
1416
1386
1392
1388
1373
1359
1342
1405
1384
1336
1366
1382
1350
1349
1328
1382
1364
1337
1349
1321
1354
1337
1353
1328
1330
1330
1380
1366
1324
1340
1291
1305
1298
1273
1271
1279
1273
1301
1251
1258
1245
1293
1282
1225
1215
1215
1282
1304
1299
1275
1231
1227
1171
1238
1278
1288
1275
1359
1372
1452
1381
1380
1368
1330
1357
1384
1372
1353
1368
1393
1412
1354
1358
1347
1392
1345
1351
1356
1328
1324
1324
1349
1378
1400
1398
1414
1359
1372
1338
1328
1336
1300
1312
1311
1313
1317
1339
1310
1330
1333
1370
1308
1343
1295
1290
1296
1336
1316
1368
1344
1307
1346
1352
1318
1322
1341
1351
1420
1356
1380
1388
1395
1394
1406
1410
1378
1323
1391
1376
1353
1403
1414
1423
1393
1397
1416
1356
1361
1332
1338
1322
1351
1366
1376
1389
1398
1392
1383
1363
1399
1433
1443
1517
1492
1496
1488
1498
1464
1509
1541
1549
1530
1521
1544
1530
1552
1575
1623
1604
1624
1613
1606
1544
1566
1449
1475
1475
1492
1528
1553
1614
1604
1670
1689
1666
1685
1766
1746
1732
1747
1752
1733
1682
1727
1701
1733
1721
1696
1687
1763
1747
1750
1730
1783
1759
1810
1812
1759
1815
1722
1807
1738
1762
1798
1756
1772
1755
1729
1729
1703
1667
1698
1708
1714
1684
1713
1634
1617
1702
1760
1806
1754
1768
1720
1693
1701
1751
1774
1655
1655
1656
1681
1704
1732
1701
1717
1726
1762
1788
1782
1810
1794
1811
1785
1792
1731
1699
1653
1676
1752
1744
1664
1696
1675
1645
1588
1610
1631
1613
1621
1624
1621
1604
1580
1676
1623
1592
1605
1633
1679
1709
1714
1668
1669
1685
1763
1714
1682
1734
1723
1698
1703
1742
1741
1713
1713
1669
1660
1722
1739
1749
1766
1718
1731
1729
1723
1741
1768
1737
1780
1718
1721
1722
1733
1695
1771
1748
1715
1725
1740
1716
1654
1659
1613
1610
1615
1627
1619
1628
1681
1648
1669
1685
1786
1710
1683
1730
1637
1625
1578
1568
1557
1617
1595
1709
1692
1696
1724
1750
1804
1832
1792
1798
1777
1732
1763
1774
1784
1792
1691
1682
1696
1617
1635
1654
1669
1677
1700
1658
1659
1652
1646
1665
1699
1675
1671
1714
1730
1736
1738
1699
1736
1730
1723
1725
1765
1782
1790
1724
1745
1756
1723
1715
1767
1745
1738
1728
1781
1785
1803
1818
1761
1799
1784
1797
1739
1758
1741
1778
1701
1654
1715
1770
1768
1736
1708
1700
1643
1608
1688
1708
1671
1698
1725
1715
1769
1706
1618
1655
1646
1597
1614
1650
1616
1577
1528
1548
1551
1565
1531
1516
1503
1493
1510
1475
1536
1516
1523
1505
1548
1536
1536
1612
1531
1575
1545
1572
1532
1529
1519
1543
1550
1530
1488
1515
1473
1490
1454
1442
1457
1437
1443
1470
1463
1497
1499
1506
1503
1477
1479
1489
1469
1472
1424
1467
1434
1445
1453
1477
1454
1391
1414
1399
1427
1404
1389
1388
1370
1368
1359
1393
1448
1433
1470
1446
1401
1450
1452
1459
1389
1419
1494
1462
1507
1487
1516
1465
1505
1469
1462
1479
1459
1461
1425
1422
1489
1467
1429
1442
1395
1403
1374
1334
1328
1283
1276
1316
1251
1279
1248
1262
1257
1271
1251
1232
1248
1254
1223
1231
1232
1233
1233
1192
1237
1214
1217
1230
1197
1212
1210
1198
1249
1229
1228
1198
1205
1212
1214
1163
1178
1211
1199
1228
1293
1247
1247
1231
1194
1198
1241
1184
1223
1227
1219
1264
1331
1354
1366
1414
1408
1472
1377
1407
1365
1326
1359
1380
1360
1373
1356
1351
1324
1304
1335
1270
1340
1340
1396
1383
1346
1296
1295
1305
1348
1381
1365
1394
1342
1399
1353
1423
1426
1483
1493
1512
1581
1580
1577
1563
1621
1595
1627
1615
1607
1636
1653
1665
1619
1629
1668
1647
1603
1615
1599
1556
1537
1565
1603
1605
1628
1553
1532
1559
1497
1513
1577
1624
1647
1711
1715
1677
1724
1762
1778
1791
1800
1858
1757
1745
1729
1697
1597
1647
1652
1621
1625
1600
1666
1711
1650
1653
1716
1705
1753
1743
1767
1728
1775
1720
1735
1754
1734
1722
1706
1694
1664
1636
1613
1638
1640
1680
1710
1752
1784
1731
1729
1740
1764
1690
1704
1754
1775
1805
1797
1742
1739
1699
1709
1714
1767
1760
1787
1792
1762
1810
1783
1781
1772
1772
1730
1751
1781
1730
1735
1771
1791
1774
1712
1741
1715
1694
1657
1687
1665
1668
1698
1617
1603
1609
1611
1583
1623
1681
1677
1687
1742
1705
1751
1730
1688
1704
1735
1710
1696
1662
1681
1716
1682
1736
1784
1719
1725
1745
1737
1732
1698
1732
1728
1799
1738
1727
1730
1737
1734
1753
1666
1682
1676
1648
1679
1669
1671
1732
1698
1671
1678
1642
1649
1621
1579
1589
1633
1646
1673
1695
1760
1707
1693
1699
1776
1799
1860
1837
1830
1768
1833
1772
1835
1785
1789
1780
1820
1761
1776
1752
1755
1731
1783
1780
1775
1792
1771
1799
1768
1827
1771
1793
1831
1789
1747
1736
1781
1770
1817
1825
1806
1783
1770
1700
1695
1726
1750
1708
1772
1795
1799
1772
1792
1819
1761
1768
1753
1707
1697
1662
1622
1626
1710
1681
1700
1680
1663
1685
1676
1633
1572
1578
1621
1601
1642
1661
1628
1645
1577
1582
1560
1540
1615
1557
1547
1524
1527
1567
1478
1471
1501
1510
1491
1520
1512
1511
1498
1477
1549
1508
1534
1536
1487
1512
1489
1504
1523
1489
1492
1427
1391
1447
1416
1421
1376
1402
1451
1416
1461
1460
1464
1421
1434
1445
1416
1459
1494
1481
1481
1496
1496
1474
1471
1470
1485
1461
1457
1418
1375
1417
1394
1422
1456
1450
1482
1422
1430
1438
1466
1492
1435
1470
1461
1454
1464
1419
1429
1438
1442
1432
1411
1416
1410
1433
1393
1420
1423
1495
1465
1433
1476
1478
1504
1470
1450
1447
1403
1396
1395
1360
1393
1403
1399
1376
1315
1347
1410
1395
1395
1356
1352
1335
1337
1310
1298
1304
1318
1296
1341
1324
1340
1337
1326
1302
1334
1333
1297
1269
1300
1287
1261
1313
1307
1290
1310
1294
1318
1310
1251
1278
1283
1256
1224
1257
1290
1271
1254
1267
1223
1206
1236
1266
1263
1219
1162
1151
1220
1225
1225
1252
1316
1368
1426
1430
1460
1411
1443
1417
1435
1437
1443
1418
1377
1389
1378
1388
1407
1344
1349
1365
1339
1325
1344
1418
1447
1474
1420
1459
1365
1373
1409
1351
1344
1395
1414
1399
1474
1458
1544
1585
1622
1572
1595
1554
1603
1593
1595
1600
1543
1564
1555
1592
1525
1567
1591
1605
1586
1618
1645
1681
1671
1708
1699
1738
1747
1732
1731
1676
1713
1740
1696
1726
1740
1698
1724
1733
1713
1728
1662
1709
1665
1670
1638
1653
1668
1696
1668
1678
1747
1749
1725
1767
1778
1773
1758
1761
1775
1779
1758
1790
1764
1795
1732
1741
1722
1681
1654
1652
1674
1796
1753
1712
1724
1736
1729
1767
1719
1727
1747
1817
1770
1808
1832
1797
1678
1688
1673
1709
1672
1720
1774
1758
1675
1732
1665
1661
1684
1687
1669
1587
1564
1642
1641
1636
1632
1657
1650
1683
1670
1694
1784
1741
1693
1693
1739
1769
1753
1709
1775
1726
1734
1716
1770
1679
1714
1695
1760
1797
1730
1785
1796
1759
1757
1720
1733
1668
1697
1661
1718
1703
1704
1719
1685
1652
1685
1661
1619
1563
1573
1551
1516
1548
1577
1555
1502
1510
1491
1475
1504
1534
1493
1585
1602
1623
1615
1645
1630
1552
1588
1552
1562
1577
1568
1548
1567
1506
1587
1600
1560
1663
1665
1630
1599
1604
1727
1702
1688
1736
1801
1846
1776
1784
1735
1724
1746
1798
1757
1751
1718
1734
1785
1703
1779
1807
1744
1790
1742
1753
1756
1742
1758
1742
1816
1818
1808
1865
1815
1801
1774
1785
1695
1737
1760
1786
1803
1767
1803
1827
1804
1790
1829
1818
1832
1828
1822
1787
1812
1808
1814
1780
1785
1847
1911
1856
1871
1846
1814
1841
1805
1785
1774
1791
1822
1753
1787
1779
1712
1720
1681
1684
1696
1752
1716
1667
1717
1694
1658
1660
1666
1604
1723
1732
1718
1743
1709
1720
1749
1725
1735
1699
1704
1660
1596
1567
1560
1557
1508
1481
1513
1455
1413
1507
1553
1506
1510
1488
1486
1486
1466
1483
1530
1525
1548
1547
1534
1536
1519
1523
1512
1516
1538
1529
1539
1568
1510
1445
1460
1490
1432
1484
1489
1496
1458
1504
1491
1471
1463
1449
1456
1477
1449
1444
1410
1476
1424
1416
1413
1394
1411
1417
1431
1399
1414
1368
1374
1403
1381
1343
1400
1399
1440
1450
1446
1392
1395
1386
1394
1433
1460
1472
1499
1484
1505
1480
1550
1462
1395
1486
1459
1470
1433
1469
1462
1418
1484
1469
1457
1483
1468
1476
1446
1445
1394
1390
1415
1347
1370
1363
1320
1298
1329
1351
1297
1343
1317
1264
1294
1300
1306
1335
1314
1323
1262
1305
1253
1271
1269
1296
1277
1279
1266
1259
1297
1311
1305
1324
1340
1274
1236
1298
1297
1302
1245
1308
1289
1236
1216
1234
1224
1250
1249
1262
1249
1285
1266
1244
1223
1274
1291
1285
1301
1211
1239
1250
1241
1238
1255
1225
1247
1217
1232
1287
1323
1373
1311
1311
1305
1330
1303
1304
1308
1343
1317
1318
1325
1333
1362
1318
1337
1329
1345
1308
1276
1309
1309
1326
1287
1267
1305
1323
1345
1352
1334
1369
1375
1369
1371
1365
1406
1388
1396
1365
1350
1370
1391
1371
1410
1423
1441
1371
1370
1340
1368
1327
1380
1409
1380
1341
1350
1366
1382
1380
1348
1328
1370
1334
1372
1322
1335
1313
1317
1284
1312
1318
1329
1315
1316
1289
1302
1273
1297
1282
1303
1344
1344
1319
1348
1390
1297
1314
1313
1321
1355
1385
1349
1379
1417
1359
1394
1426
1464
1460
1460
1452
1397
1422
1479
1460
1442
1489
1537
1508
1565
1536
1512
1578
1580
1612
1616
1636
1617
1687
1652
1640
1640
1681
1655
1637
1616
1583
1563
1551
1625
1598
1632
1682
1694
1694
1694
1734
1760
1755
1771
1810
1763
1776
1733
1725
1761
1738
1748
1714
1688
1668
1658
1664
1645
1641
1665
1622
1644
1643
1667
1593
1620
1619
1692
1675
1694
1666
1668
1689
1717
1697
1698
1755
1795
1737
1741
1765
1726
1702
1722
1764
1734
1703
1734
1739
1778
1749
1722
1685
1645
1690
1680
1795
1706
1663
1733
1785
1816
1790
1817
1820
1808
1855
1833
1781
1823
1757
1776
1724
1708
1665
1654
1666
1692
1731
1648
1602
1596
1603
1625
1586
1559
1558
1594
1574
1583
1587
1606
1663
1622
1631
1664
1672
1732
1753
1684
1749
1716
1697
1718
1716
1729
1758
1750
1718
1683
1730
1746
1738
1742
1788
1757
1777
1786
1754
1774
1752
1745
1749
1818
1729
1648
1666
1656
1652
1681
1670
1683
1657
1689
1666
1680
1681
1599
1619
1631
1581
1608
1613
1582
1544
1557
1529
1539
1536
1538
1555
1570
1612
1619
1616
1645
1670
1756
1785
1769
1736
1731
1717
1706
1765
1714
1744
1709
1758
1731
1767
1716
1659
1628
1694
1739
1766
1815
1782
1802
1789
1781
1765
1833
1828
1861
1815
1851
1876
1856
1844
1842
1799
1773
1774
1799
1724
1734
1779
1822
1809
1790
1815
1842
1811
1797
1763
1787
1817
1845
1815
1866
1889
1891
1874
1864
1881
1941
1911
1885
1840
1847
1838
1781
1788
1843
1842
1845
1831
1777
1784
1752
1700
1685
1719
1700
1753
1752
1700
1726
1714
1729
1703
1741
1746
1740
1737
1661
1711
1685
1730
1721
1710
1715
1709
1766
1754
1762
1743
1714
1742
1716
1644
1653
1654
1617
1598
1560
1632
1580
1587
1551
1565
1589
1560
1554
1547
1569
1582
1531
1557
1527
1575
1496
1595
1570
1582
1643
1601
1621
1602
1584
1602
1560
1602
1574
1576
1587
1555
1540
1510
1493
1492
1454
1447
1441
1476
1471
1442
1419
1413
1426
1453
1494
1441
1449
1487
1508
1454
1463
1508
1461
1452
1465
1452
1472
1413
1452
1459
1442
1443
1489
1478
1519
1564
1511
1475
1526
1511
1516
1505
1507
1485
1470
1417
1465
1538
1483
1523
1509
1530
1493
1515
1514
1554
1555
1533
1496
1515
1505
1485
1501
1481
1487
1501
1512
1457
1505
1485
1494
1522
1458
1477
1519
1531
1521
1532
1523
1531
1513
1517
1511
1516
1496
1471
1478
1454
1442
1464
1462
1441
1444
1427
1460
1439
1448
1446
1412
1397
1422
1416
1427
1435
1398
1438
1443
1443
1402
1410
1382
1392
1383
1388
1384
1404
1430
1435
1402
1421
1389
1342
1293
1299
1293
1303
1316
1291
1275
1277
1285
1315
1285
1310
1327
1295
1286
1302
1317
1252
1187
1262
1235
1250
1253
1231
1223
1225
1213
1258
1242
1261
1289
1244
1251
1263
1249
1240
1269
1231
1230
1292
1254
1221
1258
1270
1272
1283
1285
1287
1333
1354
1316
1309
1274
1269
1293
1276
1277
1256
1298
1293
1291
1286
1270
1277
1275
1297
1281
1270
1303
1281
1288
1286
1292
1300
1296
1320
1315
1307
1292
1308
1293
1317
1313
1282
1314
1355
1360
1352
1344
1344
1354
1385
1366
1361
1365
1352
1352
1361
1333
1363
1340
1369
1340
1363
1367
1344
1318
1342
1360
1320
1339
1352
1371
1366
1378
1358
1377
1334
1368
1364
