47098      9826
46689      9791
47059      9721
47278      9737
46632      9858
46295      9960
46582      10029
46661      10039
47014      10091
46754      10003
46557      10036
46783      10090
46875      10040
46900      10100
46943      10092
46771      10075
47052      10058
46954      9940
47269      9984
47003      9929
47421      9991
47134      9957
47174      9977
47440      9926
47090      9918
47520      9936
47151      9990
46979      10003
47246      9997
46996      9992
47536      10017
47083      9990
47048      9911
47301      9972
47019      9943
47206      9903
47240      9958
46967      9857
47207      9977
47387      9959
47153      9906
47094      9877
47071      9953
47345      10000
47030      9919
47420      9968
47076      9921
46864      9881
47113      9892
47018      9896
46886      9911
47074      9915
47080      9928
47131      9938
47230      9968
47243      9986
47131      9920
46902      10016
47079      10044
47074      10131
47010      10040
47079      10059
47070      10225
47389      10427
47228      10303
47407      10388
47247      10220
47488      10328
47316      10567
47295      10552
47465      10496
47396      10696
47155      10545
47182      10376
47485      10430
47251      10578
47115      10696
47593      10520
47433      10538
47169      10700
47283      10693
47416      10616
47151      10771
47303      10855
47456      10658
47302      10487
47244      10422
47288      10612
47409      10802
47209      10821
47358      10846
47261      10782
47174      10598
47345      10665
47237      10571
47289      10562
47500      10515
47318      10507
47228      10550
47476      10748
47273      10838
47461      10911
47471      10953
47171      10790
47061      10803
47240      10927
47380      10741
46919      10618
47209      10655
47042      10689
46825      10665
47260      10757
46915      10797
47241      10790
47036      10683
46802      10873
46963      10890
47270      10949
47133      10934
46988      10752
47227      10889
47203      10770
47121      10980
47040      10845
47170      10805
47250      10850
47277      10884
46904      10925
47088      11083
47004      10805
47047      10880
47059      10876
47265      11050
47127      11000
46715      11048
47084      10947
47092      10841
47107      11019
47124      10956
47180      11062
47119      10971
47219      10992
47017      10989
47233      10996
47230      10975
47117      10861
47016      10993
47037      11009
46897      11132
46957      11130
47253      11224
47310      10924
46898      10889
46756      11085
47016      11106
46911      10900
46778      10835
46884      10968
46838      10995
47216      10882
46702      10972
47102      10995
46906      11002
46942      10838
47094      10962
46956      10875
47125      10865
47237      10878
47142      10883
47092      10904
47050      10880
46929      10893
46807      10809
47073      10789
46819      10735
46863      10733
46829      10700
47040      10662
46926      10768
46919      10567
47191      10652
46861      10686
47160      10646
46876      10497
47146      10438
46836      10499
47010      10532
46999      10502
46831      10455
46977      10392
47069      10453
47018      10479
46929      10565
47104      10494
46718      10213
46897      10290
47123      10447
46864      10277
46993      10290
47115      10223
47076      10243
46527      10195
46681      10081
46684      10187
46600      10301
46928      10196
47006      10282
46933      10296
46813      10182
46940      10222
47153      10325
47165      10248
46948      10117
47046      10004
46844      9979
46953      9997
46769      10069
47028      10016
46861      9951
46605      10008
46710      10039
47170      10072
46955      10218
46899      10106
46851      10090
46800      10125
46963      10214
46955      10282
46769      10238
46691      10194
46783      10147
46732      10189
46783      10219
46810      10275
46872      10308
46866      10252
46796      10149
46975      10004
46976      10109
47092      10155
46974      10051
47100      10051
46934      9974
46838      9939
46757      9948
46654      9908
46625      9892
46904      9977
46765      9938
46835      9939
47128      9957
46964      10005
46714      10132
46644      10112
47057      10326
46631      10230
46603      10222
46455      10132
46775      10186
46485      10336
46630      10446
46576      10430
46408      10558
46435      10585
46688      10586
46691      10540
46472      10665
46449      10604
46339      10746
46557      10833
46741      10881
46748      10857
46774      10835
46717      10874
46721      10949
46880      11124
46985      11000
46694      10978
46575      11166
46865      11155
46479      11159
46781      11540
46485      11403
46813      11321
46643      11274
46655      11101
46550      11257
46203      11285
46662      11068
46530      11317
46229      11010
46268      11359
46466      11328
46429      11144
46583      11170
46701      11113
46698      11253
46654      11017
46433      11204
46383      11097
46147      10994
46437      10881
46320      11129
46415      11186
46583      11154
46326      10904
46186      10798
46254      10814
46414      10859
46477      10740
46233      10884
46283      10738
46123      10765
46547      10733
46288      10754
46149      10663
46101      10681
46722      10805
46071      10598
46570      10653
46522      10875
46535      11200
46129      10813
46159      10996
46238      10971
46551      11024
46493      10956
46300      11035
46427      11189
46453      11168
46446      11017
46497      11105
46407      11109
46449      11194
46561      11237
46548      11137
46567      11191
46683      11148
46555      11156
46432      11165
46677      11196
46655      11159
46674      11202
46797      11376
46462      11335
46512      11214
46568      11067
46448      11062
46609      11155
46869      11207
46736      11173
46919      11180
46582      11218
46591      11125
46634      11143
46794      11221
46527      11120
46783      11172
46757      11271
46800      11375
46774      11345
46985      11401
47117      11245
47167      11147
46798      11088
46725      10957
46767      10926
47266      11024
47139      10968
47007      11030
47247      10999
47065      11069
46828      11053
46886      10935
46993      10835
47249      10775
47020      10814
46945      10885
46766      10978
46683      10934
46910      10825
47006      10857
46810      10782
47148      10727
47069      10825
46801      10679
47048      10756
46718      10891
46890      10729
47059      10703
47167      10719
47039      10415
47033      10559
47086      10583
47223      10733
46951      10549
46928      10710
46963      10503
46810      10745
47156      10427
46909      10415
47218      10374
47066      10483
46950      10479
47057      10586
46996      10590
46974      10468
46817      10680
46824      10654
47181      10837
47037      10906
47149      10901
46845      10865
46960      11032
47413      10866
47501      10825
47347      10865
47376      10692
47609      10773
47076      10626
47553      10643
47521      10818
47308      10587
47745      10556
47794      10258
47306      10387
47583      10332
47145      10262
47128      10278
46626      10188
46029      10141
45414      10238
44935      10108
43755      10095
42983      9891
43314      9578
43562      9604
43381      9635
42880      9747
42654      9770
41748      9628
40598      9622
40592      9982
40179      9997
40255      9967
40812      10259
40860      10216
40940      10218
41568      10047
42273      10232
42776      10267
42978      10116
43372      10431
43824      9996
44583      10087
45095      10089
45663      9932
46053      9924
46383      9719
46758      9613
47239      9572
47536      9691
47490      9139
47567      9071
47523      9207
47712      9371
47963      9522
47668      9318
47355      9139
47637      9320
47813      9434
47360      9404
47646      9438
47698      9532
47495      9505
47552      9356
47864      9453
47537      9597
47556      9521
47726      9546
47608      9485
47856      9476
47936      9508
47798      9443
47919      9505
47852      9497
47405      9321
47817      9135
47571      9321
47813      9066
47833      8992
47704      9060
47850      9070
47950      9066
48110      9115
47845      8973
47629      9018
47659      8798
47880      8651
47701      8766
47882      8860
47944      8794
47775      8819
47807      8763
47859      8731
47700      8519
47876      8592
47758      8573
47858      8640
47671      8677
47826      8718
47928      8685
47907      8693
47986      8658
47602      8634
47976      8621
47990      8725
47689      8618
47997      8678
47853      8644
47850      8506
47961      8594
48008      8569
47949      8598
47881      8494
47949      8445
48014      8627
47804      8622
47952      8621
47936      8580
47798      8607
48016      8615
48057      8469
48016      8505
47722      8589
47886      8486
48121      8551
47926      8505
47948      8481
47652      8437
48040      8334
47844      8237
47712      8305
47728      8434
48046      8411
47754      8387
47983      8511
47547      8359
48049      8327
47707      8226
47664      8249
47853      8344
47607      8267
47407      8318
47970      8586
47778      8491
47728      8265
47916      8140
47848      8276
47916      8257
47826      8111
48422      8330
48292      8400
47976      8534
47958      8677
47983      8706
47895      8805
47646      8959
47961      9042
47524      9012
47610      9029
47541      9032
47334      8907
47019      8802
46041      8743
45218      8690
44366      8621
43948      8576
43832      8529
43807      8622
43771      8739
43217      8672
42590      8608
42424      8680
42141      8771
41883      8909
40609      8956
39444      9036
38440      8929
37776      9032
36484      9041
36666      9123
36937      8915
37362      9047
37792      9053
38248      9190
38830      9185
39185      9231
39744      9251
40180      9177
40587      9169
40897      9239
41045      9196
41097      9274
40922      9262
40810      9226
40855      9192
40779      9231
40734      9143
40953      9186
41186      9145
41452      9135
41420      9104
41555      9014
41601      9059
42041      9039
42127      9197
41937      9085
42106      9062
42561      9181
43618      9206
43557      9174
44148      9119
45103      9186
45910      9070
46720      9193
47323      9109
47521      8828
47926      8958
47777      8854
48029      8823
47822      8844
48020      8679
47926      8519
47884      8702
47518      8498
48055      8505
47851      8680
47973      8577
47885      8479
47903      8359
47884      8413
47845      8340
47863      8191
47920      8052
47863      8095
48053      8072
48001      7999
47765      8164
47909      8181
48154      8037
47832      8095
47810      8110
48027      8131
47936      7989
47991      8072
47929      8043
48120      8151
48087      8055
48092      8246
48107      8164
47920      8149
48071      8037
48134      8044
48062      8105
48123      8140
48079      8127
48073      7988
47979      8020
48039      7985
48124      7971
48170      8102
48167      8201
48268      8229
48185      8114
48148      8154
48200      8089
48213      8098
48206      7923
47950      8067
47994      8111
47988      8165
48147      8239
47925      8423
48389      8437
48153      8446
48206      8666
48045      8734
47905      8729
47980      8596
48201      8489
47976      8716
48258      8734
48078      8605
48228      8779
48285      8775
48149      8825
48235      8730
48225      8695
47815      8689
48008      8886
48254      8818
48004      8897
47880      8829
48029      8829
47831      8794
47664      8667
47750      8697
48073      8744
48060      8762
48011      8784
47816      8711
47792      8747
47649      8876
47833      8936
47514      8757
47634      8960
47498      8932
47577      8961
47423      8870
47817      8985
47765      8857
47954      8934
47724      8983
48045      9075
47784      8980
47549      8912
47673      8813
47630      8796
47693      9002
47675      8898
47784      8618
47527      8903
47497      8915
47792      9038
47602      8634
47233      8792
47661      8537
47371      8638
47402      8453
47485      8417
47650      8714
47466      8645
47318      8812
47615      8915
47941      8946
47569      8755
47609      8776
47485      8695
47282      8835
47472      8796
47408      9110
47571      9073
47586      9088
47564      8890
47932      9005
47612      9114
47621      9133
47522      9047
47547      8998
47564      8996
47526      9068
47738      9178
47582      9161
47487      9385
47415      9281
47447      9464
47435      9328
47225      9383
47368      9423
47232      9179
47213      9114
47389      9240
47328      9278
47223      9486
47100      9354
47259      9537
46652      9526
46751      9545
46792      9513
47225      9643
46947      9539
46947      9601
46920      9377
47150      9438
46657      9367
46608      9413
46649      9440
46666      9423
46686      9485
46489      9407
46248      9388
46079      9108
45856      9299
46124      9125
46167      9112
46034      9382
46246      9445
46159      9457
46356      9536
46504      9572
46559      9415
46705      9481
46791      9247
46615      9428
46892      9350
46869      9236
46877      9332
46989      9406
47109      9532
47044      9494
47294      9453
46908      9455
46961      9337
47071      9323
46984      9372
46941      9439
47384      9497
46907      9472
46979      9765
47160      9696
47031      9592
46907      9862
47156      9612
47214      9573
46817      9649
46738      9801
47030      9758
46808      9844
46899      9837
46881      9803
46887      9953
46925      9783
46963      9911
46838      10097
46890      10135
46939      10117
46922      10223
46826      10184
46879      10102
47003      10119
47113      10138
46730      10093
47057      9971
46709      9954
46832      10034
46846      9895
46871      10037
46978      10039
46900      9991
46828      9927
47234      9971
47360      10254
47533      10030
47170      9958
47033      9978
47445      10170
47067      9998
47108      9879
46867      10100
47057      10033
47022      10033
47024      10023
47091      9899
47020      10083
46976      10014
47385      9948
47473      10194
46994      10112
47276      10209
46907      9890
47189      9871
47428      9771
47046      9799
47316      9912
47116      9830
47136      9925
46856      9812
47194      9825
47177      9818
46997      9829
47092      9986
47151      9841
47327      9828
47070      9962
46981      9952
46929      9934
46913      9516
47584      9797
47192      9508
47269      9512
47362      9417
47533      9180
47508      9155
47287      9048
47688      9188
47668      9252
47811      9079
47651      8963
47713      9031
47479      8785
47674      8706
47290      8633
47270      8631
47150      8869
47406      8697
47418      8810
47252      8894
47563      8801
47414      8803
47464      8818
47502      8702
47515      8628
47755      8462
47800      8447
47465      8579
47193      8524
47441      8570
47194      8561
47096      8577
47340      8614
47072      8673
47240      8712
47490      8869
47409      8999
47100      8914
47469      8995
47268      9059
47251      8995
47599      9036
47447      9044
47354      8908
47630      8738
47506      8650
47750      8810
47261      8923
47487      8887
47486      8878
47335      8968
47133      8843
47277      8788
47038      8872
47053      8930
47257      8918
47529      9028
47413      9160
47311      9143
47364      9187
47605      9309
47592      9282
47851      9259
47699      9373
47580      9439
47723      9322
47751      9242
47459      9235
47212      9167
47530      9166
47716      9138
47395      9366
47533      9544
47349      9589
47428      9650
47258      9591
47214      9656
47354      9599
47144      9512
47306      9892
47622      9630
47581      9609
47554      9510
47589      9510
47722      9427
48110      9469
47574      9375
47727      9272
47715      9014
47424      8969
47354      8818
47573      8900
47572      9060
47675      9196
47903      9170
47832      9101
47706      9238
47754      9473
47576      9399
47582      9606
47343      9417
47391      9479
46952      9320
46527      9332
46307      9378
45801      9313
46042      9259
46056      9390
45260      9467
45181      9448
44248      9459
42404      9376
42040      9397
41287      9588
40332      9413
39252      9536
39535      9730
39404      9708
39722      10047
40699      10149
41306      10417
41727      10397
42413      10497
43514      10666
44766      10694
46614      10468
46593      10783
47014      10678
47142      10894
46788      10891
46897      10626
46993      10871
46764      10743
46555      10865
46685      10964
46897      11019
46654      11259
46729      11318
46695      11220
46734      11245
46549      11057
46690      11137
46333      11023
46605      11049
46363      10989
46332      11028
46403      11048
46498      11069
46240      10921
46407      10943
46401      10791
46086      10810
46500      10909
46217      10771
46178      10557
46488      10549
46435      10751
46507      10740
46322      10865
46116      10652
46148      10824
46244      10727
46813      10861
46330      10728
46475      11060
46803      11150
46378      10998
46863      11094
46539      11148
46497      11188
46807      11263
46656      11307
46724      11279
46616      11201
46665      11263
46668      11304
46687      11028
46768      11017
46412      11006
46896      11145
46856      11071
46533      10904
46462      10925
46750      11042
46812      11171
46894      11169
46961      11353
46701      11201
47112      11099
46876      11109
46999      11208
46775      11130
46887      11013
46902      10879
46883      11009
46865      11155
47031      11155
47083      11108
46998      11214
46978      11229
47080      11128
46848      11167
47168      11060
47137      11238
47122      11149
47105      11320
47222      11168
47373      11132
47255      10858
47152      11019
47428      11066
47424      10725
47278      10537
47676      10600
47609      10608
47280      10532
47302      10423
47287      10470
46967      10593
47017      10424
47092      10471
47294      10309
47332      10412
47234      10320
46906      10057
46640      10090
46994      10127
46969      10232
47424      10221
47184      10255
47304      10199
47298      10404
47280      10405
47379      10535
47311      10473
47321      10355
47405      10375
47477      10565
47494      10742
47402      10672
47379      10595
48008      10467
47712      10371
47632      10277
47494      10182
47451      9958
47205      9578
47481      9728
47483      9542
47132      9269
47348      9381
47362      9232
47574      9273
47743      9285
47834      9411
47781      9404
47450      9353
47622      9433
47482      9415
47521      9493
47553      9562
47745      9471
47820      9342
47813      9305
47709      9067
47916      9100
47782      9072
47816      9253
47671      9063
47750      8930
47670      8946
47775      8751
47516      8716
47435      8829
47486      8652
47573      8629
47782      8716
47385      8732
47653      8850
47628      8783
47815      8693
47470      8691
47792      8761
47649      8691
47688      8864
47743      8888
47530      8521
47806      8602
47510      8664
47508      8634
47707      8737
47782      8780
47715      8687
47630      8789
47613      8788
47635      8848
47814      8671
47769      8627
47668      8582
47732      8679
47640      8663
47512      8633
47837      8688
47508      8513
47661      8578
47770      8563
47589      8639
47665      8525
48037      8565
47834      8396
47720      8483
47876      8426
47850      8393
47815      8529
47813      8571
47965      8526
47710      8610
47705      8622
47557      8783
47682      8766
47713      8857
47790      8862
48039      9138
48152      9149
47744      9120
47613      9192
47624      9163
47444      9453
47842      9624
47914      9678
47887      9784
47706      9861
47652      9765
47666      9697
47648      9771
47602      9797
47545      9718
47422      9550
46796      9484
46724      9245
46101      9083
45615      9250
45274      9103
44248      8891
43962      8989
43693      8989
43478      8981
43340      9043
43118      9092
43372      9094
43121      9040
43556      9052
43574      9202
44471      9196
44147      9312
44865      9394
45521      9590
46280      9532
46768      9488
47443      9484
47447      9219
47895      9347
47692      9104
47774      8968
47777      8885
47798      8972
47785      9006
47728      9010
47672      8927
48011      8921
47911      8884
47621      8835
47563      8849
47189      8877
47658      8856
47593      8965
48109      8865
47535      8813
47434      8736
47543      8854
47578      8709
47694      8679
47640      8732
47929      8751
47727      8714
47970      8626
47471      8408
47578      8293
48114      8229
47742      8052
47738      8140
47668      8142
47741      8117
47500      8008
47664      8063
48123      8263
48016      8153
48013      8117
47921      8179
47857      8064
47725      8143
47724      8251
47496      8121
47700      8093
47875      7863
47805      8023
47742      7878
47828      7910
47710      7819
47805      7925
47740      8251
47933      7882
47739      7756
47708      7713
47984      7875
47781      8039
47880      8006
47803      7879
47753      8033
48037      8112
47791      8112
47928      8210
48010      8260
48106      8533
48047      8404
48371      8442
48077      8573
48156      8616
48331      8702
48000      8652
47889      8657
47802      8556
48021      8614
47990      8560
48149      8373
47988      8473
48343      8521
48115      8570
48060      8483
48214      8409
48079      8312
47885      8325
47667      8224
48009      8115
47988      7977
47849      8090
48076      8197
47958      8182
47570      8349
46263      8385
46046      8339
45820      8511
45621      8387
45717      8336
45851      8063
45742      8312
45215      8179
44049      7968
43975      8002
43222      7896
42240      7863
40794      7863
40744      7778
40501      7700
40441      7694
40320      7639
40557      7747
40774      7802
41528      7868
42052      7968
42947      8056
42799      8175
44666      8178
45667      8304
45820      8250
45897      8232
45874      8186
45669      8050
45926      8106
46146      8094
45954      7993
45881      7802
48361      8054
48687      7861
48856      7746
47037      7730
48454      7703
48396      7871
48456      7633
48555      7656
48383      7649
48401      7456
48289      7481
48099      7430
48049      7377
47935      7406
47899      7442
47855      7364
47978      7387
47803      7348
48090      7349
48184      7532
48193      7479
48358      7806
47909      7452
48186      7391
48239      7474
48006      7568
47914      7585
44990      7731
46950      7902
48644      7870
48253      7717
48051      7688
47826      7954
47751      7911
47877      8087
47841      8037
47771      8208
47876      7999
47867      8252
47838      8144
47582      8090
47958      8162
47319      8209
47934      8475
47808      8454
47643      8301
47973      8326
47998      8576
47912      8749
47776      8734
47809      8570
47745      8625
47855      8449
47959      8570
47676      8503
47772      8489
47753      8446
47859      8502
47815      8627
47860      8537
47854      8326
47727      8428
48072      8461
47516      8615
47822      8726
47691      8730
47886      8825
47864      8834
48173      8829
47242      9012
47289      9081
47442      8974
47407      9140
47412      8994
47029      8824
47042      8813
46930      8972
47151      9061
47000      8749
46631      8648
46902      8794
46911      8847
46884      9036
46648      9084
46610      9145
46612      9292
46676      9318
46455      9425
46614      9462
46675      9388
46401      9491
46418      9432
46678      9079
46508      9237
46711      9254
46233      9144
46533      8989
46452      9173
46433      9042
46672      9393
46685      9237
46752      9339
46940      9482
46806      9549
46799      9349
47030      9635
46691      9585
46769      9626
46490      9672
46585      9682
44868      9508
46699      9662
46563      9715
46480      9699
46613      9695
46650      9695
46658      9769
46697      9324
46847      9532
47128      9325
47069      9475
47231      9482
46926      9476
47433      9593
46938      9827
47056      9616
46490      9825
46599      9596
46623      9595
46369      9339
46398      9535
46568      9602
46733      9749
46484      9754
46083      9816
46044      9600
46450      9809
46522      9850
46421      10138
46299      9955
46451      9907
46444      9884
46849      10036
46222      9894
46090      9998
46160      10003
46609      9931
46461      10130
46514      10130
46716      9874
46502      10008
46544      10173
46608      10127
46899      10068
46845      10185
47072      9931
46936      9931
46776      9986
47042      9834
47525      9899
47654      10079
46146      9749
47324      9964
47215      9903
47585      10000
47596      9914
47266      9880
47061      9822
47223      9818
47313      9959
47192      9952
47179      9831
47068      9690
47069      9879
47801      9917
47514      9875
46787      9441
47232      9754
47081      9722
47165      9815
47292      9752
47174      9740
46858      9643
47088      9664
47407      9894
47147      9714
47200      9869
47466      9637
47526      9548
47271      9705
47472      9602
47183      9453
47716      9322
47622      9304
47597      9357
47440      9075
47444      8987
47362      9120
47511      9342
47408      9360
47266      9463
47468      9364
47729      9297
47676      9377
47379      9289
47563      9178
47352      8926
47584      8768
47545      8944
47369      9310
47426      9386
47286      9523
47467      9432
47130      9352
47670      9531
47538      9428
47348      9228
47384      9394
47447      9083
47184      8966
47298      9112
47390      9139
47576      9137
47309      9310
47318      9236
47423      9163
47491      9261
47295      9293
47458      9294
47371      9337
47394      9363
47468      9373
47480      9421
47408      9431
47488      9423
47505      9628
47602      9609
46475      9836
48123      9812
47046      9768
47822      9918
47226      10192
47810      10236
47705      10248
47663      10210
47607      10330
47610      10302
47570      10254
47953      10154
47455      10132
47466      10363
47459      10369
47402      10203
47089      10103
47285      10096
47536      10111
47230      10341
47123      10272
47018      10520
47280      10597
47415      10853
47134      11076
47127      11364
47083      11270
46208      11144
46676      11265
46940      11222
46597      11186
46357      11217
46451      11391
46205      11300
46407      11296
46504      11135
46578      11027
46413      11066
45983      11000
46050      11080
46296      11133
46067      11415
46273      11108
46345      11194
46714      11211
46583      11259
46413      11070
46477      11135
46211      11085
46431      11051
46489      11021
46255      10651
46678      10711
46582      10893
46610      10733
46527      11088
46685      11097
46586      11109
46716      11239
46507      11095
46685      11203
46789      11226
46702      11072
46451      10906
46648      11009
47073      11018
46711      11146
46722      10967
46834      10926
46814      10867
47033      10969
46793      11013
46962      11268
47006      11376
47388      11441
47074      11360
46998      11269
46978      11290
46975      11283
47240      11401
47300      11355
47296      11225
47622      11241
47282      10965
47125      10918
47348      10976
47326      10944
47481      10919
47637      10765
47664      10926
47408      10829
47707      10741
47571      10737
47561      10498
47257      10506
47349      10520
47667      10654
47116      10591
47471      10859
47651      10645
47312      10336
47246      10197
47332      9899
47362      9812
47358      9654
47329      9792
47541      9693
47371      9589
47584      9479
47436      9661
47975      9709
47250      9448
47446      9543
47597      9246
47627      9526
47554      9243
47857      9123
47342      9000
47552      9082
47564      9032
47516      8981
47544      9029
47500      8934
47920      8786
47173      8838
44780      8822
47556      8834
47462      8818
47680      8825
47499      8799
47735      8658
47583      8682
47464      8794
47649      8716
47594      8699
47780      8723
47534      8598
47489      8734
47592      8868
47296      8796
47585      8696
47521      8847
47485      8881
47520      8915
47693      9042
47498      9105
47804      9150
47476      9196
47445      9210
47775      9209
47840      9299
47730      9386
47740      9336
47511      9572
47472      9648
47504      9421
47702      9265
47646      9490
47438      9383
47649      9421
47512      9228
47745      9372
47600      9212
47702      9040
47780      9425
47802      9195
47759      9101
47818      9117
47601      9109
47789      9217
47682      9122
47668      9246
47187      9247
46897      9129
46460      9007
46206      9178
46536      9154
47127      9192
47700      9186
47486      9122
47777      9170
47762      9144
47700      9212
47889      9181
47770      9169
47908      9233
47672      9092
47663      8959
47639      9164
47770      8997
47623      8938
47591      8937
47862      8840
47505      8820
47780      8667
47658      8729
47861      8588
47544      8556
47758      8527
47662      8626
47519      8691
47585      8624
47307      8792
47521      8704
47430      8771
47408      8657
47105      8711
47564      8765
47631      8639
47224      8636
47459      8659
47554      8648
47577      8576
47339      8402
47541      8306
47597      8122
47555      7978
47492      7944
47341      8140
47571      7966
47265      7967
47396      8038
47212      8040
47349      7962
47596      7908
47599      7849
47807      7970
47798      7961
47802      7951
47620      7809
47788      7950
47784      7934
47755      7889
47495      8013
47986      8005
47452      7961
47857      7911
47943      8156
48000      8282
47920      8356
47742      8472
48035      8369
48364      8605
48423      8759
48150      8771
47886      8751
47076      8293
48232      8415
47717      8436
47741      8387
47739      8387
48148      8410
46829      8348
46153      8702
45832      8585
45887      8698
46190      8457
46290      8502
46317      8433
46339      8366
46516      8370
46349      8338
46285      8344
46129      8350
46121      8374
46156      8423
46092      8397
46168      8466
46027      8448
45695      8370
45933      8410
45953      8447
45413      8468
46202      8495
45998      8441
46339      8440
46295      8354
46644      8215
47543      8319
47749      8225
47945      8228
47689      8223
47970      8408
47918      8347
47917      8336
47762      8330
47987      8254
47982      8333
47454      8377
47952      8472
47705      8539
47960      8468
47664      8470
47924      8545
47707      8650
47950      8719
47832      8771
47695      8740
47824      8804
47906      8702
47783      8779
47899      8754
47900      8770
47893      8819
47810      8745
47654      8755
47870      8696
47565      8584
47754      8661
47711      8647
47739      8615
47323      8475
47640      8567
47627      8670
47707      8736
47715      8599
47931      8676
48098      8538
47838      8542
47711      8525
47712      8538
47768      8423
47772      8447
47573      8376
46583      8381
46437      8204
46477      8359
46184      8381
46445      8408
46939      8126
46971      8005
47142      8041
47354      8096
47948      8091
47674      7922
47810      8004
48090      8314
47865      8293
47646      8361
48005      8337
48293      8295
48227      8361
47996      8468
47736      8470
48203      8475
48067      8546
48236      8549
47941      8398
48034      8403
47465      8313
46789      8418
46549      8499
46347      8600
45804      8544
46079      8548
45721      8397
45621      8637
45554      8821
45844      8729
46413      8871
46703      8783
47358      8628
47607      8790
47347      9148
47523      9124
47681      9064
47784      8826
47543      8638
47407      8958
47286      9065
47244      9125
47246      9122
47163      8799
47462      8708
47064      9048
46852      8997
47016      9286
46828      9063
46498      9168
46731      9198
46822      9169
46782      9027
46437      9175
46415      8955
46808      9275
47011      9135
46747      9199
46657      8947
47174      9122
46461      9214
46811      9155
46734      9306
46659      9144
46529      9086
46582      9460
46679      9264
46549      9274
46584      9269
46373      9231
46596      9327
46287      9499
46470      9723
46028      9550
46830      9538
46842      9509
47026      9682
47238      9555
46593      9239
46467      9134
46606      9367
46380      9470
46570      9437
46579      9228
46701      9346
46751      9446
46600      9244
46707      9548
46964      9261
46633      9295
46521      9551
45904      9547
46802      9520
47537      9474
46823      9624
47017      9616
47112      9672
47291      9646
47133      9760
47390      9754
47374      9585
47555      9701
47498      9602
47226      9791
47584      9768
47374      9784
47220      9768
47764      9871
47493      9914
48000      10059
46985      9810
47662      9774
47583      9811
47147      9748
47602      9610
47377      9534
47439      9695
47195      9511
46219      9684
44336      9552
43687      9708
43094      9555
43041      9461
43406      9400
44505      9473
45115      9377
45782      9301
46542      9247
47731      9191
46499      9273
47392      9312
47438      9019
47899      9195
47638      9057
47762      8971
47514      9056
47361      9061
47366      9131
47430      9224
47510      9095
47663      9215
47249      9131
47553      9193
47454      9274
47488      9118
47756      8988
47679      8975
47540      8837
47398      8879
47550      8751
47532      8762
47379      8887
47548      9010
47401      9116
47220      9179
47460      9223
47297      9148
47045      9242
47416      9305
47371      9159
47503      9024
47269      9081
47292      9043
47208      9090
47301      9118
47285      9237
47286      9345
47194      9408
47410      9355
47204      9482
47472      9535
47426      9568
47544      9266
47727      9233
47638      9230
47382      9388
47227      9391
47262      9363
47253      9389
47267      9257
47418      9530
47613      9690
47598      9553
47061      9516
47535      9483
47553      9680
47288      9710
47623      9689
47759      9401
47491      9289
47438      9286
47378      9124
47401      8879
47134      9200
47631      9434
47264      9729
47185      9860
47388      10067
47631      10231
47297      10357
47181      10250
47555      9980
47781      10134
47502      10409
47326      10339
47604      10280
47515      10427
47365      10382
47156      10524
46814      10406
47171      10540
46766      10600
46802      10569
46994      10770
46621      10684
46172      10560
46306      10608
46733      10758
46752      10879
46171      10840
46683      10783
46414      10875
46604      10942
46369      10895
46423      10865
46645      10973
45913      11003
46694      11001
46319      10990
46646      10889
46627      10951
46655      11069
46642      11148
46846      11169
46816      11140
46884      11113
46726      11192
46944      11117
46613      11105
46864      11136
46454      11195
47035      11213
46733      11239
47088      11255
46927      11206
47101      11131
47008      11214
46956      11288
47015      11065
46987      11089
46914      11009
47101      11204
46875      11076
46961      11112
47005      10953
47111      11138
47039      11166
46970      11199
47048      11131
46976      11117
47183      11111
46828      11072
47004      11023
47257      10931
47046      10923
47102      11089
47117      11130
47122      11074
47111      10837
47419      11062
47438      10819
47308      10942
47509      10817
47228      11034
47426      11097
46908      11052
47146      11207
47310      11222
47299      10967
47433      11122
47370      11050
47283      11132
47565      11342
47702      11347
47465      11414
47702      11125
47725      10967
47538      10919
47367      10796
47558      10801
47652      10847
47887      10721
47536      10684
47748      10437
47633      10332
47358      10057
47601      9736
47629      9515
47380      9495
47486      9528
47560      9638
47572      9502
47444      9612
47627      9798
47501      9726
47632      9703
47541      9809
47669      9622
47913      9443
47824      9647
47877      9568
47711      9458
47747      9497
47737      9371
47669      9300
47451      8916
47816      9072
47614      9034
47743      9085
47764      9013
47566      8907
47468      9004
47874      9066
47517      9093
47699      9128
47778      9167
47761      9320
47669      9248
47410      9391
47399      9292
47556      9314
47849      9481
47937      9596
47483      9665
47665      9648
47865      9691
47745      9753
47748      9646
48022      9827
47665      9478
47829      9724
47929      9556
47666      9434
47714      9482
47525      9364
47546      9407
47488      9407
47629      9084
47551      9180
47549      9044
47827      8991
47643      8851
47551      9056
47638      9216
47602      8958
47973      9226
47959      9070
48083      9150
47988      9214
47766      9195
47965      9200
48206      9120
47753      9290
47776      9130
47934      9248
48074      9183
47941      9175
47658      9107
47898      8954
47802      8965
47862      9310
47764      9098
47599      8873
48061      8906
47823      8971
47696      9011
48060      9108
47801      9128
47590      9128
47641      9314
47442      9169
47494      9133
47583      9121
47573      9103
47744      9102
47672      9075
47818      9256
47708      9183
47495      9144
47828      9294
47650      9280
47263      9026
47425      9144
47511      9209
47547      9189
47854      9046
47499      8871
48086      9088
47677      8750
47633      8717
47767      8549
47632      8690
47712      8538
47704      8383
47738      8253
48018      8295
48083      8296
47935      8154
47992      8088
48020      8211
47773      8241
47904      8387
47603      8257
48220      8226
48215      8204
48165      8291
47975      8201
47979      8053
47919      8066
48017      8158
47827      8035
48095      8060
47936      7983
48253      7998
47748      7826
47972      7854
47904      7769
48072      7809
48015      7667
47932      7956
48086      8062
47727      8064
48039      7994
47978      8058
47965      8059
47970      8351
47594      8325
48336      8491
48175      8543
48292      8517
48251      8557
48092      8602
48071      8629
48154      8687
48040      8846
48239      8635
48203      8428
47969      8342
48069      8462
47912      8532
47535      8246
47762      8193
47521      8394
47474      8471
47718      8339
47597      8415
47798      8394
47290      8485
47619      8282
47445      8194
46522      8159
45746      8034
45585      7759
45595      8002
45403      8034
45072      8049
45082      8009
45104      7947
45111      7754
44841      7834
45400      7672
45772      7797
46194      7951
46376      8151
47453      8150
47963      8304
47937      8539
48842      8472
48521      8649
47732      8526
48129      8413
47981      8553
48289      8547
48057      8553
47978      8310
48041      8430
47888      8219
47991      8281
47830      8604
47639      8654
47701      8687
47643      8711
47839      8669
47482      8559
47279      8613
47075      8559
47081      8575
47029      8856
46891      8669
47121      8496
47533      8440
47451      8630
47581      8680
47520      8691
47521      8641
47471      8538
47321      8620
47966      8856
47698      8545
47511      8998
47229      8898
47813      9035
47532      8952
47827      9092
47655      8886
47799      9071
47365      8772
47394      8928
47378      8773
47395      8867
47452      9126
47235      8995
47491      8832
47345      8749
47253      8886
47038      9070
46841      9086
46754      9212
46345      9318
46614      9160
46321      9284
46432      9322
46686      9326
46634      9232
46801      9113
47099      9150
46994      9224
47003      9400
46808      9329
47127      9313
45785      9282
47825      9287
46665      9237
47116      9193
47246      9507
47090      9432
46927      9309
46850      9509
46939      9521
47084      9529
47128      9363
47277      9296
47276      9409
47339      9406
47212      9238
46922      9229
46867      9407
46860      9442
47039      9558
46903      9450
47100      9566
46953      9324
46946      9488
46848      9674
47099      9432
47347      9310
47252      9463
47422      9532
47156      9440
47085      9323
47373      9400
46892      9930
46025      9564
45616      9816
46459      9811
46334      9624
47344      9749
47410      9805
47351      9906
47413      9823
47204      9930
47208      9913
47388      9805
47495      9866
47528      9981
47564      9901
47398      9893
47602      9831
47361      9807
47462      9833
47438      9881
47336      9728
47422      9765
47498      9841
47317      9650
47454      9628
47123      9716
47301      9739
47221      9512
46979      9583
47072      9546
47141      9475
47155      9523
47344      9362
47393      9409
47069      9331
47467      9140
47626      9203
47632      9283
46963      9246
47893      9560
47218      9562
47619      9412
47406      9460
47602      9383
47456      9220
47350      9225
47466      9258
47463      9379
47266      9069
47537      9067
47320      9067
47350      9155
47279      9104
47397      9161
47384      9291
47429      9313
47476      9338
47304      9194
47513      9214
47780      9103
47766      8982
47358      9006
47551      9073
47253      9156
47143      9229
47306      9192
47390      9246
47436      9415
47765      9430
47554      9260
47644      9045
47311      9053
47367      9552
47173      9732
47126      9622
47246      9697
46275      9847
47178      9654
47798      9630
46941      9639
47488      9560
47500      9616
47508      9570
47459      9666
47573      9852
47403      10425
47352      10271
47745      10446
47898      10537
47436      10201
47748      10186
47061      10171
47391      10348
47570      10418
47483      10433
47171      10667
47091      10698
46942      10564
46920      10913
46607      10920
46371      10908
46623      11237
46516      11294
46166      11142
46007      10972
46086      11132
46140      11031
46075      11003
46483      11091
46455      11303
46464      11311
46191      11379
46613      11156
46433      11404
46407      11252
46484      11128
46270      11199
46605      11295
46273      11125
46417      10885
46657      10929
46618      11002
46731      11206
46563      11193
46677      11197
46707      10959
46759      11066
46464      11220
46469      11131
46533      10963
46483      11129
46350      11215
46430      11196
46614      11049
46816      11026
46677      11233
46779      11266
47040      11373
46828      11318
47066      11418
47259      11495
47312      11599
46861      11710
47065      11514
47058      11545
47359      11635
47059      11391
47225      11423
47065      11335
46966      11273
46968      11201
47235      11044
47282      11141
47327      11147
47501      11075
47368      11030
47236      10899
47076      10804
46967      10841
46828      10994
47547      10986
47292      11055
47564      11177
47507      11003
47568      11088
47644      11096
47639      11065
47914      11281
47869      11002
47672      10890
47479      10678
48088      10596
47531      10488
47655      10266
47796      10175
47334      10253
47639      10073
47591      9947
47608      9940
47579      9538
47556      9403
47591      9166
47544      8987
47916      8979
47834      9314
48029      9235
47664      9312
47813      9612
48276      9462
47861      9295
47581      9338
47659      9496
47897      9374
47899      9236
47779      9071
47905      9022
47939      9172
47917      8998
47918      9137
47599      8926
47894      9016
48019      9256
48069      9029
47668      9068
48413      9421
48736      9331
47161      9354
48222      9477
47668      9515
47932      9561
48068      9651
48211      9721
47901      9674
48131      9542
47931      9585
47978      9754
47900      9675
47810      9641
47881      9839
48022      9930
47987      9921
47763      9957
47758      10177
48449      10135
48195      10204
45692      10136
47598      10251
47606      10275
47529      10203
47827      10233
47748      10039
47683      10073
47614      9937
47505      9675
47852      9677
47778      9822
47984      9544
47690      9506
47453      9141
47632      9306
47581      9301
47694      9345
47447      9259
47618      9225
47877      9195
47941      9185
47487      9237
47557      9165
47558      9291
48009      9231
47740      9213
47601      9039
47789      9188
47493      9240
47745      9373
47584      9291
47802      9460
47477      9406
47516      9342
47618      9263
47535      9330
47510      9572
47416      9472
47623      9195
47753      9253
47554      9278
47606      9141
47357      9029
47398      8974
47526      8899
47493      8875
47697      8843
47482      8721
47438      8595
47645      8699
47824      8639
47739      8584
47517      8781
47682      8576
47584      8545
47612      8760
47633      8586
47640      8599
47505      8410
47593      8365
47675      8430
47509      8561
47714      8499
47554      8470
47769      8392
47483      8348
47356      8372
47318      8297
47882      8220
47579      8211
47669      8205
47564      8257
47728      8326
47642      8170
47418      8123
47673      8072
47981      8102
47591      8151
47522      8114
48080      8078
47624      8057
48072      7951
47824      7879
47869      8156
47711      8121
47906      8079
47761      7994
47681      7772
47648      7843
47807      7841
47876      7875
47943      7864
47744      7850
47654      7928
48046      8027
47426      8300
47831      8378
48279      8412
47732      8596
48030      8620
47478      8548
48110      8856
47890      8714
47899      8696
47893      8938
48004      8914
48001      8879
48312      8846
48526      8729
48211      8729
48084      8699
47887      8622
47831      8682
47668      8695
47597      8675
47731      8829
47501      8846
47358      9136
47196      9176
47392      9220
47267      9011
47523      9202
47567      9024
47292      8928
47638      8867
47634      8836
47941      8602
47590      8671
48254      8675
47499      8545
47656      8633
47538      8383
47872      8329
47670      8484
47463      8576
48192      8533
47784      8634
48004      8877
47861      8603
48041      8424
47907      8604
47797      8782
47843      8571
47737      8669
47511      8528
47649      8706
47333      8596
47492      8683
47598      8704
47494      8740
47358      8719
46883      9046
46726      9005
46952      9053
46646      9145
46685      9020
47066      9197
47100      9183
46997      9308
46763      9236
46911      9331
46839      9577
46727      9276
47129      9162
46867      9185
47028      9154
47089      9226
47026      9167
46772      9290
46652      9193
46906      9379
47069      9598
46714      9337
45816      9214
46369      9160
46837      9370
46284      9168
46561      9257
46466      9230
46621      9307
46254      9302
46226      9069
46167      9239
46214      9256
46244      9429
46075      9416
46369      9421
46362      9394
46197      9446
46272      9572
46150      9834
46281      9700
46335      9702
46293      9527
46373      9518
46487      9418
46265      9561
46415      9575
46407      9525
46476      9545
46410      9700
46536      9582
46445      9764
46351      9844
46273      9634
46503      9684
46482      9965
46681      9699
46439      9749
46276      9809
46326      9793
46349      9826
46500      9989
46379      9814
45875      9770
46430      9685
46725      9764
47171      9753
47071      9547
47066      9545
47705      9727
47415      9536
47432      9614
47676      9461
47588      9438
47126      9614
47501      9893
47663      9765
47449      9766
47752      9681
47636      9808
47653      9744
47490      9693
47417      9558
47258      9742
47317      9632
45809      9561
44878      9573
44082      9545
43474      9504
43303      9483
43288      9564
43336      9440
43280      9563
43381      9400
43925      9541
44629      9279
45252      9088
45439      9026
46329      9139
46844      9025
47746      8918
47758      9015
47836      8994
47794      8722
47788      8865
47557      8752
47514      8779
47407      8696
47494      8756
47197      8879
47374      9046
47838      9193
47513      8721
47648      8776
47809      8773
47537      8875
47350      8767
47296      8661
47009      8775
47548      9006
47119      9016
47176      9197
47385      9300
47534      9253
47368      9137
47571      9096
47787      9121
47400      8886
47398      8925
47406      9003
46981      8993
47283      9061
47710      9069
47357      9232
47682      9276
47596      9417
47436      9345
47640      9286
47726      9264
47588      9296
47498      9188
47241      9109
47602      9189
47395      9218
47017      9223
47251      9248
47371      9393
47388      9373
47776      9323
47987      9226
47575      9069
47905      9110
47748      8859
47843      8833
47666      8766
47642      8985
47647      8925
47805      9040
47723      9266
47878      9229
47579      9342
47476      9068
46784      9243
46061      9243
44994      9325
44968      9333
45156      9369
44843      9502
44197      9299
43973      9406
42708      9412
40600      9457
38904      9411
38518      9347
38667      9512
38620      9510
38831      9611
38858      9688
39296      9852
40003      10088
40624      10235
40757      10133
41435      10347
41640      10422
42251      10325
42201      10165
43235      10646
44543      10547
46429      10599
46801      10876
46921      10827
46613      10822
46841      10683
46373      10662
46796      10827
46327      10620
46478      10740
46600      10532
46374      10440
46313      10632
46172      10605
46820      10904
46430      10804
46442      10944
46373      10852
46377      10851
46158      10886
46299      11072
45747      10913
46694      11067
46296      11136
46375      10808
46391      10716
46371      10910
46340      10729
46583      10745
46584      10652
46623      11063
46872      11108
46547      11323
46701      11078
46760      11125
47202      11233
46553      11092
46671      11107
46542      11140
46620      11138
46814      10904
46654      11135
46751      11164
46850      11023
46811      11157
47156      11272
46923      10955
47047      10928
47138      11039
46922      11191
46710      11221
47153      11193
46862      11308
46611      11174
46988      11478
47112      11261
47046      11117
46991      10988
46990      10921
47155      10773
46969      10702
47121      10782
47125      10639
47147      10580
47120      10732
47355      10647
47158      10562
47172      10838
47233      10941
47100      10944
47329      10972
47243      11261
47615      10971
47734      11137
47255      11151
47326      10988
47437      10705
47365      10694
47412      10629
47371      10669
47439      10728
47224      10511
47317      10623
46842      10510
47134      10508
45179      10188
43670      10043
43551      9962
44018      9786
44076      9801
44280      9843
44729      9756
45307      9763
45905      9851
46627      9673
47314      9641
47349      9548
47399      9583
47654      9675
47836      9384
47552      9386
47998      9505
47662      9330
45824      9358
46969      9531
45261      9306
46817      9382
47300      9239
47510      9567
47982      9429
47713      9288
47912      9436
47777      9280
47821      9415
47960      9398
47927      9202
47709      9153
47745      9042
47686      9186
48117      8999
47670      8957
47609      8931
47621      8786
47580      8659
47536      8843
47718      8798
47978      8564
47651      8675
47991      8794
47792      8801
47847      8753
47723      8607
47909      8587
47879      8728
47898      8642
47755      8585
47851      8640
47545      8500
47901      8642
47455      8445
47882      8365
47904      8449
47785      8500
47732      8610
47910      8505
47576      8392
47810      8378
47813      8448
47807      8434
47804      8468
47510      8556
47827      8627
47955      8647
47615      8536
47478      8777
47758      8837
47580      8909
47905      9086
47765      9171
47778      9217
47835      9120
47905      9083
47884      9223
47852      9288
47757      9242
47744      9364
47632      9416
47544      9675
47694      9689
47711      9719
47539      9711
46945      9910
46606      10083
45833      10012
45028      9921
44413      9825
43781      9626
43680      9550
43570      9615
43508      9475
43456      9492
43649      9091
43799      9128
43825      8919
44054      9092
44461      9045
45117      9220
46149      9111
46745      9008
47248      9137
47857      8926
47968      8992
47928      8737
48522      8896
48097      9103
47487      8956
47786      8927
47737      8826
47850      8907
47741      8685
47985      8843
47964      8843
47735      8663
47943      8793
47766      8790
47673      8691
47628      8591
47653      8665
47860      8799
47793      8922
47819      8875
47863      8920
47581      8830
47758      8805
47732      8892
47676      8697
47706      8768
47888      8771
47737      8783
47757      8636
47773      8707
47588      8684
47867      8757
47833      8760
47749      8776
47877      8722
47807      8701
47366      8587
47491      8537
47758      8838
47606      8530
47620      8346
47540      8290
47713      8436
47704      8162
47916      8119
47975      8023
47770      7853
47538      7788
47550      7969
47370      7861
47715      7940
47659      7861
47787      8014
47788      7843
47743      7950
47770      7952
47694      7877
47943      7912
48076      7901
47728      7880
47806      8046
47904      7966
47844      7992
48094      8076
47559      8066
48058      8339
48040      8460
47996      8379
48396      8495
48129      8411
48045      8308
48232      8293
48179      8177
47746      8197
47664      8105
46335      7905
46010      7894
45766      7920
45002      7980
44812      7873
44401      7815
43761      7899
43054      7655
42409      7691
41737      7809
41828      7753
42062      7601
42414      7660
42248      7786
42863      7715
42624      7732
41925      7638
42692      7632
41835      7640
42556      7726
42512      7719
43125      7813
43044      7853
43556      7924
43599      7903
44112      7917
44484      7883
44872      7984
45148      8075
45390      8225
45825      8228
46057      8101
45972      8301
46720      8365
48043      8220
47819      8198
47588      8312
47665      8377
47478      8416
47828      8356
47787      8333
47668      8222
47881      8481
47786      8396
47792      8339
47858      8343
47800      8422
47705      8251
47807      8312
46552      8398
45915      8188
46348      8268
46555      7985
47236      8375
46774      8192
46023      8214
45047      7889
44473      7764
44688      7845
44680      7910
44102      8048
43548      7858
43232      7821
43201      7926
43395      7620
43081      7463
43487      7559
43815      7653
43906      7859
44082      7866
43971      7852
43910      7942
44421      7932
44817      7908
45100      7999
45097      7953
44987      7957
45170      7946
45225      8108
45503      8110
45424      8150
45527      8142
45607      8024
45789      8360
45743      8130
46370      8268
46492      8264
46764      8377
46498      8120
46300      8260
46601      8485
46585      8567
46507      8524
46781      8458
46898      8470
46647      8364
46257      8321
46065      8404
45728      8391
45712      8400
45530      8552
45767      8392
45679      8466
45879      8537
45512      8542
45652      8492
45659      8690
45813      8452
45501      8382
45453      8644
45755      8635
46758      8658
47220      8625
46848      8674
47446      8600
47082      8669
47024      8759
46919      8888
47021      8964
46799      9118
46606      9175
46485      9098
46421      9063
46623      9258
46754      9134
46941      9333
46582      9215
46700      9323
46575      9282
46769      9346
46669      9231
46933      9184
46796      8993
46462      9174
46794      9264
46580      9321
46438      9396
46263      9365
46274      9369
46372      9358
46344      9305
46466      9260
46327      9360
46402      9263
46602      9360
46233      9109
43997      9057
46700      9165
46561      9426
46841      9374
46429      9317
46428      9544
46447      9481
46485      9632
46470      9675
46444      9450
46614      9445
46699      9544
46533      9511
46799      9448
46750      9605
46961      9693
47031      9768
46637      9644
46831      9658
46663      9707
46753      9591
46873      9675
46780      9526
46377      9662
46546      9523
46312      9758
46728      9785
46756      9868
46556      9771
46569      9759
46407      10140
46132      9963
46339      9849
46527      10067
46421      9981
46552      10038
46491      10117
46861      10022
46813      9838
46985      9844
46732      9788
46921      9810
46779      9563
47188      9749
47279      9823
47262      10049
47295      10103
47136      9819
47012      9912
47321      9885
47357      9920
47108      9906
47038      9897
47259      9860
47233      9784
47022      9798
47245      9957
47187      9840
47288      9787
47326      9818
47297      9782
47145      9716
47365      9639
47115      9835
47346      9814
47390      9773
47479      9649
47068      9615
46564      9599
46537      9573
46588      9339
46788      9555
47396      9588
47238      9307
47017      9022
47154      8999
47070      8667
47200      8826
47460      8756
47156      8861
47513      8618
47113      8625
47222      8728
47365      8791
47831      8575
47201      8293
46994      8307
47416      8243
47482      8400
47315      8335
47367      8617
47338      8832
47195      8690
47358      8644
47033      8572
47252      8701
46716      8614
46817      8894
47704      9111
47106      9248
47254      9343
47802      9383
47711      9370
47743      9252
47618      9219
47614      9154
47525      9233
47427      9213
47504      9110
47336      9128
47130      9351
47366      9278
47269      8946
47832      9074
47454      9158
47334      9166
47360      9287
47287      9176
47264      9220
47495      9300
47594      9337
47953      9192
47533      9152
47533      9008
47513      9086
47471      9266
46621      9757
47496      9790
48019      9969
47526      9805
47830      9755
47517      9745
47514      10108
47763      10175
47822      10262
47817      10298
47616      10301
47625      10167
47496      10164
47494      10100
47288      10064
47705      10147
48021      10267
47751      10074
47770      10106
47637      10124
47550      10249
47445      10202
47372      10205
47548      10228
47215      10321
47325      10550
47183      10509
47357      10571
47141      10630
47025      10603
47070      10967
46994      10886
47197      11040
46691      10953
46777      11147
46901      11122
47391      11322
46451      11105
46385      11021
46420      11423
46234      11318
46586      11369
46558      11306
46423      11346
46069      11369
46081      11257
46511      11059
46385      11134
46499      11087
46220      11083
46337      10751
46635      10738
46386      10722
46531      10715
46198      10597
46710      10498
46561      10524
46271      10619
46734      10461
46479      10930
46417      11073
46453      10944
46258      11069
46602      11236
46600      11275
46586      11164
46587      11076
46647      11080
46666      11144
46431      11090
46596      11291
46579      11155
46624      11057
46743      11195
46658      11228
46513      11177
46623      11055
46942      11130
46930      11125
46814      11128
46854      11113
46628      10982
46687      11050
46972      11059
46908      11102
46998      10980
47163      11044
47138      10920
47293      10870
46370      10982
46954      11219
46804      11037
47081      10993
47022      11129
47021      11094
47119      11160
47324      11410
47469      11090
47355      11407
47100      11598
47483      11120
47161      10847
47335      10836
47574      10705
47497      10781
47397      10822
47302      10907
47096      10654
47377      10538
47548      10624
47273      10686
46982      10299
47026      10402
46940      10322
47113      10313
47202      10129
46996      10332
47384      10375
47045      10352
47128      10483
47523      10229
48070      10473
47411      10435
47392      10206
47269      10246
47497      10050
47551      9857
47454      9827
47485      9982
47580      9784
47426      9640
47321      9617
47179      9779
47324      9737
47173      9740
47591      9868
47579      10097
47150      10141
47576      10070
47696      10047
47739      10208
47528      9988
47437      9990
47587      9980
47801      9919
47604      9715
47416      9801
47529      9595
47619      9591
45783      9312
47225      9259
47885      9095
47066      9049
47142      8943
47330      8965
47425      8979
47618      8879
47541      9181
47384      9059
47545      8942
47357      8956
47514      9080
47591      8740
47620      9080
47768      9022
47444      9071
47712      9069
47706      9186
47260      9328
47535      9312
47540      9415
47810      9502
48030      9452
47988      9292
47843      9246
47509      9198
47569      9077
47818      8947
47883      9162
47964      8844
47542      8775
47767      8728
47788      8633
47596      8587
47619      8710
47355      8766
47719      8701
47718      8922
47682      8811
47671      9250
47658      9406
47646      9573
47998      9732
47997      9840
47649      9900
48225      9904
47730      9820
47918      9790
47575      9827
47797      9882
47678      9667
47541      9795
47492      9717
47552      9704
47748      9826
47505      9617
47618      9599
47591      9584
47356      9472
47658      9529
47555      9714
47370      9800
47464      9670
47600      9925
47310      9884
47654      9935
47277      9967
47790      9993
47585      10063
47543      10107
47624      9960
47568      10047
47515      9990
47525      9771
47462      9727
47413      9719
47738      9488
47265      9424
47679      9238
48004      9259
47457      9005
47497      9321
47564      9141
47536      9255
47458      9343
47637      9423
47434      9410
47416      9398
47366      9192
47564      9326
47438      9013
47159      8960
47585      8983
47211      9059
47265      9058
47274      8950
47581      9037
47574      9031
47441      9055
47641      9055
47631      9106
47430      9319
47624      9251
47870      9293
47702      9427
47667      9403
47680      9190
47381      9229
47753      9216
47527      9233
47375      9194
47511      9234
47441      9297
47498      9168
47761      9097
47452      9117
47459      9242
47464      9265
47585      9246
47839      9277
47271      9192
47302      9171
47334      9173
47672      9142
47469      9169
47389      9126
47754      9187
47632      9137
47421      9153
47804      9186
47671      9171
47492      9154
47481      9114
47446      9105
47560      9123
47467      9062
47100      8980
46705      8871
45320      9014
45374      9091
45274      9104
45630      9103
45303      9046
45643      9126
45675      9049
45748      9028
46163      9028
45977      9093
45823      9036
45872      9013
45891      9044
45690      9025
45749      9032
45933      9040
44645      8721
43977      8253
45077      8919
45591      8925
45734      8859
45689      8758
46218      8737
45478      8633
45999      8554
45965      8530
45366      8493
46048      8469
45628      8424
45603      8394
45315      8449
46091      8501
45878      8510
45823      8573
46499      8657
45942      8745
46355      8796
46250      8774
45455      8668
45600      8588
45804      8579
45751      8754
46637      8878
45958      8666
45925      8649
46069      8658
46575      8799
46538      8913
46891      9095
47167      9075
47089      9024
46612      8921
46524      8904
46729      8899
46727      8958
46685      8944
46745      8966
46832      9015
46717      9013
46452      9014
46813      9042
46873      8999
46621      9109
46564      9030
46603      9040
46921      9060
46633      9101
46720      9078
46879      9023
46732      9066
47047      9050
46450      9080
46881      9039
47049      9025
47221      9041
47061      9099
46706      9008
46652      8992
46720      9056
46934      9008
46627      8981
46424      8976
47040      9012
46768      9092
46769      9107
47220      9140
47649      9215
47430      9185
47459      9129
47181      9168
47097      9123
47424      9177
47455      9140
47335      9186
47377      9198
47412      9220
47316      9197
47370      9203
47248      9114
47416      9175
47341      9140
47548      9202
47296      9157
47462      9151
47685      9147
47594      9192
47400      9175
47378      9127
47332      9098
47437      9138
47147      9127
47376      9194
47438      9159
47278      9100
47493      9158
47367      9200
47257      9166
47326      9144
47342      9186
