0.0331861 0.159068
0.0325987 0.155449
0.0331924 0.160683
0.032256 0.156619
0.0322311 0.152465
0.0328545 0.152711
0.0325018 0.150962
0.0329611 0.153203
0.0319905 0.149044
0.0326817 0.152754
0.0324334 0.150458
0.0322767 0.149653
0.032384 0.151195
0.0324733 0.150792
0.0324223 0.150813
0.0326057 0.151365
0.032581 0.152416
0.0326703 0.154326
0.0323891 0.153345
0.0333808 0.158022
0.0326227 0.154839
0.0322909 0.152857
0.0324543 0.153453
0.0323777 0.154745
0.0328307 0.155878
0.0326389 0.156099
0.0332337 0.156857
0.0328232 0.154154
0.0330822 0.156347
0.033173 0.156025
0.0323124 0.153339
0.033048 0.155756
0.0328813 0.156089
0.0327477 0.155335
0.032774 0.154983
0.0324747 0.154802
0.0333192 0.158064
0.0330019 0.157249
0.0326858 0.154656
0.0325406 0.154835
0.0325112 0.154755
0.0329129 0.15693
0.0327803 0.155029
0.032147 0.1522
0.0326813 0.154955
0.0316322 0.150482
0.032097 0.152303
0.0326263 0.154741
0.0327723 0.156086
0.0324982 0.154406
0.0325257 0.153869
0.0327144 0.15532
0.0322642 0.153002
0.0329083 0.156068
0.0326911 0.154896
0.0328514 0.155418
0.0320808 0.152419
0.0325786 0.152556
0.0329021 0.154221
0.0325657 0.151318
0.0333971 0.156374
0.0333057 0.15588
0.0334608 0.154034
0.0323493 0.147022
0.032756 0.15015
0.0325057 0.148344
0.031875 0.147358
0.0315448 0.145043
0.0316806 0.141857
0.0319484 0.143196
0.0314969 0.142435
0.0315849 0.139959
0.0316827 0.141679
0.031813 0.144661
0.0321154 0.146213
0.0322744 0.144167
0.0329195 0.145007
0.0320846 0.145152
0.0323825 0.145758
0.032585 0.143645
0.0323372 0.142991
0.0322887 0.144216
0.0323641 0.141677
0.0331903 0.144634
0.0328726 0.146369
0.0327259 0.147611
0.0337821 0.153138
0.0328625 0.146438
0.0323567 0.142011
0.0334258 0.145828
0.0332151 0.14503
0.0334314 0.146541
0.0336626 0.14984
0.0340268 0.151055
0.0343587 0.153533
0.0342363 0.153285
0.0339579 0.1534
0.033687 0.151708
0.0335606 0.150237
0.0338697 0.149609
0.0347767 0.151689
0.0343861 0.149574
0.0348423 0.151009
0.0343643 0.150232
0.0344447 0.150051
0.0348645 0.150728
0.0346771 0.152965
0.0343784 0.151912
0.0354805 0.157203
0.0352451 0.155113
0.0349172 0.153305
0.0347863 0.152831
0.035106 0.152542
0.0345251 0.151158
0.0352071 0.155013
0.0341438 0.14697
0.034985 0.150872
0.0343135 0.148141
0.0346254 0.149259
0.0342641 0.14974
0.0346835 0.150427
0.034913 0.153018
0.0349738 0.150091
0.0346088 0.150115
0.0354039 0.154558
0.0349841 0.15235
0.0349853 0.151966
0.035626 0.152952
0.0348284 0.147974
0.036082 0.156964
0.0353901 0.153033
0.0352324 0.152446
0.0349942 0.149683
0.0350754 0.150273
0.0367976 0.155594
0.0351712 0.151274
0.0350803 0.152384
0.034687 0.148289
0.0346108 0.148868
0.0352268 0.150244
0.0353785 0.151946
0.0353671 0.151929
0.0349023 0.149331
0.0348062 0.149509
0.0341944 0.147153
0.034998 0.151828
0.0350944 0.150096
0.0350575 0.149787
0.0359298 0.151365
0.0355219 0.149865
0.0357649 0.15057
0.0353836 0.153241
0.0363768 0.156672
0.0353537 0.14912
0.0349668 0.148028
0.0344908 0.14844
0.0347386 0.149977
0.0347667 0.148614
0.0343311 0.146248
0.034268 0.148686
0.034688 0.147649
0.0342873 0.146885
0.0338549 0.144337
0.0334881 0.145045
0.034102 0.146506
0.0337337 0.145655
0.0342281 0.148458
0.0344433 0.149568
0.0344703 0.149315
0.0340398 0.14701
0.0338151 0.146232
0.0334548 0.144129
0.0343325 0.148672
0.0336923 0.147002
0.0331917 0.14476
0.0329684 0.143949
0.033334 0.145888
0.032483 0.143313
0.0333291 0.145245
0.03197 0.141951
0.0327817 0.145231
0.033354 0.146266
0.0323367 0.143246
0.0339193 0.151472
0.0324524 0.14658
0.0328593 0.146585
0.0329079 0.146886
0.0337454 0.151019
0.0339519 0.15208
0.0337612 0.152617
0.0331003 0.149048
0.0342635 0.153736
0.0335187 0.148888
0.0338825 0.152087
0.0332206 0.151963
0.0336695 0.15345
0.0342932 0.154686
0.0333092 0.151893
0.0339199 0.154908
0.0344052 0.158564
0.0347311 0.159621
0.0343456 0.156743
0.0346822 0.160599
0.0350441 0.160597
0.0349785 0.158237
0.0350537 0.161338
0.0351019 0.160475
0.0352843 0.160839
0.0354389 0.162935
0.0361099 0.165819
0.0348652 0.159225
0.0357893 0.164715
0.0348471 0.161708
0.0346895 0.163135
0.035757 0.167852
0.0352906 0.16575
0.0360068 0.167246
0.0350855 0.164736
0.0353386 0.166415
0.0367557 0.171163
0.0359024 0.167049
0.0356371 0.166898
0.0353743 0.162556
0.0356724 0.165545
0.0358584 0.166501
0.0355128 0.164148
0.0361987 0.166438
0.0351613 0.160572
0.0363275 0.16595
0.0363025 0.166274
0.0360601 0.166256
0.0370624 0.169987
0.0365945 0.167531
0.0364879 0.166229
0.036909 0.167831
0.0366364 0.16748
0.0367125 0.169278
0.0367429 0.172531
0.0361887 0.168167
0.0364605 0.169079
0.0364457 0.170331
0.0356688 0.167148
0.0363702 0.171145
0.0371066 0.174867
0.0358877 0.168677
0.0359455 0.169257
0.0370402 0.174586
0.0364148 0.171194
0.0363092 0.170859
0.0364044 0.171546
0.0363266 0.171939
0.036347 0.170615
0.0364131 0.167884
0.0359103 0.165645
0.0363389 0.165601
0.0354271 0.161486
0.036135 0.164743
0.0367452 0.168476
0.0355746 0.163361
0.0357965 0.160991
0.0362428 0.161784
0.0362633 0.161937
0.0372781 0.163857
0.0377948 0.165801
0.0377399 0.166446
0.0375019 0.166129
0.0383026 0.166901
0.0377834 0.165504
0.0378731 0.163317
0.0367077 0.157759
0.0367129 0.157706
0.0371139 0.159805
0.0364305 0.157268
0.036689 0.157624
0.0367287 0.156727
0.0379906 0.160104
0.0368628 0.157455
0.0367927 0.156495
0.0379388 0.158248
0.0377681 0.158673
0.0374793 0.156107
0.0370236 0.150087
0.0373239 0.152153
0.0374041 0.154668
0.0390412 0.161522
0.0386025 0.162238
0.0385607 0.159456
0.039716 0.162605
0.0375466 0.158294
0.0375457 0.15437
0.0359298 0.150863
0.0358779 0.14614
0.0363492 0.1491
0.0378643 0.157753
0.0375244 0.156491
0.0376437 0.158193
0.0379245 0.15738
0.038046 0.161115
0.0379471 0.157265
0.0385055 0.160944
0.0374456 0.157177
0.0366087 0.156236
0.0376943 0.156887
0.0367554 0.152512
0.0366228 0.15295
0.0384449 0.163335
0.0386264 0.165216
0.0382886 0.163769
0.0388245 0.165945
0.0385997 0.167039
0.0380032 0.16143
0.0398202 0.171633
0.038896 0.166651
0.0389499 0.168918
0.0381524 0.164218
0.0396325 0.171528
0.0397388 0.17152
0.0400882 0.173346
0.0392655 0.170693
0.0391239 0.171032
0.0386914 0.165517
0.038874 0.161518
0.0382839 0.163322
0.0377824 0.158603
0.0383018 0.161426
0.0393117 0.166001
0.0389306 0.165206
0.0382937 0.160671
0.0381459 0.15828
0.0374142 0.155623
0.0383241 0.161568
0.0380885 0.159478
0.0391967 0.163741
0.0387952 0.160979
0.0390885 0.161965
0.0385409 0.161085
0.0390835 0.162631
0.0382366 0.160118
0.0390076 0.162782
0.0386802 0.16086
0.0380701 0.158717
0.039417 0.1648
0.0391653 0.163185
0.039041 0.160601
0.0395592 0.162153
0.0397962 0.165062
0.0400704 0.168609
0.0409921 0.172121
0.0403141 0.168445
0.0393224 0.164451
0.0396696 0.165936
0.0396215 0.166279
0.03935 0.163398
0.040115 0.168
0.0408715 0.171049
0.0403257 0.168167
0.0412664 0.172662
0.0404848 0.169531
0.0410848 0.170437
0.0406838 0.167385
0.0397871 0.164037
0.040928 0.168669
0.0405162 0.169764
0.0404096 0.170988
0.0403436 0.170274
0.0410915 0.17523
0.040349 0.172707
0.0404308 0.173349
0.0395426 0.169949
0.0396111 0.168812
0.0395369 0.169834
0.0389461 0.165598
0.0391005 0.165656
0.0395001 0.169364
0.0393037 0.170466
0.0393024 0.172343
0.0395364 0.171907
0.0400043 0.172531
0.0411838 0.175442
0.0403787 0.172398
0.0397996 0.172471
0.0390801 0.1692
0.0401624 0.174365
0.040638 0.178615
0.0399201 0.17358
0.0401701 0.176046
0.0399167 0.1746
0.0409906 0.175833
0.0402858 0.176065
0.0413523 0.181818
0.0400916 0.176416
0.039818 0.179837
0.0402909 0.179468
0.0394172 0.175376
0.0405734 0.178515
0.0404038 0.179827
0.0394221 0.172736
0.0404787 0.180996
0.0403973 0.175989
0.0395708 0.178958
0.0395873 0.178301
0.0390105 0.177559
0.0396677 0.178098
0.0389989 0.17473
0.0382302 0.169941
0.0388544 0.172427
0.0381275 0.171093
0.0390029 0.170974
0.0392107 0.17233
0.038914 0.16942
0.0374811 0.161654
0.0386434 0.167141
0.0379977 0.163829
0.0374148 0.159264
0.0370573 0.161697
0.0365466 0.16037
0.0351659 0.153244
0.0339623 0.150486
0.0340902 0.150654
0.0351347 0.155656
0.0357496 0.159729
0.0355001 0.155944
0.0363998 0.162652
0.0365483 0.165309
0.0370549 0.172646
0.0372891 0.169828
0.0368199 0.16957
0.0365468 0.167901
0.0362842 0.166375
0.0366963 0.167943
0.0372374 0.169017
0.0378297 0.167806
0.0377657 0.167887
0.038807 0.168202
0.0399693 0.173693
0.0404488 0.182919
0.0395069 0.179196
0.0385883 0.173742
0.0391091 0.172053
0.0395977 0.172876
0.0404331 0.175322
0.0422681 0.178341
0.043309 0.176117
0.04246 0.170651
0.0430009 0.173673
0.0419484 0.166878
0.0415321 0.166112
0.0427699 0.171364
0.0397181 0.164328
0.0387481 0.160086
0.0377782 0.157397
0.0381823 0.162218
0.037236 0.154827
0.0371942 0.163065
0.0357311 0.157926
0.0339727 0.151849
0.0331121 0.152235
0.03357 0.155784
0.0327059 0.156086
0.0321015 0.156143
0.0323885 0.159841
0.0325858 0.159839
0.0319015 0.165773
0.0315555 0.165472
0.0313532 0.161833
0.03125 0.159108
0.0317953 0.160155
0.0302929 0.154969
0.0311688 0.161506
0.0301236 0.15397
0.0308075 0.156137
0.0304476 0.153339
0.0307896 0.155435
0.0305673 0.152958
0.0308454 0.154129
0.0308294 0.156691
0.0305658 0.154766
0.0318068 0.157549
0.0315838 0.157757
0.032498 0.162476
0.0325155 0.163205
0.0315948 0.159561
0.0315003 0.158814
0.0314867 0.159377
0.0309689 0.156128
0.0311795 0.157102
0.0313469 0.159425
0.0308468 0.161467
0.0304808 0.155563
0.0307029 0.161924
0.0298957 0.15903
0.0311504 0.164018
0.0303239 0.159978
0.030928 0.163578
0.031324 0.165332
0.031184 0.166277
0.0313884 0.16578
0.0316834 0.17163
0.0316207 0.175009
0.032536 0.177048
0.0309511 0.167269
0.0304105 0.165795
0.0309576 0.167706
0.030665 0.167294
0.030757 0.168595
0.0311321 0.174316
0.0305581 0.170275
0.0309477 0.172402
0.0306741 0.169907
0.0304378 0.167224
0.0305901 0.167814
0.030358 0.16753
0.0302044 0.166456
0.0300921 0.166782
0.0305659 0.16852
0.0308279 0.171558
0.0304647 0.167564
0.0307408 0.170109
0.0294185 0.16271
0.0302593 0.167515
0.0304493 0.171291
0.0295031 0.16465
0.0295784 0.165714
0.0302196 0.168528
0.0291347 0.164234
0.0289683 0.164476
0.0285958 0.159151
0.0282403 0.156576
0.0282157 0.156942
0.0292473 0.163403
0.0287878 0.15987
0.0289487 0.161346
0.0284246 0.161294
0.028074 0.158495
0.0273668 0.152055
0.0277325 0.156493
0.0276387 0.155537
0.0283979 0.160024
0.0286769 0.162127
0.0284353 0.160602
0.0275604 0.158867
0.0277778 0.161345
0.0282109 0.162071
0.0276358 0.156391
0.0275777 0.157532
0.0273694 0.155836
0.027739 0.156386
0.0282247 0.160546
0.0279923 0.161523
0.0277318 0.160832
0.0269805 0.155898
0.0268113 0.153763
0.0269498 0.155195
0.0277596 0.158211
0.0268918 0.150245
0.0271045 0.152514
0.0267348 0.154386
0.0265673 0.156388
0.0266678 0.154181
0.0259412 0.150539
0.027391 0.161509
0.0274049 0.159304
0.0284105 0.163333
0.0267634 0.150457
0.0270653 0.149591
0.0273639 0.150816
0.0267878 0.145713
0.0269068 0.143096
0.026605 0.141119
0.0269969 0.142366
0.0267381 0.14099
0.0275131 0.144818
0.0274221 0.145728
0.028648 0.153033
0.0294954 0.155324
0.0300323 0.156272
0.0301808 0.155318
0.031287 0.160331
0.0302747 0.155587
0.0304746 0.154836
0.0311165 0.155853
0.0315385 0.157173
0.031768 0.157179
0.0318923 0.155876
0.0331743 0.159389
0.0329967 0.155124
0.0346229 0.15699
0.0348088 0.151948
0.0376691 0.162168
0.0369017 0.15434
0.0396886 0.160159
0.0396553 0.159377
0.040718 0.168704
0.0400139 0.165248
0.0393999 0.164476
0.0393746 0.163874
0.039145 0.165487
0.0380503 0.161521
0.0379177 0.162901
0.0373071 0.163343
0.0368345 0.163049
0.0360173 0.159433
0.0355464 0.158656
0.0357204 0.158292
0.0358976 0.158605
0.0369027 0.163234
0.0360788 0.160357
0.0357292 0.157838
0.0350322 0.156076
0.0348448 0.155345
0.0341378 0.153745
0.0333639 0.151396
0.0335345 0.15257
0.0333293 0.15365
0.0335569 0.154101
0.0324683 0.151012
0.0332566 0.152332
0.0332642 0.15355
0.0326082 0.151512
0.0334814 0.155212
0.0322115 0.152618
0.0318892 0.151406
0.0310546 0.150345
0.0310179 0.152297
0.0295578 0.149614
0.029238 0.148591
0.0284006 0.147546
0.0279876 0.150657
0.0278763 0.14914
0.0281098 0.151683
0.0276083 0.150289
0.0279788 0.151289
0.0278842 0.15428
0.0275842 0.155183
0.0274831 0.15123
0.0281157 0.157213
0.0274269 0.154968
0.0277737 0.153111
0.0275989 0.154366
0.0276496 0.15615
0.0275557 0.157914
0.0266686 0.151789
0.0282579 0.16211
0.027516 0.160786
0.0266903 0.158843
0.0262625 0.155281
0.0264708 0.157582
0.0257911 0.154769
0.0266094 0.155683
0.026446 0.154871
0.0262907 0.157521
0.0262795 0.155281
0.0263334 0.15524
0.0259646 0.153364
0.0258887 0.155339
0.0246505 0.146556
0.0252039 0.150193
0.0247298 0.145994
0.0251419 0.150093
0.0253057 0.147587
0.0248405 0.146374
0.0254382 0.149589
0.0252127 0.150803
0.0250966 0.150174
0.0251342 0.149044
0.0257257 0.152088
0.0258117 0.152701
0.0249412 0.1501
0.0256987 0.153741
0.025396 0.152786
0.0253304 0.152929
0.0246419 0.146507
0.0249964 0.146811
0.024509 0.14376
0.024738 0.146907
0.024487 0.144592
0.0244606 0.145753
0.0237073 0.141146
0.0235655 0.14338
0.0238999 0.14206
0.0240655 0.142399
0.0248187 0.145866
0.0243629 0.142372
0.025373 0.144367
0.025047 0.143653
0.0252736 0.144092
0.0262001 0.145742
0.0266417 0.146554
0.0267822 0.146981
0.026386 0.147278
0.0255181 0.144893
0.0260547 0.143414
0.025488 0.140829
0.0259578 0.145032
0.0258149 0.141816
0.0254116 0.139829
0.0253588 0.138357
0.0246294 0.136082
0.025381 0.140771
0.0260379 0.143285
0.026933 0.14551
0.02692 0.147312
0.0256854 0.138586
0.026086 0.141466
0.0261717 0.142372
0.0264682 0.143962
0.0249874 0.137418
0.0262199 0.143958
0.0254405 0.139867
0.0265085 0.145401
0.0267439 0.146175
0.0268738 0.147515
0.0273267 0.149308
0.0271989 0.146012
0.0272824 0.146039
0.0287073 0.155761
0.0278792 0.148214
0.0277064 0.147335
0.0282489 0.149983
0.0279189 0.149267
0.0277935 0.147913
0.0279075 0.150502
0.0279434 0.149989
0.0277009 0.147167
0.0253929 0.134435
0.0263268 0.140089
0.0281394 0.150135
0.0283179 0.153183
0.0271678 0.147112
0.0274883 0.145634
0.0266387 0.142729
0.0267035 0.148062
0.0277947 0.148377
0.0280228 0.149299
0.0282683 0.14948
0.0287173 0.158328
0.0296191 0.159122
0.0288496 0.161064
0.0290895 0.159528
0.0297456 0.166805
0.0290618 0.163954
0.0288562 0.157792
0.0291788 0.160208
0.0302633 0.162506
0.0295705 0.157936
0.0286394 0.153476
0.0292628 0.158995
0.0296373 0.160779
0.0293356 0.160207
0.0294827 0.157782
0.0302073 0.163029
0.0302692 0.157519
0.0311955 0.163562
0.0296306 0.15515
0.0292238 0.156355
0.0298548 0.158912
0.0313156 0.163594
0.0312047 0.162707
0.0313539 0.164695
0.0317581 0.167815
0.0319569 0.168964
0.0320877 0.168174
0.0330554 0.171933
0.0331428 0.172143
0.033188 0.167928
0.0330064 0.168624
0.0331528 0.166209
0.0326552 0.166059
0.0336686 0.169455
0.0338836 0.170328
0.0335366 0.172568
0.0341643 0.17698
0.0338475 0.173593
0.0351589 0.179349
0.0349618 0.174046
0.0354989 0.178747
0.033729 0.167139
0.0359041 0.175835
0.0346303 0.169618
0.0344503 0.169452
0.0340074 0.166546
0.0346774 0.170668
0.0342727 0.167587
0.0335038 0.167644
0.0341251 0.170481
0.0346786 0.172734
0.0350584 0.17359
0.0351347 0.173623
0.0372005 0.18423
0.0384269 0.189141
0.0385468 0.190496
0.0390071 0.19216
0.0384557 0.194554
0.0372688 0.183783
0.0377678 0.190904
0.0386856 0.196005
0.0386453 0.189618
0.0373221 0.182742
0.0369159 0.180184
0.0349685 0.169987
0.0353733 0.171855
0.036792 0.181944
0.0351997 0.173399
0.0356051 0.180167
0.0354607 0.175329
0.0355711 0.178396
0.0356099 0.180706
0.0356251 0.178954
0.0353061 0.176377
0.0357469 0.176668
0.0365403 0.181062
0.0372775 0.186502
0.0377334 0.187203
0.0363493 0.182821
0.0362219 0.182881
0.0367359 0.184166
0.0357044 0.177561
0.0358349 0.178793
0.0352826 0.174726
0.0352285 0.169483
0.0353902 0.172133
0.0356148 0.174625
0.0366683 0.174407
0.0357749 0.17551
0.0366417 0.180717
0.0355854 0.17266
0.0359665 0.171513
0.0353391 0.170322
0.0357845 0.170154
0.0366106 0.174545
0.0357928 0.171172
0.0358735 0.168994
0.0360362 0.172851
0.0365394 0.173141
0.0355481 0.1649
0.035338 0.163493
0.0365155 0.169418
0.0346746 0.159151
0.0345107 0.15868
0.0345357 0.160265
0.0349765 0.162467
0.0344491 0.160091
0.0358228 0.165858
0.0354039 0.167085
0.0362029 0.169881
0.0362146 0.169025
0.0371216 0.175745
0.0362698 0.169373
0.0361871 0.16934
0.0359275 0.168652
0.0355343 0.167624
0.0352712 0.167085
0.0348184 0.160815
0.0357015 0.169192
0.0372059 0.17624
0.0357834 0.168671
0.0350722 0.163618
0.035885 0.168934
0.0357264 0.170361
0.0363155 0.168515
0.0356376 0.167148
0.0361533 0.169441
0.0368748 0.173002
0.0371621 0.176786
0.03792 0.176832
0.0377427 0.177052
0.0372692 0.177523
0.0377899 0.175986
0.0391114 0.181764
0.0384973 0.178274
0.0380327 0.180384
0.0366611 0.175261
0.0356751 0.173165
0.0352846 0.169405
0.03614 0.172518
0.0363146 0.174059
0.0353021 0.167657
0.035257 0.168365
0.0342416 0.164478
0.0349535 0.167957
0.0370449 0.177129
0.0355899 0.167835
0.0360332 0.172645
0.0348216 0.167684
0.0355003 0.167737
0.0345459 0.163083
0.0349464 0.16509
0.0332744 0.16404
0.0334987 0.162703
0.0339252 0.168385
0.0352451 0.175147
0.0349225 0.17564
0.0342709 0.177451
0.0339943 0.176406
0.0331804 0.173408
0.0323981 0.168154
0.0318453 0.164073
0.0325239 0.171274
0.0332417 0.176727
0.0338692 0.178939
0.0342888 0.185316
0.0348408 0.190788
0.0357158 0.195645
0.0358578 0.196385
0.0357794 0.190213
0.0356495 0.19432
0.0359779 0.193644
0.0369085 0.196087
0.0372558 0.201341
0.0353693 0.190503
0.0363644 0.195736
0.0372195 0.203172
0.0365358 0.201205
0.036436 0.205625
0.035795 0.202557
0.0362162 0.200373
0.0369334 0.204481
0.0366771 0.203034
0.0369962 0.203948
0.0372431 0.2045
0.0371356 0.204086
0.0370496 0.201084
0.0372354 0.201905
0.036892 0.197542
0.0367441 0.193577
0.0378981 0.200247
0.0380248 0.200667
0.0383558 0.200132
0.0373537 0.19622
0.0363663 0.191567
0.0352393 0.184874
0.0355408 0.188931
0.0369725 0.201534
0.0360797 0.19815
0.0365654 0.198184
0.0368591 0.195226
0.0364521 0.194779
0.0371478 0.198693
0.0369705 0.195138
0.0377655 0.201289
0.0369947 0.199021
0.0377567 0.20018
0.0374896 0.197536
0.0368411 0.195223
0.0370931 0.195281
0.0377955 0.195633
0.0366511 0.189653
0.0365679 0.188527
0.0358786 0.183478
0.0359514 0.184335
0.0341059 0.176261
0.0352209 0.179238
0.0361076 0.182011
0.0357061 0.182793
0.0354548 0.183185
0.0357572 0.183757
0.0359866 0.185339
0.0367557 0.190596
0.0366334 0.191289
0.0367549 0.185992
0.0370059 0.184304
0.0362204 0.178851
0.0359071 0.176477
0.0362478 0.178605
0.0362604 0.177299
0.0357731 0.176477
0.0364628 0.180719
0.0352598 0.168621
0.0357188 0.176636
0.0357496 0.177022
0.0369054 0.184543
0.0354494 0.177392
0.0349315 0.176832
0.0343795 0.174675
0.0343045 0.17408
0.0327907 0.168788
0.0336582 0.178167
0.0344551 0.182183
0.0343794 0.184622
0.0342001 0.182809
0.0336122 0.17649
0.0335396 0.17388
0.0334217 0.174591
0.0331786 0.174376
0.0321553 0.166053
0.0315785 0.159189
0.0307508 0.155655
0.0319659 0.158339
0.0334368 0.1681
0.0325378 0.162675
0.0340348 0.171459
0.0340448 0.169739
0.0344224 0.169972
0.0365276 0.179641
0.0347726 0.172913
0.0350226 0.171778
0.0360362 0.172283
0.0375379 0.179509
0.0376288 0.176023
0.0387935 0.175448
0.0394148 0.176333
0.0387531 0.166875
0.0400922 0.171784
0.0400744 0.164954
0.040344 0.163926
0.039869 0.161825
0.0394492 0.155967
0.0390673 0.156666
0.039389 0.156187
0.0390155 0.156584
0.0401292 0.162142
0.0390219 0.159197
0.03697 0.15476
0.0355687 0.158387
0.0347048 0.149958
0.0351597 0.154804
0.0356794 0.154397
0.0353937 0.152052
0.0349703 0.154338
0.0354095 0.153068
0.0353691 0.153961
0.0354205 0.151772
0.035536 0.151313
0.0363349 0.154642
0.0370386 0.153477
0.0369578 0.152589
0.0369204 0.153654
0.0366971 0.152512
0.0373155 0.157095
0.0372242 0.156056
0.0368636 0.154949
0.0379788 0.160195
0.0378319 0.159614
0.0381378 0.160229
0.0387475 0.162744
0.0389049 0.163429
0.0397275 0.168208
0.0392182 0.166316
0.0402147 0.172922
0.0387102 0.165032
0.0399785 0.17041
0.0389683 0.167208
0.0388713 0.170029
0.0390208 0.171959
0.0382685 0.165287
0.0388759 0.168343
0.0396788 0.169167
0.0389236 0.168513
0.0393516 0.167775
0.0403079 0.173767
0.0392199 0.169045
0.0397367 0.171607
0.0397848 0.167179
0.0385445 0.161794
0.0377765 0.159302
0.0387939 0.163872
0.0379896 0.158593
0.0370992 0.154183
0.0377508 0.156885
0.0372514 0.15371
0.0386097 0.159943
0.0383345 0.159539
0.0381442 0.15804
0.0385275 0.159059
0.0384904 0.162949
0.0395997 0.168104
0.0386107 0.16282
0.0400247 0.168416
0.0397388 0.168187
0.0405519 0.173056
0.0397314 0.16897
0.0406845 0.172251
0.0393062 0.164712
0.0401331 0.168502
0.0400545 0.165683
0.0402133 0.167664
0.0396502 0.168303
0.0407885 0.172113
0.0397881 0.166845
0.0397435 0.167026
0.040523 0.172523
0.0399983 0.172442
0.039268 0.167227
0.0392617 0.164948
0.0388467 0.163783
0.0383578 0.162586
0.0387038 0.162208
0.0382094 0.159854
0.0387213 0.163821
0.0389131 0.163249
0.0393487 0.167812
0.0381229 0.159904
0.0383897 0.162257
0.0370874 0.154329
0.0367625 0.155444
0.0360332 0.153342
0.0358057 0.15583
0.0368595 0.157728
0.0365607 0.156696
0.0367535 0.162517
0.0368036 0.165132
0.0373773 0.168113
0.0365897 0.164216
0.0366117 0.164356
0.0356645 0.161854
0.0351471 0.158739
0.0361743 0.160389
0.0371355 0.167498
0.0371401 0.167033
0.0374678 0.171889
0.0372687 0.16942
0.0375365 0.171802
0.0371168 0.173113
0.0378002 0.174727
0.0363238 0.168559
0.0367264 0.168589
0.0366903 0.170238
0.0365802 0.168308
0.0367834 0.170605
0.0363229 0.165129
0.0370135 0.168188
0.036704 0.165069
0.0371795 0.167956
0.0375309 0.171511
0.0380129 0.173687
0.0361438 0.162423
0.0366362 0.161981
0.0358424 0.159202
0.0343612 0.153657
0.0338694 0.155345
0.034834 0.160255
0.0341577 0.158315
0.0332252 0.154979
0.0342459 0.163185
0.0341489 0.168302
0.0328552 0.160362
0.0334225 0.166317
0.0340321 0.17305
0.0336656 0.169918
0.0341413 0.175152
0.0328541 0.168554
0.0324864 0.167044
0.0324664 0.16502
0.0326071 0.165674
0.0324131 0.164439
0.032653 0.164847
0.0326439 0.164631
0.0319859 0.160118
0.032427 0.161263
0.0312493 0.157534
0.0315767 0.161636
0.0308912 0.158732
0.0327611 0.172383
0.0324526 0.170879
0.0325646 0.171517
0.0318722 0.164703
0.032095 0.168818
0.0322932 0.172676
0.0323264 0.172256
0.0327368 0.178722
0.0328521 0.179096
0.032086 0.172386
0.0330413 0.181345
0.0330229 0.18206
0.0320832 0.175883
0.0320777 0.174072
0.0319182 0.171864
0.0314731 0.170671
0.0318101 0.174968
0.0311565 0.170176
0.0312186 0.1703
0.0307666 0.16868
0.0313286 0.168547
0.0315229 0.169329
0.0303808 0.169464
0.0302263 0.167984
0.0309198 0.169552
0.0309001 0.170025
0.0314629 0.171798
0.03156 0.171754
0.0319187 0.175319
0.0317027 0.171806
0.0305379 0.165453
0.0315944 0.170095
0.0306396 0.168954
0.0308778 0.170975
0.0302719 0.168143
0.0305874 0.168222
0.029576 0.162646
0.0306659 0.168771
0.0303322 0.167012
0.0302265 0.168683
0.0298357 0.165773
0.0300607 0.167698
0.0290403 0.159972
0.0298542 0.166921
0.0292899 0.164273
0.0294769 0.167937
0.030679 0.17258
0.0297853 0.169238
0.0301985 0.172167
0.0297187 0.166608
0.0300337 0.167542
0.0297092 0.167136
0.0296164 0.164111
0.0313804 0.173626
0.0311205 0.168507
0.0302001 0.164271
0.0294469 0.158632
0.0293158 0.158091
0.0278316 0.146312
0.0276832 0.145699
0.0286738 0.15011
0.0293407 0.15198
0.0294389 0.153007
0.0301619 0.151381
0.0306634 0.152431
0.0310348 0.153647
0.0300917 0.147281
0.029577 0.143089
0.028834 0.140707
0.028406 0.139631
0.0290673 0.141746
0.0297256 0.144432
0.0307078 0.150237
0.0305765 0.151832
0.0301735 0.148882
0.030113 0.15219
0.0301078 0.152813
0.0314809 0.155243
0.0314088 0.156212
0.0325212 0.161849
0.0338702 0.165647
0.0337354 0.163978
0.0348912 0.168912
0.0347716 0.166648
0.032701 0.155081
0.0329706 0.157247
0.0346931 0.165487
0.0346451 0.166703
0.0337357 0.159748
0.0331677 0.160396
0.0333658 0.158183
0.0341469 0.163083
0.0333253 0.158186
0.0322169 0.15642
0.0321801 0.158621
0.0317012 0.158583
0.0303075 0.155982
0.0305669 0.156628
0.030655 0.160589
0.0297442 0.158452
0.0302237 0.162521
0.0302732 0.16128
0.0299885 0.159116
0.0298357 0.158047
0.0297659 0.158956
0.0284935 0.153346
0.028052 0.151283
0.0288108 0.155291
0.0284465 0.152899
0.0292229 0.155345
0.028075 0.151084
0.027441 0.145678
0.0282276 0.153187
0.0279794 0.150913
0.0292195 0.158654
0.0283533 0.152248
0.0280592 0.15329
0.028578 0.157046
0.0283165 0.154489
0.028417 0.155639
0.0280344 0.153546
0.0284344 0.158127
0.0285227 0.161037
0.0294254 0.168817
0.0286195 0.167335
0.0285702 0.169399
0.0283213 0.166093
0.0267685 0.156718
0.0272303 0.160158
0.0270526 0.160465
0.0266868 0.157758
0.0278245 0.162048
0.027116 0.159696
0.0265553 0.157078
0.026648 0.156132
0.0271016 0.160838
0.0267784 0.156945
0.026318 0.152224
0.0264233 0.154538
0.0266457 0.157049
0.026611 0.162025
0.0262943 0.156675
0.0266432 0.161462
0.0265535 0.160556
0.025634 0.156414
0.0263362 0.158864
0.0262044 0.151618
0.0256817 0.156179
0.0264773 0.162971
0.025719 0.159082
0.025446 0.155048
0.0257843 0.153253
0.0253551 0.151636
0.0250403 0.151923
0.0258204 0.153492
0.0254387 0.150641
0.0263229 0.155079
0.0262477 0.153228
0.0260987 0.151695
0.0265871 0.149889
0.026037 0.148858
0.0263174 0.150794
0.0262704 0.147323
0.0269333 0.150534
0.0262357 0.145714
0.0274583 0.152335
0.0270835 0.149821
0.0273001 0.152525
0.0265717 0.148131
0.0271307 0.152103
0.0279964 0.160994
0.0269651 0.15272
0.0255673 0.145053
0.0260833 0.146441
0.0251352 0.142402
0.024495 0.140445
0.0256661 0.14846
0.0268978 0.154715
0.0266222 0.154304
0.0273282 0.161676
0.0271318 0.163219
0.0274614 0.162423
0.0270405 0.158595
0.0288169 0.168907
0.0287366 0.163732
0.0295917 0.163268
0.0306433 0.169205
0.0303579 0.163436
0.0307534 0.167283
0.0307107 0.168426
0.0292905 0.166563
0.0289012 0.159047
0.0303439 0.167747
0.0304888 0.168549
0.0309039 0.169833
0.0315349 0.172619
0.0309422 0.166222
0.0318184 0.165077
0.0322501 0.168938
0.0334313 0.175844
0.0340743 0.179101
0.0339038 0.17895
0.0330153 0.172841
0.0323981 0.169316
0.0319062 0.168404
0.0319842 0.1688
0.0319231 0.170184
0.0305381 0.159878
0.030896 0.168745
0.0301969 0.166065
0.0295068 0.163879
0.0303941 0.169461
0.0288835 0.161862
0.0295167 0.167453
0.0289379 0.163953
0.0279981 0.159624
0.0284197 0.163393
0.0273098 0.1606
0.0271913 0.163273
0.0270503 0.167536
0.027448 0.173122
0.0261921 0.159379
0.0266026 0.167337
0.0260559 0.160208
0.0264157 0.167693
0.0256822 0.162879
0.0253601 0.160413
0.0252474 0.163895
0.0259065 0.167224
0.0262168 0.169717
0.0257654 0.167819
0.0258266 0.167162
0.0258669 0.166488
0.0259952 0.16893
0.0251991 0.163666
0.0253331 0.164807
0.0257226 0.168322
0.0257969 0.165029
0.0253771 0.163525
0.0262625 0.162695
0.027427 0.176328
0.0269373 0.175619
0.0281515 0.181697
0.0276215 0.175211
0.0265893 0.167963
0.0292287 0.170094
0.0275399 0.163629
0.0276499 0.170902
0.0281641 0.176105
0.0287611 0.179761
0.0290846 0.174881
0.028523 0.172165
0.0279884 0.165698
0.0290964 0.173199
0.0289925 0.168738
0.0296391 0.177397
0.0298327 0.173049
0.0290564 0.170678
0.0291497 0.171446
0.029088 0.170914
0.0293962 0.169448
0.0284349 0.160826
0.028719 0.162408
0.0289235 0.166004
0.0283076 0.163104
0.028772 0.161031
0.0294081 0.161047
0.0282778 0.154683
0.0291786 0.162777
0.0293015 0.162203
0.0282102 0.159782
0.0285661 0.15986
0.0283161 0.158767
0.0301641 0.169749
0.0313698 0.177362
0.0308824 0.173841
0.0317264 0.175843
0.0316757 0.17758
0.0315961 0.1816
0.031743 0.179758
0.0314944 0.178939
0.0314631 0.173535
0.0313663 0.1719
0.0312847 0.170905
0.0311782 0.169178
0.0329475 0.178515
0.0333797 0.182127
0.033847 0.17743
0.0332213 0.172999
0.0343999 0.181859
0.0328011 0.170131
0.0314266 0.165666
0.0323205 0.172257
0.0328217 0.175196
0.0333262 0.17432
0.03317 0.172608
0.0332553 0.178649
0.0345907 0.186517
0.0362031 0.193086
0.036516 0.193625
0.0354919 0.184152
0.0354785 0.182188
0.0360652 0.183816
0.0359135 0.180155
0.0352215 0.176433
0.0358627 0.176764
0.0362123 0.178398
0.0373433 0.185663
0.0354734 0.173427
0.0364945 0.179601
0.037448 0.192532
0.0370044 0.186316
0.0365653 0.184569
0.0379599 0.191929
0.0371779 0.192457
0.0367907 0.186308
0.0367626 0.188786
0.0379457 0.188545
0.0372282 0.188156
0.0376668 0.188564
0.0377077 0.186669
0.0366192 0.179495
0.0378641 0.189539
0.0370614 0.180903
0.0384871 0.18748
0.0379525 0.184396
0.0382878 0.184036
0.037394 0.179922
0.0390702 0.184371
0.0381593 0.184434
0.0374546 0.179516
0.0371558 0.17806
0.0372428 0.179061
0.0366988 0.176586
0.0363496 0.17361
0.0365334 0.182969
0.0370568 0.182123
0.0349686 0.176729
0.0342901 0.170343
0.0326692 0.162729
0.0334356 0.165576
0.033795 0.167101
0.0351101 0.167701
0.0355534 0.173981
0.0357711 0.169262
0.0363956 0.17674
0.0362053 0.175925
0.0367487 0.182461
0.0369844 0.179969
0.0365058 0.177046
0.0366122 0.175505
0.0352164 0.167829
0.0372155 0.174715
0.0384849 0.184583
0.0379978 0.179937
0.0374447 0.176853
0.0371168 0.169955
0.0375602 0.174686
0.0371359 0.174119
0.0369262 0.173513
0.0363081 0.16949
0.0364761 0.170406
0.0372966 0.171934
0.0384749 0.177547
0.0362376 0.170074
0.035858 0.164462
0.0368921 0.169398
0.0370965 0.175511
0.0368801 0.171363
0.0363527 0.166323
0.0368177 0.169448
0.0367385 0.171136
0.0362899 0.166912
0.0365398 0.173195
0.0364539 0.172289
0.0365786 0.17134
0.0355852 0.170226
0.0351604 0.168805
0.0353381 0.16708
0.0347592 0.16453
0.0370003 0.175733
0.0366197 0.174594
0.0370495 0.1763
0.0360955 0.17329
0.035607 0.170344
0.0362083 0.173488
0.03511 0.168874
0.0360789 0.171403
0.0360442 0.17092
0.0375379 0.180144
0.0381576 0.185346
0.0374344 0.178358
0.0385348 0.185742
0.0393989 0.18957
0.0376173 0.186421
0.0361196 0.174903
0.0372337 0.180313
0.0363829 0.174834
0.0360738 0.174938
0.0360792 0.174743
0.0370268 0.179923
0.0370583 0.180567
0.0371886 0.178189
0.0373088 0.181079
0.036589 0.174992
0.0358994 0.176819
0.0352018 0.17522
0.0348417 0.169706
0.0345677 0.170902
0.0352881 0.176135
0.0344958 0.176572
0.0355298 0.181857
0.0349182 0.177621
0.0350548 0.183251
0.0348411 0.183932
0.0342891 0.17807
0.03395 0.172661
0.0344879 0.174679
0.034126 0.170453
0.0347392 0.1761
0.0342978 0.176078
0.0344618 0.175216
0.0345934 0.176445
0.0349642 0.181194
0.034592 0.183509
0.0352219 0.19115
0.0357977 0.190295
0.0365851 0.186144
0.0359297 0.181547
0.0353382 0.17547
0.0359197 0.180768
0.0367494 0.185201
0.0358506 0.17931
0.035866 0.180844
0.0366858 0.188231
0.0357294 0.180221
0.0362931 0.189585
0.0360504 0.189717
0.0368303 0.191176
0.0368643 0.191159
0.0363839 0.189449
0.0367161 0.186574
0.0360539 0.184712
0.0360163 0.186402
0.035691 0.183026
0.0364521 0.185516
0.0355261 0.181407
0.0350636 0.177894
0.0350044 0.177187
0.0341704 0.17305
0.0353412 0.178113
0.0351839 0.176864
0.0350615 0.176695
0.0364383 0.179788
0.0359649 0.178166
0.0357396 0.168869
0.0368431 0.180697
0.0375802 0.180999
0.0352976 0.170196
0.0343667 0.159243
0.0343234 0.160317
0.0346924 0.161495
0.0348279 0.162586
0.0340706 0.157018
0.0335014 0.154824
0.0342443 0.158865
0.0336788 0.159051
0.0336529 0.157619
0.0337083 0.154395
0.0339662 0.155463
0.0338171 0.157111
0.0352524 0.164308
0.0361214 0.169176
0.0369404 0.173672
0.0355918 0.162557
0.0356514 0.163551
0.0363478 0.162452
0.0343486 0.153251
0.03617 0.158021
0.036619 0.155832
0.035712 0.148099
0.0367861 0.153682
0.0366603 0.15201
0.0367855 0.152419
0.0369408 0.154518
0.035689 0.148668
0.0357875 0.147901
0.036813 0.150119
0.0375717 0.153628
0.0379253 0.155807
0.0386418 0.161383
0.0383658 0.162057
0.0384806 0.161395
0.0391232 0.163545
0.0388274 0.161372
0.038945 0.161951
0.0394426 0.159177
0.0387051 0.161235
0.0392275 0.162408
0.0376975 0.157078
0.0378464 0.156586
0.0385668 0.161698
0.0377606 0.157611
0.0390383 0.162742
0.0405117 0.170211
0.0409559 0.172761
0.0391958 0.170219
0.0398903 0.17384
0.0395646 0.169191
0.0388543 0.168732
0.0379779 0.159361
0.0380422 0.160043
0.0386168 0.161941
0.0387662 0.161135
0.0382523 0.160342
0.0381921 0.159154
0.039069 0.162836
0.0388848 0.164017
0.0403436 0.171832
0.0389513 0.165047
0.0375374 0.160374
0.0387275 0.1623
0.0395959 0.168688
0.0389674 0.167033
0.0383646 0.165271
0.0374205 0.160452
0.0377193 0.160265
0.0370512 0.15442
0.0378037 0.156206
0.0366126 0.151648
0.0372817 0.154489
0.0353207 0.147307
0.0362084 0.150664
0.0352954 0.146947
0.0365792 0.151566
0.0353488 0.147248
0.0361553 0.152339
0.0359918 0.152478
0.0369697 0.159416
0.0363501 0.156897
0.0351652 0.151695
0.035266 0.152504
0.0350245 0.152303
0.0352247 0.155876
0.0354565 0.154677
0.0360066 0.157632
0.0350682 0.155758
0.035715 0.158238
0.0351549 0.159268
0.0350636 0.157719
0.0359036 0.161597
0.0358109 0.160222
0.0368028 0.163724
0.0361273 0.157934
0.0344169 0.154063
0.0367771 0.168344
0.0352622 0.163381
0.0350503 0.167593
0.0331912 0.160212
0.0338908 0.166252
0.0338693 0.163705
0.0337603 0.165583
0.033396 0.164981
0.0329523 0.165418
0.0328021 0.16106
0.0331423 0.163766
0.0332487 0.166279
0.0315517 0.156869
0.0327332 0.168505
0.0324606 0.162293
0.0322791 0.166072
0.0327852 0.171983
0.0325504 0.171222
0.0329324 0.172429
0.0326297 0.171833
0.0327048 0.173032
0.0331693 0.174659
0.0328421 0.174614
0.0325751 0.177669
0.0321582 0.171645
0.034167 0.17343
0.0326352 0.175685
0.0326577 0.175777
0.0326971 0.176657
0.0326533 0.17627
0.0320729 0.176831
0.0327218 0.179337
0.0330777 0.178531
0.0312703 0.17095
0.0314115 0.171859
0.0310799 0.17024
0.0312408 0.172715
0.0310809 0.168995
0.0312027 0.167456
0.0309117 0.166212
0.0308501 0.168813
0.0304918 0.163784
0.0311046 0.16631
0.0306608 0.163432
0.0305705 0.161248
0.0307592 0.160461
0.0308552 0.161202
0.0313 0.161592
0.0297186 0.153094
0.0292203 0.151591
0.02824 0.145284
0.0288288 0.146601
0.0303519 0.155206
0.0304982 0.151379
0.0303547 0.149357
0.0313237 0.157945
0.0305857 0.157474
0.029992 0.15058
0.0310089 0.156773
0.0304518 0.154018
0.0306659 0.157889
0.0296994 0.151302
0.0294538 0.152193
0.0293069 0.154646
0.0305986 0.155119
0.0303962 0.158021
0.0301514 0.158224
0.0303442 0.159153
0.0306716 0.160281
0.0301952 0.156559
0.0303888 0.158847
0.0307334 0.158447
0.031407 0.160268
0.0308762 0.158615
0.0309944 0.159876
0.0322902 0.162563
0.0322976 0.164191
0.031744 0.16275
0.0310482 0.161224
0.031483 0.163889
0.0311447 0.162268
0.030317 0.158355
0.0301467 0.156101
0.0304245 0.158697
0.0311702 0.162395
0.0307673 0.159645
0.0308777 0.161901
0.0305688 0.16263
0.0305632 0.158883
0.030919 0.164166
0.0298805 0.159208
0.0298166 0.158778
0.0292717 0.158484
0.0298074 0.160544
0.029008 0.159917
0.0292081 0.159468
0.0290006 0.161621
0.0288785 0.160472
0.028456 0.159376
0.0281566 0.155576
0.0295671 0.161661
0.0290848 0.160482
0.0282411 0.151956
0.0287452 0.156939
0.0291377 0.157565
0.0284762 0.155943
0.0286381 0.154862
0.0279203 0.151512
0.0290147 0.159972
0.0288836 0.157943
0.0281717 0.154406
0.0283678 0.15599
0.0277655 0.154035
0.0286022 0.161152
0.0281231 0.160968
0.0284262 0.166585
0.0279256 0.166458
0.0280047 0.167422
0.028094 0.163391
0.0290093 0.173236
0.0289009 0.171457
0.0279348 0.164718
0.0283826 0.166667
0.0272656 0.162145
0.0274183 0.165023
0.0272695 0.165371
0.0266279 0.159724
0.0265911 0.159653
0.0267562 0.16086
0.0267325 0.163017
0.0272244 0.163648
0.0261803 0.157676
0.0263428 0.159463
0.0262133 0.155373
0.0269454 0.161524
0.0270168 0.161035
0.0255971 0.154848
0.0253426 0.14897
0.0253125 0.146704
0.0267529 0.153423
0.0273135 0.153919
0.0270428 0.155216
0.0263626 0.14817
0.0254218 0.140541
0.0254829 0.139893
0.0244539 0.133813
0.0262979 0.149283
0.0264969 0.151872
0.0269925 0.152679
0.0267066 0.152021
0.0284673 0.162036
0.0284955 0.163139
0.0310064 0.173934
0.0299222 0.158699
0.03011 0.160745
0.0298124 0.157278
0.0287941 0.157266
0.0293152 0.159609
0.029881 0.164117
0.0296079 0.163997
0.0290868 0.161649
0.0295152 0.164068
0.0300961 0.166946
0.0306098 0.169102
0.0293576 0.161691
0.029422 0.161225
0.0292242 0.160414
0.0301508 0.164422
0.029222 0.159209
0.0295656 0.16141
0.0295213 0.161237
0.0288991 0.157216
0.0291546 0.156353
0.0286568 0.155856
0.0293274 0.159815
0.0297374 0.16327
0.0302408 0.167584
0.0299717 0.170177
0.0297415 0.169972
0.0284613 0.165228
0.0286161 0.166748
0.0280568 0.162714
0.027684 0.157945
0.027881 0.160058
0.0271302 0.15595
0.0274695 0.157503
0.0273199 0.158832
0.0273644 0.157566
0.0277532 0.157216
0.0279238 0.15805
0.0274604 0.153414
0.0277314 0.157062
0.0279666 0.157379
0.0285869 0.160328
0.0274174 0.151214
0.0280083 0.154031
0.0270739 0.147646
0.0270469 0.147597
0.0270994 0.147206
0.0278879 0.153528
0.0275412 0.149903
0.0285601 0.156271
0.0280585 0.15325
0.02729 0.148203
0.0281531 0.153917
0.0283712 0.154426
0.0275329 0.151564
0.0277935 0.154007
0.0280814 0.154832
0.0283163 0.156239
0.0297451 0.164829
0.0286541 0.16
0.0289673 0.161083
0.0291431 0.160092
0.029241 0.159684
0.0292151 0.162112
0.0293338 0.162056
0.0293151 0.165144
0.0288056 0.161321
0.0277295 0.155191
0.0291541 0.162919
0.0288059 0.163362
0.028322 0.160175
0.0294915 0.167502
0.0303544 0.168715
0.0306437 0.173452
0.0299718 0.166647
0.0302486 0.166687
0.0304877 0.168411
0.0288886 0.166872
0.0289753 0.170019
0.0282551 0.165651
0.0282553 0.165267
0.0275715 0.163391
0.0283383 0.170538
0.0285714 0.170665
0.028613 0.165504
0.0290191 0.167491
0.0293414 0.167205
0.028997 0.166967
0.0286377 0.166727
0.0282622 0.163019
0.0291483 0.16521
0.0300193 0.169185
0.0299359 0.170265
0.0315601 0.17751
0.0309313 0.174523
0.031205 0.178138
0.0309781 0.17708
0.0315601 0.1802
0.0312894 0.173913
0.0324175 0.17755
0.0332492 0.179186
0.033818 0.181297
0.0332038 0.178989
0.033267 0.181136
0.0338441 0.178766
0.0335865 0.17345
0.0338539 0.177798
0.0339345 0.177545
0.0347515 0.184789
0.0338697 0.185906
0.0341126 0.184755
0.0340676 0.176323
0.0337942 0.176019
0.0323819 0.170344
0.0327725 0.17743
0.0304777 0.167747
0.0311135 0.164657
0.0311932 0.162714
0.0315807 0.163507
0.0323414 0.167507
0.0329284 0.176497
0.0340062 0.185347
0.0340813 0.177277
0.0356442 0.185617
0.0359239 0.181887
0.035577 0.183824
0.0362381 0.183791
0.0377908 0.191998
0.0372902 0.190424
0.0370228 0.191869
0.0376209 0.190409
0.0377464 0.195645
0.0370236 0.186846
0.0357789 0.184127
0.0369435 0.187738
0.0364576 0.19012
0.0367363 0.18998
0.0370418 0.186781
0.0362308 0.185254
0.0360979 0.181281
0.0377848 0.192804
0.0375465 0.192274
0.0375682 0.184989
0.0370616 0.186744
0.0383037 0.192258
0.0377597 0.189772
0.0390313 0.196078
0.0388875 0.194275
0.038002 0.185177
0.0390575 0.186671
0.037412 0.180314
0.0385864 0.189453
0.0371035 0.182774
0.0374686 0.181987
0.0380626 0.188174
0.0376881 0.190064
0.0381346 0.194
0.0376561 0.18736
0.037279 0.182577
0.0371269 0.183215
0.0365615 0.184547
0.0356952 0.178365
0.0363201 0.179759
0.0366524 0.184768
0.0366969 0.179514
0.0358573 0.181838
0.0367336 0.184293
0.0351239 0.171082
0.0352257 0.169373
0.036366 0.178782
0.0370238 0.185772
0.0385708 0.187656
0.0373057 0.182404
0.0375276 0.182796
0.0363706 0.178312
0.0359196 0.173463
0.0358936 0.17439
0.0369612 0.182681
0.0373042 0.182868
0.0348436 0.17236
0.0350443 0.169033
0.0348016 0.169533
0.0354836 0.171811
0.0360864 0.174447
0.0362616 0.175463
0.0358158 0.171576
0.0357708 0.170693
0.0367351 0.175943
0.0369687 0.180274
0.0375764 0.182244
0.0377967 0.182807
0.0380236 0.188345
0.0378665 0.188169
0.0381753 0.186797
0.0378218 0.187677
0.0387719 0.185048
0.0390428 0.181219
0.0388903 0.17501
0.038358 0.172998
0.0389396 0.177148
0.0403631 0.186383
0.0391866 0.184102
0.0368835 0.177455
0.0370451 0.182346
0.035989 0.18114
0.034464 0.178979
0.0341513 0.17125
0.033972 0.172895
0.0343817 0.18084
0.033675 0.175421
0.0340275 0.178978
0.0340019 0.181028
0.0341163 0.178997
0.0338675 0.177022
0.0333573 0.173037
0.0353363 0.1817
0.0341612 0.17845
0.0334012 0.172762
0.033969 0.175775
0.0343406 0.177635
0.0353816 0.181044
0.035988 0.187431
0.0358908 0.190699
0.034984 0.18585
0.0351073 0.188865
0.03555 0.189774
0.0370768 0.201463
0.0360599 0.195617
0.035501 0.189265
0.0364684 0.192453
0.0363494 0.189008
0.0359593 0.184987
0.0358828 0.184647
0.0368311 0.190424
0.0370071 0.188379
0.036127 0.184095
0.0361614 0.187029
0.0351346 0.184951
0.0351182 0.182799
0.0364121 0.190424
0.036837 0.191309
0.036976 0.191818
0.037348 0.191188
0.0363321 0.183842
0.0366784 0.183992
0.0364691 0.184821
0.0365011 0.181713
0.0366742 0.18259
0.0372791 0.184783
0.0365346 0.18746
0.0372954 0.192787
0.0360636 0.186132
0.0363218 0.183319
0.0364622 0.183367
0.0366679 0.18509
0.0358707 0.18053
0.037468 0.191315
0.0368636 0.183421
0.0360196 0.176987
0.036241 0.180572
0.0369733 0.18285
0.0360997 0.180955
0.0347822 0.170868
0.0350829 0.170855
0.0338702 0.166477
0.0337109 0.171258
0.0340064 0.173862
0.0342974 0.17521
0.034172 0.177444
0.0343453 0.183354
0.0356643 0.182717
0.0345993 0.174687
0.0353123 0.171549
0.0357105 0.170892
0.0376889 0.177411
0.035901 0.167139
0.0355837 0.162499
0.0366673 0.16878
0.0344233 0.164028
0.0340093 0.160351
0.0332197 0.1516
0.0331319 0.151659
0.0327073 0.151459
0.0340314 0.155078
0.0336747 0.153631
0.0362414 0.162391
0.036143 0.162599
0.0359543 0.160911
0.0368644 0.162642
0.0373916 0.165579
0.0383879 0.167502
0.0392956 0.171471
0.0388114 0.169697
0.0388287 0.169495
0.0380245 0.165179
0.0370465 0.159206
0.0381841 0.162638
0.038001 0.164518
0.0384367 0.164046
0.0384516 0.163773
0.0364683 0.155209
0.036232 0.154809
0.0363597 0.154561
0.0352188 0.14696
0.0350152 0.148623
0.0357089 0.1505
0.0357801 0.153274
0.0359663 0.153137
0.0364377 0.153582
0.0355474 0.148726
0.0354139 0.148536
0.0352871 0.148294
0.0351079 0.148115
0.0356333 0.148767
0.0361921 0.152829
0.0359342 0.150833
0.0356564 0.150054
0.0368967 0.153104
0.0367811 0.154285
0.0371472 0.154462
0.0369096 0.15442
0.0362052 0.151615
0.036857 0.155961
0.0368022 0.154271
0.0366939 0.15264
0.0366904 0.155897
0.0375636 0.159167
0.0379844 0.161868
0.0380034 0.159764
0.0367787 0.155652
0.0371585 0.157037
0.0373577 0.160321
0.0365732 0.154696
0.0364591 0.153591
0.0376198 0.157782
0.0370898 0.156769
0.0369976 0.156337
0.0366234 0.155522
0.0380328 0.160856
0.0379755 0.161934
0.0381531 0.164944
0.038643 0.166438
0.0373869 0.158806
0.0381815 0.161635
0.0378592 0.161098
0.038144 0.165821
0.0366731 0.157205
0.0370589 0.162492
0.0368014 0.159112
0.0374245 0.164371
0.0360168 0.15416
0.0348754 0.149049
0.0365609 0.155176
0.037543 0.157937
0.0373705 0.157548
0.0367027 0.158293
0.0360087 0.15357
0.0358877 0.153846
0.0347482 0.147593
0.0338064 0.141774
0.0353864 0.148762
0.0359844 0.149641
0.03503 0.150202
0.0355788 0.154828
0.0362868 0.157982
0.0362066 0.158855
0.0371967 0.163781
0.0358012 0.157279
0.0337879 0.150919
0.0348157 0.154905
0.0344726 0.157708
0.0335272 0.154568
0.0340808 0.160485
0.0346631 0.169474
0.0339289 0.169837
0.0332841 0.166087
0.0321779 0.160369
0.0325484 0.160614
0.0326032 0.163229
0.0329863 0.162817
0.0321456 0.156256
0.0319151 0.155871
0.0315544 0.154901
0.0314045 0.152207
0.0316768 0.156932
0.030785 0.1562
0.0321178 0.15922
0.0316645 0.158445
0.0319214 0.161028
0.0315203 0.158471
0.0324277 0.16519
0.0322222 0.165161
0.0323702 0.172275
0.0337126 0.17769
0.0321544 0.169471
0.0329891 0.173363
0.0323465 0.171419
0.0330488 0.17649
0.0322744 0.170147
0.031938 0.168652
0.0319675 0.167052
0.0323487 0.16904
0.0324417 0.169085
0.0320345 0.164163
0.0312153 0.1609
0.0319553 0.161325
0.0310766 0.158523
0.0313315 0.159974
0.0303873 0.153359
0.0300811 0.150271
0.0306847 0.15075
0.0301479 0.148943
0.0301473 0.148901
0.0307886 0.150723
0.03064 0.151669
0.0311732 0.152335
0.0314487 0.158156
0.0314872 0.154875
0.0313589 0.157283
0.0309864 0.156561
0.0309972 0.15598
0.0313309 0.159013
0.0308964 0.15616
0.0309973 0.156479
0.0298978 0.156759
0.0308511 0.159804
0.0301584 0.158558
0.0302131 0.160716
0.0304977 0.164162
0.0310614 0.163096
0.0305219 0.157769
0.0292215 0.15528
0.0294749 0.153263
0.0291707 0.154245
0.0296778 0.155956
0.0292573 0.152377
0.0290793 0.15106
0.0289378 0.15087
0.0284197 0.150219
0.0286474 0.147255
0.0284452 0.14885
0.0290608 0.150627
0.0301202 0.157683
0.0298909 0.156185
0.0308448 0.161414
0.0301892 0.161492
0.0293084 0.156274
0.0302954 0.155747
0.0303995 0.159596
0.0306519 0.164431
0.0289008 0.155962
0.0296719 0.158176
0.0313234 0.165797
0.0304203 0.160518
0.0315265 0.165096
0.0312461 0.162905
0.0318213 0.162766
0.0308798 0.159778
0.0316882 0.164787
0.0308724 0.161057
0.0307317 0.160606
0.0309777 0.162492
0.030605 0.160771
0.0305533 0.157844
0.0298692 0.155178
0.02994 0.155512
0.0311324 0.160211
0.030787 0.158082
0.0302351 0.15832
0.0304059 0.157699
0.0293616 0.151482
0.0295076 0.152683
0.0287123 0.15189
0.0280848 0.150378
0.0276172 0.146127
0.0269103 0.146629
0.0267882 0.146381
0.0275504 0.153936
0.0262639 0.143959
0.0268067 0.149801
0.0261613 0.148873
0.026436 0.152914
0.0261777 0.151537
0.0264335 0.153206
0.0260978 0.153422
0.0256709 0.152324
0.0259892 0.151991
0.0262491 0.152166
0.0255302 0.145821
0.0258597 0.149086
0.0255496 0.149769
0.025573 0.150293
0.0255995 0.148715
0.0248463 0.145348
0.0257821 0.153607
0.0253344 0.150508
0.0253452 0.149179
0.0257177 0.15308
0.0248882 0.148511
0.0252837 0.151823
0.0250762 0.151288
0.0250901 0.153079
0.026036 0.159027
0.0256555 0.158193
0.025545 0.157254
0.0249505 0.156254
0.0251398 0.151458
0.0252048 0.150335
0.0254363 0.150546
0.0242095 0.145484
0.0245529 0.14619
0.0252476 0.150267
0.0249948 0.143576
0.0258016 0.147508
0.0267502 0.152279
0.0258848 0.145967
0.0258221 0.146413
0.0255124 0.143859
0.0248274 0.138805
0.0249215 0.138834
0.0257715 0.142857
0.0246461 0.133846
0.0253529 0.141633
0.0254548 0.145586
0.0254122 0.146128
0.0262955 0.149374
0.0277801 0.156001
0.0284843 0.164201
0.0286001 0.166728
0.0297553 0.168454
0.0296583 0.166214
0.0308479 0.17652
0.0289304 0.163636
0.0294364 0.16762
0.0288645 0.160872
0.027846 0.160106
0.0286437 0.165853
0.0296634 0.169138
0.0297294 0.169281
0.0301196 0.176956
0.0297401 0.169458
0.0297557 0.16816
0.0293752 0.164492
0.0289251 0.162817
0.0295983 0.167988
0.0281528 0.163786
0.0298834 0.171049
0.0295154 0.174661
0.030499 0.179043
0.029939 0.17394
0.0290236 0.165133
0.0273112 0.159018
0.027 0.155949
0.0272232 0.152828
0.0275992 0.159112
0.0284619 0.159672
0.0285972 0.160099
0.0289638 0.165696
0.0279694 0.156904
0.0289714 0.163683
0.0281541 0.15819
0.0296594 0.171239
0.029683 0.169158
0.0309681 0.180436
0.03111 0.180292
0.031612 0.175732
0.0331871 0.18269
0.033123 0.181881
0.0331004 0.181035
0.0326721 0.180298
0.0341393 0.189391
0.0337359 0.185185
0.0345619 0.190092
0.0343026 0.188338
0.0341704 0.181459
0.0348894 0.188718
0.0350799 0.194562
0.0350283 0.197275
0.0341194 0.187601
0.0342364 0.187673
0.035101 0.191923
0.0346584 0.190603
0.033768 0.187749
0.0341286 0.187355
0.0333361 0.180556
0.0326219 0.182095
0.0323504 0.170816
0.0331364 0.175882
0.0335264 0.177421
0.0337667 0.17929
0.0340393 0.179059
0.0325884 0.174769
0.0320509 0.16889
0.0329146 0.177725
0.0315863 0.167675
0.0319347 0.172461
0.0332736 0.17785
0.0342241 0.177953
0.0348682 0.183102
0.0360279 0.193727
0.0362235 0.196022
0.0354898 0.188724
0.0366512 0.190077
0.0376166 0.193925
0.0380288 0.193009
0.0386449 0.192209
0.038615 0.196507
0.0401114 0.200129
0.0378403 0.188479
0.0373774 0.187111
0.037076 0.187283
0.0362599 0.186217
0.0339073 0.174536
0.035047 0.178556
0.0351467 0.175745
0.0346308 0.173759
0.0344813 0.174487
0.0349459 0.172377
0.0348353 0.179391
0.0366656 0.185233
0.0350199 0.179484
0.0349871 0.173872
0.0364409 0.181934
0.036333 0.183156
0.0374173 0.184352
0.0371333 0.183069
0.0375287 0.185434
0.0366661 0.184556
0.0375447 0.190942
0.0363821 0.182804
0.0366505 0.184457
0.0371516 0.189868
0.0369549 0.187886
0.0367423 0.183055
0.0364063 0.180682
0.0360127 0.177234
0.0354775 0.176085
0.0347346 0.171022
0.0343535 0.172994
0.0348912 0.172639
0.0350068 0.169527
0.0356695 0.178117
0.0361163 0.183673
0.0370778 0.185142
0.0376197 0.187159
0.0367079 0.183369
0.0367208 0.185455
0.0367298 0.185106
0.0376184 0.177644
0.0367192 0.176704
0.0373553 0.173594
0.0377537 0.178779
0.0383088 0.184435
0.0381252 0.185147
0.0379034 0.183274
0.0367891 0.175853
0.0366777 0.177033
0.0359927 0.171098
0.0362015 0.1724
0.0361695 0.174809
0.0372039 0.1791
0.0370308 0.176335
0.0375704 0.180487
0.0378075 0.181138
0.0370153 0.179229
0.0382171 0.184562
0.0375669 0.181328
0.0375437 0.180245
0.0374345 0.182155
0.0373666 0.181464
0.0364226 0.175795
0.0370057 0.181451
0.0375311 0.184981
0.0367124 0.178057
0.03668 0.17815
0.0375045 0.186186
0.0381234 0.186893
0.0376869 0.185837
0.0363166 0.180686
0.0369208 0.182821
0.0362242 0.183187
0.0357437 0.18004
0.0352036 0.17758
0.0355405 0.184573
0.0349599 0.180919
0.0350185 0.179683
0.0361561 0.183647
0.0337628 0.169142
0.0339489 0.167643
0.033789 0.170952
0.033983 0.170296
0.0332549 0.168709
0.0342001 0.17603
0.0355016 0.182222
0.0353306 0.181141
0.0355435 0.17987
0.0368552 0.192083
0.0358668 0.188045
0.0370034 0.193118
0.0365364 0.188968
0.035703 0.185413
0.0359516 0.186006
0.0366157 0.18674
0.0360539 0.183614
0.0357233 0.181623
0.0351344 0.18077
0.0353798 0.18244
0.0359146 0.188509
0.0352133 0.187263
0.036657 0.19276
0.0375176 0.196627
0.0363786 0.187746
0.0365908 0.186911
0.0368875 0.189839
0.0366533 0.187865
0.0365124 0.183962
0.035549 0.180064
0.0364218 0.187041
0.036269 0.191045
0.038025 0.198719
0.0366922 0.181951
0.0366099 0.177456
0.0367101 0.179796
0.036765 0.179128
0.0374716 0.176094
0.0371571 0.181583
0.034855 0.173001
0.0358322 0.174499
0.0352931 0.175314
0.0346947 0.171381
0.0353414 0.175444
0.0351672 0.172667
0.035125 0.16961
0.0365378 0.166139
0.0358591 0.16532
0.0349984 0.159966
0.0350328 0.159248
0.0346151 0.160965
0.0345355 0.161889
0.0344447 0.159375
0.0333186 0.15259
0.0334034 0.152524
0.0343913 0.156523
0.0348943 0.154308
0.035527 0.156384
0.0361084 0.160451
0.0375107 0.161276
0.0366254 0.156319
0.0365099 0.155207
0.0364412 0.151197
0.0381804 0.157252
0.0389681 0.161461
0.0404286 0.169522
0.0398603 0.16502
0.0396619 0.165896
0.0383722 0.160683
0.0394338 0.165269
0.0381444 0.156773
0.0394929 0.162231
0.0386439 0.156868
0.0383799 0.160362
0.0383348 0.156086
0.0392182 0.161749
0.037884 0.158249
0.0383834 0.158586
0.0375925 0.155113
0.0379271 0.157753
0.0372924 0.159026
0.0382151 0.163144
0.0381827 0.161789
0.0379834 0.158397
0.0384855 0.1601
0.0379416 0.158167
0.0385167 0.164157
0.0378109 0.159769
0.0393208 0.162834
0.0381114 0.159105
0.0385318 0.16355
0.0393907 0.164525
0.0385976 0.159518
0.0376265 0.156038
0.037242 0.157118
0.0380425 0.161527
0.0379202 0.157571
0.0388422 0.161282
0.0387968 0.160468
0.0385667 0.159569
0.037883 0.156157
0.0374532 0.15398
0.0359317 0.146564
0.0361708 0.144748
0.0366727 0.149904
0.0371881 0.151581
0.0360649 0.146798
0.0376549 0.155561
0.0380095 0.157139
0.0382237 0.158712
0.0377294 0.15719
0.0381536 0.159986
0.0385096 0.164705
0.0372446 0.158065
0.0373571 0.158608
0.0369045 0.158284
0.036037 0.15476
0.035926 0.155702
0.0353046 0.153832
0.0345349 0.149617
0.0347228 0.147899
0.0359644 0.155653
0.0355451 0.152058
0.0357413 0.152098
0.0353632 0.152686
0.0349605 0.149982
0.0353665 0.151857
0.0351813 0.151469
0.0340819 0.144757
0.0328396 0.142883
0.0331012 0.144904
0.0341414 0.151807
0.0332931 0.151095
0.0345459 0.15656
0.0348547 0.161796
0.0340614 0.16
0.034753 0.160441
0.0331031 0.156557
0.0332416 0.159043
0.0327676 0.156942
0.0323672 0.161459
0.03396 0.171754
0.0327163 0.169867
0.0325383 0.172138
0.0318057 0.169729
0.0319229 0.163947
0.0326261 0.169681
0.0310087 0.15872
0.0307657 0.153038
0.0310921 0.158635
0.0315497 0.162453
0.031336 0.15967
0.0318932 0.160067
0.0315677 0.161297
0.0315455 0.163599
0.0313527 0.165142
0.0308319 0.163711
0.0323119 0.168884
0.0314711 0.167593
0.032013 0.167889
0.0322696 0.172082
0.0310477 0.164929
0.0314875 0.163354
0.0309763 0.164913
0.0315516 0.165858
0.0314585 0.16166
0.0305524 0.159576
0.0316363 0.159504
0.0295923 0.150575
0.029181 0.14619
0.0301886 0.151344
0.0294583 0.146721
0.0294746 0.146178
0.0287259 0.142237
0.0291288 0.146929
0.0302727 0.151382
0.0295135 0.145171
0.030501 0.151008
0.0305375 0.151437
0.0305758 0.148796
0.0295906 0.143102
0.0298831 0.144542
0.0302535 0.145124
0.0296495 0.139137
0.0301141 0.143957
0.0309991 0.146413
0.0324127 0.146113
0.0311148 0.144474
0.0314246 0.145596
0.0314755 0.146624
0.0308194 0.144044
0.0308076 0.146529
0.0308286 0.145935
0.0311883 0.149441
0.0307547 0.151008
0.030448 0.150563
0.0296789 0.14437
0.0286554 0.14407
0.0297127 0.149064
0.0293764 0.1525
0.0298539 0.152805
0.0306004 0.156542
0.0304021 0.155163
0.0312349 0.16006
0.0298627 0.154146
0.0298682 0.155519
0.0299952 0.15656
0.0308716 0.15871
0.0313729 0.162793
0.0301737 0.154451
0.0306193 0.159246
0.0306033 0.15858
0.0305456 0.160858
0.0306347 0.159338
0.0298781 0.153571
0.0299298 0.152459
0.0302202 0.154773
0.0301661 0.152431
0.030162 0.152243
0.0296953 0.151038
0.0297367 0.152866
0.0296624 0.151125
0.0301621 0.149707
0.0293783 0.147065
0.0298175 0.154432
0.0297992 0.153788
0.0314379 0.161134
0.0307734 0.160267
0.0302595 0.158711
0.0311406 0.164475
0.0310988 0.166086
0.0316678 0.169465
0.0308195 0.166233
0.0305379 0.166265
0.030503 0.168354
0.029447 0.161283
0.0291904 0.161593
0.0292214 0.162512
0.0286213 0.15488
0.0292144 0.16243
0.0294847 0.16419
0.0293833 0.159703
0.0288875 0.160261
0.0276029 0.152925
0.0283549 0.160166
0.0296262 0.168559
0.0292606 0.16548
0.0293629 0.162948
0.0284193 0.159548
0.0284308 0.159622
0.027947 0.15908
0.0281574 0.160158
0.0276628 0.156474
0.0274314 0.156442
0.0272336 0.158637
0.0277013 0.160516
0.0271875 0.157952
0.0281936 0.162408
0.0277405 0.15902
0.0281264 0.164015
0.028196 0.164594
0.0278145 0.164272
0.0271357 0.160701
0.0280305 0.163661
0.0280502 0.164284
0.0269759 0.16056
0.0266462 0.157503
0.0270428 0.163501
0.0269112 0.163346
0.0263427 0.15461
0.0275199 0.16168
0.0272826 0.161777
0.0270095 0.161371
0.0274743 0.168554
0.0271575 0.164988
0.0275692 0.168091
0.0273624 0.166349
0.0260935 0.159079
0.0267678 0.162803
0.0269232 0.161831
0.0261416 0.156472
0.0258086 0.14747
0.02628 0.150036
0.0267197 0.153352
0.0266278 0.147859
0.0261087 0.145476
0.026686 0.148222
0.0254209 0.138098
0.0251827 0.138398
0.0258043 0.142134
0.0264339 0.141642
0.0263103 0.141687
0.0253953 0.13729
0.024052 0.131359
0.0237192 0.131859
0.0253054 0.139764
0.0254763 0.140821
0.0255811 0.142078
0.0261755 0.144206
0.0276076 0.151351
0.0287413 0.157695
0.0298758 0.161513
0.0301046 0.161655
0.030829 0.159807
0.0298966 0.153771
0.0304482 0.156508
0.0299786 0.157252
0.0301959 0.155944
0.03021 0.159242
0.0305126 0.161626
0.0297662 0.159919
0.0289079 0.15584
0.0289731 0.161474
0.0289557 0.158921
0.0287645 0.16
0.0296217 0.164658
0.0282021 0.155682
0.0283773 0.160921
0.0285135 0.163885
0.0280889 0.157826
0.0279165 0.154501
0.0278884 0.157506
0.0296752 0.164234
0.0301433 0.163006
0.0307975 0.171336
0.0295581 0.168566
0.0304548 0.169572
0.0285583 0.155432
0.028698 0.160191
0.0295159 0.162533
0.0284355 0.158419
0.0282063 0.154376
0.029472 0.162285
0.0297734 0.162847
0.029392 0.160731
0.0310355 0.16865
0.0307868 0.167221
0.032933 0.170683
0.0339212 0.176013
0.0345459 0.179167
0.0337006 0.171897
0.0341651 0.176829
0.0330175 0.168968
0.034034 0.174562
0.0338958 0.171143
0.0341082 0.172694
0.0341071 0.171471
0.0329426 0.161115
0.033471 0.168607
0.0329945 0.169723
0.0339685 0.173326
0.0324275 0.166594
0.0332774 0.169846
0.0338323 0.173557
0.0343154 0.172766
0.0339964 0.172523
0.0344945 0.172513
0.0349487 0.17139
0.0359849 0.180036
0.036472 0.181354
0.036835 0.186463
0.0362747 0.181323
0.0375508 0.189572
0.0375207 0.188722
0.0372746 0.187649
0.0371292 0.185989
0.0362347 0.180176
0.0370571 0.188885
0.0376893 0.188332
0.0366988 0.183233
0.0373238 0.183052
0.0377645 0.184792
0.0366193 0.180236
0.0371856 0.183521
0.0375133 0.183464
0.0370202 0.178959
0.0374431 0.175717
0.0359111 0.17134
0.0368836 0.176149
0.0359666 0.174766
0.0360123 0.175457
0.0352357 0.173922
0.035729 0.17289
0.0359367 0.174204
0.0365462 0.178058
0.0358895 0.174751
0.036156 0.17299
0.0375408 0.182321
0.0376574 0.179127
0.037216 0.175234
0.0381864 0.183413
0.0382341 0.183602
0.0381438 0.177923
0.0376599 0.181256
0.0379207 0.180634
0.0383568 0.180956
0.0384018 0.18166
0.0379296 0.178913
0.0384946 0.179197
0.0380345 0.179743
0.0391281 0.183726
0.0373035 0.178833
0.0372606 0.178308
0.0365055 0.176561
0.035712 0.176076
0.0351421 0.173284
0.0346295 0.169837
0.0353053 0.175545
0.0378647 0.186811
0.036769 0.185287
0.0359755 0.181394
0.0365828 0.179322
0.0365466 0.175478
0.0362755 0.177061
0.03724 0.180934
0.0359985 0.177564
0.0362541 0.176081
0.0366609 0.17929
0.0382607 0.187455
0.0373284 0.185185
0.0382581 0.185588
0.0387176 0.190199
0.0392281 0.187951
0.0373903 0.175285
0.0382923 0.176847
0.0384828 0.176031
0.0394661 0.180217
0.038625 0.174822
0.0396899 0.182203
0.0409889 0.185507
0.0405247 0.187021
0.0381332 0.175558
0.0388088 0.186658
0.036794 0.183209
0.0365545 0.184024
0.0363487 0.184265
0.0360131 0.186925
0.0349558 0.18715
0.03323 0.17604
0.032695 0.173894
0.0343558 0.18826
0.0343392 0.18511
0.0344008 0.186929
0.0343478 0.185898
0.0349526 0.190547
0.0347412 0.188442
0.035659 0.189548
0.0352514 0.184612
0.0354112 0.184271
0.0375476 0.204564
0.0365388 0.198382
0.0354117 0.192978
0.0356144 0.190761
0.0367265 0.198357
0.0374027 0.204249
0.0372907 0.199772
0.0359426 0.189762
0.0376706 0.196872
0.0365864 0.18767
0.0365939 0.186452
0.0361005 0.185453
0.037367 0.193718
0.0352946 0.184587
0.0358675 0.187918
0.0357595 0.190749
0.0371324 0.197199
0.0379066 0.1996
0.0368234 0.192372
0.0377514 0.196998
0.0376441 0.198037
0.0371434 0.190533
0.0368483 0.189414
0.0361375 0.182648
0.0365334 0.185447
0.0350126 0.179625
0.0355571 0.183182
0.0349038 0.178679
0.0361699 0.186983
0.0360492 0.186958
0.0357968 0.185439
0.0362696 0.186483
0.0358381 0.182695
0.0349622 0.178633
0.0355703 0.179389
0.0350511 0.177211
0.0338873 0.173657
0.0325713 0.169413
0.0330636 0.173448
0.0323766 0.170252
0.03175 0.171125
0.0323558 0.175252
0.0330844 0.1799
0.0326393 0.173066
0.0315235 0.168291
0.0315867 0.167035
0.0312428 0.160911
0.0308075 0.159822
0.0316106 0.160993
0.0323111 0.169166
0.0319126 0.161528
0.0344109 0.171481
0.0356047 0.171796
0.0360923 0.173899
0.0357649 0.172377
0.0366835 0.173121
0.0368803 0.175288
0.0352944 0.165001
0.0371827 0.168721
0.0382266 0.164111
0.0401501 0.165976
0.0409419 0.168717
0.0405514 0.164844
0.0400829 0.162776
0.0403544 0.163042
0.0387565 0.15545
0.0403858 0.161084
0.039997 0.158604
0.0384009 0.152418
0.0408028 0.164117
0.0401834 0.160916
0.0391451 0.1564
0.0378453 0.154867
0.0380086 0.157796
0.0399445 0.162221
0.0382103 0.161373
0.0363566 0.15926
0.0370932 0.159618
0.0383837 0.166343
0.0396027 0.170578
0.0379155 0.166245
0.0384707 0.167323
0.0370758 0.160248
0.0372137 0.162335
0.0375662 0.16257
0.0385837 0.170718
0.0378876 0.168295
0.037808 0.164691
0.0372087 0.161999
0.0370355 0.159024
0.038445 0.165217
0.0366694 0.15561
0.0383628 0.163933
0.0389633 0.166528
0.0377833 0.160206
0.0386617 0.161669
0.038079 0.159626
0.0375423 0.158399
0.0379298 0.157687
0.0375633 0.161177
0.0378953 0.164054
0.0375666 0.15967
0.0391886 0.169261
0.0390271 0.169195
0.0388116 0.169733
0.0400017 0.16858
0.0387225 0.163396
0.0386921 0.159057
0.0379863 0.160137
0.0381737 0.160449
0.0359095 0.150895
0.0373123 0.156599
0.0377108 0.158459
0.0383739 0.160323
0.0386744 0.161878
0.0377451 0.162051
0.0386462 0.161922
0.0390794 0.163651
0.0385059 0.163658
0.0382389 0.160437
0.0387862 0.16226
0.0387443 0.165952
0.0389398 0.167643
0.0387798 0.165595
0.0388304 0.162809
0.0382573 0.159255
0.0384281 0.161887
0.0385814 0.159887
0.0389179 0.162341
0.037882 0.155079
0.0378884 0.158512
0.0392594 0.166142
0.0406674 0.173917
0.0394978 0.169948
0.0396777 0.173675
0.0393025 0.172491
0.0384966 0.168243
0.0390663 0.173043
0.0382845 0.170605
0.037882 0.166325
0.0374617 0.16662
0.0379787 0.16957
0.0386246 0.168112
0.0371139 0.160223
0.0379406 0.163286
0.0375879 0.16214
0.0362382 0.152029
0.0361231 0.156777
0.035216 0.150938
0.0356364 0.151018
0.0358365 0.15435
0.0369332 0.163662
0.0362293 0.160464
0.0351599 0.156835
0.0362458 0.160934
0.035709 0.157905
0.0351093 0.15774
0.0350825 0.156265
0.0355664 0.158516
0.0340306 0.152646
0.0381372 0.169121
0.0396611 0.172458
0.039448 0.172455
0.0395974 0.178112
0.0387739 0.17437
0.0388437 0.174743
0.0391021 0.179274
0.0380736 0.176687
0.0377954 0.176124
0.0364381 0.175644
0.0360147 0.176745
0.0350588 0.173858
0.0336716 0.166545
0.0328829 0.161964
0.0326114 0.16624
0.0327431 0.165885
0.031418 0.158653
0.031073 0.158735
0.0330176 0.16168
0.0309779 0.15266
0.0312189 0.151838
0.0321892 0.160627
0.032833 0.168092
0.0316986 0.157416
0.0314701 0.160144
0.0311865 0.160207
0.0310152 0.157482
0.0311028 0.160129
0.030656 0.155709
0.0309216 0.1578
0.0319236 0.166268
0.0319646 0.166612
0.0324222 0.171201
0.0324414 0.168408
0.0318806 0.170463
0.0322215 0.171486
0.0319057 0.170082
0.0319817 0.173344
0.0317781 0.174616
0.0318916 0.171435
0.032231 0.174812
0.0318688 0.178538
0.0322973 0.177406
0.0326728 0.178303
0.0315952 0.171571
0.0302004 0.165086
0.0305932 0.169629
0.0311006 0.173518
0.0299087 0.16407
0.0309825 0.17172
0.03118 0.173442
0.0312637 0.173148
0.0306657 0.171529
0.0313981 0.174034
0.0314192 0.176554
0.0307214 0.175852
0.0305402 0.173157
0.0303233 0.170471
0.0305036 0.169106
0.0308286 0.173663
0.0304565 0.172664
0.0302029 0.172356
0.0294899 0.166903
0.0308741 0.175006
0.0297883 0.168162
0.0298043 0.165498
0.029544 0.163788
0.0290689 0.161212
0.0296335 0.1653
0.0298454 0.161445
0.0299636 0.161933
0.0294031 0.157032
0.0295168 0.155624
0.0286402 0.149166
0.028758 0.149072
0.02933 0.153838
0.0288279 0.152042
0.0280469 0.145614
0.0292569 0.150732
0.0292941 0.151374
0.0301609 0.15378
0.0304417 0.153993
0.0304139 0.149457
0.0291861 0.143668
0.0292385 0.143533
0.029155 0.142725
0.0296943 0.140666
0.0307471 0.14212
0.0318548 0.145825
0.0326908 0.148372
0.0337514 0.15257
0.033896 0.154166
0.0344551 0.157592
0.0339683 0.153926
0.0356256 0.163588
0.0336432 0.154024
0.0319595 0.153448
0.0339277 0.162796
0.0332915 0.163583
0.0333681 0.161681
0.0322305 0.15843
0.0325598 0.159328
0.03168 0.160465
0.0303348 0.157416
0.0314087 0.162417
0.0306956 0.164575
0.0303744 0.162033
0.0309422 0.169738
0.0302543 0.165018
0.030688 0.162144
0.0304504 0.161456
0.030239 0.161868
0.0292017 0.157942
0.0290491 0.156057
0.0296391 0.162925
0.0280713 0.152324
0.0285631 0.154925
0.0285535 0.157336
0.0275327 0.150119
0.0271741 0.147668
0.0278774 0.152917
0.0283657 0.157258
0.0272176 0.149683
0.028061 0.152631
0.0275563 0.147613
0.026433 0.142423
0.0270355 0.145067
0.0273218 0.147225
0.0273462 0.148325
0.0279687 0.150135
0.027561 0.151087
0.0277324 0.15089
0.0263532 0.143883
0.0273373 0.148582
0.026237 0.14509
0.026605 0.145975
0.0266664 0.146131
0.027075 0.147996
0.0266971 0.145776
0.0267859 0.145738
0.0264428 0.14515
0.0263351 0.144696
0.0273825 0.151042
0.0276052 0.153567
0.0273253 0.147658
0.0278116 0.155217
0.0281394 0.160556
0.0267985 0.153679
0.0259049 0.146515
0.0272095 0.15903
0.0270682 0.159749
0.0271391 0.162283
0.0260624 0.158538
0.0275148 0.167951
0.0271083 0.161752
0.0260925 0.157232
0.0254846 0.153149
0.0258923 0.156977
0.0256137 0.152733
0.0261572 0.159378
0.0261609 0.157107
0.0264183 0.158702
0.0261878 0.158563
0.0268027 0.162412
0.0263333 0.160233
0.0260644 0.157868
0.0255826 0.152001
0.0265949 0.15993
0.0269835 0.161537
0.0267185 0.159113
0.0273555 0.161294
0.0251987 0.145221
0.025791 0.146454
0.0260438 0.149182
0.0256426 0.146086
0.0257225 0.147188
0.0261213 0.151059
0.0253981 0.147715
0.0258826 0.152501
0.025489 0.148469
0.0258476 0.152005
0.027776 0.162808
0.0287546 0.167596
0.0300004 0.173359
0.029132 0.164286
0.0292556 0.166518
0.0293912 0.166987
0.0303924 0.168376
0.0302643 0.170216
0.0307482 0.169549
0.0313391 0.167499
0.0321077 0.173223
0.0313109 0.173267
0.0310746 0.172063
0.0313624 0.170177
0.0310991 0.17278
0.0319538 0.176151
0.0314371 0.172558
0.0313173 0.175183
0.0317677 0.173953
0.0316054 0.174087
0.0307678 0.169452
0.0295884 0.163318
0.0304107 0.166688
0.0300533 0.165194
0.0304135 0.167784
0.0291757 0.162562
0.0284822 0.160726
0.0290827 0.163452
0.0293036 0.163839
0.0296321 0.163526
0.0295035 0.164317
0.0289641 0.164671
0.029779 0.16492
0.0294307 0.164375
0.0284953 0.166545
0.0286706 0.167236
0.0286837 0.16422
0.0294975 0.167841
0.0292346 0.164924
0.0291879 0.167066
0.0285643 0.163807
0.0283209 0.164194
0.0286126 0.161538
0.0291089 0.165674
0.0286868 0.164408
0.0294622 0.169004
0.0297699 0.168962
0.0302065 0.174645
0.0286778 0.164942
0.0294295 0.163134
0.0291844 0.163654
0.0295158 0.165457
0.0285039 0.166187
0.029215 0.164776
0.0301236 0.171997
0.029985 0.168006
0.0297689 0.169984
0.0303555 0.173879
0.0305675 0.174124
0.0309311 0.174716
0.0312911 0.171471
0.0309543 0.171545
0.030718 0.169799
0.0317122 0.172849
0.0307409 0.175066
0.031847 0.18384
0.0303999 0.174891
0.030469 0.174441
0.0299048 0.16707
0.0298761 0.167429
0.0292011 0.163525
0.0298793 0.165198
0.0296707 0.166162
0.0296539 0.168058
0.0291574 0.164396
0.0291815 0.165472
0.0286527 0.161996
0.0288244 0.163856
0.0281481 0.157005
0.0285036 0.159926
0.028223 0.157301
0.0286204 0.160034
0.0294692 0.167498
0.029352 0.160766
0.028835 0.162239
0.0290705 0.163038
0.0298976 0.168199
0.027735 0.154829
0.0282593 0.161823
0.0283585 0.158959
0.028347 0.155687
0.0290866 0.158165
0.0297805 0.162482
0.0288365 0.159494
0.0294042 0.16281
0.0303771 0.169417
0.0293793 0.163322
0.0302616 0.165873
0.0311844 0.169944
0.0320266 0.174286
0.0320668 0.17072
0.0319007 0.173975
0.031787 0.17151
0.0304497 0.163641
0.0312445 0.166472
0.0323973 0.174164
0.0319762 0.168009
0.0314758 0.170611
0.0327246 0.177643
0.0338151 0.177811
0.0329581 0.174638
0.0334702 0.180758
0.0325286 0.178087
0.0322746 0.174314
0.0332589 0.183488
0.0335585 0.182259
0.0342804 0.184039
0.0344423 0.181818
0.034793 0.182508
0.034552 0.177342
0.0361971 0.183869
0.0355383 0.181578
0.0353288 0.180956
0.0351758 0.177144
0.0359541 0.184038
0.035257 0.177328
0.0351423 0.177645
0.0346039 0.173335
0.0339882 0.170545
0.0334196 0.167237
0.0332341 0.168021
0.0346238 0.176938
0.0341482 0.177694
0.0351255 0.177894
0.0359448 0.181563
0.0363675 0.18174
0.0364787 0.180289
0.0366167 0.180886
0.0374724 0.185078
0.0379539 0.188074
0.037869 0.188608
0.0381139 0.191253
0.0390701 0.193376
0.0379941 0.190327
0.03811 0.189744
0.037484 0.190251
0.0392072 0.19046
0.0377088 0.192144
0.0373274 0.184384
0.0373177 0.186473
0.0369166 0.183965
0.0363574 0.176865
0.0359119 0.175931
0.0356674 0.172135
0.035808 0.17199
0.035419 0.174074
0.035204 0.173743
0.0356539 0.174455
0.034857 0.170539
0.035129 0.174005
0.0351444 0.171057
0.0354975 0.17198
0.0338713 0.163084
0.0347364 0.16798
0.0345711 0.167633
0.03626 0.174307
0.0358266 0.174643
0.0361402 0.17509
0.0356135 0.17489
0.0359661 0.172635
0.0362867 0.17736
0.0370746 0.175958
0.0363166 0.173429
0.0363162 0.172071
0.0376965 0.179613
0.038545 0.183933
0.0374297 0.171302
0.0377395 0.174747
0.0380889 0.179206
0.0370967 0.171451
0.0366644 0.170524
0.0369909 0.171548
0.0379428 0.17436
0.0370031 0.173019
0.0363788 0.173104
0.0369054 0.176148
0.0372122 0.177667
0.0378935 0.181244
0.0373886 0.182892
0.0364923 0.176634
0.0356395 0.171536
0.034806 0.163698
0.0357332 0.167277
0.0356415 0.171097
0.0381817 0.181094
0.0360516 0.172585
0.0351162 0.167641
0.0367878 0.174944
0.037948 0.180358
0.0384265 0.184179
0.0378972 0.182952
0.0386415 0.185446
0.0385226 0.182786
0.0383156 0.18374
0.0392277 0.189537
0.0387314 0.186698
0.0376557 0.182069
0.0386679 0.187629
0.0370949 0.18228
0.037695 0.18058
0.0364128 0.175667
0.0360414 0.174767
0.0350681 0.172557
0.0351406 0.172023
0.0357787 0.17356
0.0363582 0.176747
0.0371555 0.185352
0.0352227 0.172475
0.0338003 0.167084
0.0337864 0.171484
0.0340941 0.177677
0.0344616 0.180576
0.0336945 0.182993
0.0330297 0.176637
0.0328276 0.177935
0.0338027 0.179889
0.0331278 0.182641
0.0336001 0.183536
0.0336072 0.181829
0.0339069 0.182687
0.0347682 0.193936
0.0343637 0.195587
0.0347066 0.19634
0.0350936 0.201868
0.0352133 0.199048
0.0366057 0.207798
0.0370089 0.203435
0.035574 0.19067
0.037059 0.201266
0.0362346 0.198519
0.036081 0.19797
0.0363582 0.197449
0.0367326 0.199211
0.036931 0.194401
0.0368523 0.192954
0.0371503 0.18923
0.0363567 0.183881
0.0352077 0.179367
0.03626 0.184632
0.0365708 0.188716
0.0364988 0.188524
0.0365859 0.190299
0.0376223 0.193653
0.0370464 0.190709
0.0374074 0.19506
0.0377303 0.195662
0.0372162 0.187574
0.037453 0.191205
0.0370645 0.195842
0.0364819 0.192308
0.0368567 0.190981
0.0384079 0.198342
0.0365076 0.186174
0.034851 0.179599
0.0352488 0.180694
0.0348668 0.178065
0.0347103 0.17693
0.0350552 0.182876
0.0351335 0.182474
0.035407 0.186834
0.0348747 0.182368
0.0355796 0.182279
0.035735 0.170749
0.0353714 0.171604
0.035007 0.168623
0.0336447 0.16308
0.033849 0.165966
0.0343246 0.167368
0.0332744 0.156411
0.0336662 0.158034
0.0337292 0.157182
0.0330845 0.153622
0.0324261 0.149888
0.0326929 0.153143
0.0321922 0.150433
0.0324041 0.152376
0.0324818 0.152623
0.0322398 0.151572
0.0323817 0.151456
0.0328789 0.155847
0.033745 0.159509
0.0339862 0.159917
0.0339853 0.157674
0.0346717 0.161243
0.0352529 0.163645
0.0369311 0.171686
0.0378058 0.172948
0.0373798 0.167678
0.0367929 0.165192
0.0365521 0.16375
0.0364226 0.161524
0.0362786 0.160898
0.0374973 0.160937
0.0364727 0.15745
0.0369515 0.157971
0.0366023 0.15603
0.0375826 0.157711
0.0369075 0.155637
0.0372856 0.156068
0.0369422 0.154525
0.0357659 0.150531
0.0350711 0.142519
0.0366397 0.149673
0.0373288 0.15296
0.0379312 0.1562
0.039097 0.159968
0.0386811 0.156742
0.0391051 0.160078
0.038464 0.161769
0.038396 0.15996
0.0379578 0.159195
0.0396582 0.165388
0.0394501 0.170031
0.0399056 0.17331
0.0391282 0.169278
0.0397799 0.172748
0.0406078 0.177031
0.0397345 0.176796
0.039604 0.175219
0.039809 0.173463
0.0384945 0.171972
0.0381463 0.162214
0.0382188 0.16021
0.0387273 0.164382
0.0372692 0.15575
0.0372087 0.154325
0.038176 0.157783
0.0391105 0.163203
0.0388306 0.163326
0.0383733 0.161552
0.0388934 0.162868
0.0396718 0.166096
0.038866 0.160393
0.0385796 0.161094
0.0378131 0.159447
0.0382303 0.159625
0.0389429 0.161828
0.0396663 0.165071
0.0389293 0.164179
0.0397512 0.167655
0.0402514 0.169798
0.0403939 0.169932
0.0399966 0.168631
0.039976 0.169732
0.0402896 0.170226
0.0413225 0.175513
0.0407393 0.172131
0.0401081 0.171676
0.0390136 0.166606
0.0391828 0.169139
0.0388641 0.169089
0.0384085 0.162174
0.0380798 0.159372
0.039377 0.166984
0.0391241 0.167561
0.039237 0.165783
0.03894 0.165044
0.037713 0.159229
0.0376976 0.156354
0.0369083 0.15798
0.0358991 0.149031
0.0357749 0.145284
0.0362024 0.154586
0.0360467 0.156725
0.0370339 0.161776
0.0368268 0.163662
0.0357917 0.157685
0.0364158 0.15949
0.0362353 0.157147
0.0367122 0.162286
0.0359457 0.161606
0.0366156 0.163874
0.0369344 0.163391
0.0370355 0.168948
0.036937 0.166987
0.0353856 0.160918
0.0363169 0.165907
0.0356976 0.166354
0.0368116 0.167441
0.0363203 0.16588
0.0363482 0.165185
0.0363903 0.163598
0.0359615 0.167074
0.0367381 0.168624
0.0369956 0.168088
0.0371793 0.172644
0.0368741 0.170115
0.0360865 0.170547
0.0366344 0.176727
0.0361613 0.174621
0.0346215 0.164696
0.0347415 0.168949
0.0348754 0.171577
0.0341709 0.16814
0.033871 0.163411
0.0329642 0.160214
0.0345961 0.167556
0.0331996 0.160113
0.033355 0.157175
0.032895 0.152943
0.0328947 0.155412
0.0333152 0.158157
0.0326777 0.152821
0.0326965 0.155587
0.0326117 0.154855
0.0329712 0.157214
0.0330955 0.159492
0.0321612 0.157591
0.032837 0.158861
0.0321278 0.159145
0.033075 0.164216
0.0326759 0.160653
0.0337745 0.172265
0.0327869 0.172622
0.0336124 0.174826
0.0348521 0.183719
0.0338263 0.178583
0.0341803 0.180532
0.0336427 0.180426
0.0333186 0.17253
0.0338089 0.176841
0.032811 0.174458
0.0338282 0.178874
0.0331271 0.173348
0.0331155 0.18032
0.0333263 0.17478
0.0325532 0.172356
0.0324593 0.169772
0.0316482 0.166501
0.0312959 0.16253
0.03157 0.159949
0.030588 0.156143
0.0304375 0.153691
0.0301401 0.151652
0.0307308 0.156157
0.0306535 0.158308
0.0301403 0.155959
0.029868 0.154273
0.0297042 0.155668
0.0298214 0.159383
0.0303448 0.15859
0.0311484 0.168928
0.03031 0.164217
0.0303348 0.166017
0.0311166 0.172246
0.0316833 0.175614
0.030534 0.166935
0.0308943 0.166895
0.0316017 0.173313
0.0306174 0.163753
0.0304517 0.164794
0.0307315 0.158378
0.0304671 0.15437
0.0308945 0.153766
0.0294387 0.145191
0.0302519 0.147561
0.0306197 0.147374
0.0299015 0.145598
0.0302326 0.146945
0.0310739 0.152094
0.0310667 0.150402
0.0317802 0.153714
0.0328034 0.161788
0.0317831 0.154262
0.0310579 0.151796
0.0320912 0.157255
0.0316453 0.153776
0.0319124 0.157638
0.0316057 0.156787
0.0316656 0.157241
0.0313582 0.156778
0.0308448 0.154266
0.0297971 0.145872
0.0309267 0.14949
0.0324035 0.159049
0.0311555 0.149421
0.0321919 0.154087
0.0316658 0.151887
0.0323625 0.153507
0.0312408 0.149405
0.0318378 0.150552
0.0318449 0.149797
0.0326306 0.156024
0.03269 0.154773
0.0322635 0.153453
0.0314782 0.153106
0.0319203 0.155752
0.0317423 0.154851
0.0311073 0.156513
0.0317571 0.159274
0.0310619 0.160316
0.0309766 0.1606
0.0316286 0.166685
0.0318336 0.162214
0.0306324 0.159392
0.0316602 0.162615
0.0312908 0.158943
0.0313622 0.158548
0.0320867 0.161743
0.0307491 0.155139
0.0311827 0.160683
0.0319359 0.162878
0.0322737 0.169866
0.0322526 0.169754
0.032195 0.170544
0.0322594 0.16812
0.0323918 0.169022
0.0320049 0.16905
0.0318825 0.167865
0.031761 0.167313
0.0319555 0.167421
0.0314015 0.165213
0.0308832 0.161542
0.0311617 0.158601
0.0305308 0.157172
0.0301233 0.155171
0.0306905 0.155299
0.0306711 0.155482
0.0302223 0.156801
0.0304764 0.156463
0.0298829 0.154839
0.0307194 0.158128
0.0303747 0.156515
0.0304772 0.156812
0.03048 0.155534
0.0297276 0.154014
0.0292498 0.153567
0.0299671 0.155972
0.0298363 0.153214
0.0300649 0.154021
0.0301566 0.155202
0.029223 0.150695
0.0304203 0.15644
0.0305061 0.157344
0.0304855 0.15731
0.0294093 0.153358
0.0297036 0.153779
0.0291629 0.151435
0.0291494 0.151518
0.0290351 0.151363
0.0292697 0.151644
0.0289516 0.150664
0.0294519 0.153091
0.0301103 0.156216
0.0302226 0.15745
0.0295494 0.153981
0.029878 0.15576
0.0292624 0.153277
0.0284926 0.149443
0.0276844 0.145756
0.0286628 0.144109
0.0284965 0.142229
0.0287803 0.143124
0.0288407 0.144568
0.028497 0.142715
0.0279342 0.139711
0.0279584 0.141121
0.0280887 0.142335
0.028486 0.145658
0.0279488 0.141318
0.0285883 0.144976
0.0289283 0.147232
0.028219 0.143189
0.0281462 0.142493
0.0284596 0.144154
0.0286722 0.145686
0.0280435 0.143562
0.0269914 0.143826
0.0279965 0.141496
0.0270887 0.138375
0.027332 0.141099
0.0274245 0.143069
0.0266346 0.140895
0.0268921 0.141666
0.026631 0.143208
0.0263896 0.142204
0.02773 0.148122
0.0269719 0.146652
0.0276365 0.149691
0.0282657 0.153562
0.0274523 0.147236
0.027142 0.147159
0.0275295 0.148414
0.0272571 0.14569
0.0266672 0.143237
0.0276218 0.145111
0.0265559 0.13995
0.0265946 0.140187
0.0284237 0.149054
0.0275 0.146018
0.0266571 0.142324
0.0274967 0.143706
0.0272316 0.14305
0.0276774 0.146781
0.0279369 0.148341
0.0278929 0.148418
0.0276329 0.146267
0.0286433 0.149557
0.0288755 0.148873
0.0279009 0.145014
0.0277984 0.145058
0.027332 0.142809
0.0272762 0.14252
0.0276702 0.145297
0.0273076 0.142443
0.0273535 0.142777
0.0268692 0.140085
0.0277161 0.143982
0.0276773 0.143459
0.0277921 0.143222
0.027471 0.142225
0.0270945 0.141127
0.0273911 0.140191
0.0273817 0.141196
0.0278308 0.143473
0.0273012 0.141391
0.0272339 0.139545
0.0278896 0.143534
0.0273257 0.141971
0.0275614 0.142069
0.0273344 0.142099
0.0278149 0.142291
0.0277298 0.143821
0.0275458 0.143601
0.0279537 0.146002
0.0279425 0.144521
0.0279836 0.145093
0.0276944 0.143683
0.0279966 0.144435
0.0275493 0.143539
0.0282454 0.146643
0.0282828 0.146279
0.0272534 0.142255
0.0280961 0.144523
0.0289722 0.148787
0.0288014 0.148796
0.0283742 0.146717
0.0283365 0.146326
0.0283192 0.147223
0.028698 0.147688
0.0294074 0.151814
0.028804 0.14885
0.0286798 0.148906
0.028837 0.148596
0.0285371 0.146988
0.028516 0.146638
0.0287641 0.147983
0.0281402 0.144844
0.0288478 0.14955
0.0282605 0.146049
0.0289179 0.149781
0.028182 0.145621
0.0288185 0.148848
0.028802 0.149383
0.028185 0.146933
0.0276926 0.143386
0.0283122 0.146267
0.0287053 0.149008
0.0278881 0.145087
0.0282269 0.146531
0.0286763 0.148132
0.0289387 0.149119
0.0287955 0.149143
0.0291467 0.151429
0.0285937 0.148286
0.0290709 0.149674
0.0282286 0.145538
0.0289059 0.149606
0.0288116 0.148487
