1216         1216
1178         374
1170         357
1180         353
1184         346
1182         372
1181         362
1173         360
1112         342
1128         305
1116         295
1121         332
1099         329
1113         338
1105         333
1116         337
1134         350
1145         346
1142         357
1129         341
1156         347
1136         359
1126         346
1126         357
1153         371
1146         364
1144         364
1147         362
1153         363
1151         365
1175         368
1177         361
1166         372
1150         378
1215         375
1195         373
1204         348
1241         372
1261         386
1259         386
1214         525
1245         527
1225         514
1230         504
1221         497
1196         496
1186         544
1232         560
1181         556
1187         542
1225         552
1212         567
1233         584
1233         557
1234         548
1259         605
1285         604
1284         600
1314         618
1260         595
1320         625
1299         621
1338         657
1268         581
1330         656
1318         662
1318         651
1321         645
1294         650
1312         666
1354         684
1350         689
1325         657
1299         654
1359         675
1389         688
1331         655
1380         692
1353         678
1371         688
1366         663
1366         667
1389         644
1329         639
1328         662
1370         681
1291         635
1337         668
1378         696
1384         680
1360         676
1411         685
1382         662
1434         678
1405         668
1391         681
1344         636
1384         673
1346         654
1397         685
1342         683
1368         689
1378         685
1374         671
1408         674
1393         697
1381         713
1388         675
1360         723
1400         695
1409         682
1414         711
1427         739
1433         733
1369         705
1384         713
1440         733
1453         749
1450         703
1421         730
1458         776
1448         763
1467         740
1420         736
1457         772
1453         766
1431         736
1421         724
1424         713
1457         729
1443         747
1368         709
1458         765
1412         718
1388         679
1448         736
1482         774
1423         730
1443         747
1388         695
1441         734
1415         701
1431         729
1434         724
1485         719
1413         710
1469         713
1436         712
1448         713
1393         693
1471         708
1413         714
1453         767
1400         710
1379         693
1442         700
1457         721
1449         744
1410         738
1383         738
1472         758
1400         723
1386         721
1423         730
1466         771
1419         743
1385         716
1391         720
1395         704
1427         710
1438         737
1388         722
1432         726
1447         669
1400         689
1421         681
1385         671
1345         635
1331         622
1221         548
1365         641
1348         637
1397         663
1404         671
1412         689
1396         658
1382         645
1388         639
1342         629
1406         674
1357         644
1343         641
1368         653
1352         677
1317         654
1309         636
1339         672
1360         673
1345         689
1324         657
1341         644
1331         654
1344         667
1357         638
1358         643
1344         641
1379         647
1303         609
1338         606
1335         599
1340         620
1324         602
1372         660
1382         697
1332         658
1335         662
1298         622
1451         615
1376         643
1405         645
1413         622
1389         595
1411         610
1440         624
1394         609
1389         635
1377         652
1420         650
1397         669
1362         649
1375         642
1387         636
1393         608
1359         629
1289         563
1327         573
1283         542
1291         545
1261         554
1289         550
1270         573
1249         553
1290         567
1215         524
1284         558
1253         547
1313         596
1277         584
1307         583
1306         581
1286         552
1281         558
1278         546
1296         559
1281         544
1273         552
1248         504
1249         521
1258         536
1301         577
1295         517
1256         520
1262         538
1264         519
1338         573
1313         551
1307         548
1313         572
1346         605
1386         616
1331         566
1303         560
1384         577
1341         575
1317         586
1366         599
1338         563
1353         564
1324         566
1358         573
1388         594
1353         569
1375         567
1294         569
1365         573
1342         585
1357         591
1363         599
1285         549
1287         589
1296         599
1299         588
1269         573
1256         596
1264         583
1272         549
1283         578
1265         583
1225         578
1224         560
1197         520
1208         559
1193         519
1158         555
1211         565
1209         539
1203         544
1245         555
1232         559
1226         568
1210         546
1261         588
1225         579
1222         580
1213         557
1221         568
1187         553
1230         610
1234         560
1249         594
1242         579
1273         561
1224         570
1268         600
1249         555
1280         580
1325         619
1306         612
1269         582
1260         541
1358         639
1332         618
1263         571
1324         581
1280         580
1305         589
1292         605
1330         567
1290         596
1273         579
1335         606
1310         574
1289         571
1335         559
1330         555
1312         555
1307         587
1378         614
1298         576
1294         570
1354         597
1347         585
1343         598
1323         583
1299         587
1273         569
1328         593
1347         611
1314         593
1344         640
1350         621
1319         586
1310         600
1327         605
1326         613
1332         631
1353         621
1330         621
1340         625
1366         614
1334         616
1366         617
1347         628
1376         629
1319         598
1335         600
1344         615
1297         621
1348         598
1376         646
1365         623
1396         627
1387         673
1357         643
1329         597
1343         601
1374         623
1437         632
1412         642
1391         643
1371         652
1455         700
1408         685
1366         631
1391         642
1374         624
1405         645
1434         643
1429         639
1402         637
1418         634
1408         641
1463         666
1421         640
1420         643
1450         660
1462         707
1497         717
1467         688
1471         662
1456         649
1457         701
1472         661
1468         674
1495         677
1452         638
1450         653
1419         661
1435         678
1436         658
1408         605
1349         627
1403         613
1407         654
1390         626
1447         675
1413         634
1381         672
1416         666
1395         657
1400         640
1437         677
1396         653
1384         660
1339         600
1370         627
1346         641
1405         718
1416         690
1444         741
1462         654
1464         669
1488         665
1450         657
1365         606
1414         623
1408         657
1418         629
1424         620
1392         618
1422         623
1422         639
1447         664
1376         616
1408         661
1405         630
1411         598
1403         631
1366         595
1430         616
1428         615
1407         630
1420         659
1386         606
1361         608
1348         610
1287         560
1329         611
1298         580
1326         592
1317         568
1392         617
1366         613
1335         595
1370         598
1338         595
1377         606
1404         600
1371         587
1311         566
1375         588
1356         574
1322         572
1330         586
1373         596
1380         610
1328         609
1281         577
1320         596
1360         614
1355         635
1360         606
1317         570
1360         607
1348         558
1322         562
1334         586
1346         583
1327         587
1315         566
1385         637
1310         566
1320         574
1297         582
1334         602
1310         564
1372         628
1367         615
1389         606
1374         630
1364         587
1334         619
1337         609
1343         594
1423         667
1351         595
1353         608
1345         631
1312         585
1363         624
1397         636
1355         612
1362         658
1382         593
1419         645
1437         676
1401         660
1431         658
1417         618
1433         656
1347         619
1325         608
1361         619
1378         635
1381         641
1428         627
1402         665
1371         638
1392         655
1368         603
1354         586
1390         601
1408         613
1384         622
1366         625
1330         601
1360         612
1386         650
1368         619
1397         641
1346         624
1397         678
1352         647
1298         585
1257         588
1257         569
1183         555
1217         546
1229         568
1226         572
1256         573
1303         604
1314         614
1278         594
1301         589
1224         534
1255         570
1246         522
1234         524
1203         498
1253         505
1256         525
1235         511
1259         533
1226         530
1228         506
1204         494
1235         508
1217         516
1236         520
1257         504
1226         516
1240         491
1237         501
1220         517
1290         564
1234         526
1247         510
1240         508
1225         534
1268         545
1249         514
1239         546
1262         549
1264         557
1311         573
1271         573
1303         577
1253         513
1305         539
1312         565
1291         520
1325         569
1280         516
1318         562
1322         580
1266         556
1322         562
1289         531
1290         558
1262         542
1254         527
1253         524
1273         557
1250         517
1259         560
1290         586
1278         554
1284         573
1282         524
1301         582
1326         564
1295         554
1326         568
1286         562
1310         583
1280         559
1311         564
1298         564
1276         532
1278         549
1268         521
1270         515
1295         557
1263         548
1292         553
1247         559
1261         565
1269         558
1298         573
1261         573
1270         557
1273         535
1299         567
1306         577
1278         556
1282         571
1291         551
1304         541
1301         527
1342         564
1334         546
1296         550
1335         507
1339         516
1273         474
1287         525
1292         507
1275         482
1280         494
1256         522
1293         555
1225         524
1201         472
1225         519
1220         503
1239         514
1224         489
1258         514
1289         519
1314         518
1288         535
1304         534
1349         557
1331         529
1325         562
1288         514
1302         547
1280         541
1310         572
1292         548
1327         585
1316         572
1288         561
1375         576
1297         567
1337         563
1290         568
1271         523
1298         559
1202         524
1271         571
1248         539
1267         549
1193         479
1234         556
1218         527
1251         522
1315         580
1229         531
1223         539
1274         532
1215         527
1212         534
1253         539
1251         546
1323         556
1271         525
1294         543
1214         521
1246         557
1241         537
1258         527
1249         521
1254         533
1300         548
1280         559
1269         536
1298         561
1234         548
1271         557
1284         563
1305         579
1268         507
1326         583
1291         561
1331         583
1331         602
1317         580
1306         556
1350         574
1337         553
1347         599
1365         596
1371         620
1373         586
1326         582
1345         577
1354         593
1362         596
1358         619
1382         583
1354         598
1329         591
1367         597
1366         570
1380         584
1320         550
1366         600
1445         646
1389         627
1407         641
1345         613
1318         590
1327         591
1272         573
1307         571
1371         609
1361         603
1292         568
1309         558
1330         568
1319         591
1294         578
1331         573
1330         597
1333         609
1356         610
1295         531
1301         575
1296         575
1301         572
1322         575
1294         602
1341         604
1323         613
1306         604
1331         597
1342         624
1337         594
1304         600
1361         626
1313         594
1357         627
1341         592
1320         598
1341         574
1384         634
1387         631
1389         670
1384         625
1402         678
1368         644
1305         608
1335         613
1290         598
1373         623
1362         627
1364         642
1373         598
1304         579
1440         663
1422         616
1391         617
1353         635
1403         598
1412         631
1434         612
1445         679
1415         650
1459         668
1439         662
1405         660
1357         645
1373         649
1407         649
1408         650
1411         641
1433         652
1422         642
1415         631
1427         656
1438         660
1412         645
1424         633
1409         650
1388         623
1416         623
1412         634
1407         641
1474         665
1438         688
1497         673
1442         698
1425         644
1398         638
1435         651
1430         680
1483         681
1450         643
1455         621
1466         631
1434         616
1378         585
1401         629
1421         612
1433         593
1419         636
1450         634
1406         594
1459         601
1450         620
1398         611
1402         596
1394         599
1416         623
1422         643
1433         613
1484         639
1446         655
1418         610
1382         608
1329         587
1372         606
1392         558
1396         621
1373         611
1431         635
1330         573
1365         613
1352         583
1325         552
1386         561
1371         574
1413         560
1391         560
1383         566
1376         573
1397         590
1391         560
1396         588
1364         561
1372         557
1416         576
1379         564
1373         556
1394         576
1381         579
1343         584
1354         581
1416         598
1437         625
1379         589
1371         569
1406         572
1368         575
1432         588
1411         618
1391         573
1393         604
1464         631
1388         547
1330         557
1383         580
1395         621
1398         585
1385         585
1440         612
1375         595
1408         603
1382         574
1403         585
1381         585
1400         592
1379         568
1371         575
1335         555
1340         573
1333         564
1315         565
1368         563
1312         576
1347         596
1316         606
1295         583
1306         566
1285         549
1306         527
1341         521
1306         538
1308         518
1336         526
1301         534
1292         522
1264         510
1285         548
1270         517
1294         518
1279         479
1267         527
1341         551
1303         539
1334         551
1340         552
1298         537
1288         544
1277         571
1276         545
1318         553
1284         517
1289         510
1308         530
1357         546
1399         567
1358         572
1394         612
1387         562
1359         562
1326         530
1381         561
1374         528
1341         536
1353         540
1384         565
1370         575
1386         577
1371         587
1355         571
1328         545
1344         563
1336         572
1314         534
1362         566
1340         549
1336         566
1392         608
1375         599
1369         556
1328         569
1339         551
1361         576
1333         553
1346         558
1353         565
1306         558
1286         541
1322         550
1365         563
1371         561
1354         563
1383         589
1378         576
1389         579
1348         583
1366         600
1316         561
1378         616
1347         571
1352         615
1354         591
1361         594
1326         582
1360         609
1354         599
1351         555
1366         595
1360         612
1351         589
1342         587
1373         581
1397         608
1361         606
1385         608
1380         596
1380         630
1352         571
1373         593
1388         615
1351         619
1367         576
1369         586
1371         599
1406         588
1410         624
1400         611
1415         586
1461         648
1454         589
1376         573
1381         570
1381         585
1380         606
1424         625
1405         618
1382         610
1352         605
1389         608
1370         574
1362         598
1326         604
1331         640
1275         616
1303         605
1270         582
1363         606
1299         551
1243         589
1232         521
1277         561
1314         575
1248         532
1247         511
1253         523
1199         494
1277         503
1244         488
1262         519
1296         541
1247         513
1241         495
1263         515
1235         521
1252         557
1268         527
1233         516
1276         540
1264         513
1258         537
1229         513
1202         485
1268         534
1280         554
1243         504
1268         525
1225         508
1253         547
1270         553
1237         546
1214         518
1250         544
1222         501
1252         538
1238         519
1265         529
1228         538
1259         537
1250         550
1353         620
1337         600
1316         609
1260         570
1251         590
1215         513
1232         549
1237         516
1246         497
1248         502
1153         471
1226         502
1247         521
1257         526
1309         540
1318         551
1276         517
1264         525
1288         554
1239         538
1226         503
1222         488
1272         518
1229         504
1250         518
1230         517
1236         517
1261         524
1291         575
1255         527
1303         553
1267         517
1272         508
1312         524
1328         540
1307         534
1276         542
1340         567
1340         564
1343         552
1353         584
1320         563
1333         557
1366         561
1323         533
1391         583
1400         616
1408         648
1347         534
1286         555
1293         555
1340         539
1327         570
1265         529
1294         478
1278         514
1274         510
1248         466
1294         498
1308         526
1349         532
1312         518
1286         506
1311         534
1309         531
1301         556
1358         581
1348         598
1331         560
1354         590
1284         500
1279         532
1295         505
1338         523
1328         518
1323         525
1335         533
1306         501
1387         542
1378         544
1347         511
1347         539
1387         520
1328         543
1375         511
1364         534
1388         545
1375         525
1372         531
1329         491
1360         530
1391         542
1323         522
1405         616
1384         629
1354         545
1340         570
1336         531
1342         557
1319         553
1328         552
1357         556
1367         545
1359         553
1343         563
1403         593
1421         585
1442         572
1419         552
1465         555
1501         556
1454         546
1486         573
1495         598
1491         575
1454         556
1419         561
1439         607
1446         631
1427         587
1402         588
1377         546
1454         601
1382         539
1447         570
1454         571
1400         603
1426         604
1433         603
1430         566
1400         575
1419         524
1389         541
1395         538
1400         525
1391         552
1399         514
1386         510
1369         483
1368         488
1382         502
1357         478
1405         507
1393         500
1399         498
1412         515
1379         531
1433         532
1401         545
1425         562
1385         561
1427         548
1358         504
1428         557
1453         592
1448         559
1426         557
1424         583
1426         576
1415         542
1399         561
1405         568
1398         543
1464         578
1438         566
1455         556
1439         539
1441         563
1405         534
1461         572
1450         556
1442         598
1421         581
1483         611
1421         592
1459         599
1438         592
1477         609
1452         590
1446         629
1431         604
1462         647
1432         597
1445         659
1513         677
1471         629
1407         574
1416         581
1384         602
1382         598
1425         598
1403         611
1427         575
1428         589
1477         610
1454         597
1423         588
1475         581
1499         634
1400         578
1427         596
1430         613
1454         628
1444         582
1435         626
1418         627
1398         655
1422         604
1417         603
1365         582
1401         566
1361         594
1364         591
1389         608
1417         633
1397         580
1336         560
1365         569
1319         532
1332         496
1340         553
1376         567
1372         540
1394         538
1372         544
1340         540
1369         563
1331         540
1346         548
1401         555
1363         544
1314         498
1348         524
1329         535
1335         525
1337         508
1334         503
1344         512
1306         487
1316         510
1366         525
1319         546
1288         522
1234         513
1253         490
1277         512
1328         532
1320         546
1359         562
1343         547
1320         532
1353         549
1369         533
1338         547
1319         562
1311         545
1325         543
1313         542
1349         565
1374         577
1343         558
1333         573
1343         568
1359         578
1323         579
1360         572
1348         598
1353         573
1364         598
1349         585
1383         608
1318         552
1329         548
1360         565
1352         560
1313         573
1330         566
1343         568
1328         556
1333         573
1302         528
1303         563
1298         547
1292         549
1310         543
1343         553
1363         550
1348         568
1310         546
1379         585
1410         583
1399         591
1409         574
1355         548
1342         526
1388         535
1368         563
1428         626
1425         575
1425         591
1453         583
1394         573
1392         554
1383         561
1414         574
1377         603
1416         617
1368         572
1393         555
1352         558
1356         557
1353         522
1396         551
1381         553
1345         538
1333         550
1384         571
1315         543
1303         551
1313         537
1272         574
1247         515
1261         554
1265         519
1287         527
1312         503
1260         500
1245         513
1198         455
1263         497
1220         484
1248         485
1255         471
1256         452
1261         479
1236         468
1227         474
1281         481
1263         466
1229         470
1281         513
1215         474
1252         490
1234         454
1263         479
1265         481
1270         497
1256         489
1229         479
1250         495
1271         515
1246         520
1228         491
1274         493
1324         513
1263         477
1292         539
1260         496
1309         508
1344         525
1306         505
1339         520
1319         520
1286         530
1251         517
1220         495
1226         530
1173         513
1195         479
1253         514
1264         506
1258         490
1250         504
1267         500
1277         506
1243         488
1235         484
1288         542
1266         526
1240         525
1221         487
1246         516
1291         523
1282         520
1346         532
1298         521
1273         503
1260         485
1304         511
1328         520
1273         473
1271         465
1293         507
1312         499
1337         532
1322         531
1339         551
1284         542
1400         583
1348         541
1374         552
1314         509
1355         540
1325         548
1328         524
1334         566
1280         494
1292         494
1303         520
1300         513
1326         553
1260         498
1274         511
1303         528
1340         542
1348         558
1361         530
1310         524
1346         559
1328         541
1339         573
1303         530
1335         579
1286         572
1314         563
1319         521
1255         525
1338         548
1321         561
1323         544
1284         506
1388         578
1332         539
1376         591
1345         564
1319         566
1379         563
1363         528
1348         506
1340         485
1334         512
1299         504
1325         514
1341         525
1336         548
1314         532
1357         575
1347         527
1349         529
1340         540
1343         574
1315         541
1359         539
1366         554
1357         575
1394         567
1380         538
1392         571
1396         547
1407         553
1408         584
1392         592
1404         576
1412         602
1409         612
1402         565
1435         585
1374         591
1367         548
1375         563
1407         596
1471         618
1440         603
1420         610
1462         650
1462         608
1442         595
1488         666
1425         619
1450         623
1463         640
1490         657
1478         663
1458         606
1467         625
1455         635
1501         676
1436         661
1458         643
1371         577
1414         608
1454         637
1433         621
1413         631
1416         620
1435         642
1393         619
1417         585
1405         604
1458         646
1415         603
1468         638
1436         599
1422         632
1438         607
1429         600
1449         601
1437         610
1452         621
1461         628
1450         593
1435         608
1383         582
1435         588
1469         583
1457         596
1467         592
1486         600
1413         597
1424         577
1427         545
1397         577
1375         583
1423         607
1409         634
1424         633
1393         608
1339         595
1395         640
1378         619
1337         592
1374         614
1386         606
1378         646
1357         607
1339         600
1359         579
1329         592
1330         599
1369         605
1306         592
1305         569
1335         603
1341         607
1288         568
1346         590
1339         595
1343         600
1340         607
1347         615
1343         624
1348         596
1316         580
1331         600
1379         626
1350         592
1330         592
1314         596
1353         600
1308         565
1332         595
1347         579
1321         582
1353         607
1349         598
1310         602
1317         587
1321         602
1344         599
1348         593
1381         583
1353         583
1312         585
1339         591
1356         612
1312         574
1317         613
1349         624
1328         580
1354         605
1341         609
1369         604
1330         588
1330         606
1355         597
1348         608
1333         595
1309         573
1354         612
1324         587
1320         573
1299         575
1296         580
1281         591
1298         593
1278         567
1269         560
1267         554
1276         541
1252         559
1260         575
1290         592
1313         589
1289         564
1254         564
1281         558
1321         584
1299         583
1322         570
1295         563
1304         584
1326         600
1320         585
1358         611
1314         584
1307         568
1325         598
1337         598
1299         566
1299         576
1316         582
1320         597
1338         587
1332         596
1295         572
1323         582
1289         584
1303         551
1281         566
1299         567
1312         587
1291         587
1312         576
1311         600
1323         579
1294         579
1333         554
1301         570
1305         571
1311         541
1290         587
1334         590
1335         588
1349         581
1305         573
1303         584
1333         561
1338         604
1330         591
1361         583
1285         578
