13951       13951
13973       9493
13969       9577
13800       9412
13821       9414
13834       9475
13856       9543
13684       9432
13226       9051
13595       8339
13573       7314
13279       8648
13164       8765
13107       8775
13118       8884
13157       8802
13087       8874
13003       8860
13292       8947
13343       9097
13359       9078
13241       9023
13156       8975
13088       8912
13062       8895
13091       8782
13018       8863
12981       8799
13004       8723
12975       8725
13085       8699
12978       8453
13115       8481
12927       8243
12893       8094
12990       8085
12931       7222
13023       7895
12954       7656
12961       7678
12810       9785
12784       9067
12626       9113
12675       9159
12529       8729
12543       8729
12854       10134
12781       9864
12931       9910
13046       9721
13042       9634
12839       10406
12560       10261
12479       10145
12351       9826
12226       9996
12256       9973
12227       9983
12249       9927
12268       9844
12307       9902
12336       9858
12374       9910
12394       9920
12306       10379
12369       10409
12305       10293
12331       10255
12254       10156
12235       10121
12382       10158
12394       10178
12231       10024
12287       10062
12289       10510
12209       10431
12330       10470
12258       10375
12355       10419
12269       10325
12338       10246
12265       10151
12346       10631
12314       10450
12285       10417
12406       10496
12471       10539
12547       10578
12709       10674
12892       10972
12980       10968
12874       10839
12851       10713
12915       11004
12948       10932
13029       11036
12984       10867
12947       10905
13106       10976
12949       11078
13127       11166
13096       11057
13168       10992
13318       11077
13460       11100
13356       11332
13366       11241
13430       11137
13396       11041
13530       11059
13511       10912
13742       11497
13704       11485
13652       11267
13736       11440
13768       11392
13836       11487
13945       11526
13771       11303
13914       11888
13931       11869
13862       11658
13842       11647
14046       11687
13815       11547
13900       11973
13963       11941
13927       11856
14026       11890
14158       11714
14035       11796
13695       11282
13595       11269
13474       11197
13718       10774
14021       11727
14079       11717
13498       11252
13950       11672
13998       11710
13907       11932
14068       11998
14030       11939
14007       11823
14220       12006
14110       12108
14058       11971
14114       11900
14365       11885
14312       11916
14148       11743
14236       11753
14174       11980
14134       11920
14096       11799
13943       11917
13918       11858
14073       11869
14175       11986
14221       11982
13858       11642
13876       11707
13623       11393
13720       11373
13390       10966
13617       10970
13420       11011
13246       11144
13321       11091
13263       10953
13235       11142
13292       10834
13427       10852
13607       11053
13645       11004
14014       11084
13919       11193
13909       11163
13848       11217
13299       10990
13412       11027
13497       10979
13528       11113
13596       11108
13446       11032
13560       11252
13462       11106
13461       11025
13347       11080
13384       11070
13413       10941
13330       11030
13153       10971
13022       10751
13100       10890
13108       10819
13187       10843
13159       10810
13397       10886
13379       10687
13672       11093
13762       11034
13795       11042
13723       11051
13587       10841
13325       10584
13154       10616
13100       10449
12957       10184
13171       10472
13123       10401
13138       10368
13194       10545
13257       10477
13172       10282
13291       10574
13379       10574
13239       8463
12948       10100
13084       10185
13116       10505
12900       10295
13107       10369
12871       9274
12778       10275
12839       10376
12802       10023
12866       9780
12651       9859
12817       9956
12769       9814
12972       10061
13019       9980
13099       9055
12974       9346
12915       9219
13105       9725
13096       9652
13055       9927
13181       9982
13213       10002
13345       10006
13393       10107
13502       10557
13296       10424
13331       10420
13383       10425
13377       10409
13362       10442
13410       10423
13311       10319
13330       10338
13408       10454
13422       8907
13399       9219
13191       9817
13317       10369
13335       10302
13238       10319
13179       10132
13316       10290
13111       10145
13010       10034
12907       9701
13005       9385
12897       9675
12995       9910
12873       9602
12985       10031
12980       9760
12952       9983
13105       9980
13000       9966
13044       9945
13039       9883
12984       9926
12964       9977
12966       9930
13007       9970
12890       9842
12992       9890
12888       10168
12969       10139
12844       10005
12809       9939
12523       9793
12507       9796
12626       9921
12558       9851
12574       9927
12319       9732
12542       9949
12742       10144
12670       10078
12816       10154
12924       10168
13042       10260
13031       10360
13141       10381
12960       10224
12827       10134
13097       10352
12833       10476
12735       10426
12543       10196
12541       10253
12523       10190
12653       10160
12665       10089
12716       10275
12756       10288
12849       10269
12735       10208
12802       10257
12978       10528
13087       10633
12960       10547
13013       10499
12996       10481
13188       10749
13071       10675
13251       10730
13383       10853
13317       10782
13365       10883
13333       10931
13476       11033
13414       10798
13583       10816
13505       11076
13570       10898
13361       10704
13357       10668
13347       10566
13478       10716
13491       10707
13396       10579
13493       10687
13497       10738
13569       10746
13559       10775
13516       10900
13467       10712
13361       10788
13348       10689
13443       10865
13359       10867
13240       10708
13580       11084
13639       11130
13652       11122
13720       11308
13888       11319
13759       11179
13732       11295
13737       11325
13655       11144
13442       11085
13487       11102
13409       11029
13346       11084
13584       11226
13477       11181
13554       11289
13664       11289
13728       11332
13604       11275
13697       11396
13583       11249
13608       11377
13461       11186
13669       11362
13468       11278
13354       11085
13451       11111
13358       11026
13542       11182
13541       11061
13433       10895
13425       10896
13438       10978
13605       11239
13463       11053
13457       11017
13461       11082
13390       11007
13381       10994
13392       11070
13463       11184
13296       10912
13336       10752
13341       10791
13237       10770
13412       10974
13368       10793
13412       10906
13400       10942
13522       11056
13560       11125
13795       11364
13789       11361
13993       11540
13976       11524
13778       11443
13999       11565
14052       11513
14177       11646
14246       11758
14314       11993
14391       11945
14335       11930
14211       11759
14138       11775
14207       11775
14224       11794
14410       11924
14392       11854
14368       11795
14391       11810
14529       11977
14609       12038
14585       11944
14615       12086
14436       11936
14243       11773
14082       11582
13979       11511
14041       11523
14245       11834
14213       11846
14253       11834
14286       11690
14291       11881
14392       11897
14415       11852
14342       11733
14299       11581
14164       11096
13883       10610
13390       10373
13053       10219
13149       10595
13443       10970
13667       11146
13579       11082
13565       11089
13671       11180
13723       11218
13743       11258
13511       11079
13633       11144
13502       11044
13528       10906
13510       10691
13516       10666
13564       10877
13444       10878
13305       10792
13332       11012
13635       11141
13734       11192
13968       11135
13815       10971
13807       11149
13826       11204
13786       11146
13747       11339
13560       11117
13732       11270
13480       11069
13339       10950
13387       10989
13274       10903
13515       11128
13257       11027
13444       11121
13424       11133
13366       10996
13346       10917
13198       10854
13360       11038
13218       10897
13202       10902
13166       10900
13190       10852
13096       10906
13240       10953
13167       10802
13441       11031
13441       11083
13380       11061
13555       11244
13358       11091
13122       10838
13259       11012
13164       10955
13198       10992
13090       10971
13193       10992
13159       10952
13186       11056
13034       10912
13188       11084
13155       11057
13297       11125
13229       11051
13377       11173
13464       11120
13571       11266
13562       11329
13470       11214
13558       11353
13582       11406
13646       11323
13521       11173
13542       11323
13553       11172
13587       11169
13606       11285
13616       11317
13566       11215
13424       11244
13554       11235
13297       11085
13279       11146
13263       11058
13226       10984
13298       10957
13185       10896
13019       10678
13106       10751
13155       10723
13156       10661
13095       10598
13206       10798
13258       10797
13199       10601
13130       10512
13182       10544
13020       10343
13021       10509
12748       10358
12853       10499
12780       10420
12593       10211
12681       10205
12750       10179
12428       9941
12547       10023
12879       10303
12950       10293
13182       10433
13120       10406
13283       10501
13439       10475
13390       10598
13477       10569
13217       10229
12870       10190
12816       10019
12806       9958
13126       10037
13085       9953
13272       10052
13116       10249
13339       10420
13606       10685
13672       10638
13601       10744
13570       10647
13517       10722
13421       10628
13415       10616
13414       10679
13600       10765
13488       10622
13433       10657
13367       10621
13327       10544
13299       10502
13339       10579
13318       10632
13234       10551
13256       10543
13096       10370
13233       10471
13120       10326
13316       10486
13176       10449
13258       10582
13266       10526
13331       10534
13162       10463
13095       10480
13078       10428
13136       10409
13195       10477
13169       10448
13051       10443
12930       10314
12828       10281
12877       10331
12712       10230
12787       10263
12798       10244
12780       10262
12646       10186
12721       10142
12622       9978
12708       10147
12864       10290
12877       10308
12996       10427
12985       10373
13147       10567
13047       10646
13012       10583
12964       10521
12986       10515
13003       10519
12939       10467
12906       10429
12884       10387
13004       10541
12997       10489
12986       10543
12941       10469
12992       10548
13053       10610
12928       10491
12924       10452
12920       10450
12844       10433
12896       10435
12769       10297
12956       10523
12883       10468
12723       10317
12751       10321
12823       10399
12803       10415
12679       10290
12824       10386
12629       10241
12822       10418
12821       10407
12825       10434
12630       10268
12501       10106
12543       10119
12383       10030
12054       9679
12037       9643
11936       9634
11847       9547
11715       9457
11636       9334
11766       9445
11582       9366
11596       9402
11987       9708
12667       10267
11853       9578
11513       9321
12411       9823
12794       10085
12649       10023
12355       9859
12102       9639
12091       9585
12246       9679
12261       9738
12399       9864
12539       9912
12625       9942
12619       9979
12634       9970
12645       9908
12718       9926
12530       9858
12600       9913
12530       9954
12639       10037
12731       10039
12547       9886
12571       10044
12717       10046
12786       10131
12820       10109
12837       10326
13073       10447
13019       10359
12752       10135
12327       9948
12114       9710
12044       9420
12109       9590
12165       9869
12170       9860
12095       9728
12250       9892
12084       9625
12234       9748
12387       9767
12713       10022
12838       10173
12913       10419
13060       10562
13025       10554
12922       10465
13052       10677
13060       10670
13042       10656
13014       10696
12993       10589
12843       10453
12834       10530
12863       10469
12804       10382
12786       10480
12723       10505
12747       10375
12896       10480
12821       10424
12728       10461
12828       10528
12802       10456
12851       10479
12874       10637
12803       10499
12991       10639
12968       10613
13049       10699
12849       10582
12923       10546
12985       10724
13065       10759
13027       10735
13070       10769
12966       10687
13100       10781
12970       10701
12994       10745
13259       10887
13648       11241
13493       11124
13559       11142
13667       11251
13696       11380
13674       11368
13721       11425
13492       11149
13527       11239
13307       11113
13284       11123
13354       11233
13319       11047
13495       11180
13449       11158
13390       11006
13401       11041
13413       11028
13379       10924
13521       11153
13304       10874
13241       10821
13265       10940
13262       10844
13427       11000
13441       11146
13364       11098
13217       10897
13211       10930
13536       11195
13631       11316
13711       11360
13577       11204
13494       11157
13415       11141
13160       10897
13275       11038
13202       10999
13207       10973
13162       10852
13241       11048
13351       11085
13259       10980
13339       11094
13418       11059
13388       11079
13318       11034
13419       11109
13460       11049
13344       10919
13278       10643
13404       10814
13337       10805
13420       10726
13527       10823
13420       10806
13271       10820
13475       11016
13282       10880
13489       11031
13257       10842
13524       11000
13476       10875
13504       10837
13645       11140
13415       10802
13721       11108
13548       11071
13784       11283
13916       11373
13946       11428
14095       11533
14080       11612
14076       11587
14023       11483
14092       11521
13905       11409
13802       11297
13774       11318
13572       11127
13664       11204
13668       11255
13708       11246
13686       11150
13555       10877
13781       11041
13620       10750
13527       10178
13900       10304
13962       10368
14001       10793
14504       11281
14262       11139
14382       10656
14465       10989
14111       11069
14255       11171
14419       11226
14601       11522
14783       11561
14800       11652
14701       11641
14432       11494
14313       11333
14241       11246
14101       10954
14141       11043
14227       11208
14273       11122
14111       11219
13925       10988
13747       10943
13736       10873
13876       11098
13820       11041
13731       10976
13695       10970
13845       11124
13849       11125
13790       10998
14031       11221
13985       11158
14149       11251
14224       11285
14557       11506
14532       11562
14403       11455
14521       11538
14213       11391
14364       11601
14370       11605
14331       11578
14163       11514
14327       11593
14208       11559
14154       11520
14215       11565
14180       11599
14098       11568
14185       11525
14221       11548
14183       11506
14200       11481
14157       11459
14171       11486
13983       11336
13772       11070
13881       11255
13808       11168
13576       10934
13603       10992
13646       10950
13491       10945
13625       10922
13829       11165
13923       11275
13920       11296
13922       11306
13933       11292
13844       11117
13662       10765
13584       10959
13536       10840
13519       10951
13459       10873
13508       10905
13608       11071
13566       11024
13646       11136
13587       11059
13451       10961
13495       10958
13570       10955
13697       11070
13679       11055
13588       10798
13482       10596
13191       10280
13109       10072
12840       9811
12731       9682
12898       9666
13141       9987
13247       10467
13248       10615
13206       10594
13178       10630
13225       10694
13115       10576
13111       10537
13046       10508
13056       10583
12884       10449
12818       10396
12820       10300
13022       10168
13105       10109
13274       10369
13265       10454
13583       10576
13282       10459
13234       10457
13078       10261
13060       10165
13188       10319
13103       10378
13127       10394
13365       10562
13278       10627
13243       10524
13320       10685
13207       10553
13271       10766
13077       10480
13219       10514
13378       10666
13324       10679
13288       10671
13417       10637
13511       10894
13521       10848
13630       10880
13645       10953
13651       10973
13509       10905
13630       11016
13580       10972
13554       10879
13379       10797
13645       11063
13433       10900
13455       10959
13409       10890
13445       10856
13554       11017
13513       10912
13490       10883
13382       10763
13519       10903
13483       11000
13502       11006
13408       10911
13357       10828
13406       10842
13246       10699
13236       10690
13158       10542
13161       10612
13149       10579
13115       10550
13278       10713
13326       10717
13363       10777
13378       10786
13361       10824
13359       10783
13295       10768
13103       10580
13073       10621
13125       10622
13241       10794
13171       10734
13136       10836
13236       10888
13259       10757
13049       10501
12939       10464
12670       10070
12679       10073
12793       10094
12858       10107
13022       10183
12908       10152
12966       10142
12907       10074
12849       10197
13034       10471
13112       10557
13062       10379
13046       10504
12958       10352
13131       10476
13141       10544
13257       10608
13086       10536
13174       10656
13019       10598
13012       10558
13095       10573
12976       10438
12832       10399
12665       10172
12722       10231
12810       10336
12907       10370
12707       10199
12826       10160
13180       10050
13223       10250
13095       10247
13139       10095
12782       9819
12723       9714
12716       9770
12814       9725
12867       9945
12711       9982
12874       10163
12987       10191
12982       10184
13246       10388
13327       10417
13060       10247
13028       10250
13091       10246
12991       10154
12967       10119
12910       10109
12988       10126
12926       10180
12919       10179
12915       10125
12831       10171
12837       10283
12724       10142
12909       10261
12854       10219
12843       10216
13100       10255
13145       10355
12963       10235
13071       10273
12986       10229
12857       10102
13135       10372
12838       10143
12912       10230
12640       10243
12326       9919
12307       9837
12399       9735
12329       9569
12315       9656
12195       9390
12583       9669
13096       9993
13341       10052
13008       10015
12635       9624
12660       9384
12762       9557
12858       10094
13042       10421
12483       9973
13032       10415
13047       10365
13289       10602
13102       10572
13197       10560
13069       10433
12917       10353
13089       10379
13045       10322
12980       10187
12942       10307
12773       10158
12797       10225
12868       10326
12875       10192
12880       10168
12927       10063
12807       9867
12965       10274
12998       10368
12957       10349
13012       10413
12986       10529
13044       10445
12983       10442
12970       10437
13072       10386
13213       10484
13317       10582
13168       10389
13484       10556
13371       10517
13355       10571
13440       10529
13405       10504
13086       10021
12937       9735
13080       9722
13002       9607
13296       9874
13572       10113
13616       10195
13323       10042
13186       10192
13126       10248
13133       10339
13024       10296
13141       10441
13173       10581
13431       10694
13572       10838
13389       10778
13483       10793
13600       10888
13565       10732
13778       10930
13856       10862
13798       10834
13622       10627
13530       10581
13499       10631
13362       10552
13343       10673
13387       10708
13604       10808
13461       10676
13486       10845
13557       10793
13591       10814
13579       10811
13355       10559
13273       10438
13108       10269
13088       10319
13306       10608
13263       10570
13190       10469
13246       10588
13367       10696
13423       10742
13347       10701
13509       10696
13404       10214
13302       10006
13404       10035
13603       10029
13675       10128
13735       10182
13808       10323
13787       10698
13692       10477
13560       10359
13477       10226
13407       10291
13375       10214
13261       10139
13303       10400
13392       10656
13347       10631
13560       10827
13565       10882
13477       10766
13291       10529
13648       10847
13456       10659
13734       10750
13520       10369
13558       10247
13588       10331
13668       10219
13823       10439
13950       10529
14165       10800
14018       10575
14150       10783
14253       10776
14498       10924
14705       11059
14611       10945
14425       10926
14413       11205
14585       11256
14736       11224
14628       11204
14885       11478
14925       11803
14795       11621
14701       11571
14738       11561
14773       11593
14730       11535
14708       11553
14793       11555
14846       11674
14628       11456
14741       11450
14566       11264
14560       11278
14661       11382
14496       11281
14332       11203
14263       11136
14412       11270
14451       11244
14582       11476
14718       11596
14725       11638
14813       11690
14804       11596
14799       11740
14756       11594
14716       11638
14579       11501
14569       11450
14323       11259
14325       11259
14117       11136
14086       11066
14105       11055
14008       11014
13848       10938
13906       10884
13908       10957
14135       11075
14248       11062
13979       10961
13928       11008
13969       11101
13810       11024
13660       10965
13748       10992
13789       10946
14034       11184
14004       11200
13899       11165
13892       11066
14255       11282
14068       11057
14026       11006
13871       10894
13990       11022
13834       11098
13812       11036
13843       11078
13796       11017
13739       10882
13900       11092
13926       11145
13866       11147
13679       10887
13619       10941
13575       10820
13720       10969
13708       10955
13910       10972
14124       11123
14280       11159
14305       11292
14277       11281
13995       11006
14045       10961
13947       10795
13880       10763
14052       10830
13986       10716
13926       10797
13803       10728
13814       10757
13566       10742
13646       10835
13826       11065
13876       10994
13731       10877
13486       10727
13445       10853
13475       10884
13355       10714
13384       10679
13326       10671
13295       10681
13242       10631
13185       10645
13147       10665
13222       10695
13184       10731
13095       10634
12862       10466
12864       10424
12796       10306
12789       10422
12780       10386
13031       10629
12410       10063
12507       10082
12131       9782
12311       9967
12618       10210
12869       10450
13074       10704
13307       10787
13410       10841
13281       10726
13428       10909
13300       10786
13180       10703
13281       10774
13294       10797
13114       10638
13116       10630
13139       10634
13070       10642
13372       10875
13281       10743
13337       10778
13484       10929
13539       10903
13666       10994
13804       11170
13849       11177
13791       11112
13861       11178
13617       10921
13519       10886
13356       10594
13178       10479
13030       10287
13006       10212
12950       10228
13067       10339
13343       10571
13184       10594
13400       10594
13297       10498
13154       10301
13065       10299
13288       10483
13345       10530
13339       10453
13395       10517
13280       10474
13145       10388
13284       10501
13023       10239
12810       10138
12735       10106
13110       10394
13053       10293
13060       10201
12814       9998
12692       9959
12812       10041
12986       10213
13005       10232
12946       10264
12929       10249
12876       10280
12715       9971
12855       10027
13162       10227
13106       10195
12984       10165
12846       10090
12747       10029
12742       10154
12775       10167
12779       9948
12622       9553
12647       9785
12763       9768
13168       9767
13408       10032
13130       9606
12950       9549
12899       9455
12636       9483
12947       9872
13270       10227
13127       10295
13295       10399
13257       10303
13173       10246
13042       10235
13055       10286
12943       10164
13022       10307
13033       10281
13052       10283
13073       10286
13167       10280
13268       10310
13328       10442
13450       10549
13313       10415
13226       10320
13263       10331
13114       10308
13222       10334
13183       10273
13235       10276
13250       10405
13088       10164
12858       9997
12526       9723
12482       9762
12385       9685
12350       9665
12113       9519
12216       9512
12169       9311
12393       9373
12615       9640
12804       9613
12736       9651
12901       9822
13226       10153
12852       9272
12918       9360
13062       10041
13031       9984
13222       10202
13056       10060
13284       10325
13117       10233
13167       10413
13174       10438
13142       10439
13004       10261
12901       10193
12859       10125
12866       10144
12830       10136
12584       9964
12679       9970
12578       9812
12646       9805
12844       10069
12788       10063
12871       10008
12881       10048
12953       10176
13046       10245
12920       10288
13019       10327
13110       10374
12970       10273
12950       10183
13168       10232
13175       10368
13248       10448
13757       10868
13528       10660
13601       10775
13715       10734
13777       10704
13868       10588
13875       10770
13637       10705
13632       10745
13730       10823
13702       10929
13351       10638
13433       10669
13320       10526
13274       10597
13114       10419
13431       10676
13547       10769
13672       10835
13758       10882
13713       10894
13592       10730
13425       10230
13384       10060
13302       10530
13303       10557
13631       10689
13856       10805
13677       10719
13302       10297
13196       10332
13169       10424
13083       10301
12913       10202
13001       10211
13086       10264
13185       10444
13266       10548
13399       10777
13461       10784
13472       10783
13486       10820
13491       10774
13376       10835
13502       10849
13645       10952
13576       10961
13543       10857
13464       10848
13536       10917
13504       10838
13441       10832
13450       10926
13383       10810
13345       10727
13411       10902
13291       10821
13337       10820
13330       10912
13332       10827
13302       10788
13333       10850
13355       10912
13541       10989
13549       10874
13407       10800
13511       10923
13470       10945
13529       11024
13511       11003
13451       10945
13516       11073
13571       11086
13594       11105
13643       11204
13493       10864
13389       10793
13523       10757
13747       10881
13839       10830
13666       10608
14074       10888
14320       11208
14413       11067
14364       10860
14377       11153
14316       10973
14416       11433
14618       11664
14932       12018
14967       12044
14978       12029
14758       11950
14664       11829
14504       11701
14605       11771
14475       11664
14501       11628
14484       11668
14375       11535
14211       11577
14374       11769
14350       11878
14259       11709
14209       11754
14391       11802
14311       11729
14405       11761
14452       11860
14561       11963
14496       11809
14397       11687
14408       11664
14409       11763
14305       11684
14382       11712
14061       11359
13906       11209
13940       11339
14038       11331
14004       11473
13455       10896
14102       11358
13861       11294
13733       11093
13448       10918
13570       11024
13805       11308
13011       10619
13723       11163
13206       10831
13681       11185
13027       10676
13890       11229
13209       10777
13506       11024
13765       11274
13698       11254
13529       11124
13549       11187
13327       11002
13359       11078
13287       10986
13354       11108
13295       10989
13314       10984
13341       11058
13280       10953
13364       11053
13370       11072
13353       11065
13317       11016
13337       11108
13302       11026
13272       10996
13336       11052
13264       10966
13282       10997
13322       11055
13276       10961
13380       11125
13297       11005
13334       11043
13323       11050
13325       11057
13233       10995
13362       11062
13363       11048
13305       10948
13254       10986
13283       10945
13243       10972
13299       11015
13280       10997
13373       11048
13368       11013
13336       11012
13260       10968
13412       11091
13401       11074
13306       10970
13410       11062
13230       10914
13181       10863
13134       10776
13062       10676
12904       10615
12892       10627
12928       10663
12785       10469
12786       10521
12664       10470
12568       10391
12455       10291
12386       10249
12190       10041
12074       9981
11955       9858
11778       9767
11771       9699
11933       9859
12287       10121
12439       10279
12352       10221
12086       9965
12735       10476
12811       10541
13010       10688
13103       10789
13118       10837
13150       10841
13206       10810
13231       10908
13305       10966
13313       10920
13347       10936
13310       10916
13254       10890
13242       10849
13074       10726
13034       10701
13025       10740
13112       10781
13014       10661
13067       10713
13010       10712
12930       10679
12991       10656
12948       10625
12968       10694
12859       10587
12936       10668
13050       10733
12991       10680
13070       10752
13052       10715
12914       10675
12969       10696
12922       10655
12906       10592
12934       10581
12981       10631
12870       10555
13011       10691
13100       10744
13125       10718
13165       10814
13153       10795
13232       10880
13221       10813
13190       10871
