4612
4397
4333
4333
4351
4360
4403
4397
4417
4432
4460
4447
4457
4448
4450
4408
4423
4420
4438
4430
4426
4458
4426
4481
4519
4515
4571
4564
4540
4581
4626
4628
4592
4606
4534
4618
4584
4637
4651
4674
4701
4769
4717
4705
4696
4668
4698
4672
4654
4634
4613
4593
4631
4612
4665
4600
4603
4566
4632
4686
4695
4666
4662
4737
4654
4554
4659
4668
4605
4552
4537
4564
4541
4497
4471
4515
4481
4505
4496
4492
4442
4466
4507
4453
4446
4377
4341
4321
4341
4379
4330
4279
4257
4175
4241
4263
4294
4279
4300
4313
4236
4198
4157
4159
4178
4195
4164
4178
4226
4220
4211
4244
4236
4293
4234
4267
4179
4201
4153
4165
4163
4200
4130
4100
4087
4070
4062
4108
4086
4116
4122
4130
4057
4004
4021
4019
4018
4017
4076
4079
4072
4049
4025
4013
4063
4058
4079
4045
4030
4004
4049
4025
4056
4039
4025
4043
4085
4053
4035
4045
4097
4099
4083
3997
3959
3960
3983
3975
4010
4033
4006
3952
3902
3937
3917
3970
3943
3932
3898
3886
3913
3850
3911
3866
3863
3804
3786
3806
3814
3837
3800
3808
3822
3820
3819
3800
3798
3812
3833
3813
3806
3796
3791
3797
3794
3798
3795
3776
3768
3745
3808
3797
3752
3668
3672
3633
3654
3676
3662
3663
3644
3598
3606
3660
3643
3644
3632
3660
3660
3637
3641
3668
3608
3662
3665
3638
3673
3652
3632
3598
3578
3556
3557
3592
3592
3578
3518
3525
3498
3526
3493
3499
3446
3451
3511
3576
3664
3616
3578
3580
3624
3686
3699
3693
3700
3670
3664
3666
3604
3602
3567
3569
3525
3504
3483
3498
3462
3418
3451
3375
3394
3391
3334
3310
3283
3292
3287
3251
3192
3168
3137
3115
3095
3041
3046
2997
2976
2921
2986
2976
2967
2939
2974
2978
2962
2874
2872
2866
2841
2811
2833
2834
2832
2800
2748
2720
2692
2642
2601
2561
2596
2622
2624
2607
2632
2636
2609
2559
2551
2556
2525
2481
2435
2448
2421
2387
2382
2383
2386
2399
2402
2374
2395
2403
2399
2389
2361
2331
2350
2330
2301
2319
2324
2314
2358
2329
2364
2325
2348
2356
2308
2304
2308
2316
2338
2369
2335
2336
2307
2309
2288
2254
2265
2257
2266
2230
2206
2202
2238
2222
2208
2197
2220
2222
2194
2215
2179
2135
2104
2093
2071
2082
2061
2040
2043
1994
1952
1955
1969
1953
1947
1949
1929
1902
1911
1912
1923
1935
1924
1912
1900
1927
1908
1910
1887
1931
1933
1938
1938
1968
1966
1934
1906
1902
1933
1929
1919
1940
1938
1918
1903
1898
1908
1910
1915
1918
1889
1899
1868
1844
1864
1850
1841
1853
1863
1885
1882
1870
1875
1875
1843
1814
1829
1840
1802
1823
1867
1843
1880
1837
1793
1769
1772
1777
1788
1798
1781
1739
1737
1709
1727
1706
1712
1718
1721
1705
1733
1745
1728
1676
1704
1728
1759
1789
1838
1831
1894
1917
1893
1920
1943
1947
1903
1971
1992
2005
1985
2007
2007
2046
2089
2099
2088
2113
2127
2170
2198
2151
2148
2110
2083
2095
2153
2148
2204
2197
2182
2196
2185
2196
2225
2215
2258
2255
2296
2295
2282
2261
2273
2336
2248
2211
2284
2211
2289
2297
2258
2276
2276
2357
2340
2348
2327
2308
2357
2333
2297
2288
2328
2340
2349
2418
2459
2396
2394
2335
2382
2445
2518
2477
2503
2516
2481
2470
2506
2533
2545
2609
2597
2653
2642
2720
2711
2695
2642
2723
2704
2693
2700
2647
2645
2712
2766
2729
2702
2841
2832
2823
2801
2824
2875
2799
2797
2813
2872
2883
2895
2814
2800
2766
2748
2818
2822
2816
2818
2749
2807
2821
2828
2811
2788
2808
2850
2836
2931
2934
2882
2803
2780
2761
2743
2747
2768
2797
2814
2736
2648
2591
2573
2564
2566
2562
2527
2500
2508
2500
2464
2457
2418
2438
2480
2489
2563
2617
2605
2618
2616
2626
2631
2649
2638
2637
2598
2594
2644
2646
2667
2664
2596
2486
2611
2623
2712
2713
2782
2749
2756
2715
2699
2641
2675
2652
2648
2626
2598
2673
2669
2777
2698
2731
2639
2624
2772
2793
2798
2806
2869
2886
2844
2902
2874
2911
2845
2783
2733
2749
2770
2860
2850
2752
2722
2807
2761
2709
2799
2902
2836
2753
2675
2802
2765
2752
2791
2756
2852
2901
2936
2846
2927
2934
2900
2864
2817
2833
2859
2956
2912
2917
2963
2960
2965
2960
2948
2970
2954
2957
2986
2913
2842
2891
2960
2817
2727
2845
2862
2753
2821
2800
2855
2811
2785
2837
2810
2885
2743
2733
2737
2767
2792
2732
2776
2790
2795
2835
2828
2849
2763
2767
2871
2830
2793
2863
2848
2710
2775
2818
2757
2868
2823
2970
2959
3133
2883
2881
2926
2934
3000
2874
2895
2928
2818
2806
2809
2839
2733
2916
2872
2835
2911
3006
2945
2993
2912
2810
2755
2792
2825
2837
2828
2798
2739
2735
2755
2760
2781
2826
2795
2756
2795
2814
2833
2796
2873
2837
2904
2919
2938
2859
2919
2949
3004
2960
2997
2872
2876
2774
2789
2766
2700
2692
2726
2663
2616
2596
2675
2713
2580
2525
2558
2557
2564
2617
2642
2648
2592
2603
2523
2575
2636
2630
2647
2687
2759
2671
2604
2618
2604
2673
2592
2619
2512
2607
2581
2602
2589
2672
2576
2543
2613
2617
2670
2646
2633
2635
2497
2489
2482
2571
2562
2603
2640
2621
2594
2591
2531
2606
2596
2558
2456
2592
2536
2386
2416
2454
2390
2342
2384
2466
2376
2296
2303
2229
2193
2163
2164
2253
2282
2232
2205
2273
2271
2268
2252
2335
2241
2272
2396
2261
2188
2179
2220
2191
2222
2192
2222
2255
2275
2238
2191
2133
2145
2100
2093
2137
2172
2242
2212
2235
2157
2129
2134
2194
2230
2192
2176
2305
2180
2127
2054
2093
2131
2156
2254
2229
2186
2268
2345
2368
2311
2355
2312
2267
2256
2246
2270
2233
2188
2240
2209
2233
2211
2214
2126
2155
2224
2252
2214
2206
2266
2303
2363
2352
2348
2343
2406
2387
2297
2357
2452
2445
2508
2425
2503
2576
2744
2695
2608
2682
2659
2631
2664
2708
2609
2532
2573
2516
2537
2537
2571
2543
2655
2557
2556
2614
2710
2779
2725
2800
2761
2755
2706
2662
2641
2591
2627
2722
2693
2686
2821
2749
2673
2621
2520
2611
2664
2627
2491
2440
2566
2645
2644
2614
2745
2760
2774
2827
2912
2913
2903
2800
2781
2684
2750
2652
2601
2755
2845
2816
2859
2837
2793
2870
2745
2721
2831
2711
2798
2857
2881
2873
2870
2714
2830
2801
2791
2836
2791
2772
2817
2839
2738
2668
2662
2682
2738
2833
2820
2816
2749
2708
2773
2648
2783
2743
2730
2750
2775
2710
2694
2627
2663
2633
2599
2582
2610
2626
2637
2588
2611
2638
2646
2629
2619
2622
2575
2514
2520
2507
2506
2537
2512
2514
2505
2442
2406
2447
2464
2544
2443
2496
2441
2487
2514
2500
2519
2578
2533
2469
2523
2464
2392
2445
2473
2443
2331
2388
2375
2361
2372
2363
2347
2299
2305
2309
2384
2356
2344
2299
2295
2291
2296
2262
2244
2216
2215
2199
2169
2187
2222
2232
2225
2214
2189
2202
2234
2203
2230
2206
2207
2175
2204
2253
2178
2133
2163
2167
2187
2133
2124
2140
2126
2141
2166
2157
2162
2153
2141
2164
2154
2166
2175
2169
2177
2188
2185
2187
2170
2183
2179
2190
2192
2171
2142
2128
2115
2123
2111
2120
2105
2111
2132
2147
2160
2158
2155
2129
2153
2154
2139
2160
2175
2160
2164
2166
2131
2155
2148
2171
2141
2150
2143
2143
2134
2122
2128
2119
2145
2126
2127
2136
2123
2139
2146
2129
2139
2136
2129
2130
