0.0390549 0.380963
0.0385975 0.382534
0.0382158 0.383799
0.038874 0.399031
0.0380149 0.396461
0.0376192 0.39633
0.0371953 0.387463
0.0376586 0.395497
0.0368861 0.387367
0.037398 0.387861
0.0376954 0.390359
0.0376201 0.390151
0.0379594 0.393987
0.0376695 0.392311
0.0385877 0.399326
0.0382459 0.400862
0.0386305 0.403572
0.0378626 0.397738
0.0391788 0.408067
0.0394723 0.409932
0.0377465 0.394487
0.038284 0.398161
0.0377674 0.393357
0.0372142 0.382058
0.0376049 0.379951
0.0370519 0.368992
0.0371637 0.363815
0.0385291 0.37511
0.0385704 0.37511
0.0386092 0.371098
0.0384131 0.362732
0.0395409 0.37446
0.0390098 0.371298
0.0385731 0.366696
0.0390477 0.378033
0.0388733 0.368774
0.0398734 0.381981
0.041056 0.392711
0.0404324 0.387659
0.0394225 0.381472
0.0408599 0.395022
0.0407766 0.391067
0.0403867 0.389654
0.0403444 0.390436
0.0386902 0.376917
0.0399781 0.39096
0.0403509 0.393572
0.0408589 0.39833
0.0393077 0.385045
0.0393515 0.389728
0.0379361 0.377412
0.0383092 0.381232
0.0378424 0.374649
0.0395724 0.393322
0.0386134 0.379421
0.039015 0.390217
0.0386754 0.385401
0.0393186 0.395313
0.0384354 0.378886
0.0389934 0.38391
0.0397273 0.388498
0.0393466 0.387698
0.0390746 0.384384
0.0383361 0.37471
0.0386342 0.384615
0.0381435 0.386913
0.0383215 0.379481
0.0378979 0.373393
0.0380988 0.380673
0.0376932 0.381371
0.0390484 0.396518
0.0387117 0.387379
0.0381409 0.385818
0.037529 0.385146
0.0377031 0.388727
0.0368726 0.376966
0.03684 0.377148
0.0382444 0.390899
0.0365169 0.374778
0.0372708 0.383793
0.0373593 0.387663
0.0373384 0.387371
0.037961 0.388951
0.0379028 0.392544
0.0371923 0.38709
0.0373894 0.396847
0.0373747 0.399447
0.037226 0.400139
0.0375119 0.398986
0.0372535 0.393012
0.0369612 0.396074
0.0366886 0.398224
0.0359826 0.39159
0.0352673 0.392814
0.0356665 0.389295
0.0365513 0.39878
0.0352954 0.382627
0.0357151 0.388409
0.0360517 0.389535
0.0358047 0.38697
0.0359819 0.394476
0.0361301 0.399952
0.0363385 0.4051
0.0370688 0.415244
0.0358147 0.399473
0.0360899 0.4
0.0369885 0.413305
0.0381321 0.426281
0.0382529 0.420492
0.0382112 0.421564
0.0378063 0.415816
0.0378441 0.413289
0.0377293 0.412181
0.0382839 0.415094
0.038041 0.418281
0.0376042 0.409187
0.0375037 0.41876
0.0372042 0.412045
0.0377217 0.424512
0.037572 0.419688
0.037272 0.417728
0.0379487 0.422143
0.0373377 0.422034
0.0386457 0.439024
0.0386771 0.440666
0.0386467 0.443735
0.038431 0.440177
0.0391767 0.446203
0.0378781 0.433921
0.0387249 0.439747
0.0375203 0.425522
0.036931 0.418402
0.0375664 0.432093
0.0376596 0.437562
0.0386056 0.446158
0.0382053 0.442399
0.038362 0.442509
0.0382961 0.441125
0.0380364 0.436457
0.0376818 0.431969
0.0379944 0.437868
0.0381425 0.440603
0.0385028 0.445963
0.0380481 0.442811
0.0377132 0.432685
0.0384254 0.443322
0.0388308 0.445207
0.0375958 0.433127
0.0382038 0.441439
0.0386404 0.448302
0.0382641 0.441837
0.0380337 0.441739
0.0370402 0.428501
0.0378296 0.437237
0.0369159 0.429068
0.0361968 0.41949
0.0364807 0.417381
0.037341 0.431039
0.036214 0.418835
0.037707 0.43288
0.0375615 0.430559
0.0374549 0.428397
0.0372221 0.426892
0.0372435 0.434576
0.0371491 0.437232
0.0374052 0.441919
0.0363368 0.426563
0.0370205 0.437484
0.0373688 0.436908
0.0369224 0.428713
0.0367948 0.428357
0.0372932 0.442055
0.0370473 0.444131
0.0381155 0.455169
0.03862 0.461833
0.0379509 0.448615
0.0373846 0.443571
0.0381025 0.455748
0.0373919 0.450487
0.0371333 0.448533
0.0372643 0.446972
0.0372807 0.453247
0.0381735 0.457428
0.0393026 0.476979
0.0376706 0.45664
0.0378875 0.46714
0.0392324 0.486001
0.038287 0.472149
0.0388747 0.475354
0.0376728 0.458692
0.0381967 0.472895
0.0381863 0.470851
0.0389633 0.476714
0.0387229 0.474346
0.0385723 0.473422
0.038785 0.480526
0.0382734 0.471827
0.0392558 0.483736
0.0387874 0.472998
0.0391157 0.480724
0.0391462 0.484761
0.0383809 0.472339
0.0390427 0.48325
0.0393345 0.488807
0.0396807 0.489984
0.039569 0.490258
0.0392616 0.485903
0.0396605 0.492585
0.0386023 0.484342
0.0388364 0.490521
0.0389638 0.484244
0.039051 0.482486
0.0392676 0.49387
0.039219 0.503272
0.0392863 0.504902
0.0392439 0.509772
0.0402295 0.518062
0.03878 0.498096
0.0401331 0.516931
0.0388176 0.497952
0.0397496 0.512349
0.0409226 0.535019
0.0393923 0.514143
0.0391564 0.506284
0.0390981 0.506451
0.0400941 0.51921
0.0400747 0.520099
0.0388298 0.498634
0.0396335 0.508197
0.0393356 0.511136
0.0397529 0.516067
0.0395307 0.509815
0.0396239 0.517461
0.0389736 0.506008
0.0384451 0.492224
0.0386671 0.5011
0.0379771 0.489246
0.0380888 0.49069
0.0386447 0.504956
0.038132 0.499722
0.0387428 0.512297
0.0395228 0.524466
0.0402371 0.534439
0.0388628 0.512249
0.0388012 0.508909
0.0389429 0.513974
0.0391531 0.523024
0.039472 0.531064
0.0399099 0.541738
0.0395438 0.530062
0.0392752 0.529344
0.0405693 0.549871
0.0399033 0.54614
0.0403375 0.551434
0.0403718 0.540587
0.0401635 0.530201
0.0398531 0.518286
0.0402225 0.527931
0.0395637 0.522079
0.0396033 0.523184
0.0395561 0.517384
0.0404115 0.518991
0.0398642 0.510949
0.0385679 0.49472
0.0385717 0.495135
0.0394445 0.509264
0.039724 0.512282
0.039342 0.506274
0.0384347 0.503607
0.0390804 0.512493
0.0386405 0.512195
0.0384077 0.507705
0.0380654 0.510638
0.0378439 0.513128
0.0379531 0.517657
0.0378087 0.509434
0.039537 0.543616
0.0368807 0.511118
0.0371795 0.509707
0.0376106 0.528889
0.0371515 0.517089
0.0366415 0.514008
0.0376136 0.536293
0.0373976 0.535045
0.0362 0.522997
0.0364077 0.529162
0.035966 0.516885
0.0360928 0.529068
0.0355082 0.528196
0.0361208 0.541982
0.0360762 0.544788
0.0346291 0.531621
0.0360262 0.554443
0.0358239 0.564288
0.0362783 0.568615
0.0356195 0.568902
0.0365647 0.587702
0.0357531 0.585074
0.0349937 0.562291
0.0355475 0.575605
0.0353479 0.570273
0.0354271 0.575706
0.0345067 0.552118
0.0350428 0.560107
0.0356532 0.576637
0.0361042 0.602992
0.0364339 0.60376
0.0353718 0.586881
0.0357862 0.600493
0.0365935 0.625044
0.0371211 0.629015
0.0368391 0.622795
0.0357188 0.605226
0.0367156 0.628571
0.0366105 0.64083
0.037324 0.656985
0.0374195 0.669019
0.037915 0.687737
0.0370101 0.683583
0.0378153 0.711831
0.0373746 0.690293
0.0365836 0.667811
0.0377662 0.689406
0.0376209 0.693901
0.0379818 0.691869
0.0385421 0.705235
0.0376728 0.695669
0.0370463 0.697929
0.0377311 0.704822
0.0370148 0.698748
0.0377967 0.72396
0.0373609 0.726723
0.0379744 0.748665
0.0371293 0.730392
0.0374067 0.741429
0.0367826 0.742354
0.0377237 0.761965
0.0381425 0.76794
0.0376312 0.759011
0.0388048 0.781159
0.0391673 0.780183
0.0387965 0.78433
0.0386009 0.778288
0.0395487 0.790678
0.0383898 0.764068
0.0394339 0.790707
0.0386992 0.78526
0.0387027 0.799657
0.0395402 0.809362
0.0396252 0.815021
0.038916 0.808779
0.0394041 0.813282
0.0389654 0.802496
0.0399205 0.833189
0.0392837 0.797286
0.0402721 0.833834
0.0406384 0.824027
0.0403449 0.833118
0.0402976 0.825809
0.0393517 0.801783
0.0396604 0.823657
0.0402902 0.836372
0.0401292 0.834055
0.0393268 0.815199
0.0389418 0.800257
0.0391058 0.795272
0.0392984 0.80985
0.0391916 0.806935
0.0387431 0.80971
0.0375282 0.77696
0.0387524 0.810752
0.0392561 0.837178
0.0390769 0.826049
0.0381152 0.813912
0.0391225 0.831862
0.0396231 0.85426
0.039079 0.848595
0.0390993 0.852407
0.0390352 0.839589
0.0392695 0.850585
0.0396949 0.862772
0.0398225 0.865726
0.039075 0.844144
0.039076 0.844284
0.0395606 0.868277
0.0392676 0.851016
0.0381097 0.841212
0.0391467 0.880094
0.039292 0.896863
0.0388233 0.899188
0.0397476 0.924674
0.0396378 0.912584
0.0392512 0.915575
0.039272 0.92549
0.0394937 0.930005
0.0397499 0.956369
0.0409839 1.00973
0.0396594 0.974425
0.0399191 0.972067
0.0405596 0.998976
0.0410072 1.01541
0.0407142 1.00616
0.0393983 0.980301
0.0410762 1.0347
0.0400544 1.00262
0.0403407 1.01308
0.0383727 0.958398
0.0401385 0.994315
0.0394531 0.983888
0.040555 1.0136
0.0405603 1.02421
0.0405954 1.01194
0.0403104 1.00996
0.0394931 0.993717
0.0393592 1
0.0390783 0.967892
0.0394047 0.979307
0.0399507 0.9871
0.0398234 0.98194
0.039598 0.962906
0.0386715 0.940488
0.0384728 0.947777
0.0394503 0.989507
0.0397948 1.00315
0.0393254 0.971029
0.0398203 0.988077
0.0391422 0.973945
0.0390563 0.960825
0.0396982 0.977296
0.0389235 0.968196
0.0392817 0.980557
0.0397633 0.998419
0.0386549 0.959119
0.0388214 0.964398
0.0385126 0.955091
0.0396406 0.977581
0.0385096 0.962414
0.0397389 0.990521
0.039868 1.01552
0.0392837 1.00651
0.0399855 1.00805
0.0409291 1.04486
0.0405874 1.03585
0.0411032 1.04479
0.0402427 1.01449
0.0408644 1.0122
0.0408623 1.01222
0.0413421 1.03316
0.0409631 1.0208
0.0412174 1.0256
0.0418533 1.0548
0.0412694 1.06174
0.0417586 1.06616
0.0418994 1.05978
0.0410918 1.05938
0.0411822 1.05101
0.0410705 1.02089
0.0410759 1.04069
0.0407824 1.00479
0.0407124 1.02667
0.0409308 1.06247
0.0409898 1.07405
0.0412424 1.08352
0.0409266 1.06584
0.0412442 1.06711
0.0400224 1.0356
0.0417115 1.08871
0.0420964 1.12421
0.0407881 1.08693
0.0398947 1.08192
0.039555 1.07064
0.0408556 1.10727
0.0410997 1.10981
0.0393391 1.06577
0.0405959 1.09413
0.0402644 1.08974
0.041248 1.10156
0.0406572 1.08481
0.0419503 1.11979
0.0423222 1.17005
0.0409817 1.1162
0.0413678 1.10822
0.041588 1.08926
0.0407162 1.04863
0.0410681 1.02339
0.0415539 1.03987
0.0412142 0.997888
0.041263 0.984351
0.0402969 0.975172
0.0410622 0.972917
0.0410605 0.957283
0.0409033 0.960966
0.0405623 0.96742
0.0411783 0.94825
0.0416858 0.958835
0.0414906 0.945137
0.0405066 0.926448
0.0402917 0.91131
0.0402682 0.912805
0.0395948 0.882698
0.0396536 0.870273
0.0395277 0.858028
0.041674 0.912835
0.0408372 0.88831
0.042454 0.907381
0.0441099 0.92765
0.0436333 0.907643
0.0422698 0.902836
0.042801 0.908287
0.0427975 0.932701
0.0419132 0.925108
0.0429595 0.947017
0.0422266 0.912216
0.0422105 0.907821
0.0408388 0.857078
0.0404372 0.857078
0.0418647 0.895967
0.0417575 0.881148
0.0409566 0.864531
0.040127 0.840164
0.0389933 0.811236
0.0395627 0.823476
0.0377391 0.778565
0.0374668 0.770288
0.0376491 0.760017
0.0374547 0.756863
0.0380863 0.766433
0.0393484 0.794781
0.0388655 0.781346
0.0393093 0.767979
0.0416031 0.825178
0.0417727 0.846223
0.0413725 0.810858
0.0406403 0.829037
0.0425358 0.840105
0.0417027 0.818894
0.0415809 0.832152
0.0408136 0.809315
0.0388802 0.773726
0.0393235 0.749682
0.0389066 0.75
0.0394912 0.757666
0.0387456 0.750752
0.039253 0.768631
0.0383041 0.726347
0.0403422 0.762109
0.0402584 0.773182
0.0386465 0.748252
0.0406647 0.773625
0.0388017 0.731197
0.0397765 0.733504
0.0420127 0.753102
0.0411302 0.728752
0.0405541 0.741653
0.0377781 0.711362
0.0378548 0.727623
0.0371836 0.698153
0.0384393 0.705521
0.0366298 0.658856
0.0373187 0.68147
0.0369211 0.669197
0.0383947 0.693959
0.0380704 0.694075
0.038172 0.704049
0.0372372 0.681963
0.0374959 0.681011
0.0371717 0.674656
0.0381612 0.678038
0.0374928 0.67578
0.0370175 0.660384
0.0379667 0.680167
0.0368365 0.645221
0.0372053 0.652527
0.03732 0.65974
0.0376948 0.681302
0.0377355 0.658465
0.0377125 0.66605
0.0371147 0.656888
0.0371016 0.654074
0.037356 0.675104
0.0371226 0.668431
0.0357591 0.630531
0.0356709 0.615329
0.0355235 0.623672
0.0357405 0.631384
0.0352914 0.591693
0.0343772 0.58298
0.0342391 0.580234
0.0349259 0.594788
0.0350189 0.591006
0.0346139 0.573217
0.0351579 0.596642
0.0349796 0.594566
0.0349483 0.587984
0.0350836 0.579039
0.0349999 0.579605
0.034914 0.573748
0.0342816 0.580668
0.0356748 0.610714
0.0360124 0.619306
0.0356314 0.614265
0.0346034 0.586231
0.0356152 0.600638
0.0356692 0.602628
0.0354563 0.594038
0.0355999 0.614405
0.034615 0.588529
0.0343458 0.582418
0.035278 0.593352
0.0347589 0.589826
0.0343706 0.591105
0.0348769 0.593305
0.0355692 0.59614
0.0352319 0.592384
0.0338591 0.549983
0.0347987 0.56953
0.0357987 0.58848
0.035922 0.608277
0.0344229 0.592086
0.0351177 0.603042
0.0353735 0.61502
0.0356774 0.615581
0.0359487 0.615246
0.0354329 0.598141
0.0363026 0.607676
0.0364838 0.627558
0.0376224 0.668807
0.0379428 0.691625
0.0379465 0.694909
0.0383337 0.705928
0.0374997 0.691348
0.0380615 0.704137
0.036676 0.690938
0.0380072 0.7156
0.0371389 0.700159
0.0371379 0.704
0.0371311 0.711851
0.0361471 0.695564
0.03627 0.710505
0.0366912 0.712469
0.0364252 0.694355
0.0366027 0.694656
0.0368181 0.678112
0.0370363 0.665648
0.0369184 0.667946
0.035584 0.640947
0.0361369 0.651376
0.0361873 0.649276
0.0363966 0.655264
0.0364098 0.644394
0.0366026 0.656558
0.0367224 0.654152
0.0363381 0.658199
0.0375498 0.682729
0.0363285 0.647882
0.0374522 0.662887
0.0379168 0.668541
0.03868 0.68506
0.0379959 0.689137
0.0381789 0.718825
0.0383955 0.693987
0.0392733 0.703012
0.0385073 0.66851
0.0379661 0.658312
0.0377863 0.640546
0.0381982 0.65151
0.0380777 0.652032
0.0387972 0.672928
0.0386906 0.673953
0.0391267 0.692162
0.0384305 0.675888
0.0386335 0.684389
0.0389332 0.686934
0.0396676 0.707159
0.0391901 0.706313
0.039513 0.692106
0.0390392 0.68565
0.0394244 0.666907
0.03917 0.678651
0.039048 0.672281
0.0391254 0.698371
0.0380839 0.682927
0.0384664 0.653319
0.0392541 0.660222
0.0385327 0.647605
0.0378844 0.634355
0.0370551 0.610317
0.0373362 0.607069
0.038024 0.627637
0.0374447 0.603722
0.03691 0.599165
0.0378968 0.611817
0.0388039 0.639016
0.0401047 0.671577
0.0392391 0.672521
0.0397804 0.677337
0.0406528 0.687004
0.0412157 0.673776
0.0415676 0.681053
0.0403142 0.688227
0.0396731 0.684791
0.0404587 0.676167
0.040523 0.688156
0.0404981 0.699889
0.0402084 0.67274
0.0396508 0.641626
0.0396103 0.655148
0.038788 0.658918
0.0386001 0.677009
0.0382853 0.640971
0.0382862 0.64991
0.0387926 0.659884
0.0382182 0.64278
0.0381793 0.649492
0.04026 0.660238
0.0381767 0.620131
0.0382673 0.614101
0.0380175 0.627196
0.0388063 0.619747
0.0379005 0.608384
0.0382159 0.618966
0.0374025 0.612779
0.038609 0.640043
0.0384401 0.63431
0.038482 0.63134
0.0391083 0.616035
0.0399546 0.640797
0.0392931 0.631128
0.0394287 0.623355
0.0392458 0.620946
0.0388102 0.615177
0.0392743 0.620946
0.0388683 0.618385
0.0382971 0.609091
0.0383986 0.611713
0.0383985 0.60974
0.0381947 0.601139
0.0381883 0.614487
0.0386207 0.637227
0.0388603 0.627465
0.0384189 0.609459
0.0394919 0.656727
0.0397663 0.683902
0.0406074 0.669244
0.040205 0.657932
0.0401607 0.682528
0.0403335 0.667139
0.0395231 0.658214
0.037313 0.610508
0.0384213 0.640342
0.0383748 0.647397
0.0386086 0.63694
0.0392069 0.653025
0.0390526 0.633276
0.0377028 0.643091
0.0385358 0.657153
0.0375766 0.640848
0.0384038 0.64691
0.0393533 0.660817
0.0389014 0.663616
0.0390741 0.6567
0.0398337 0.666308
0.0389412 0.649016
0.0393358 0.643386
0.039339 0.645686
0.0387387 0.632152
0.038385 0.649656
0.0377938 0.631008
0.0382101 0.618948
0.0381184 0.626502
0.0391236 0.655926
0.0388225 0.632903
0.0386772 0.632023
0.0405002 0.695572
0.0397138 0.664144
0.0402456 0.662881
0.0402656 0.681901
0.0405995 0.662134
0.0415119 0.688629
0.0423785 0.663973
0.0400189 0.628253
0.0399443 0.594638
0.0397435 0.642733
0.0399631 0.645956
0.0384846 0.613124
0.03873 0.612815
0.0386015 0.597667
0.0385811 0.63048
0.0391814 0.634888
0.0388114 0.623634
0.0381565 0.635202
0.0385157 0.643621
0.0386578 0.641865
0.0368545 0.611131
0.0372042 0.63959
0.0374883 0.602538
0.0373824 0.610028
0.0381555 0.629277
0.0381914 0.614565
0.0377205 0.587492
0.0374632 0.595925
0.0363997 0.570331
0.0380801 0.610577
0.0380293 0.630961
0.0378901 0.642468
0.0376631 0.629656
0.0378884 0.625487
0.0372458 0.612619
0.036975 0.609264
0.0369579 0.617941
0.0373636 0.637459
0.0366327 0.628154
0.0365721 0.622868
0.0347566 0.588406
0.036325 0.608774
0.0363563 0.603326
0.036376 0.611091
0.0360849 0.618287
0.0349822 0.592844
0.0355481 0.594527
0.0350435 0.584186
0.0349928 0.587268
0.0334896 0.5496
0.032621 0.538597
0.0335488 0.543388
0.0336093 0.540939
0.0341857 0.546971
0.0340669 0.563134
0.0338667 0.546763
0.0342347 0.543913
0.0339096 0.526964
0.0332378 0.525
0.0337564 0.527194
0.0334798 0.549095
0.034438 0.562935
0.0345896 0.587599
0.0339369 0.571172
0.0334738 0.571584
0.0332103 0.57963
0.0336484 0.58581
0.0344106 0.590976
0.0341302 0.604206
0.035166 0.633027
0.0349633 0.634052
0.0355341 0.623925
0.0350896 0.616661
0.0349078 0.641085
0.0350595 0.655842
0.0339644 0.626271
0.0348941 0.644114
0.0356008 0.655616
0.0350714 0.634314
0.0340466 0.608251
0.0332521 0.592523
0.0334794 0.607253
0.0338811 0.616212
0.0349073 0.648434
0.0344872 0.631068
0.0349614 0.617223
0.0342247 0.612167
0.0348354 0.61768
0.0352489 0.614068
0.0347353 0.589706
0.0343239 0.602396
0.0349055 0.6298
0.0350814 0.62987
0.0345431 0.621352
0.035619 0.624392
0.035876 0.648148
0.0356436 0.639557
0.0368462 0.683121
0.0355705 0.637131
0.0357761 0.648586
0.0356067 0.640277
0.0342524 0.61993
0.0347645 0.611527
0.0346918 0.630823
0.0340398 0.628392
0.0324906 0.588213
0.0318301 0.572029
0.0326904 0.578277
0.0322546 0.574452
0.0329819 0.59172
0.0330652 0.591271
0.0329882 0.62515
0.0334357 0.634391
0.0326808 0.62087
0.0325438 0.597433
0.0325415 0.605777
0.0309222 0.562812
0.0315193 0.565152
0.0314078 0.567341
0.0320022 0.584811
0.0310774 0.564647
0.032256 0.603319
0.0314696 0.568688
0.03215 0.583975
0.0326467 0.601642
0.0312639 0.602606
0.0313259 0.572145
0.0300715 0.561909
0.0304884 0.605616
0.0320121 0.623758
0.0317454 0.610432
0.0309676 0.612134
0.0316492 0.635781
0.0316508 0.624161
0.0323123 0.615572
0.0315687 0.626683
0.0314989 0.644164
0.0309285 0.63439
0.0303699 0.641992
0.0289385 0.622435
0.0293326 0.639852
0.0267793 0.585952
0.0277257 0.584554
0.0278546 0.582822
0.0279224 0.593638
0.0274725 0.591837
0.0270536 0.567972
0.0277795 0.583443
0.0283522 0.597884
0.0284008 0.601687
0.0279939 0.57773
0.0279541 0.593485
0.0276817 0.588028
0.0273018 0.547997
0.0267455 0.570102
0.0262562 0.572669
0.0260214 0.569986
0.0259395 0.562162
0.0247495 0.539936
0.0241786 0.521602
0.0247736 0.541515
0.0262731 0.567957
0.0256667 0.545455
0.0249708 0.526154
0.0250298 0.535299
0.025313 0.554541
0.0245172 0.554149
0.0246153 0.55338
0.0235211 0.54
0.0247854 0.572384
0.0245847 0.554048
0.0249184 0.551565
0.0251294 0.539251
0.0259191 0.565099
0.0247353 0.535123
0.0244741 0.54752
0.0239461 0.542978
0.0246806 0.556701
0.024764 0.545123
0.0240548 0.521525
0.0234651 0.515055
0.0236641 0.521599
0.0232025 0.482863
0.023878 0.525229
0.0242132 0.545839
0.0249651 0.583252
0.0250989 0.575729
0.0253526 0.570155
0.0262871 0.58256
0.0261636 0.558119
0.0267334 0.577389
0.0269447 0.594693
0.0274443 0.588624
0.0264348 0.540725
0.0264412 0.538851
0.0259672 0.536132
0.0265321 0.541401
0.0262181 0.53763
0.0259224 0.546096
0.0259778 0.553191
0.0268065 0.570347
0.0269527 0.570044
0.0276015 0.592029
0.0277795 0.610146
0.0279608 0.600446
0.0287346 0.624264
0.0278391 0.598298
0.0274849 0.592944
0.0282054 0.610659
0.0275884 0.622295
0.0285602 0.638051
0.0283921 0.610162
0.0278206 0.584813
0.027805 0.590334
0.0290945 0.621034
0.029119 0.606796
0.0291651 0.597916
0.0282387 0.565383
0.028006 0.560799
0.0277813 0.559625
0.0280805 0.564234
0.0295471 0.578969
0.0289772 0.57101
0.0300786 0.613409
0.0307531 0.607976
0.0325496 0.619902
0.0328459 0.627403
0.0329543 0.613636
0.0338658 0.65567
0.0327844 0.613264
0.0339409 0.618012
0.0353228 0.602405
0.0357204 0.620408
0.0347363 0.623083
0.0355961 0.621551
0.0349567 0.616021
0.0362215 0.644622
0.0353713 0.623498
0.0340006 0.588996
0.0348914 0.626294
0.0350384 0.650079
0.0338393 0.616012
0.0348046 0.646264
0.0339477 0.633031
0.0335784 0.622783
0.0333626 0.619992
0.0330279 0.609516
0.0339213 0.60339
0.0340612 0.627689
0.0343919 0.633412
0.0344212 0.61974
0.0362391 0.628782
0.0361985 0.61389
0.0347326 0.6
0.0350512 0.589286
0.0342397 0.580587
0.0343099 0.583666
0.0337122 0.580931
0.0336853 0.592036
0.0330744 0.588413
0.0344438 0.622926
0.0355646 0.633042
0.0356875 0.611683
0.0352012 0.614185
0.0354058 0.61653
0.0361948 0.599787
0.0364785 0.619498
0.0369216 0.642349
0.0372079 0.658527
0.036168 0.672222
0.0362378 0.651475
0.0359294 0.631381
0.0369936 0.66083
0.0361556 0.684866
0.0363807 0.697541
0.0365724 0.671473
0.0360859 0.643856
0.035143 0.624811
0.0360514 0.647284
0.0348496 0.596721
0.0353692 0.60471
0.0356975 0.604182
0.0345192 0.57729
0.0345467 0.557005
0.0345805 0.557158
0.0341911 0.552876
0.0343485 0.576429
0.0340506 0.573535
0.0356991 0.626677
0.0359677 0.613818
0.036015 0.640271
0.0359342 0.64629
0.0364442 0.62069
0.0358795 0.594376
0.0365652 0.611506
0.0362434 0.598111
0.0360117 0.597462
0.0368841 0.617257
0.0367408 0.601742
0.037982 0.643716
0.0380838 0.662624
0.0384102 0.640763
0.0391302 0.679085
0.0385247 0.645104
0.0384142 0.622681
0.0389141 0.627907
0.0385476 0.629655
0.0390176 0.636585
0.0394189 0.679808
0.039174 0.64417
0.0393488 0.655837
0.0406202 0.67861
0.0399863 0.658674
0.0401827 0.664995
0.0406917 0.685065
0.0402888 0.665602
0.0397889 0.653399
0.039971 0.683711
0.0397006 0.693778
0.039418 0.693088
0.0393199 0.683818
0.0388466 0.664719
0.0382715 0.631486
0.0385877 0.642199
0.0398806 0.664062
0.0386212 0.653328
0.038976 0.675775
0.0406544 0.68013
0.0386037 0.678248
0.0395199 0.662594
0.0413325 0.697047
0.0423364 0.71978
0.0406904 0.685818
0.039777 0.665946
0.0376331 0.645387
0.0377943 0.66147
0.0383715 0.674153
0.0391312 0.678558
0.0385901 0.675275
0.0382351 0.682185
0.0369675 0.663052
0.0374174 0.6659
0.0376032 0.666032
0.0373532 0.657186
0.0364826 0.657264
0.0363621 0.648794
0.0378486 0.667172
0.0363398 0.638322
0.0363223 0.644351
0.0367099 0.649103
0.0363229 0.642258
0.0359863 0.647767
0.0357513 0.658313
0.0355166 0.659524
0.0352468 0.654168
0.0348119 0.647646
0.0364758 0.6689
0.0356684 0.663615
0.0347596 0.638823
0.0368078 0.683832
0.0365099 0.693284
0.0375615 0.723192
0.0363186 0.689416
0.0373524 0.703328
0.0378475 0.688679
0.036743 0.69914
0.0376303 0.698317
0.0369 0.702581
0.0370904 0.693205
0.0365055 0.673827
0.0366261 0.6708
0.0361876 0.667725
0.0351993 0.637316
0.0353301 0.647059
0.0356884 0.676792
0.0359842 0.66627
0.0352556 0.668425
0.0359041 0.703177
0.0349118 0.669121
0.0343239 0.650627
0.0334841 0.642243
0.0328845 0.66109
0.0321347 0.633585
0.0317261 0.627789
0.0306547 0.60864
0.0298937 0.591484
0.0298555 0.596276
0.0298806 0.603749
0.0293614 0.604176
0.0299738 0.610412
0.029613 0.605457
0.0301028 0.594379
0.0299489 0.599321
0.0302729 0.610922
0.029976 0.613745
0.0293957 0.607843
0.0291053 0.601048
0.0287316 0.591463
0.0282426 0.587975
0.0273546 0.575312
0.0270834 0.580325
0.0274674 0.586004
0.0271127 0.583447
0.0270367 0.589212
0.027575 0.595793
0.0270658 0.577408
0.027743 0.586021
0.0273346 0.579775
0.0274007 0.588979
0.026808 0.578803
0.02627 0.568574
0.0268758 0.56983
0.0270117 0.582842
0.0267473 0.569058
0.0261498 0.563917
0.0270953 0.587676
0.0273958 0.598161
0.0270191 0.583485
0.0277222 0.584554
0.0280167 0.616162
0.027459 0.61369
0.0277312 0.611188
0.0273892 0.602677
0.0275968 0.600366
0.0275438 0.613221
0.0281622 0.629473
0.0279112 0.619159
0.0279551 0.630292
0.027949 0.622606
0.0268905 0.592336
0.0275062 0.609179
0.0277661 0.612858
0.0269558 0.5987
0.0264955 0.590845
0.0274021 0.604898
0.0261412 0.579851
0.0264906 0.583564
0.0278783 0.616092
0.0269612 0.591978
0.0274105 0.600827
0.0274525 0.601005
0.0273596 0.601373
0.0275459 0.603567
0.0273378 0.603687
0.0276013 0.606963
0.0276619 0.608536
0.0271229 0.593607
0.0272761 0.596715
0.027769 0.608475
0.0274318 0.608777
0.0275784 0.617481
0.0279347 0.628842
0.0278515 0.623175
0.0272975 0.617717
0.0271285 0.609906
0.0267422 0.607601
0.0266708 0.604927
0.0265633 0.594747
0.0271081 0.60177
0.0262965 0.580093
0.0268947 0.593142
0.0267716 0.596752
0.0269295 0.6031
0.0262212 0.582908
0.0269017 0.595172
0.0268524 0.59841
0.0257637 0.570833
0.0267292 0.586667
0.0273424 0.603241
0.0257073 0.57024
0.0266114 0.584026
0.02603 0.583763
0.0264873 0.582831
0.02598 0.580074
0.0259966 0.570705
0.0258263 0.575899
0.0254246 0.566047
0.0261123 0.584694
0.0258461 0.579095
0.0261971 0.590441
0.0257814 0.581527
0.0251659 0.56485
0.0263522 0.593204
0.0253664 0.569697
0.0262635 0.59031
0.0252703 0.566996
0.025618 0.575375
0.0263081 0.591616
0.0257135 0.578775
0.0263621 0.586673
0.0262242 0.5876
0.0251231 0.56288
0.0263114 0.587547
0.0257593 0.577266
0.0258269 0.578873
