44988      21169
43578      20388
43516      20176
44477      20227
45377      20307
45934      20396
45866      20415
46178      20384
46386      20579
45965      20471
46186      20747
46119      20620
46260      20739
46324      20763
46051      20652
46201      20583
46207      20635
46431      20615
46224      20699
46007      20531
46256      20546
46364      20374
46098      20275
46004      20508
45659      20456
44964      20659
44748      20894
44434      20887
44153      20708
44031      20529
43683      20405
43828      20397
43707      20472
43787      20503
43895      20390
43809      20527
43914      20790
44354      20993
44593      21010
45228      21183
45448      21324
45737      21438
45510      21283
45533      21439
45748      21355
45650      21419
45823      21356
45547      21215
45589      21186
45894      21283
45893      21184
45707      21088
45848      21040
45840      21002
45839      21052
46008      21068
45869      21215
45907      21247
45661      21297
46136      21477
45913      21410
45976      21360
45861      21450
46301      21322
46332      21349
46194      21058
46136      21010
45992      20906
46012      20923
46056      20765
46071      20626
45671      20581
45935      20629
46151      20584
46097      20678
46159      20661
45874      20499
46046      20468
46143      20576
46256      20497
46093      20315
46333      20362
46179      20294
46118      20186
46273      20049
46457      19907
46395      20068
46446      20159
46172      20265
46197      20353
46400      20070
46445      20101
46328      20084
46502      20031
46290      20002
46510      19896
46550      19847
46535      19716
46461      19664
46614      19636
46440      19594
46471      19717
46342      19839
46589      19787
46601      19671
46495      19670
46528      19697
46706      19794
46454      19860
46557      19858
46315      19871
46348      20013
46277      20054
46547      20154
46555      20093
46431      20001
46662      19920
46527      19853
46737      19971
46524      19953
46657      19929
46721      20067
46682      19984
46577      19905
46565      19890
46731      19877
46525      19789
46788      19951
46808      19940
46740      20024
46748      19947
46790      20164
46664      20004
46522      19949
46470      19825
46538      19970
46348      19812
46271      19858
46771      20016
46760      19918
46928      20033
46772      19961
46620      19969
46704      19854
46615      19961
46818      19959
46767      20162
46601      20080
46566      19926
46454      19813
46754      19855
46748      19810
46922      19822
46683      19821
46782      19786
46855      20041
46737      20060
46785      19908
46667      19897
46437      19873
46963      19997
46883      19988
46827      19893
46639      19926
46596      19949
46785      19849
46757      19941
46974      20037
46884      19977
46828      20121
46637      20039
46845      19996
46778      19919
47015      20081
46841      20005
46929      20179
46784      20112
47031      20184
46962      20093
46939      20086
46935      20160
46807      20184
46865      19997
46918      20038
46827      20076
46902      20173
46900      20032
46935      20253
46637      20031
46718      20118
47046      20239
46954      20164
46762      20104
46794      20170
46873      20295
47080      20195
46821      20200
46974      20093
46742      20118
46861      20160
47131      20191
46716      19941
46923      20065
47185      20129
46849      20170
47057      20121
46967      20183
46898      20108
47277      20265
47301      20164
47326      20254
46913      20278
47189      20356
47069      20307
47192      20298
47192      20209
47055      20233
47215      20489
47168      20439
46989      20415
46969      20309
47040      20263
47065      20248
47323      20463
47189      20341
47189      20309
47137      20298
47000      20402
46930      20319
47260      20458
47267      20450
47305      20542
47118      20470
47545      20514
46924      20526
47146      20439
47318      20598
47048      20486
47458      20595
47152      20561
47312      20491
47188      20476
47245      20307
47346      20556
47112      20427
47223      20480
46995      20301
47426      20422
47482      20328
47264      20334
47078      20317
47425      20337
47164      20227
47177      20260
47013      20365
47207      20381
47650      20513
47461      20446
47215      20425
47294      20354
47401      20392
47338      20290
47411      20347
47371      20289
47496      20238
47383      20208
47251      20161
47176      20369
47223      20300
47236      20377
47282      20218
47178      20132
47287      20126
47511      19912
47506      19765
47132      19743
47601      19594
47369      19581
47311      19596
47460      19469
47239      19381
47569      19422
47536      19138
47356      19078
47431      19037
47847      19053
47239      18898
47655      18690
47482      18666
47535      18596
47372      18595
47821      18465
47632      18295
47901      18327
47742      18175
47867      18051
47833      18006
47800      18022
47980      17987
48189      18038
47867      17944
47760      17995
47585      17816
47599      17868
47906      17805
48000      17769
47593      17801
47552      17694
47672      17781
48014      17598
48005      17726
47911      17585
47986      17549
47936      17499
48101      17474
47878      17269
48130      17333
47923      17149
48041      17147
48208      17139
47947      17049
47863      17010
47900      17105
48085      16953
47944      17047
48233      17154
48178      17143
48210      16972
47653      16936
48251      17016
48364      16937
48259      16726
48006      16847
48156      16827
47986      16741
48175      16678
48113      16701
47978      16686
48125      16673
48293      16681
47846      16805
47994      16700
48289      16667
48042      16606
47747      16605
47903      16580
47908      16486
48162      16602
48103      16629
47924      16553
47821      16456
47863      16520
47863      16488
48296      16556
47857      16641
48222      16575
47935      16578
48011      16390
48117      16474
48003      16359
47932      16386
47828      16396
47970      16394
48008      16423
48046      16362
48177      16378
48119      16265
48097      16282
48215      16310
47804      16197
47868      16193
48069      16228
47880      16212
48196      16159
48182      16122
48078      16123
47903      16206
48006      16164
48136      16177
48129      16093
47991      16032
47762      15969
47959      16002
48009      16016
48154      15851
48004      15913
48098      15806
47999      15786
48025      15832
48476      16018
48179      15862
47934      15945
48075      16001
48075      15938
48109      15932
47975      15877
48092      15837
48034      15847
47947      15660
48102      15675
48211      15686
48165      15696
47997      15718
47911      15423
47835      15508
48016      15464
48029      15430
47934      15491
47981      15377
47787      15138
47978      15199
48035      15182
47804      15209
48059      15097
47943      14905
47827      14881
48040      14831
47884      14776
47786      14718
47856      14691
47813      14682
47644      14636
47807      14610
47946      14589
47730      14453
47865      14455
47749      14350
47726      14317
47710      14218
47709      14286
47503      14054
47657      13913
47342      13878
47448      13764
47491      13613
47300      13616
47209      13605
47334      13487
47582      13359
47246      13385
46992      13113
47228      13127
46985      13087
47101      13058
46965      13012
46691      13071
46620      12968
46732      12969
46725      12886
46655      12989
46448      12812
46669      12839
46697      12836
46540      12747
46457      12805
46525      12796
46408      12862
46694      12872
46319      12987
46325      13003
46542      13066
46353      13048
46554      13278
46278      13230
46261      13016
46524      13180
46486      12993
46441      12857
46288      12917
46347      12700
46745      12718
46236      12600
46229      12689
46544      12662
46384      12565
46145      12476
46281      12657
46560      12684
46126      12611
46335      12774
46411      12737
46292      12916
46071      12731
46075      12830
45802      12897
45820      12885
45858      12899
45731      13079
45810      12958
45492      12971
45299      13141
45742      12876
45387      13169
45388      13329
45819      13247
45673      13322
45400      13499
45394      13255
45495      13521
45612      13604
45847      13549
45563      13672
45736      13731
45963      13860
45461      13861
45636      13871
45722      13871
45943      13957
45583      13920
45984      13952
45976      14059
46183      14066
46511      14167
46197      14214
46255      14310
46566      14438
46698      14470
46339      14509
46122      14405
45979      14215
46290      14342
46104      14343
46583      14581
46361      14486
46349      14473
46376      14419
45922      14392
45669      14527
45696      14503
45638      14511
44588      14565
44790      14845
44764      14897
45103      15048
45209      14733
45105      14502
45189      14489
45132      14210
45293      14270
44935      14264
45108      14153
45048      14171
45089      14151
45194      14048
44695      14092
44073      13987
44115      13802
44299      13610
44289      13601
44096      13541
43317      13724
43344      13698
43569      13578
43818      13424
45079      13491
44882      13321
44724      13388
44876      13615
45291      13497
45232      13330
45367      13510
45475      13675
45232      13477
45557      13282
45895      13680
46005      13590
46191      13750
46356      13806
46809      13865
47329      14035
47331      14078
47643      14306
47547      14160
47642      14417
47752      14460
47515      14664
47756      14489
47663      14644
47599      14761
47837      14671
47626      14809
47820      14992
47714      15102
47912      14959
47733      14989
47632      15104
48026      15071
47840      15110
47701      15012
47660      15072
47611      15047
47500      14775
47542      14964
47327      15131
47401      15439
47743      15410
47574      15470
47664      15427
47933      15647
47567      15551
47374      15390
47741      15675
47592      15669
47576      15762
47213      15674
47444      15735
47725      15842
47837      15820
47565      15713
47700      15818
47948      15909
47768      15895
47766      16124
47684      15900
47609      16033
48019      16218
47376      16334
47464      16203
47817      16456
47412      16408
47691      16482
47397      16290
47373      16381
47216      16335
47104      16510
47062      16511
47073      16291
47229      16207
47119      16106
47217      16283
47307      16068
47397      16004
47606      15917
47070      15612
47282      15864
47391      15885
47238      15956
47279      15672
47367      15805
47341      15719
47275      15727
47237      15663
47205      15735
47035      15836
47131      15822
47156      15733
47154      15731
47116      15626
47367      15835
46883      15688
47319      15783
46974      15681
47058      15762
47164      15789
47153      15737
46833      15671
47024      15890
47182      15789
47084      15821
46806      16026
47193      15811
46953      15876
47082      16092
47042      15857
47160      16084
46887      15848
47193      16052
47091      16092
47014      16044
46720      16238
47046      16144
46980      16097
46721      16179
46814      16256
46823      16131
46820      16307
46876      16210
46976      16266
46745      16376
47019      16341
47105      16347
47054      16227
47080      16491
46976      16414
47025      16609
46985      16645
47254      16645
46925      16613
46944      16621
46789      16463
46654      16606
46996      16538
46851      16669
46603      16569
46841      16454
46807      16554
46811      16555
46754      16531
46695      16359
46981      16589
46984      16617
46912      16402
46887      16423
46817      16478
46831      16438
46960      16329
46907      16278
46767      16249
46917      16322
46911      16197
46936      16372
46813      16381
46941      16396
46884      16295
46771      16456
47123      16458
47116      16465
46952      16414
46745      16424
47097      16538
46970      16394
46922      16280
46699      16258
46748      16415
46905      16295
46563      16171
46703      16263
46853      16001
46844      16143
46833      16206
46998      16257
46799      16234
46902      16275
47236      16198
47059      16303
46955      16392
46996      16293
46873      16304
46892      16264
46680      16130
46956      16418
46845      16416
46899      16436
46888      16421
46835      16446
46787      16673
46661      16451
46631      16513
46713      16449
46849      16582
46984      16556
46803      16728
46803      16554
46783      16872
46787      16700
46606      16476
46678      16469
46610      16627
46883      16637
46605      16600
46655      16783
46669      16763
46583      16969
46370      16548
46417      16954
46491      16652
46763      16848
46198      16816
46506      16781
46513      16838
46826      16870
46674      16876
46539      16878
46543      16790
46407      16730
46415      16786
46690      16756
46774      16985
46830      16986
46533      16952
46453      16911
46640      17050
46624      16933
46568      16856
46616      16969
46424      16848
46449      16752
46966      16741
46910      16542
47048      16515
46912      16652
46890      16349
46640      16332
47077      16390
46984      16426
46868      16330
46867      16113
46756      16167
46843      16445
46818      16224
46846      16271
46896      16461
46691      16520
46622      16500
46714      16441
46677      16607
46637      16498
46663      16498
46599      16477
46783      16657
46730      16631
46898      16532
46921      16577
46725      16654
46607      16675
46897      16571
46954      16591
47222      16614
47367      16473
47063      16437
47227      16396
46924      16374
47149      16447
46841      16279
47036      16169
46981      16168
47008      16084
47260      15864
47126      15905
46853      15913
46683      15683
46754      15703
46806      15965
47103      15933
47012      15974
47124      15898
46940      16150
47231      16010
47124      15926
46867      15842
46817      15900
47143      16003
47091      16087
47078      15886
46969      15940
47678      16078
47382      16000
47234      15974
47167      15893
47200      15993
47218      15819
47332      15988
47200      15848
47185      15849
47014      15745
47342      15969
46867      15751
47119      15869
46537      15701
47042      15856
46935      15866
46810      15971
46840      16052
46877      16175
46984      16005
47005      16098
46840      15937
46857      16077
46828      15810
46993      15735
46572      15670
46696      15652
46791      15549
46789      15689
46858      15626
47002      15653
46841      15849
46945      15681
47306      16032
47031      15799
47231      15647
47125      15633
47238      15586
47119      15353
47320      15381
47225      15226
47153      15407
47198      15306
47693      15372
47377      15524
47336      15502
47345      15579
47403      15446
47076      15493
47340      15410
47093      15107
47154      15250
47141      15026
47339      15187
47341      15160
47387      14925
47395      15088
47076      14917
47188      14876
47243      14874
47047      14425
47013      14526
46979      14346
47167      14389
46954      14014
47238      14214
47119      13955
47169      13924
47183      13763
47350      13930
47501      13807
47748      14014
47453      13850
47502      13724
47720      13622
47697      13739
47827      13768
47710      13670
48189      13626
47578      13568
48263      13505
48092      13462
48195      13473
47722      13410
47730      13188
48112      13149
47799      12929
47935      13043
47914      12957
48034      12842
47922      12743
47936      12665
47863      12529
47999      12795
48211      12796
48222      12777
48212      12855
48335      12724
48160      12624
48077      12609
48111      12847
48227      12829
48352      12820
48255      12848
48275      12829
48135      12906
48296      12931
48348      12854
48114      12907
47963      12693
47969      12696
47952      12554
47949      12505
47987      12512
48010      12604
47924      12559
47780      12620
48082      12749
48142      12961
48247      12789
48644      12803
47967      12853
48258      12940
47714      12695
48055      12927
47410      12992
47758      13170
48041      13121
47787      13058
48010      13216
47896      13204
48057      13360
48103      13340
47991      13297
47990      13424
47699      13440
47934      13619
47955      13475
48144      13736
47795      13999
47339      13793
47006      13923
47088      13943
47220      13986
47214      14246
47311      14166
47097      14223
47298      14542
47079      14626
47145      14597
47037      14695
46844      14825
46597      14612
46698      14957
46703      14971
46701      14946
46950      15304
46821      15460
46905      15450
46797      15589
46808      15654
46781      15702
46831      15749
46858      15851
46823      15790
46959      15812
46911      15628
46831      15527
46977      15559
46839      15381
46718      15300
47308      15510
47054      15423
47778      15535
46930      15405
47227      15549
47121      15538
47075      15751
47064      15873
47021      16031
47129      16248
47074      16324
47074      16614
46817      16428
46867      16352
46630      16231
46786      16191
46985      16263
46859      16064
46760      15821
46655      15984
46987      16202
46772      16206
46747      16192
46685      16208
46504      16268
46388      16242
46837      16300
46940      16285
46814      16157
46927      16092
47185      16310
46783      16078
47112      16202
47193      16161
47008      16268
46933      16130
47002      16196
47188      16135
46950      16153
47278      16053
46951      16121
46934      16073
46942      16202
46989      16205
46842      16204
47116      16389
46931      16615
47147      16289
46780      16332
46921      16663
47130      16803
47094      16618
47181      16917
47068      16926
46741      16863
47005      16883
46522      16701
47343      16742
47227      16671
47048      16363
46853      16552
46311      16415
46487      16428
46929      16646
46825      16340
46805      16392
46536      16150
46685      16241
46627      16156
46716      16424
46189      16199
46668      16144
46539      16191
46621      15952
46834      16020
46624      16078
46806      16074
46643      16090
46851      15939
46745      16229
46932      16116
46890      16222
46503      16254
46952      16299
46391      16112
46524      16421
46660      16513
46259      16863
46414      16907
46350      16924
46459      16727
46475      16619
47150      16860
46154      16780
46178      16527
46074      16583
46371      16585
46311      16511
46449      16637
46512      16563
46395      16524
46625      16588
46587      16520
46501      16452
46478      16194
46638      16367
46309      16332
46362      16180
46351      16093
46292      15974
46795      16177
46529      15977
46622      15946
46524      15904
46736      15899
46203      16035
46539      15886
46371      15817
46324      15991
46450      15865
46396      15903
46291      15737
46485      15847
46319      15934
46477      15784
46481      15802
46404      15795
45787      15772
46480      15998
46677      15825
46391      15887
46822      15818
46715      15760
46716      15702
46847      15502
46861      15588
46877      15349
46858      15147
46861      14915
47083      15147
46996      14879
46877      14901
46933      14711
47194      14732
47422      14621
47307      14652
46941      14676
47209      14500
47072      14543
47147      14488
47303      14497
47071      14363
47456      14374
47311      14289
47265      14171
47092      14265
47195      14152
47483      14160
47256      14188
47321      14140
47269      13972
47253      14006
47403      13979
47147      13874
47193      13858
47590      13997
47262      13795
47659      13833
47366      13697
47535      13757
47444      13632
47572      13607
47868      13700
47489      13654
47596      13500
47507      13527
47900      13612
47671      13500
47672      13578
47683      13471
47578      13324
47488      13270
47475      13342
47472      13449
47934      13507
47694      13467
47712      13338
47771      13403
47720      13336
47819      13403
47744      13401
47770      13447
47779      13335
47715      13280
48066      13426
47624      13298
47719      13340
47901      13370
48027      13387
47920      13414
47919      13457
48005      13429
47936      13408
47930      13431
47954      13476
47571      13400
47536      13360
47646      13335
47611      13348
47502      13413
47770      13378
47662      13353
47827      13367
47880      13372
47735      13314
47661      13337
47649      13282
47593      13308
48036      13436
47680      13318
47862      13441
47655      13368
47668      13370
47858      13382
47738      13324
47655      13378
48002      13377
47536      13265
47791      13341
47419      13361
47960      13411
47660      13405
47742      13406
47867      13372
47985      13417
48015      13508
48097      13529
47864      13441
47763      13409
47700      13429
48174      13458
47785      13373
47724      13427
47974      13417
47742      13411
48146      13458
47758      13403
47704      13397
47924      13416
47698      13329
47711      13416
47741      13409
