5.96783   167.287   173.255 0.136668   0.0322161
5.88228   147.583   153.465 0.133688   0.0286819
6.64958   141.231   147.88 0.141481   0.0271285
5.89745   139.522   145.42 0.140415   0.0269922
6.3852   152.188   158.573 0.141893   0.0294226
5.8435   156.807   162.651 0.137494   0.0290706
5.48003   147.591   153.071 0.133659   0.0280432
5.5741   143.485   149.059 0.134316   0.0285174
6.31596   163.656   169.972 0.146883   0.0295194
5.95814   163.207   169.165 0.138561   0.0293829
5.69459   155.3   160.994 0.13399   0.028386
6.09412   137.214   143.308 0.138503   0.0267196
5.52695   136.31   141.837 0.128534   0.0258065
5.76934   139.587   145.356 0.137365   0.0266209
5.46957   140.032   145.501 0.130228   0.0264986
6.10901   141.868   147.977 0.138841   0.0265074
6.09343   157.267   163.36 0.139544   0.0293846
6.1703   177.685   183.855 0.13918   0.0332059
6.27584   221.366   227.642 0.139463   0.0424289
6.0754   249.884   255.959 0.142115   0.0485871
6.78248   274.852   281.635 0.143292   0.0536978
6.54149   267.442   273.984 0.145366   0.0524896
6.63547   274.573   281.209 0.145834   0.054242
6.13736   287.67   293.808 0.140122   0.0587898
5.28297   289.263   294.546 0.13477   0.0591854
4.89459   298.082   302.976 0.145384   0.061401
5.99076   301.347   307.338 0.141291   0.0637448
6.85236   314.539   321.392 0.15276   0.0661015
6.14799   314.338   320.486 0.149951   0.0661291
9.55049   313.126   322.676 0.144704   0.0508032
10.2638   324.381   334.644 0.149618   0.0536486
8.5516   320.407   328.959 0.146935   0.052512
9.30625   375.938   385.244 0.151568   0.0621776
10.2438   362.371   372.614 0.148031   0.058617
9.76039   393.797   403.557 0.148334   0.0626527
10.7207   368.606   379.327 0.154033   0.0597668
8.07118   375.547   383.619 0.147195   0.0605298
8.07813   382.397   390.475 0.146343   0.0624485
10.5957   349.329   359.924 0.147572   0.0513175
10.4417   352.731   363.173 0.145428   0.0519379
10.4986   392.165   402.663 0.153938   0.0577715
11.9599   388.895   400.854 0.157022   0.05696
12.6448   410.557   423.201 0.158456   0.0617378
11.1986   447.895   459.094 0.155176   0.0681901
11.8702   417.013   428.883 0.153759   0.0633007
14.6986   444.595   459.294 0.154397   0.0620475
15.5908   422.054   437.645 0.159089   0.0578632
14.1957   415.595   429.791 0.153634   0.0572682
13.0477   423.026   436.074 0.153864   0.0591017
15.0299   446.24   461.27 0.157877   0.0620364
15.4714   443.218   458.69 0.160325   0.0621
15.702   420.615   436.317 0.163562   0.0538119
16.0613   423.137   439.198 0.169423   0.053502
15.3459   441.833   457.179 0.165306   0.0569275
13.3098   467.843   481.153 0.168053   0.0607399
14.7595   462.59   477.349 0.169326   0.059797
14.2963   482.304   496.6 0.170194   0.0634124
13.4539   393.771   407.225 0.156441   0.0489237
13.5105   462.611   476.122 0.160077   0.0579002
11.9573   462.392   474.349 0.159857   0.058947
13.2872   480.932   494.219 0.160087   0.0605387
11.3345   483.443   494.777 0.160394   0.0619652
12.0512   492.323   504.375 0.161761   0.0633376
12.9527   450.918   463.871 0.164653   0.0523299
10.853   479.672   490.525 0.161183   0.056326
11.313   505.223   516.536 0.157489   0.0600325
13.2978   514.028   527.326 0.165533   0.0602307
11.8262   532.75   544.576 0.165788   0.0626851
12.5397   537.24   549.78 0.163561   0.0634037
11.5472   487.248   498.796 0.167757   0.0535379
12.778   539.68   552.458 0.167397   0.0591506
12.6553   534.929   547.585 0.163647   0.0588362
14.274   560.206   574.48 0.165977   0.0630528
13.12   589.581   602.701 0.166427   0.0667803
12.4026   592.639   605.041 0.163193   0.0665338
15.149   530.918   546.067 0.164962   0.0567584
15.4627   544   559.462 0.168073   0.0586038
14.2141   641.912   656.126 0.161831   0.0697945
12.2835   624.496   636.78 0.156811   0.0684504
14.2012   610.959   625.16 0.164493   0.0671027
13.6346   708.091   721.726 0.166276   0.0795265
14.1351   551.631   565.766 0.15499   0.0579445
13.193   555.696   568.889 0.163213   0.058724
13.8262   547.95   561.777 0.164925   0.0584024
13.0177   555.957   568.975 0.15528   0.0591569
14.4382   579.321   593.76 0.158371   0.0626
12.7896   592.646   605.436 0.167916   0.0634027
17.9774   534.299   552.276 0.166767   0.053838
14.0574   740.516   754.573 0.163187   0.0746778
13.9328   809.273   823.206 0.163093   0.0806106
15.4908   816.916   832.407 0.156699   0.0816764
13.8581   842.162   856.02 0.162845   0.0833601
13.2056   662.909   676.115 0.153554   0.0662871
15.9936   788.869   804.863 0.165096   0.0856547
16.7495   661.132   677.881 0.156747   0.0731722
17.7085   631.971   649.68 0.162215   0.0690553
17.2171   690.456   707.673 0.160907   0.0711382
18.7035   704.497   723.201 0.163528   0.0731584
17.6917   645.822   663.513 0.161462   0.0648648
18.0731   673.177   691.25 0.157549   0.0685976
15.3135   560.713   576.026 0.150625   0.0540881
16.6354   610.06   626.696 0.154032   0.0594957
17.7699   652.179   669.949 0.156333   0.0654536
14.3966   701.885   716.282 0.159078   0.0705862
15.1478   718.276   733.424 0.161392   0.0728781
17.6346   659.08   676.714 0.162948   0.0680766
16.3029   674.616   690.919 0.159832   0.0702103
15.7669   542.424   558.191 0.154794   0.0539618
15.7384   592.308   608.046 0.160595   0.0595276
16.0635   625.943   642.006 0.155203   0.0634252
16.2662   632.956   649.222 0.156836   0.065334
16.1896   639.498   655.688 0.163767   0.0665609
18.1461   582.036   600.182 0.163268   0.0583411
15.8373   660.516   676.354 0.160668   0.0645126
15.9281   654.978   670.906 0.159636   0.0645143
17.8016   700.488   718.29 0.159963   0.0684157
16.7745   694.92   711.695 0.160138   0.066952
15.9745   688.679   704.654 0.160817   0.0659872
18.6751   712.414   731.089 0.152866   0.065952
18.3899   717.629   736.018 0.161113   0.0661252
16.6853   729.043   745.729 0.14974   0.0666663
19.4163   743.277   762.694 0.165749   0.0677255
19.1799   729.238   748.418 0.158138   0.0664982
19.3439   842.701   862.045 0.16551   0.0783434
21.8205   835.274   857.094 0.160445   0.074905
18.7222   914.981   933.703 0.159435   0.0814558
20.3756   868.092   888.468 0.164485   0.076171
19.0876   788.687   807.774 0.1666   0.0694642
21.3299   781.578   802.908 0.16664   0.0695637
21.5885   765.753   787.342 0.160084   0.0662941
19.8578   769.167   789.024 0.156823   0.0679919
20.4068   750.993   771.4 0.164004   0.0659121
19.3602   766.978   786.338 0.15193   0.0673243
20.5245   739.192   759.716 0.153005   0.0645953
20.9444   695.513   716.458 0.148242   0.0589825
18.7367   709.255   727.992 0.148872   0.0603629
17.9969   749.579   767.576 0.152701   0.0642738
20.2584   751.372   771.631 0.150861   0.0641181
19.0587   738.65   757.709 0.15459   0.0636964
19.953   682.643   702.596 0.147488   0.0573436
20.0011   738.815   758.816 0.148944   0.0607886
17.9834   805.93   823.914 0.152957   0.0671081
17.2771   811.428   828.705 0.14695   0.0673936
18.2973   779.746   798.043 0.146211   0.0648553
20.5647   759.141   779.706 0.156131   0.0635956
23.7312   795.708   819.439 0.153671   0.0639718
21.3469   947.347   968.694 0.157293   0.0765065
17.5416   1062.21   1079.75 0.149381   0.0853433
21.1686   1166.69   1187.86 0.157713   0.0945004
20.4843   1142.92   1163.4 0.157398   0.0954532
23.4818   892.474   915.955 0.157294   0.0723504
20.6823   985.639   1006.32 0.154841   0.0814818
21.4811   941.444   962.925 0.160478   0.0776147
20.2114   958.407   978.619 0.165159   0.0794321
21.1073   1035.23   1056.34 0.162542   0.0866915
20.7502   900.284   921.034 0.159441   0.0738604
25.7296   775.402   801.132 0.159387   0.0609579
24.8021   872.766   897.568 0.159719   0.0693434
26.4916   861.967   888.458 0.166464   0.0683728
23.9451   905.62   929.566 0.160706   0.0716674
25.1044   919.483   944.587 0.163319   0.0732081
23.2667   1008.23   1031.49 0.16303   0.0797088
24.6401   827.689   852.329 0.155809   0.0633752
27.0035   858.051   885.055 0.165033   0.0659684
24.1174   868.205   892.323 0.159718   0.066431
24.032   922.087   946.119 0.160749   0.0701274
25.6763   894.391   920.067 0.171502   0.0687027
22.8149   896.353   919.167 0.15748   0.06969
27.365   843.1   870.465 0.164708   0.0634005
22.4171   809.124   831.541 0.155212   0.0616475
22.3598   821.7   844.06 0.159876   0.0629607
23.2032   842.79   865.993 0.166929   0.0643689
25.5472   857.566   883.113 0.166819   0.0657289
25.5554   869.285   894.84 0.166407   0.0664765
23.5407   812.945   836.485 0.165115   0.0596319
22.8556   870.455   893.31 0.160149   0.0642592
25.7152   926.494   952.209 0.162883   0.0676507
22.6968   979.349   1002.05 0.169064   0.072783
21.9942   1047.78   1069.77 0.161278   0.0775866
23.4381   1045.08   1068.52 0.161642   0.0778599
23.5538   1083.98   1107.53 0.166002   0.0822291
22.3887   1167.33   1189.72 0.164892   0.0893023
24.466   1254.23   1278.7 0.170958   0.098677
26.4696   982.05   1008.52 0.172682   0.0754097
22.2202   1010.92   1033.14 0.164073   0.0776728
25.0213   885.228   910.25 0.164614   0.0672468
24.4728   873.048   897.521 0.159822   0.0672772
20.9729   884.742   905.715 0.160558   0.0707836
19.6597   891.76   911.42 0.159511   0.0705332
23.5688   746.61   770.179 0.157827   0.0581386
23.1012   786.863   809.964 0.161924   0.061857
21.4912   805.598   827.09 0.162266   0.0615713
22.0768   816.255   838.332 0.160105   0.0633941
22.0765   823.143   845.22 0.15719   0.0639854
23.4257   880.008   903.434 0.165228   0.0675227
23.5027   800.64   824.143 0.15399   0.0601318
23.7548   892.419   916.174 0.161597   0.0666065
26.4433   969.099   995.543 0.167245   0.0712923
21.8318   1045.98   1067.81 0.160923   0.0794477
24.9439   1094.64   1119.58 0.168312   0.0809187
27.1982   963.613   990.811 0.167431   0.0695024
29.0726   932.485   961.558 0.169643   0.0669042
26.3123   1046.06   1072.37 0.165746   0.076176
25.4811   1043.7   1069.18 0.16606   0.0760827
29.0157   932.894   961.91 0.168085   0.0661322
23.8511   1063.28   1087.13 0.16718   0.0769642
26.6178   988.39   1015.01 0.158628   0.0736571
25.5892   968.696   994.285 0.156701   0.0705435
25.3165   1028.27   1053.58 0.161252   0.0761799
24.1491   944.299   968.448 0.155901   0.0718131
27.2205   888.909   916.129 0.156041   0.0655183
26.2224   839.969   866.192 0.152789   0.0624211
27.9547   876.163   904.117 0.15816   0.0656289
23.8867   909.358   933.245 0.153415   0.0681622
24.0596   876.334   900.394 0.162932   0.065279
27.6335   893.802   921.435 0.158449   0.0640663
27.893   966.788   994.681 0.153822   0.0679282
28.1552   1020.12   1048.28 0.158353   0.0720472
28.9288   910.523   939.452 0.151857   0.0641096
27.909   893.238   921.147 0.150138   0.0621128
30.8506   953.463   984.314 0.160429   0.0676728
28.0558   987.464   1015.52 0.16236   0.0710625
25.7037   1001.1   1026.8 0.158371   0.0730168
28.268   903.054   931.322 0.163399   0.0646382
24.6811   909.219   933.9 0.156429   0.0652149
21.9667   933.482   955.448 0.156124   0.0676637
21.0952   945.074   966.17 0.146393   0.0692992
28.1704   778.601   806.771 0.159857   0.0563391
22.8089   868.177   890.986 0.153906   0.0640263
25.0157   825.738   850.754 0.150596   0.0609591
25.4488   854.657   880.106 0.154028   0.0627701
26.638   834.629   861.267 0.160373   0.0627777
25.0725   780.316   805.388 0.15207   0.0579208
28.259   807.202   835.461 0.155014   0.0603723
26.2057   814.392   840.598 0.155431   0.0602941
23.6756   824.188   847.864 0.150417   0.0608742
26.1369   775.434   801.571 0.149439   0.0558799
25.7144   801.724   827.439 0.150279   0.0588652
26.3461   860.615   886.961 0.150645   0.0631206
27.0052   865.761   892.766 0.155004   0.0645854
26.6171   857.919   884.536 0.152862   0.0613709
26.3634   863.459   889.823 0.152487   0.0640564
24.263   908.097   932.36 0.157552   0.0662597
26.3962   870.153   896.55 0.155373   0.064116
26.7792   843.765   870.544 0.153462   0.06124
27.8386   1038.02   1065.86 0.158174   0.0748425
30.4789   1007.13   1037.61 0.162902   0.072151
25.147   1073.88   1099.03 0.154698   0.0759673
23.2476   1152.24   1175.48 0.155919   0.0810612
26.2176   995.474   1021.69 0.160647   0.069259
26.6783   1154.4   1181.08 0.16142   0.0826192
23.0267   1205.51   1228.54 0.165551   0.0877159
25.8416   877.704   903.545 0.157678   0.0622088
25.1852   1020.33   1045.52 0.162021   0.0736424
23.9762   975.521   999.497 0.163772   0.0701647
26.0844   1075.2   1101.28 0.168613   0.0766658
25.0403   1049.69   1074.74 0.160048   0.0757296
24.957   940.946   965.903 0.150343   0.0683493
28.4937   831.885   860.378 0.159877   0.0594128
27.4626   924.425   951.888 0.155448   0.0669857
27.3028   848.766   876.069 0.153387   0.0612778
28.0108   907.843   935.853 0.167456   0.0663875
24.5536   791.012   815.565 0.160376   0.0567302
25.0509   829.829   854.88 0.149826   0.05944
27.2137   851.637   878.851 0.159424   0.0611264
28.0007   750.33   778.331 0.152917   0.0531734
27.6587   815.33   842.988 0.154432   0.0580678
24.1836   772.139   796.323 0.146075   0.054785
24.6271   844.514   869.141 0.156749   0.0603713
26.7929   784.075   810.868 0.153005   0.0559339
27.723   799.497   827.22 0.152978   0.0575933
24.3586   792.011   816.369 0.149784   0.056972
26.6162   776.928   803.545 0.151228   0.0562757
28.7123   739.773   768.485 0.153337   0.0533988
23.9568   754.887   778.844 0.133557   0.0546946
22.2422   725.033   747.275 0.142921   0.0528647
26.0815   798.387   824.469 0.15606   0.0587465
22.1051   748.804   770.909 0.149992   0.0569141
23.9104   647.614   671.525 0.148397   0.0490993
22.0883   651.043   673.131 0.148671   0.049866
24.3359   643.151   667.487 0.153903   0.0500891
23.3151   700.097   723.412 0.154022   0.0540647
25.4353   699.309   724.745 0.152765   0.0524431
27.5202   695.658   723.179 0.160234   0.0517084
26.0982   669.006   695.104 0.150639   0.0489971
26.4331   636.799   663.232 0.150402   0.0466033
23.3884   832.918   856.306 0.150354   0.0620634
25.7092   972.995   998.704 0.156763   0.072763
27.6293   1035.35   1062.98 0.150069   0.0768424
28.2672   1154.81   1183.08 0.153376   0.0865292
28.8038   917.949   946.753 0.1523   0.0702447
25.7542   1057.37   1083.13 0.150258   0.0832701
25.4934   903.615   929.108 0.157854   0.0704771
24.8706   762.151   787.022 0.145442   0.0587966
30.3735   1426.02   1456.39 0.172519   0.115435
28.262   1415.42   1443.68 0.173742   0.114786
31.8335   1015.88   1047.71 0.164259   0.0825389
33.0104   886.147   919.157 0.158197   0.0695381
35.042   683.562   718.604 0.15329   0.0527131
32.6956   703.202   735.898 0.149091   0.0539357
34.5661   732.632   767.198 0.156691   0.0568964
31.7164   729.778   761.495 0.156316   0.0568005
31.1833   694.01   725.193 0.151817   0.0534792
32.6987   669.275   701.974 0.151773   0.0524127
30.762   719.653   750.415 0.153184   0.0566364
32.9673   663.2   696.168 0.1551   0.0520266
32.1527   711.64   743.792 0.14749   0.0560734
31.0022   638.929   669.931 0.149679   0.0497405
31.0406   672.282   703.322 0.157567   0.0544437
28.248   752.314   780.562 0.157458   0.0615058
29.8939   766.145   796.039 0.161105   0.0613985
29.137   819.143   848.28 0.156398   0.0648991
30.5789   787.195   817.774 0.158604   0.0637658
28.0902   764.913   793.003 0.158523   0.0637337
26.4792   737.211   763.69 0.150621   0.0620867
25.6411   644.516   670.157 0.148968   0.0537169
28.5302   645.184   673.714 0.156568   0.0551293
25.8175   653.703   679.521 0.146192   0.0560955
25.7068   724.719   750.426 0.155172   0.0616724
25.4253   657.805   683.23 0.14881   0.0554328
24.2229   673.323   697.546 0.144662   0.0587007
21.7056   712.047   733.752 0.142591   0.0641272
20.5879   684.384   704.972 0.147451   0.0635152
21.7902   601.458   623.249 0.1469   0.0549428
21.2145   575.673   596.888 0.147836   0.0534634
20.6656   572.539   593.205 0.149642   0.0559202
16.3722   551.786   568.159 0.148974   0.0698924
15.6786   464.636   480.314 0.141408   0.0649852
13.9996   409.852   423.852 0.154029   0.0656125
14.3255   524.972   539.298 0.158002   0.0783728
17.8071   626.603   644.41 0.162178   0.0820322
13.3685   539.042   552.411 0.150979   0.0785693
14.6509   498.094   512.745 0.15541   0.0742336
11.0352   519.143   530.178 0.145391   0.0844698
12.9334   456.029   468.962 0.136428   0.0703966
15.3095   422.726   438.036 0.147562   0.066175
13.3396   383.926   397.266 0.156247   0.0604358
12.9509   380.411   393.362 0.159642   0.0615154
11.836   400.833   412.669 0.151744   0.0655873
11.4923   383.887   395.379 0.144658   0.0636335
10.6383   395.37   406.008 0.157216   0.0650339
9.54692   364.155   373.702 0.149171   0.0590286
11.0406   389.28   400.321 0.143013   0.0634317
10.449   377.591   388.04 0.157636   0.0613556
10.0654   397.077   407.142 0.149275   0.0636327
10.0257   388.17   398.196 0.1595   0.0617965
9.78659   388.763   398.55 0.149251   0.0613053
8.88701   428.145   437.032 0.137997   0.0665731
9.76923   447.632   457.401 0.141583   0.0687395
12.2324   419.375   431.607 0.15172   0.0620068
11.0521   417.077   428.129 0.147082   0.0618337
13.5917   432.191   445.782 0.166202   0.0640884
12.7395   434.776   447.516 0.15515   0.0649545
12.1466   465.234   477.38 0.157748   0.070359
10.2664   462.673   472.939 0.156025   0.0703481
13.74   392.141   405.881 0.161919   0.0585435
12.7879   410.328   423.116 0.15156   0.0623883
11.5599   372.724   384.283 0.152567   0.0567517
13.2843   436.894   450.178 0.162168   0.0673232
14.1994   438.973   453.172 0.165301   0.0666878
12.953   434.309   447.262 0.156627   0.0661169
13.0286   434.188   447.216 0.151495   0.0620711
12.7134   391.105   403.819 0.147188   0.0565508
14.5655   434.636   449.201 0.152519   0.0620421
13.6982   472.191   485.889 0.156423   0.0669964
12.2404   461.035   473.276 0.157433   0.0665731
10.5013   460.722   471.223 0.14922   0.0663339
13.1738   439.001   452.174 0.142805   0.0599789
11.8267   449.432   461.259 0.149435   0.0613284
13.6627   426.485   440.148 0.147086   0.0603697
12.6034   419.4   432.003 0.14704   0.062132
15.0926   479.662   494.755 0.153781   0.069397
12.9653   472.814   485.78 0.157394   0.0686893
13.5313   449.522   463.053 0.152526   0.0619542
13.9364   468.277   482.214 0.161582   0.0651471
13.4001   453.976   467.376 0.157442   0.0633543
13.1535   428.582   441.735 0.154949   0.0607334
12.2293   458.362   470.591 0.151446   0.0648296
12.3778   445.363   457.741 0.151318   0.0617333
13.8947   398.336   412.231 0.153411   0.0525153
13.2537   462.443   475.696 0.159683   0.061395
15.6753   420.776   436.452 0.161394   0.0557957
13.7713   430.596   444.367 0.161743   0.0559153
13.7612   494.432   508.193 0.158402   0.0653751
14.2057   482.979   497.185 0.159615   0.0642152
14.1409   598.33   612.471 0.164703   0.0697134
13.5093   534.059   547.568 0.156403   0.0619891
14.9613   596.209   611.17 0.15605   0.0716156
12.4465   584.506   596.952 0.153898   0.0688606
10.8692   585.393   596.262 0.159842   0.0696257
16.4603   535.727   552.187 0.161376   0.0593904
14.4167   603.805   618.222 0.155257   0.0670352
11.7905   565.961   577.752 0.152464   0.0657169
13.9633   594.99   608.953 0.160267   0.0680396
12.7989   590.051   602.85 0.163564   0.0690148
14.4595   519.847   534.307 0.151145   0.0573477
13.2401   577.17   590.41 0.1537   0.0634881
12.8115   557.964   570.776 0.151487   0.0620098
12.4861   555.901   568.387 0.152802   0.0610047
12.3213   598.788   611.11 0.15466   0.0665062
12.0093   656.475   668.484 0.150116   0.07275
15.1177   560.65   575.768 0.15322   0.0570626
14.5118   672.488   687 0.156763   0.067682
13.0907   627.62   640.711 0.155051   0.0632081
11.7703   616.083   627.853 0.153526   0.0613119
13.5164   673.256   686.772 0.156907   0.0670497
14.6506   700.401   715.052 0.161249   0.0682206
14.2759   724.816   739.092 0.156142   0.0662685
13.8544   636.39   650.244 0.153653   0.0574956
12.8664   760.728   773.594 0.150192   0.0699327
14.4329   724.224   738.657 0.150604   0.0663026
13.5476   693.863   707.41 0.149344   0.0638739
14.7143   683.496   698.21 0.147564   0.0596992
16.1224   741.408   757.531 0.156528   0.0646173
16.9598   829.519   846.478 0.16025   0.0723176
16.2758   742.324   758.6 0.156498   0.0640708
16.5818   780.433   797.015 0.156222   0.068502
18.367   682.009   700.376 0.145193   0.0571716
16.03   680.846   696.876 0.148198   0.0563008
14.6888   723.335   738.024 0.137646   0.0600356
19.5341   674.484   694.018 0.153009   0.0562093
17.7093   712.543   730.252 0.155118   0.0594132
15.527   710.862   726.389 0.149538   0.0599336
16.7092   736.838   753.547 0.149763   0.0621138
19.0896   630.248   649.338 0.1476   0.0502477
21.6927   680.315   702.007 0.156063   0.0543107
21.2136   678.457   699.67 0.149743   0.0538886
20.4386   747.026   767.465 0.151772   0.0595833
19.1862   710.574   729.76 0.155986   0.0564238
18.8027   802.775   821.578 0.156689   0.0641331
24.4857   688.614   713.1 0.147061   0.0534556
24.1521   770.462   794.614 0.154821   0.0600048
22.7671   719.561   742.329 0.150942   0.0549004
23.0855   841.475   864.561 0.161437   0.0644435
22.388   891.711   914.099 0.156559   0.0686543
22.8981   777.947   800.846 0.142351   0.0586024
23.6105   862.762   886.373 0.156955   0.0661954
22.0758   849.368   871.444 0.149449   0.0651456
24.4548   883.814   908.269 0.157483   0.0680022
22.5518   854.133   876.685 0.153937   0.0661273
21.4905   894.335   915.825 0.151494   0.067521
21.8892   915.298   937.188 0.15446   0.0702339
18.8611   869.542   888.403 0.150889   0.0663941
18.9138   906.011   924.925 0.152355   0.0701759
19.5236   854.26   873.784 0.143732   0.0668741
21.3384   790.426   811.764 0.145489   0.0602949
19.3879   775.273   794.66 0.141962   0.0599797
18.2429   816.577   834.82 0.141889   0.0630019
18.7019   1058.63   1077.33 0.142627   0.0802192
21.4705   1028.64   1050.11 0.150746   0.0765508
22.5307   830.262   852.793 0.146168   0.060192
21.2262   797.901   819.128 0.1461   0.0588218
21.6152   891.121   912.736 0.144376   0.0646885
23.1544   890.323   913.478 0.153777   0.0647037
24.764   982.926   1007.69 0.15327   0.0711043
23.4654   842.062   865.527 0.147449   0.0605066
24.2501   872.613   896.864 0.152517   0.0621754
27.1049   942.5   969.605 0.15904   0.0675143
25.5507   997.118   1022.67 0.150678   0.0715615
23.9696   1112.72   1136.69 0.153933   0.0797934
23.6681   825.879   849.547 0.150206   0.0580933
22.6375   829.667   852.304 0.146521   0.0589978
24.5612   891.244   915.806 0.152825   0.063067
23.4109   947.96   971.371 0.14925   0.0684377
21.0797   828.193   849.273 0.141069   0.0596031
25.1206   1014.76   1039.88 0.155305   0.07161
25.3105   933.013   958.324 0.159814   0.0651551
24.093   781.53   805.623 0.15587   0.0540247
23.4685   930.602   954.07 0.153389   0.0652002
28.1273   856.068   884.195 0.158018   0.0593297
27.0766   905.138   932.215 0.157881   0.0637634
26.2204   1022.43   1048.65 0.16072   0.072322
25.4377   1003.99   1029.42 0.162171   0.0714915
24.5775   951.623   976.2 0.150386   0.0678353
25.3795   875.935   901.315 0.156802   0.0625598
25.0795   930.658   955.737 0.157857   0.066727
26.7223   935.028   961.751 0.154976   0.0671103
22.6734   908.998   931.671 0.159511   0.0656824
24.6853   820.9   845.585 0.154283   0.0582966
22.1682   758.126   780.294 0.154303   0.0528968
23.7342   782.676   806.41 0.147811   0.0554926
