813         813
814         418
804         433
812         432
783         410
789         412
796         445
795         433
780         436
847         465
783         425
771         425
758         405
793         439
774         421
778         432
762         424
728         405
727         396
678         365
698         361
696         329
709         350
725         359
720         339
695         343
699         345
698         353
686         344
695         336
696         354
693         360
654         325
655         311
647         295
622         303
652         310
632         292
620         295
621         296
627         306
638         315
651         324
653         317
676         341
659         324
654         293
647         288
