1569       1569
1561       1425
1534       1404
1536       1391
1542       1389
1550       1402
1531       1381
1504       1334
1496       1337
1492       1305
1486       1287
1511       1316
1446       1236
1467       1253
1467       1256
1501       1247
1475       1230
1414       1197
1406       1211
1410       1182
1401       1167
1393       1170
1402       1177
1394       1171
1349       1140
1376       1175
1379       1166
1317       1116
1339       1124
1284       1100
1303       1120
1276       1095
1327       1126
1332       1177
1308       1130
1309       1154
1298       1138
1304       1150
1362       1193
1391       1217
1427       1252
1451       1281
1448       1267
1437       1258
1417       1225
1388       1207
1332       1159
1346       1164
1318       1120
1302       1112
1297       1117
1283       1104
1291       1116
1308       1122
1321       1150
1280       1104
1283       1138
1313       1139
1388       1222
1348       1180
1348       1168
1335       1166
1376       1210
1414       1229
1379       1197
1381       1201
1329       1134
1365       1181
1358       1153
1367       1160
1350       1151
1328       1141
1354       1182
1357       1178
1321       1138
1365       1189
1367       1192
1355       1195
1355       1186
1311       1145
1267       1109
1317       1149
1381       1212
1368       1199
1330       1158
1284       1108
1285       1123
1295       1133
1335       1173
1373       1199
1380       1211
1377       1216
1415       1224
1392       1214
1391       1220
1415       1217
1398       1214
1415       1244
1444       1248
1426       1236
1454       1249
1430       1225
1446       1237
1487       1298
1499       1295
1512       1330
1453       1270
1451       1256
1501       1315
1460       1276
1459       1268
1458       1257
1461       1260
1419       1234
1392       1212
1373       1193
1370       1192
1409       1225
1441       1253
1417       1250
1470       1286
1441       1271
1427       1266
1504       1336
1509       1312
1580       1372
1569       1343
1572       1365
1593       1396
1596       1398
1577       1348
1503       1289
1460       1246
1365       1158
1308       1124
1315       1142
1299       1111
1295       1099
1297       1100
1271       1073
1301       1105
1280       1091
1261       1064
1218       1035
1260       1063
1264       1078
1322       1124
