0  2875015
295  2961
62  2388
11  3318
36  1560
9  2591
13  1393
10  2363
11  2051
78  5816
8  2244
11  1846
30  2486
14  1878
14  1448
18  2243
8  5636
12  3212
18  2315
25  2844
17  183469
9  2131
13  1796
16  3455
11  1929
21  2203
18  2758
18  1744
20  2222
14  1825
71  2614
59  402876
18  1890
79  2248
24  2172
52  351663
11  3097
7  1157
7  1537
19  2246
23  2301
19  1928
18  2830
18  263728
13  3460
17  1507
12  229041
8  1044
10  1575
8  141049
23  1425
47  2206
15  2808
18  1687
17  2986
11  1532
16  2332
7  1516
37  166994
6  1547
5  1551
11  142876
13  2045
11  1808
9  228118
11  1897
6  702
19  237222
66  2691
10  3332
12  3603
14  2787
25  2725
5  2449
6  2531
7  2172
69  4567
51  249377
18  2924
9  2177
17  1895
26  356215
15  3270
52  2163
13  171055
6  1321
76  3711
12  2226
10  2338
9  1778
9  2027
8  1764
64  2221
9  160155
10  2155
15  2550
9  147943
13  1743
16  2512
22  232510
11  2481
13  2087
11  184417
12  2114
10  2400
9  173084
17  2226
9  2740
26  2671
75  1619
9  2638
19  2625
9  4138
6  6410
10  221554
19  2710
9  2338
14  4065
9  219672
6  2430
9  2647
13  193615
18  8334
12  1690
14  2529
18  1792
9  1823
14  2202
8  1536
11  154703
16  1786
14  2812
12  273119
8  1575
32  2150
10  283307
12  2601
62  2439
17  4402
10  1600
9  1165
51  1971
5  1572
6  172666
9  1983
14  2141
46  166371
13  2623
15  1997
20  253379
12  2273
5  1213
21  1899
14  8139
7  2513
12  183228
13  1627
7  1443
22  1800
6  1828
10  1951
21  3451
74  2374
10  3046
14  2396
71  777459
16  4350
8  1380
11  178214
13  1789
13  1861
54  450284
8  2492
10  1785
9  186117
8  2113
22  2615
9  1628
11  2061
7  2105
10  2361
16  3114
11  2071
17  645546
22  3505
5  2623
9  1791
16  2481
6  1974
7  1543
27  3205
16  1950
10  2271
9  673259
7  1641
9  1379
19  219877
16  4137
13  2494
22  188988
11  2016
8  1962
17  2444
13  1662
16  1535
13  2178
9  713
14  2342
57  2288
8  4402
11  1583
71  1850
32  2208
6  2182
10  1936
17  1717
9  585140
18  1943
11  1465
24  4195
14  1760
7  1218
7  1607
10  3044
9  1729
10  1576
11  2302
9  5733
54  2698
9  1889
70  2252
14  735027
10  2551
18  1744
49  2427
9  2242
52  223305
9  2201
11  2743
11  5960
53  2798
13  2614
9  2253
5  2185
50  1676
9  3447
10  1723
9  2574
16  2639
16  1940
16  2371
6  3241
68  436946
19  1841
63  2340
7  182327
8  1607
5  2205
49  2293
25  3823
6  2287
10  2317
11  1969
13  2853
15  379227
9  1932
17  4360
17  217487
30  1916
20  649447
12  2441
38  216293
10  2064
12  271556
10  2028
9  259768
11  2439
47  6556
13  340206
11  2058
6  1547
21  2793
10  1716
14  2716
12  1559
13  2564
12  2235
13  480336
25  9702
10  2365
9  1917
15  2183
14  1785
29  5514
9  1619
13  2408
29  703601
16  4613
87  2087
10  566678
19  3485
15  2422
16  258070
11  4320
15  2416
36  2085
17  1824
11  2093
9  2546
10  2576
12  2366
12  517956
11  1922
9  2080
8  200673
30  2917
13  3237
15  4412
13  2025
11  1885
24  1454
22  2031
8  1397
21  820338
34  11915
9  1543
35  204817
8  2570
26  2716
10  4144
8  2494
8  5348
13  2166
15  463437
66  1968
12  3073
15  1768
9  2494
12  2665
8  9584
73  3282
10  1768
7  2149
7  1628
8  1364
55  1586
13  1853
28  1770
33  2924
11  2495
17  2659
4  3249
9  2087
9  2003
44  1827
14  2018
5  1556
28  2091
12  1977
11  3940
63  2441
8  2725
68  2770
7  1550
11  5215
11  3473
7  2122
16  3464
14  2465
9  2733
13  1519
10  2814
11  2379
15  2298
8  1431
