44988      7103
43578      6762
43516      6679
44477      6701
45377      6745
45934      6762
45866      6796
46178      6827
46386      6827
45965      6785
46186      6879
46119      6958
46260      6944
46324      6893
46051      6891
46201      6880
46207      6868
46431      6887
46224      6858
46007      6836
46256      6846
46364      6850
46098      6835
46004      6936
45659      6914
44964      6964
44748      7043
44434      7045
44153      7099
44031      7089
43683      7105
43828      7150
43707      7109
43787      7085
43895      7097
43809      7123
43914      7188
44354      7187
44593      7210
45228      7202
45448      7253
45737      7303
45510      7313
45533      7294
45748      7296
45650      7288
45823      7306
45547      7278
45589      7278
45894      7194
45893      7174
45707      7159
45848      7169
45840      7180
45839      7115
46008      7111
45869      7135
45907      7199
45661      7210
46136      7331
45913      7262
45976      7272
45861      7221
46301      7283
46332      7196
46194      7228
46136      7138
45992      7180
46012      7101
46056      7116
46071      6999
45671      6981
45935      7054
46151      7142
46097      7238
46159      7279
45874      7251
46046      7214
46143      7123
46256      7024
46093      6964
46333      6935
46179      6870
46118      6822
46273      6739
46457      6698
46395      6685
46446      6730
46172      6691
46197      6794
46400      6698
46445      6695
46328      6672
46502      6626
46290      6681
46510      6767
46550      6726
46535      6678
46461      6691
46614      6727
46440      6670
46471      6672
46342      6559
46589      6533
46601      6544
46495      6486
46528      6476
46706      6513
46454      6565
46557      6495
46315      6541
46348      6590
46277      6590
46547      6670
46555      6597
46431      6604
46662      6547
46527      6568
46737      6505
46524      6500
46657      6513
46721      6484
46682      6345
46577      6393
46565      6322
46731      6345
46525      6342
46788      6399
46808      6429
46740      6474
46748      6533
46790      6534
46664      6468
46522      6349
46470      6363
46538      6414
46348      6405
46271      6334
46771      6360
46760      6365
46928      6347
46772      6345
46620      6367
46704      6361
46615      6404
46818      6411
46767      6407
46601      6414
46566      6398
46454      6362
46754      6356
46748      6354
46922      6347
46683      6272
46782      6251
46855      6231
46737      6183
46785      6196
46667      6198
46437      6245
46963      6333
46883      6385
46827      6309
46639      6283
46596      6329
46785      6335
46757      6341
46974      6372
46884      6320
46828      6363
46637      6343
46845      6370
46778      6356
47015      6310
46841      6311
46929      6440
46784      6400
47031      6433
46962      6417
46939      6402
46935      6378
46807      6300
46865      6371
46918      6321
46827      6224
46902      6160
46900      6086
46935      6148
46637      6204
46718      6220
47046      6165
46954      6171
46762      6212
46794      6235
46873      6222
47080      6211
46821      6202
46974      6257
46742      6244
46861      6234
47131      6204
46716      6188
46923      6184
47185      6191
46849      6088
47057      6109
46967      6047
46898      6056
47277      6103
47301      6162
47326      6187
46913      6144
47189      6067
47069      6005
47192      5983
47192      5933
47055      5933
47215      5995
47168      6048
46989      5999
46969      6007
47040      5977
47065      5938
47323      6028
47189      5969
47189      5955
47137      5956
47000      5974
46930      5959
47260      5982
47267      6003
47305      6038
47118      6034
47545      6048
46924      6028
47146      5913
47318      5925
47048      5906
47458      5929
47152      5930
47312      5882
47188      5805
47245      5788
47346      5837
47112      5858
47223      5867
46995      5795
47426      5824
47482      5777
47264      5781
47078      5816
47425      5829
47164      5827
47177      5815
47013      5891
47207      5951
47650      6041
47461      5988
47215      5995
47294      5966
47401      5932
47338      5967
47411      5943
47371      5962
47496      5934
47383      5948
47251      5990
47176      5991
47223      5980
47236      5934
47282      5864
47178      5788
47287      5815
47511      5719
47506      5635
47132      5676
47601      5609
47369      5549
47311      5572
47460      5475
47239      5526
47569      5459
47536      5427
47356      5398
47431      5327
47847      5357
47239      5350
47655      5319
47482      5300
47535      5221
47372      5192
47821      5153
47632      5114
47901      5095
47742      5089
47867      5041
47833      4987
47800      4947
47980      5006
48189      5008
47867      4994
47760      5001
47585      5004
47599      4971
47906      4915
48000      4874
47593      4910
47552      4854
47672      4799
48014      4741
48005      4751
47911      4746
47986      4694
47936      4659
48101      4577
47878      4550
48130      4522
47923      4478
48041      4420
48208      4424
47947      4470
47863      4435
47900      4482
48085      4451
47944      4449
48233      4472
48178      4405
48210      4333
47653      4291
48251      4308
48364      4333
48259      4234
48006      4208
48156      4223
47986      4161
48175      4149
48113      4136
47978      4124
48125      4104
48293      4180
47846      4153
47994      4141
48289      4154
48042      4161
47747      4091
47903      4102
47908      4165
48162      4149
48103      4190
47924      4124
47821      4010
47863      4057
47863      4051
48296      4006
47857      4027
48222      3960
47935      3919
48011      3904
48117      3915
48003      3885
47932      3910
47828      3887
47970      3894
48008      3902
48046      3889
48177      3924
48119      3941
48097      3947
48215      3922
47804      3921
47868      3909
48069      3908
47880      3943
48196      3970
48182      3908
48078      3910
47903      3889
48006      3894
48136      3924
48129      3856
47991      3834
47762      3802
47959      3817
48009      3807
48154      3755
48004      3749
48098      3719
47999      3677
48025      3648
48476      3610
48179      3606
47934      3590
48075      3589
48075      3510
48109      3513
47975      3479
48092      3384
48034      3411
47947      3432
48102      3472
48211      3451
48165      3443
47997      3432
47911      3434
47835      3451
48016      3429
48029      3463
47934      3473
47981      3464
47787      3447
47978      3429
48035      3427
47804      3465
48059      3418
47943      3357
47827      3442
48040      3434
47884      3454
47786      3414
47856      3408
47813      3389
47644      3346
47807      3340
47946      3310
47730      3311
47865      3279
47749      3324
47726      3336
47710      3284
47709      3301
47503      3244
47657      3221
47342      3276
47448      3297
47491      3318
47300      3291
47209      3246
47334      3246
47582      3216
47246      3254
46992      3228
47228      3222
46985      3218
47101      3240
46965      3217
46691      3200
46620      3183
46732      3171
46725      3201
46655      3146
46448      3133
46669      3127
46697      3158
46540      3135
46457      3081
46525      3085
46408      3153
46694      3075
46319      3131
46325      3092
46542      3119
46353      3137
46554      3196
46278      3182
46261      3203
46524      3256
46486      3206
46441      3160
46288      3135
46347      3020
46745      2976
46236      2983
46229      3022
46544      2988
46384      3014
46145      3017
46281      3066
46560      3077
46126      3082
46335      3051
46411      3174
46292      3170
46071      3238
46075      3257
45802      3260
45820      3219
45858      3267
45731      3345
45810      3387
45492      3401
45299      3376
45742      3434
45387      3430
45388      3508
45819      3536
45673      3604
45400      3647
45394      3633
45495      3598
45612      3661
45847      3717
45563      3715
45736      3746
45963      3795
45461      3722
45636      3789
45722      3810
45943      3758
45583      3800
45984      3862
45976      3901
46183      3964
46511      3986
46197      3937
46255      4018
46566      4057
46698      4085
46339      4053
46122      4044
45979      4003
46290      4025
46104      4053
46583      4153
46361      4126
46349      4174
46376      4124
45922      4006
45669      4080
45696      4103
45638      4171
44588      4076
44790      4002
44764      4067
45103      4126
45209      4059
45105      4102
45189      4096
45132      4068
45293      4183
44935      4137
45108      4164
45048      4123
45089      4106
45194      4094
44695      4125
44073      4088
44115      4040
44299      4017
44289      3971
44096      3974
43317      3990
43344      3963
43569      4026
43818      3983
45079      3983
44882      3936
44724      3973
44876      3950
45291      3965
45232      4020
45367      4098
45475      4122
45232      4086
45557      4073
45895      4119
46005      4088
46191      4216
46356      4227
46809      4277
47329      4282
47331      4349
47643      4314
47547      4296
47642      4339
47752      4202
47515      4184
47756      4308
47663      4325
47599      4288
47837      4343
47626      4413
47820      4408
47714      4524
47912      4511
47733      4539
47632      4641
48026      4716
47840      4645
47701      4602
47660      4627
47611      4668
47500      4530
47542      4394
47327      4421
47401      4480
47743      4519
47574      4546
47664      4619
47933      4613
47567      4572
47374      4621
47741      4653
47592      4756
47576      4664
47213      4659
47444      4633
47725      4602
47837      4574
47565      4529
47700      4574
47948      4589
47768      4581
47766      4657
47684      4531
47609      4629
48019      4705
47376      4724
47464      4681
47817      4717
47412      4772
47691      4689
47397      4605
47373      4534
47216      4533
47104      4607
47062      4622
47073      4596
47229      4584
47119      4524
47217      4405
47307      4361
47397      4402
47606      4352
47070      4296
47282      4295
47391      4316
47238      4244
47279      4248
47367      4281
47341      4227
47275      4248
47237      4284
47205      4310
47035      4256
47131      4290
47156      4297
47154      4306
47116      4321
47367      4324
46883      4326
47319      4370
46974      4402
47058      4400
47164      4286
47153      4369
46833      4338
47024      4424
47182      4425
47084      4465
46806      4410
47193      4350
46953      4346
47082      4426
47042      4392
47160      4472
46887      4533
47193      4389
47091      4382
47014      4390
46720      4491
47046      4445
46980      4401
46721      4394
46814      4363
46823      4502
46820      4492
46876      4362
46976      4412
46745      4508
47019      4504
47105      4498
47054      4565
47080      4492
46976      4572
47025      4630
46985      4705
47254      4546
46925      4615
46944      4663
46789      4665
46654      4783
46996      4638
46851      4684
46603      4749
46841      4716
46807      4825
46811      4678
46754      4766
46695      4736
46981      4671
46984      4814
46912      4693
46887      4657
46817      4795
46831      4915
46960      4897
46907      4740
46767      4691
46917      4564
46911      4776
46936      4762
46813      4795
46941      4762
46884      4752
46771      4794
47123      4911
47116      4834
46952      4851
46745      4686
47097      4671
46970      4695
46922      4712
46699      4693
46748      4680
46905      4747
46563      4800
46703      4883
46853      4909
46844      4864
46833      4833
46998      4849
46799      4834
46902      4848
47236      4939
47059      4934
46955      4870
46996      4848
46873      4779
46892      4828
46680      4738
46956      4721
46845      4620
46899      4677
46888      4864
46835      4849
46787      4600
46661      4571
46631      4602
46713      4678
46849      4584
46984      4763
46803      4716
46803      4883
46783      4882
46787      4858
46606      4727
46678      4658
46610      4665
46883      4645
46605      4680
46655      4603
46669      4729
46583      4800
46370      4767
46417      4843
46491      4799
46763      4729
46198      4754
46506      4816
46513      4783
46826      4884
46674      4992
46539      4835
46543      4948
46407      4806
46415      4808
46690      4930
46774      4916
46830      4839
46533      4844
46453      4837
46640      4914
46624      4889
46568      4830
46616      4819
46424      4718
46449      4813
46966      4780
46910      4790
47048      4727
46912      4695
46890      4744
46640      4676
47077      4623
46984      4548
46868      4673
46867      4608
46756      4504
46843      4556
46818      4595
46846      4559
46896      4630
46691      4657
46622      4610
46714      4723
46677      4660
46637      4758
46663      4780
46599      4741
46783      4685
46730      4641
46898      4662
46921      4699
46725      4670
46607      4644
46897      4709
46954      4667
47222      4738
47367      4711
47063      4732
47227      4614
46924      4561
47149      4614
46841      4578
47036      4604
46981      4532
47008      4425
47260      4416
47126      4390
46853      4452
46683      4457
46754      4511
46806      4541
47103      4491
47012      4445
47124      4432
46940      4539
47231      4544
47124      4499
46867      4483
46817      4511
47143      4463
47091      4493
47078      4463
46969      4413
47678      4517
47382      4453
47234      4470
47167      4412
47200      4389
47218      4340
47332      4350
47200      4387
47185      4286
47014      4425
47342      4425
46867      4388
47119      4241
46537      4436
47042      4391
46935      4416
46810      4428
46840      4360
46877      4301
46984      4533
47005      4556
46840      4366
46857      4444
46828      4373
46993      4448
46572      4433
46696      4367
46791      4249
46789      4335
46858      4437
47002      4531
46841      4422
46945      4598
47306      4473
47031      4549
47231      4549
47125      4495
47238      4412
47119      4264
47320      4268
47225      4240
47153      4254
47198      4244
47693      4259
47377      4335
47336      4335
47345      4392
47403      4379
47076      4416
47340      4391
47093      4277
47154      4269
47141      4215
47339      4238
47341      4143
47387      4267
47395      4302
47076      4298
47188      4203
47243      4162
47047      4208
47013      4167
46979      4070
47167      4068
46954      3998
47238      3845
47119      3827
47169      3806
47183      3768
47350      3803
47501      3798
47748      3801
47453      3728
47502      3806
47720      3822
47697      3852
47827      3851
47710      3870
48189      3836
47578      3795
48263      3744
48092      3839
48195      3875
47722      3675
47730      3752
48112      3647
47799      3700
47935      3716
47914      3720
48034      3696
47922      3595
47936      3597
47863      3572
47999      3612
48211      3627
48222      3730
48212      3740
48335      3716
48160      3714
48077      3600
48111      3639
48227      3622
48352      3620
48255      3715
48275      3746
48135      3755
48296      3804
48348      3736
48114      3658
47963      3602
47969      3556
47952      3625
47949      3722
47987      3680
48010      3696
47924      3756
47780      3803
48082      3846
48142      3812
48247      3840
48644      3668
47967      3763
48258      3741
47714      3771
48055      3970
47410      3816
47758      3895
48041      3877
47787      3896
48010      3792
47896      3757
48057      3643
48103      3661
47991      3770
47990      3616
47699      3795
47934      3743
47955      3768
48144      3774
47795      3821
47339      3831
47006      3926
47088      3923
47220      3878
47214      3935
47311      3829
47097      4002
47298      4065
47079      4151
47145      4038
47037      4082
46844      4063
46597      4061
46698      4176
46703      4165
46701      4091
46950      4125
46821      4238
46905      4307
46797      4493
46808      4466
46781      4438
46831      4424
46858      4364
46823      4386
46959      4392
46911      4391
46831      4320
46977      4262
46839      4226
46718      4201
47308      4305
47054      4337
47778      4426
46930      4335
47227      4274
47121      4314
47075      4408
47064      4521
47021      4522
47129      4504
47074      4605
47074      4549
46817      4594
46867      4534
46630      4429
46786      4482
46985      4376
46859      4496
46760      4411
46655      4410
46987      4467
46772      4446
46747      4511
46685      4610
46504      4623
46388      4532
46837      4615
46940      4648
46814      4502
46927      4508
47185      4518
46783      4476
47112      4556
47193      4472
47008      4571
46933      4522
47002      4633
47188      4669
46950      4565
47278      4482
46951      4522
46934      4358
46942      4443
46989      4468
46842      4484
47116      4640
46931      4777
47147      4678
46780      4573
46921      4580
47130      4508
47094      4579
47181      4645
47068      4617
46741      4757
47005      4787
46522      4642
47343      4612
47227      4596
47048      4584
46853      4572
46311      4792
46487      4693
46929      4576
46825      4569
46805      4448
46536      4611
46685      4614
46627      4587
46716      4666
46189      4682
46668      4596
46539      4653
46621      4562
46834      4497
46624      4563
46806      4526
46643      4534
46851      4527
46745      4610
46932      4646
46890      4500
46503      4370
46952      4509
46391      4489
46524      4611
46660      4507
46259      4668
46414      4572
46350      4678
46459      4710
46475      4578
47150      4534
46154      4632
46178      4472
46074      4508
46371      4467
46311      4503
46449      4414
46512      4468
46395      4437
46625      4410
46587      4453
46501      4455
46478      4431
46638      4464
46309      4491
46362      4479
46351      4495
46292      4413
46795      4384
46529      4282
46622      4290
46524      4270
46736      4255
46203      4279
46539      4254
46371      4296
46324      4313
46450      4402
46396      4354
46291      4359
46485      4142
46319      4129
46477      4201
46481      4522
46404      4471
45787      4455
46480      4410
46677      4312
46391      4364
46822      4338
46715      4385
46716      4251
46847      4299
46861      4431
46877      4366
46858      4225
46861      4142
47083      4072
46996      4011
46877      4034
46933      4087
47194      4025
47422      4079
47307      4054
46941      3976
47209      3963
47072      4093
47147      3965
47303      3932
47071      3892
47456      3950
47311      3918
47265      3913
47092      3841
47195      3897
47483      3794
47256      3846
47321      3889
47269      3891
47253      3862
47403      3832
47147      3817
47193      3829
47590      3813
47262      3794
47659      3821
47366      3838
47535      3796
47444      3817
47572      3857
47868      3878
47489      3933
47596      3951
47507      3938
47900      3859
47671      3754
47672      3782
47683      3677
47578      3595
47488      3703
47475      3673
47472      3687
47934      3698
47694      3715
47712      3699
47771      3670
47720      3678
47819      3661
47744      3686
47770      3672
47779      3687
47715      3716
48066      3722
47624      3713
47719      3712
47901      3715
48027      3727
47920      3727
47919      3679
48005      3659
47936      3648
47930      3624
47954      3645
47571      3685
47536      3680
47646      3703
47611      3703
47502      3737
47770      3730
47662      3707
47827      3721
47880      3734
47735      3725
47661      3695
47649      3703
47593      3697
48036      3739
47680      3704
47862      3685
47655      3674
47668      3675
47858      3667
47738      3652
47655      3663
48002      3669
47536      3655
47791      3670
47419      3692
47960      3706
47660      3708
47742      3681
47867      3674
47985      3683
48015      3691
48097      3683
47864      3668
47763      3655
47700      3686
48174      3664
47785      3671
47724      3662
47974      3660
47742      3668
48146      3681
47758      3693
47704      3673
47924      3662
47698      3685
47711      3674
47741      3671
