0.0390549 0.24736
0.0385975 0.248743
0.0382158 0.248989
0.038874 0.258021
0.0380149 0.255745
0.0376192 0.255546
0.0371953 0.25103
0.0376586 0.254724
0.0368861 0.250623
0.037398 0.253353
0.0376954 0.253089
0.0376201 0.249353
0.0379594 0.25288
0.0376695 0.253155
0.0385877 0.257873
0.0382459 0.256831
0.0386305 0.259901
0.0378626 0.255264
0.0391788 0.264071
0.0394723 0.265652
0.0377465 0.255039
0.038284 0.259124
0.0377674 0.254718
0.0372142 0.246828
0.0376049 0.248337
0.0370519 0.23923
0.0371637 0.236121
0.0385291 0.243009
0.0385704 0.239893
0.0386092 0.239808
0.0384131 0.236172
0.0395409 0.242378
0.0390098 0.239837
0.0385731 0.238391
0.0390477 0.24151
0.0388733 0.239085
0.0398734 0.2436
0.041056 0.253374
0.0404324 0.250069
0.0394225 0.24757
0.0408599 0.256032
0.0407766 0.255374
0.0403867 0.251333
0.0403444 0.251851
0.0386902 0.242599
0.0399781 0.250412
0.0403509 0.25308
0.0408589 0.255702
0.0393077 0.246221
0.0393515 0.251043
0.0379361 0.242682
0.0383092 0.244587
0.0378424 0.242014
0.0395724 0.252646
0.0386134 0.24877
0.039015 0.252426
0.0386754 0.248634
0.0393186 0.250729
0.0384354 0.243412
0.0389934 0.245396
0.0397273 0.25117
0.0393466 0.248762
0.0390746 0.248165
0.0383361 0.243718
0.0386342 0.248749
0.0381435 0.243774
0.0383215 0.247688
0.0378979 0.242758
0.0380988 0.246867
0.0376932 0.243957
0.0390484 0.257037
0.0387117 0.253259
0.0381409 0.24837
0.037529 0.242509
0.0377031 0.240122
0.0368726 0.233823
0.03684 0.233071
0.0382444 0.244109
0.0365169 0.236558
0.0372708 0.245444
0.0373593 0.247272
0.0373384 0.249459
0.037961 0.255167
0.0379028 0.25623
0.0371923 0.255379
0.0373894 0.259331
0.0373747 0.259387
0.037226 0.256909
0.0375119 0.258855
0.0372535 0.253312
0.0369612 0.256047
0.0366886 0.254518
0.0359826 0.24985
0.0352673 0.24751
0.0356665 0.247119
0.0365513 0.251219
0.0352954 0.244276
0.0357151 0.248877
0.0360517 0.250336
0.0358047 0.248105
0.0359819 0.250525
0.0361301 0.251649
0.0363385 0.256746
0.0370688 0.26435
0.0358147 0.255043
0.0360899 0.258711
0.0369885 0.26575
0.0381321 0.273453
0.0382529 0.270678
0.0382112 0.273903
0.0378063 0.267696
0.0378441 0.266161
0.0377293 0.264947
0.0382839 0.267166
0.038041 0.268455
0.0376042 0.264385
0.0375037 0.267298
0.0372042 0.263551
0.0377217 0.271022
0.037572 0.268923
0.037272 0.267004
0.0379487 0.273442
0.0373377 0.274704
0.0386457 0.281558
0.0386771 0.284878
0.0386467 0.284634
0.038431 0.28193
0.0391767 0.286451
0.0378781 0.275782
0.0387249 0.27958
0.0375203 0.268483
0.036931 0.264463
0.0375664 0.271027
0.0376596 0.275949
0.0386056 0.281942
0.0382053 0.277206
0.038362 0.277596
0.0382961 0.27976
0.0380364 0.279717
0.0376818 0.276826
0.0379944 0.28092
0.0381425 0.281166
0.0385028 0.281922
0.0380481 0.279359
0.0377132 0.274516
0.0384254 0.280611
0.0388308 0.28344
0.0375958 0.273152
0.0382038 0.278056
0.0386404 0.282144
0.0382641 0.281466
0.0380337 0.279824
0.0370402 0.27383
0.0378296 0.281569
0.0369159 0.276276
0.0361968 0.272187
0.0364807 0.275756
0.037341 0.281956
0.036214 0.272669
0.037707 0.280384
0.0375615 0.278541
0.0374549 0.27502
0.0372221 0.276272
0.0372435 0.27646
0.0371491 0.273503
0.0374052 0.276243
0.0363368 0.267939
0.0370205 0.272913
0.0373688 0.277215
0.0369224 0.271727
0.0367948 0.270534
0.0372932 0.274254
0.0370473 0.272656
0.0381155 0.283994
0.03862 0.286642
0.0379509 0.276553
0.0373846 0.273281
0.0381025 0.278564
0.0373919 0.273648
0.0371333 0.272259
0.0372643 0.274224
0.0372807 0.276984
0.0381735 0.280804
0.0393026 0.291726
0.0376706 0.283419
0.0378875 0.288474
0.0392324 0.302333
0.038287 0.29229
0.0388747 0.292231
0.0376728 0.282958
0.0381967 0.291484
0.0381863 0.290553
0.0389633 0.293303
0.0387229 0.290617
0.0385723 0.290582
0.038785 0.293995
0.0382734 0.288939
0.0392558 0.29471
0.0387874 0.290359
0.0391157 0.294033
0.0391462 0.297389
0.0383809 0.289754
0.0390427 0.296248
0.0393345 0.29979
0.0396807 0.305355
0.039569 0.304796
0.0392616 0.304945
0.0396605 0.307133
0.0386023 0.299033
0.0388364 0.298117
0.0389638 0.298044
0.039051 0.298177
0.0392676 0.305423
0.039219 0.30741
0.0392863 0.309878
0.0392439 0.312152
0.0402295 0.319063
0.03878 0.305421
0.0401331 0.312996
0.0388176 0.304051
0.0397496 0.310804
0.0409226 0.322068
0.0393923 0.312226
0.0391564 0.307399
0.0390981 0.309097
0.0400941 0.317716
0.0400747 0.317159
0.0388298 0.30549
0.0396335 0.312133
0.0393356 0.310766
0.0397529 0.31301
0.0395307 0.309705
0.0396239 0.309413
0.0389736 0.306382
0.0384451 0.29927
0.0386671 0.308304
0.0379771 0.303291
0.0380888 0.30342
0.0386447 0.309327
0.038132 0.303204
0.0387428 0.311629
0.0395228 0.321275
0.0402371 0.328438
0.0388628 0.31523
0.0388012 0.312052
0.0389429 0.313448
0.0391531 0.317515
0.039472 0.321429
0.0399099 0.328025
0.0395438 0.3233
0.0392752 0.317916
0.0405693 0.330074
0.0399033 0.322979
0.0403375 0.327257
0.0403718 0.322186
0.0401635 0.318602
0.0398531 0.314352
0.0402225 0.318804
0.0395637 0.311593
0.0396033 0.313946
0.0395561 0.316082
0.0404115 0.320597
0.0398642 0.318021
0.0385679 0.306441
0.0385717 0.308729
0.0394445 0.314223
0.039724 0.313356
0.039342 0.309798
0.0384347 0.303512
0.0390804 0.311089
0.0386405 0.311562
0.0384077 0.313062
0.0380654 0.309544
0.0378439 0.314391
0.0379531 0.319964
0.0378087 0.313953
0.039537 0.335532
0.0368807 0.314831
0.0371795 0.315686
0.0376106 0.326027
0.0371515 0.31759
0.0366415 0.319289
0.0376136 0.329464
0.0373976 0.328084
0.0362 0.32232
0.0364077 0.325182
0.035966 0.31757
0.0360928 0.323369
0.0355082 0.318113
0.0361208 0.328864
0.0360762 0.32916
0.0346291 0.321366
0.0360262 0.335549
0.0358239 0.336801
0.0362783 0.340342
0.0356195 0.338227
0.0365647 0.350712
0.0357531 0.345462
0.0349937 0.335398
0.0355475 0.342053
0.0353479 0.338807
0.0354271 0.338332
0.0345067 0.328137
0.0350428 0.335546
0.0356532 0.347508
0.0361042 0.35556
0.0364339 0.353157
0.0353718 0.346518
0.0357862 0.355491
0.0365935 0.370597
0.0371211 0.375079
0.0368391 0.371892
0.0357188 0.365147
0.0367156 0.377763
0.0366105 0.38475
0.037324 0.392747
0.0374195 0.398275
0.037915 0.405762
0.0370101 0.402262
0.0378153 0.412071
0.0373746 0.400895
0.0365836 0.394814
0.0377662 0.403614
0.0376209 0.406426
0.0379818 0.409305
0.0385421 0.415698
0.0376728 0.412032
0.0370463 0.412186
0.0377311 0.419017
0.0370148 0.414578
0.0377967 0.421879
0.0373609 0.425838
0.0379744 0.433222
0.0371293 0.423396
0.0374067 0.431387
0.0367826 0.427091
0.0377237 0.43883
0.0381425 0.443744
0.0376312 0.441277
0.0388048 0.448325
0.0391673 0.45124
0.0387965 0.44965
0.0386009 0.448724
0.0395487 0.456621
0.0383898 0.448057
0.0394339 0.460507
0.0386992 0.445138
0.0387027 0.449265
0.0395402 0.453938
0.0396252 0.460475
0.038916 0.46409
0.0394041 0.464876
0.0389654 0.46038
0.0399205 0.481278
0.0392837 0.466849
0.0402721 0.490404
0.0406384 0.497066
0.0403449 0.496158
0.0402976 0.495275
0.0393517 0.486229
0.0396604 0.486189
0.0402902 0.495755
0.0401292 0.49435
0.0393268 0.483854
0.0389418 0.481101
0.0391058 0.480122
0.0392984 0.479827
0.0391916 0.477578
0.0387431 0.476288
0.0375282 0.457536
0.0387524 0.474546
0.0392561 0.482856
0.0390769 0.474512
0.0381152 0.46272
0.0391225 0.482344
0.0396231 0.487212
0.039079 0.481358
0.0390993 0.482024
0.0390352 0.478848
0.0392695 0.490145
0.0396949 0.49687
0.0398225 0.500263
0.039075 0.490961
0.039076 0.492776
0.0395606 0.507324
0.0392676 0.502801
0.0381097 0.492874
0.0391467 0.511014
0.039292 0.51727
0.0388233 0.52133
0.0397476 0.531059
0.0396378 0.529248
0.0392512 0.525773
0.039272 0.537892
0.0394937 0.540848
0.0397499 0.548146
0.0409839 0.582447
0.0396594 0.558487
0.0399191 0.557692
0.0405596 0.561924
0.0410072 0.572877
0.0407142 0.569561
0.0393983 0.550991
0.0410762 0.573093
0.0400544 0.555201
0.0403407 0.564888
0.0383727 0.532198
0.0401385 0.553988
0.0394531 0.546478
0.040555 0.562228
0.0405603 0.567512
0.0405954 0.569011
0.0403104 0.556133
0.0394931 0.555295
0.0393592 0.562109
0.0390783 0.542998
0.0394047 0.551252
0.0399507 0.553851
0.0398234 0.557411
0.039598 0.556045
0.0386715 0.545589
0.0384728 0.547818
0.0394503 0.564671
0.0397948 0.576435
0.0393254 0.566898
0.0398203 0.581275
0.0391422 0.562274
0.0390563 0.558753
0.0396982 0.576736
0.0389235 0.562557
0.0392817 0.575216
0.0397633 0.588327
0.0386549 0.558608
0.0388214 0.55869
0.0385126 0.551236
0.0396406 0.569736
0.0385096 0.560074
0.0397389 0.579482
0.039868 0.589863
0.0392837 0.570375
0.0399855 0.582094
0.0409291 0.599938
0.0405874 0.592604
0.0411032 0.597531
0.0402427 0.587504
0.0408644 0.59625
0.0408623 0.598492
0.0413421 0.609272
0.0409631 0.597938
0.0412174 0.611252
0.0418533 0.620492
0.0412694 0.615926
0.0417586 0.617479
0.0418994 0.62201
0.0410918 0.619604
0.0411822 0.62107
0.0410705 0.604504
0.0410759 0.62374
0.0407824 0.603322
0.0407124 0.609961
0.0409308 0.610773
0.0409898 0.605674
0.0412424 0.600751
0.0409266 0.595223
0.0412442 0.595692
0.0400224 0.571867
0.0417115 0.604804
0.0420964 0.618671
0.0407881 0.602233
0.0398947 0.612252
0.039555 0.621304
0.0408556 0.633255
0.0410997 0.628723
0.0393391 0.612784
0.0405959 0.624751
0.0402644 0.615844
0.041248 0.622635
0.0406572 0.61521
0.0419503 0.627839
0.0423222 0.64274
0.0409817 0.599244
0.0413678 0.604101
0.041588 0.591723
0.0407162 0.57599
0.0410681 0.576994
0.0415539 0.591488
0.0412142 0.578512
0.041263 0.564126
0.0402969 0.545025
0.0410622 0.54925
0.0410605 0.550948
0.0409033 0.544846
0.0405623 0.536735
0.0411783 0.532782
0.0416858 0.540158
0.0414906 0.525805
0.0405066 0.50425
0.0402917 0.503441
0.0402682 0.509172
0.0395948 0.493308
0.0396536 0.489104
0.0395277 0.484791
0.041674 0.508809
0.0408372 0.494598
0.042454 0.518538
0.0441099 0.531275
0.0436333 0.523622
0.0422698 0.516764
0.042801 0.513421
0.0427975 0.509581
0.0419132 0.493976
0.0429595 0.500505
0.0422266 0.492725
0.0422105 0.495301
0.0408388 0.470134
0.0404372 0.464136
0.0418647 0.47858
0.0417575 0.477424
0.0409566 0.467112
0.040127 0.460904
0.0389933 0.448447
0.0395627 0.450037
0.0377391 0.423308
0.0374668 0.420989
0.0376491 0.418064
0.0374547 0.421193
0.0380863 0.436595
0.0393484 0.440441
0.0388655 0.432854
0.0393093 0.430113
0.0416031 0.455103
0.0417727 0.467516
0.0413725 0.455373
0.0406403 0.444256
0.0425358 0.473762
0.0417027 0.458557
0.0415809 0.45874
0.0408136 0.452802
0.0388802 0.42099
0.0393235 0.427121
0.0389066 0.42147
0.0394912 0.431482
0.0387456 0.425475
0.039253 0.433317
0.0383041 0.41503
0.0403422 0.434932
0.0402584 0.439604
0.0386465 0.426189
0.0406647 0.453538
0.0388017 0.430549
0.0397765 0.43183
0.0420127 0.4595
0.0411302 0.445107
0.0405541 0.446146
0.0377781 0.427567
0.0378548 0.431657
0.0371836 0.418575
0.0384393 0.436709
0.0366298 0.418411
0.0373187 0.419901
0.0369211 0.408736
0.0383947 0.423581
0.0380704 0.421439
0.038172 0.426958
0.0372372 0.414907
0.0374959 0.421967
0.0371717 0.407258
0.0381612 0.4185
0.0374928 0.410334
0.0370175 0.409155
0.0379667 0.413198
0.0368365 0.406815
0.0372053 0.411778
0.03732 0.409772
0.0376948 0.428367
0.0377355 0.428537
0.0377125 0.418059
0.0371147 0.409017
0.0371016 0.411847
0.037356 0.411467
0.0371226 0.400634
0.0357591 0.387931
0.0356709 0.376216
0.0355235 0.3773
0.0357405 0.375854
0.0352914 0.362206
0.0343772 0.350085
0.0342391 0.352637
0.0349259 0.362017
0.0350189 0.360709
0.0346139 0.353042
0.0351579 0.368653
0.0349796 0.378471
0.0349483 0.374124
0.0350836 0.371205
0.0349999 0.369772
0.034914 0.365376
0.0342816 0.353756
0.0356748 0.370692
0.0360124 0.374672
0.0356314 0.365289
0.0346034 0.35504
0.0356152 0.356392
0.0356692 0.363851
0.0354563 0.359305
0.0355999 0.364559
0.034615 0.358974
0.0343458 0.359204
0.035278 0.370501
0.0347589 0.362484
0.0343706 0.35912
0.0348769 0.363676
0.0355692 0.364827
0.0352319 0.370779
0.0338591 0.348239
0.0347987 0.355154
0.0357987 0.359018
0.035922 0.364238
0.0344229 0.348951
0.0351177 0.34891
0.0353735 0.359778
0.0356774 0.36721
0.0359487 0.375607
0.0354329 0.369071
0.0363026 0.371174
0.0364838 0.371484
0.0376224 0.385335
0.0379428 0.390925
0.0379465 0.395225
0.0383337 0.410897
0.0374997 0.406787
0.0380615 0.409814
0.036676 0.401195
0.0380072 0.416434
0.0371389 0.408848
0.0371379 0.407785
0.0371311 0.413289
0.0361471 0.402307
0.03627 0.401308
0.0366912 0.41093
0.0364252 0.405367
0.0366027 0.403595
0.0368181 0.403248
0.0370363 0.409304
0.0369184 0.405594
0.035584 0.390505
0.0361369 0.395727
0.0361873 0.394585
0.0363966 0.398705
0.0364098 0.394591
0.0366026 0.396339
0.0367224 0.391867
0.0363381 0.388636
0.0375498 0.413206
0.0363285 0.392081
0.0374522 0.404334
0.0379168 0.403029
0.03868 0.412429
0.0379959 0.400672
0.0381789 0.405215
0.0383955 0.416552
0.0392733 0.424298
0.0385073 0.409625
0.0379661 0.406648
0.0377863 0.398479
0.0381982 0.395103
0.0380777 0.409433
0.0387972 0.416933
0.0386906 0.414351
0.0391267 0.407036
0.0384305 0.406749
0.0386335 0.412406
0.0389332 0.413974
0.0396676 0.425625
0.0391901 0.407597
0.039513 0.411843
0.0390392 0.419532
0.0394244 0.419764
0.03917 0.406167
0.039048 0.407638
0.0391254 0.409738
0.0380839 0.392552
0.0384664 0.403161
0.0392541 0.403325
0.0385327 0.391361
0.0378844 0.378321
0.0370551 0.385174
0.0373362 0.379632
0.038024 0.382801
0.0374447 0.375563
0.03691 0.360025
0.0378968 0.384002
0.0388039 0.38813
0.0401047 0.393557
0.0392391 0.389737
0.0397804 0.385907
0.0406528 0.406798
0.0412157 0.404322
0.0415676 0.40984
0.0403142 0.405481
0.0396731 0.387204
0.0404587 0.404432
0.040523 0.407988
0.0404981 0.395412
0.0402084 0.383113
0.0396508 0.380233
0.0396103 0.391983
0.038788 0.386698
0.0386001 0.396801
0.0382853 0.376047
0.0382862 0.377362
0.0387926 0.378728
0.0382182 0.376732
0.0381793 0.376684
0.04026 0.392783
0.0381767 0.36632
0.0382673 0.372983
0.0380175 0.367965
0.0388063 0.387111
0.0379005 0.382145
0.0382159 0.382322
0.0374025 0.372453
0.038609 0.384189
0.0384401 0.383974
0.038482 0.38024
0.0391083 0.379375
0.0399546 0.382142
0.0392931 0.375025
0.0394287 0.379729
0.0392458 0.380302
0.0388102 0.37616
0.0392743 0.380223
0.0388683 0.376031
0.0382971 0.366268
0.0383986 0.366234
0.0383985 0.370226
0.0381947 0.370256
0.0381883 0.374555
0.0386207 0.375104
0.0388603 0.382862
0.0384189 0.382122
0.0394919 0.400433
0.0397663 0.39876
0.0406074 0.391447
0.040205 0.388327
0.0401607 0.408478
0.0403335 0.411726
0.0395231 0.400478
0.037313 0.372595
0.0384213 0.39267
0.0383748 0.378543
0.0386086 0.383164
0.0392069 0.375794
0.0390526 0.374232
0.0377028 0.363112
0.0385358 0.379945
0.0375766 0.376556
0.0384038 0.383708
0.0393533 0.397201
0.0389014 0.387393
0.0390741 0.396046
0.0398337 0.393106
0.0389412 0.377917
0.0393358 0.382631
0.039339 0.377039
0.0387387 0.375287
0.038385 0.379573
0.0377938 0.36727
0.0382101 0.368978
0.0381184 0.370688
0.0391236 0.375102
0.0388225 0.362981
0.0386772 0.372285
0.0405002 0.380962
0.0397138 0.383479
0.0402456 0.388519
0.0402656 0.381339
0.0405995 0.38629
0.0415119 0.401736
0.0423785 0.407102
0.0400189 0.384329
0.0399443 0.379121
0.0397435 0.379014
0.0399631 0.3853
0.0384846 0.372276
0.03873 0.381094
0.0386015 0.372533
0.0385811 0.379079
0.0391814 0.383716
0.0388114 0.386292
0.0381565 0.381257
0.0385157 0.380691
0.0386578 0.385586
0.0368545 0.375297
0.0372042 0.384345
0.0374883 0.37599
0.0373824 0.380208
0.0381555 0.396092
0.0381914 0.392669
0.0377205 0.384331
0.0374632 0.384953
0.0363997 0.368683
0.0380801 0.381791
0.0380293 0.384599
0.0378901 0.374762
0.0376631 0.377253
0.0378884 0.371375
0.0372458 0.363598
0.036975 0.363425
0.0369579 0.36905
0.0373636 0.376212
0.0366327 0.368511
0.0365721 0.365184
0.0347566 0.347752
0.036325 0.364556
0.0363563 0.362073
0.036376 0.365974
0.0360849 0.359645
0.0349822 0.35173
0.0355481 0.35355
0.0350435 0.358691
0.0349928 0.360009
0.0334896 0.342219
0.032621 0.33377
0.0335488 0.342745
0.0336093 0.348411
0.0341857 0.363164
0.0340669 0.364583
0.0338667 0.363554
0.0342347 0.360288
0.0339096 0.355172
0.0332378 0.344491
0.0337564 0.347941
0.0334798 0.351147
0.034438 0.364229
0.0345896 0.36778
0.0339369 0.350958
0.0334738 0.347931
0.0332103 0.347855
0.0336484 0.351773
0.0344106 0.357127
0.0341302 0.36052
0.035166 0.368573
0.0349633 0.36881
0.0355341 0.378201
0.0350896 0.370379
0.0349078 0.371435
0.0350595 0.37047
0.0339644 0.363101
0.0348941 0.375256
0.0356008 0.387327
0.0350714 0.381609
0.0340466 0.36631
0.0332521 0.366076
0.0334794 0.355706
0.0338811 0.362486
0.0349073 0.372835
0.0344872 0.383164
0.0349614 0.366772
0.0342247 0.366659
0.0348354 0.370245
0.0352489 0.372629
0.0347353 0.373165
0.0343239 0.374099
0.0349055 0.361791
0.0350814 0.36194
0.0345431 0.370591
0.035619 0.375563
0.035876 0.384176
0.0356436 0.376574
0.0368462 0.387097
0.0355705 0.380353
0.0357761 0.393975
0.0356067 0.384314
0.0342524 0.361731
0.0347645 0.360627
0.0346918 0.367481
0.0340398 0.347542
0.0324906 0.343617
0.0318301 0.329083
0.0326904 0.339415
0.0322546 0.338154
0.0329819 0.353128
0.0330652 0.365385
0.0329882 0.365745
0.0334357 0.372406
0.0326808 0.362247
0.0325438 0.361923
0.0325415 0.364405
0.0309222 0.337947
0.0315193 0.344175
0.0314078 0.33857
0.0320022 0.346426
0.0310774 0.331295
0.032256 0.347757
0.0314696 0.346505
0.03215 0.355118
0.0326467 0.365125
0.0312639 0.349221
0.0313259 0.357953
0.0300715 0.333958
0.0304884 0.33589
0.0320121 0.350628
0.0317454 0.356412
0.0309676 0.351514
0.0316492 0.35385
0.0316508 0.357091
0.0323123 0.372973
0.0315687 0.366028
0.0314989 0.369935
0.0309285 0.379974
0.0303699 0.373922
0.0289385 0.358644
0.0293326 0.367304
0.0267793 0.333421
0.0277257 0.346761
0.0278546 0.349908
0.0279224 0.355418
0.0274725 0.34288
0.0270536 0.337781
0.0277795 0.343977
0.0283522 0.352116
0.0284008 0.350129
0.0279939 0.351668
0.0279541 0.350461
0.0276817 0.356838
0.0273018 0.342016
0.0267455 0.332645
0.0262562 0.340952
0.0260214 0.331023
0.0259395 0.342199
0.0247495 0.31973
0.0241786 0.311895
0.0247736 0.319086
0.0262731 0.34145
0.0256667 0.342142
0.0249708 0.332777
0.0250298 0.335386
0.025313 0.336379
0.0245172 0.325889
0.0246153 0.318231
0.0235211 0.303209
0.0247854 0.32239
0.0245847 0.318794
0.0249184 0.332778
0.0251294 0.332234
0.0259191 0.345113
0.0247353 0.330387
0.0244741 0.3179
0.0239461 0.308596
0.0246806 0.316378
0.024764 0.314406
0.0240548 0.311296
0.0234651 0.308639
0.0236641 0.315103
0.0232025 0.312992
0.023878 0.315862
0.0242132 0.311929
0.0249651 0.325543
0.0250989 0.326028
0.0253526 0.323482
0.0262871 0.330266
0.0261636 0.327093
0.0267334 0.337618
0.0269447 0.338542
0.0274443 0.363959
0.0264348 0.336965
0.0264412 0.341085
0.0259672 0.32856
0.0265321 0.321159
0.0262181 0.325734
0.0259224 0.317843
0.0259778 0.321898
0.0268065 0.328799
0.0269527 0.341245
0.0276015 0.351876
0.0277795 0.366456
0.0279608 0.367386
0.0287346 0.365782
0.0278391 0.369469
0.0274849 0.345455
0.0282054 0.361208
0.0275884 0.351115
0.0285602 0.364335
0.0283921 0.355143
0.0278206 0.343774
0.027805 0.332909
0.0290945 0.349223
0.029119 0.354564
0.0291651 0.349936
0.0282387 0.348916
0.028006 0.329585
0.0277813 0.323247
0.0280805 0.318477
0.0295471 0.344973
0.0289772 0.333905
0.0300786 0.346788
0.0307531 0.352869
0.0325496 0.363985
0.0328459 0.368307
0.0329543 0.376192
0.0338658 0.385455
0.0327844 0.362199
0.0339409 0.369631
0.0353228 0.367906
0.0357204 0.374384
0.0347363 0.366156
0.0355961 0.376808
0.0349567 0.375344
0.0362215 0.386685
0.0353713 0.378188
0.0340006 0.363243
0.0348914 0.378241
0.0350384 0.386204
0.0338393 0.375059
0.0348046 0.387051
0.0339477 0.373055
0.0335784 0.364307
0.0333626 0.360145
0.0330279 0.357555
0.0339213 0.374825
0.0340612 0.372045
0.0343919 0.367287
0.0344212 0.358328
0.0362391 0.376824
0.0361985 0.378774
0.0347326 0.355049
0.0350512 0.362717
0.0342397 0.348933
0.0343099 0.354654
0.0337122 0.354933
0.0336853 0.351629
0.0330744 0.355119
0.0344438 0.358986
0.0355646 0.377012
0.0356875 0.377551
0.0352012 0.370271
0.0354058 0.37247
0.0361948 0.375083
0.0364785 0.369414
0.0369216 0.371404
0.0372079 0.380847
0.036168 0.367064
0.0362378 0.365964
0.0359294 0.373612
0.0369936 0.385093
0.0361556 0.377601
0.0363807 0.38025
0.0365724 0.378183
0.0360859 0.380814
0.035143 0.361409
0.0360514 0.374171
0.0348496 0.353551
0.0353692 0.357464
0.0356975 0.367141
0.0345192 0.364123
0.0345467 0.358691
0.0345805 0.372419
0.0341911 0.361242
0.0343485 0.361235
0.0340506 0.355709
0.0356991 0.3625
0.0359677 0.35336
0.036015 0.362976
0.0359342 0.367592
0.0364442 0.373362
0.0358795 0.375111
0.0365652 0.376065
0.0362434 0.368138
0.0360117 0.367122
0.0368841 0.362413
0.0367408 0.360769
0.037982 0.380655
0.0380838 0.390937
0.0384102 0.394691
0.0391302 0.401614
0.0385247 0.394794
0.0384142 0.371244
0.0389141 0.385468
0.0385476 0.395323
0.0390176 0.399869
0.0394189 0.414793
0.039174 0.395359
0.0393488 0.398136
0.0406202 0.412906
0.0399863 0.400343
0.0401827 0.396412
0.0406917 0.413185
0.0402888 0.402966
0.0397889 0.40662
0.039971 0.416278
0.0397006 0.405654
0.039418 0.407645
0.0393199 0.404499
0.0388466 0.402032
0.0382715 0.388069
0.0385877 0.389798
0.0398806 0.415556
0.0386212 0.410984
0.038976 0.405855
0.0406544 0.420138
0.0386037 0.389503
0.0395199 0.409141
0.0413325 0.409597
0.0423364 0.42979
0.0406904 0.403164
0.039777 0.392357
0.0376331 0.382045
0.0377943 0.39303
0.0383715 0.38234
0.0391312 0.40407
0.0385901 0.39441
0.0382351 0.396911
0.0369675 0.380191
0.0374174 0.393747
0.0376032 0.39145
0.0373532 0.390579
0.0364826 0.385714
0.0363621 0.380418
0.0378486 0.395062
0.0363398 0.381178
0.0363223 0.37948
0.0367099 0.378535
0.0363229 0.375977
0.0359863 0.371079
0.0357513 0.375028
0.0355166 0.379106
0.0352468 0.382999
0.0348119 0.378322
0.0364758 0.397424
0.0356684 0.391774
0.0347596 0.375321
0.0368078 0.40268
0.0365099 0.394088
0.0375615 0.403431
0.0363186 0.383235
0.0373524 0.398025
0.0378475 0.401927
0.036743 0.412361
0.0376303 0.422136
0.0369 0.408236
0.0370904 0.381247
0.0365055 0.378886
0.0366261 0.376431
0.0361876 0.381406
0.0351993 0.38103
0.0353301 0.375573
0.0356884 0.385201
0.0359842 0.383352
0.0352556 0.387438
0.0359041 0.391254
0.0349118 0.369217
0.0343239 0.36853
0.0334841 0.371361
0.0328845 0.372042
0.0321347 0.371562
0.0317261 0.371728
0.0306547 0.356222
0.0298937 0.343284
0.0298555 0.350062
0.0298806 0.347389
0.0293614 0.342625
0.0299738 0.353873
0.029613 0.352763
0.0301028 0.346201
0.0299489 0.356116
0.0302729 0.364191
0.029976 0.362539
0.0293957 0.353165
0.0291053 0.351455
0.0287316 0.347048
0.0282426 0.346264
0.0273546 0.33128
0.0270834 0.338956
0.0274674 0.337494
0.0271127 0.329905
0.0270367 0.32845
0.027575 0.33739
0.0270658 0.334812
0.027743 0.342678
0.0273346 0.336903
0.0274007 0.341988
0.026808 0.333948
0.02627 0.327663
0.0268758 0.331683
0.0270117 0.338251
0.0267473 0.33246
0.0261498 0.32253
0.0270953 0.334451
0.0273958 0.330791
0.0270191 0.325487
0.0277222 0.334434
0.0280167 0.347758
0.027459 0.348695
0.0277312 0.349551
0.0273892 0.355181
0.0275968 0.365229
0.0275438 0.353227
0.0281622 0.364008
0.0279112 0.359371
0.0279551 0.362358
0.027949 0.358816
0.0268905 0.346851
0.0275062 0.358038
0.0277661 0.36025
0.0269558 0.35209
0.0264955 0.34319
0.0274021 0.356481
0.0261412 0.338758
0.0264906 0.340151
0.0278783 0.360022
0.0269612 0.345812
0.0274105 0.352371
0.0274525 0.35397
0.0273596 0.352562
0.0275459 0.354172
0.0273378 0.356075
0.0276013 0.362121
0.0276619 0.363487
0.0271229 0.35872
0.0272761 0.358848
0.027769 0.35848
0.0274318 0.354348
0.0275784 0.354847
0.0279347 0.359168
0.0278515 0.354027
0.0272975 0.349598
0.0271285 0.3488
0.0267422 0.343725
0.0266708 0.341992
0.0265633 0.340403
0.0271081 0.349662
0.0262965 0.338374
0.0268947 0.346227
0.0267716 0.343942
0.0269295 0.346652
0.0262212 0.34057
0.0269017 0.348938
0.0268524 0.348299
0.0257637 0.336242
0.0267292 0.349398
0.0273424 0.355719
0.0257073 0.336331
0.0266114 0.346101
0.02603 0.338965
0.0264873 0.340195
0.02598 0.336212
0.0259966 0.334142
0.0258263 0.334963
0.0254246 0.331247
0.0261123 0.340212
0.0258461 0.336223
0.0261971 0.342112
0.0257814 0.336423
0.0251659 0.328865
0.0263522 0.34102
0.0253664 0.333515
0.0262635 0.341869
0.0252703 0.329328
0.025618 0.335792
0.0263081 0.342421
0.0257135 0.336322
0.0263621 0.340915
0.0262242 0.340594
0.0251231 0.328782
0.0263114 0.34057
0.0257593 0.334513
0.0258269 0.335876
