44988      7668
43578      7366
43516      7265
44477      7331
45377      7299
45934      7326
45866      7407
46178      7340
46386      7416
45965      7416
46186      7476
46119      7454
46260      7497
46324      7507
46051      7483
46201      7352
46207      7432
46431      7478
46224      7483
46007      7444
46256      7436
46364      7447
46098      7413
46004      7517
45659      7475
44964      7529
44748      7610
44434      7587
44153      7562
44031      7540
43683      7616
43828      7612
43707      7585
43787      7571
43895      7439
43809      7598
43914      7599
44354      7735
44593      7774
45228      7819
45448      7767
45737      7883
45510      7791
45533      7792
45748      7830
45650      7835
45823      7795
45547      7758
45589      7708
45894      7645
45893      7635
45707      7596
45848      7671
45840      7608
45839      7697
46008      7725
45869      7671
45907      7669
45661      7668
46136      7762
45913      7751
45976      7736
45861      7769
46301      7824
46332      7708
46194      7599
46136      7656
45992      7691
46012      7639
46056      7570
46071      7514
45671      7581
45935      7513
46151      7537
46097      7572
46159      7607
45874      7608
46046      7606
46143      7605
46256      7513
46093      7460
46333      7511
46179      7510
46118      7332
46273      7344
46457      7270
46395      7248
46446      7204
46172      7295
46197      7331
46400      7235
46445      7213
46328      7168
46502      7123
46290      7080
46510      7139
46550      7111
46535      7110
46461      7193
46614      7226
46440      7117
46471      7126
46342      7048
46589      7013
46601      6987
46495      7002
46528      7008
46706      7066
46454      7102
46557      7075
46315      7094
46348      7140
46277      7145
46547      7243
46555      7135
46431      7124
46662      7104
46527      7110
46737      7029
46524      6963
46657      6953
46721      6973
46682      6883
46577      6796
46565      6825
46731      6827
46525      6833
46788      6889
46808      6883
46740      6916
46748      6911
46790      6863
46664      6820
46522      6777
46470      6782
46538      6793
46348      6786
46271      6706
46771      6799
46760      6769
46928      6803
46772      6793
46620      6791
46704      6735
46615      6808
46818      6795
46767      6895
46601      6862
46566      6830
46454      6799
46754      6780
46748      6759
46922      6725
46683      6731
46782      6779
46855      6804
46737      6839
46785      6811
46667      6747
46437      6759
46963      6824
46883      6854
46827      6859
46639      6802
46596      6723
46785      6701
46757      6715
46974      6814
46884      6819
46828      6900
46637      6856
46845      6780
46778      6745
47015      6794
46841      6772
46929      6876
46784      6814
47031      6862
46962      6822
46939      6776
46935      6857
46807      6778
46865      6801
46918      6777
46827      6768
46902      6743
46900      6685
46935      6723
46637      6634
46718      6661
47046      6710
46954      6718
46762      6695
46794      6706
46873      6625
47080      6612
46821      6623
46974      6644
46742      6693
46861      6658
47131      6651
46716      6544
46923      6568
47185      6576
46849      6597
47057      6592
46967      6626
46898      6563
47277      6640
47301      6637
47326      6643
46913      6604
47189      6575
47069      6522
47192      6523
47192      6496
47055      6487
47215      6493
47168      6552
46989      6536
46969      6477
47040      6461
47065      6433
47323      6527
47189      6447
47189      6464
47137      6460
47000      6484
46930      6445
47260      6450
47267      6431
47305      6515
47118      6439
47545      6515
46924      6524
47146      6539
47318      6588
47048      6525
47458      6514
47152      6412
47312      6370
47188      6386
47245      6347
47346      6382
47112      6401
47223      6448
46995      6372
47426      6385
47482      6363
47264      6365
47078      6318
47425      6344
47164      6229
47177      6251
47013      6271
47207      6313
47650      6437
47461      6441
47215      6384
47294      6366
47401      6426
47338      6492
47411      6508
47371      6481
47496      6451
47383      6428
47251      6423
47176      6449
47223      6362
47236      6349
47282      6293
47178      6254
47287      6255
47511      6145
47506      6094
47132      6119
47601      6056
47369      6021
47311      6102
47460      6036
47239      6036
47569      6007
47536      5936
47356      5884
47431      5903
47847      5898
47239      5954
47655      5812
47482      5712
47535      5663
47372      5616
47821      5528
47632      5508
47901      5465
47742      5436
47867      5390
47833      5382
47800      5374
47980      5449
48189      5412
47867      5397
47760      5381
47585      5392
47599      5427
47906      5365
48000      5274
47593      5271
47552      5227
47672      5163
48014      5101
48005      5104
47911      5110
47986      5123
47936      5077
48101      5006
47878      4941
48130      4948
47923      4855
48041      4807
48208      4742
47947      4725
47863      4772
47900      4751
48085      4724
47944      4727
48233      4801
48178      4752
48210      4684
47653      4650
48251      4666
48364      4623
48259      4550
48006      4496
48156      4532
47986      4491
48175      4464
48113      4443
47978      4473
48125      4471
48293      4461
47846      4482
47994      4415
48289      4447
48042      4457
47747      4447
47903      4401
47908      4347
48162      4327
48103      4386
47924      4355
47821      4358
47863      4359
47863      4323
48296      4311
47857      4330
48222      4306
47935      4296
48011      4233
48117      4363
48003      4311
47932      4307
47828      4306
47970      4345
48008      4318
48046      4366
48177      4442
48119      4387
48097      4355
48215      4312
47804      4351
47868      4342
48069      4312
47880      4290
48196      4313
48182      4262
48078      4257
47903      4228
48006      4211
48136      4238
48129      4243
47991      4223
47762      4205
47959      4233
48009      4265
48154      4192
48004      4179
48098      4102
47999      4048
48025      3997
48476      3950
48179      3937
47934      3900
48075      3907
48075      3911
48109      3906
47975      3882
48092      3804
48034      3834
47947      3845
48102      3838
48211      3831
48165      3873
47997      3832
47911      3797
47835      3807
48016      3749
48029      3767
47934      3760
47981      3712
47787      3702
47978      3690
48035      3760
47804      3742
48059      3721
47943      3668
47827      3667
48040      3666
47884      3697
47786      3679
47856      3727
47813      3683
47644      3667
47807      3622
47946      3584
47730      3610
47865      3614
47749      3628
47726      3668
47710      3652
47709      3659
47503      3631
47657      3619
47342      3565
47448      3558
47491      3530
47300      3511
47209      3568
47334      3526
47582      3500
47246      3456
46992      3498
47228      3478
46985      3468
47101      3501
46965      3491
46691      3515
46620      3460
46732      3427
46725      3417
46655      3455
46448      3375
46669      3333
46697      3368
46540      3421
46457      3347
46525      3347
46408      3374
46694      3398
46319      3485
46325      3481
46542      3442
46353      3420
46554      3524
46278      3508
46261      3445
46524      3433
46486      3401
46441      3359
46288      3362
46347      3335
46745      3407
46236      3398
46229      3430
46544      3380
46384      3358
46145      3350
46281      3378
46560      3403
46126      3387
46335      3377
46411      3424
46292      3427
46071      3464
46075      3497
45802      3629
45820      3660
45858      3701
45731      3763
45810      3712
45492      3696
45299      3754
45742      3779
45387      3708
45388      3779
45819      3808
45673      3825
45400      3832
45394      3873
45495      3915
45612      3942
45847      4005
45563      4003
45736      4003
45963      3997
45461      4047
45636      4143
45722      4139
45943      4067
45583      4065
45984      4033
45976      4063
46183      4125
46511      4237
46197      4211
46255      4330
46566      4324
46698      4336
46339      4336
46122      4336
45979      4330
46290      4395
46104      4372
46583      4479
46361      4416
46349      4464
46376      4448
45922      4428
45669      4404
45696      4394
45638      4491
44588      4383
44790      4418
44764      4470
45103      4342
45209      4373
45105      4477
45189      4393
45132      4396
45293      4320
44935      4383
45108      4494
45048      4533
45089      4421
45194      4385
44695      4393
44073      4356
44115      4291
44299      4215
44289      4181
44096      4148
43317      4285
43344      4344
43569      4309
43818      4235
45079      4211
44882      4130
44724      4235
44876      4318
45291      4349
45232      4263
45367      4301
45475      4398
45232      4310
45557      4299
45895      4366
46005      4372
46191      4419
46356      4445
46809      4464
47329      4488
47331      4514
47643      4585
47547      4605
47642      4572
47752      4574
47515      4741
47756      4666
47663      4659
47599      4674
47837      4586
47626      4586
47820      4712
47714      4761
47912      4697
47733      4654
47632      4794
48026      4758
47840      4830
47701      4923
47660      4871
47611      4915
47500      4796
47542      4763
47327      4818
47401      4878
47743      4836
47574      4861
47664      4835
47933      4947
47567      4945
47374      4955
47741      4973
47592      4951
47576      4969
47213      4928
47444      4972
47725      4956
47837      4964
47565      4960
47700      4987
47948      5014
47768      5046
47766      5135
47684      5047
47609      5115
48019      5116
47376      5098
47464      4968
47817      5076
47412      5034
47691      5010
47397      5085
47373      4986
47216      5132
47104      5132
47062      5021
47073      4887
47229      4765
47119      4796
47217      4772
47307      4729
47397      4663
47606      4683
47070      4668
47282      4665
47391      4747
47238      4688
47279      4618
47367      4608
47341      4628
47275      4687
47237      4637
47205      4679
47035      4676
47131      4692
47156      4708
47154      4702
47116      4680
47367      4710
46883      4748
47319      4795
46974      4806
47058      4687
47164      4673
47153      4736
46833      4767
47024      4876
47182      4922
47084      4868
46806      4723
47193      4785
46953      4794
47082      4857
47042      4897
47160      4873
46887      4706
47193      4714
47091      4653
47014      4710
46720      4778
47046      4798
46980      4820
46721      4751
46814      4811
46823      4846
46820      4825
46876      4868
46976      4957
46745      4907
47019      4936
47105      4824
47054      4814
47080      4945
46976      5079
47025      5092
46985      5177
47254      5069
46925      5076
46944      4992
46789      5040
46654      5007
46996      5084
46851      5037
46603      5058
46841      5100
46807      4953
46811      5067
46754      5196
46695      5346
46981      5097
46984      5035
46912      4992
46887      5050
46817      4981
46831      5063
46960      5122
46907      5197
46767      5159
46917      5207
46911      5240
46936      5294
46813      5348
46941      5219
46884      4992
46771      5216
47123      5163
47116      5201
46952      5141
46745      5192
47097      5233
46970      5167
46922      5116
46699      5079
46748      5099
46905      5047
46563      5134
46703      5155
46853      5208
46844      5289
46833      5257
46998      5265
46799      5257
46902      5272
47236      5283
47059      5313
46955      5313
46996      5190
46873      5085
46892      5058
46680      5116
46956      5200
46845      5172
46899      5006
46888      5071
46835      5190
46787      5160
46661      5233
46631      5112
46713      5014
46849      5026
46984      4977
46803      5112
46803      5102
46783      5182
46787      5090
46606      5111
46678      5010
46610      5130
46883      5036
46605      5007
46655      5187
46669      5150
46583      5170
46370      5040
46417      5055
46491      5128
46763      5076
46198      5141
46506      5243
46513      5258
46826      5160
46674      5208
46539      5191
46543      5043
46407      5061
46415      5228
46690      5168
46774      5285
46830      5093
46533      5201
46453      5237
46640      5386
46624      5249
46568      5244
46616      5351
46424      5419
46449      5450
46966      5304
46910      5219
47048      5196
46912      5098
46890      5175
46640      5065
47077      5088
46984      4959
46868      5053
46867      5005
46756      5094
46843      4937
46818      4967
46846      5046
46896      5101
46691      5152
46622      4852
46714      4983
46677      5034
46637      5005
46663      5005
46599      5044
46783      5022
46730      4940
46898      5017
46921      5036
46725      5016
46607      5095
46897      5100
46954      5076
47222      4968
47367      5021
47063      5043
47227      4985
46924      4955
47149      4999
46841      4997
47036      4959
46981      5017
47008      4954
47260      4832
47126      4922
46853      4948
46683      4902
46754      4830
46806      4903
47103      4829
47012      4995
47124      4689
46940      4726
47231      4775
47124      4689
46867      4731
46817      4941
47143      4932
47091      4796
47078      4700
46969      4851
47678      4836
47382      4706
47234      4682
47167      4760
47200      4752
47218      4903
47332      4881
47200      4870
47185      4823
47014      4783
47342      4886
46867      4688
47119      4763
46537      4770
47042      4836
46935      4855
46810      4854
46840      4888
46877      4836
46984      4748
47005      4819
46840      4778
46857      4875
46828      4788
46993      4865
46572      4706
46696      4766
46791      4609
46789      4709
46858      4770
47002      4905
46841      4897
46945      4904
47306      5090
47031      4923
47231      4875
47125      4964
47238      4833
47119      4863
47320      4631
47225      4684
47153      4679
47198      4724
47693      4729
47377      4883
47336      4947
47345      4932
47403      4870
47076      4860
47340      4722
47093      4591
47154      4569
47141      4642
47339      4667
47341      4721
47387      4610
47395      4603
47076      4643
47188      4622
47243      4523
47047      4407
47013      4415
46979      4465
47167      4351
46954      4221
47238      4284
47119      4145
47169      4154
47183      4138
47350      4061
47501      4125
47748      4240
47453      4117
47502      4104
47720      4244
47697      4115
47827      4070
47710      4148
48189      4215
47578      4001
48263      4167
48092      4145
48195      4089
47722      3996
47730      4066
48112      4190
47799      4079
47935      4022
47914      4027
48034      3987
47922      4024
47936      4015
47863      4003
47999      3992
48211      3807
48222      3835
48212      3802
48335      3764
48160      3818
48077      3835
48111      3940
48227      3898
48352      3911
48255      3822
48275      3788
48135      3815
48296      3839
48348      3933
48114      3979
47963      3872
47969      3910
47952      3890
47949      3871
47987      3853
48010      3855
47924      3917
47780      3958
48082      4106
48142      4068
48247      3795
48644      3841
47967      3954
48258      3997
47714      4036
48055      4204
47410      4059
47758      4019
48041      4029
47787      3931
48010      4078
47896      4116
48057      3978
48103      4022
47991      4033
47990      4098
47699      4050
47934      4067
47955      3985
48144      4097
47795      4138
47339      4080
47006      4144
47088      4211
47220      4201
47214      4191
47311      4346
47097      4345
47298      4452
47079      4366
47145      4413
47037      4376
46844      4391
46597      4342
46698      4484
46703      4438
46701      4547
46950      4563
46821      4680
46905      4733
46797      4856
46808      4855
46781      4732
46831      4847
46858      4869
46823      4921
46959      4904
46911      4838
46831      4769
46977      4716
46839      4686
46718      4605
47308      4545
47054      4582
47778      4644
46930      4590
47227      4829
47121      4698
47075      4720
47064      4884
47021      4943
47129      4996
47074      4899
47074      4973
46817      4921
46867      4920
46630      4835
46786      4857
46985      4853
46859      4751
46760      4758
46655      4772
46987      4820
46772      4837
46747      5083
46685      4997
46504      4978
46388      4874
46837      4724
46940      4822
46814      4825
46927      4773
47185      4882
46783      4733
47112      4906
47193      5021
47008      4896
46933      4886
47002      4869
47188      5041
46950      4908
47278      5029
46951      4957
46934      5101
46942      5023
46989      4872
46842      4947
47116      4896
46931      5145
47147      4961
46780      4823
46921      4980
47130      5074
47094      5029
47181      5138
47068      5100
46741      5010
47005      5055
46522      5005
47343      5051
47227      5137
47048      4980
46853      5094
46311      5176
46487      5183
46929      5069
46825      4890
46805      5006
46536      4964
46685      5129
46627      5113
46716      5123
46189      4939
46668      5091
46539      5051
46621      5016
46834      4963
46624      4812
46806      4768
46643      4802
46851      4962
46745      5058
46932      5089
46890      5015
46503      5134
46952      4869
46391      4854
46524      4947
46660      5106
46259      5125
46414      5031
46350      5034
46459      5209
46475      5057
47150      5082
46154      5026
46178      4991
46074      4917
46371      4847
46311      4849
46449      4928
46512      4919
46395      4942
46625      4859
46587      4873
46501      4958
46478      4976
46638      4921
46309      4908
46362      4857
46351      4763
46292      4641
46795      4710
46529      4683
46622      4691
46524      4674
46736      4580
46203      4523
46539      4519
46371      4609
46324      4672
46450      4626
46396      4665
46291      4652
46485      4632
46319      4693
46477      4724
46481      4815
46404      4809
45787      4785
46480      4766
46677      4820
46391      4691
46822      4601
46715      4631
46716      4594
46847      4590
46861      4668
46877      4674
46858      4531
46861      4459
47083      4428
46996      4350
46877      4342
46933      4274
47194      4236
47422      4306
47307      4337
46941      4252
47209      4285
47072      4345
47147      4301
47303      4329
47071      4322
47456      4300
47311      4275
47265      4285
47092      4287
47195      4257
47483      4228
47256      4256
47321      4209
47269      4168
47253      4103
47403      4099
47147      4040
47193      4004
47590      4034
47262      3994
47659      4011
47366      4027
47535      4055
47444      4083
47572      4124
47868      4106
47489      4040
47596      4044
47507      4143
47900      4138
47671      4045
47672      4110
47683      4046
47578      4058
47488      4071
47475      4079
47472      4086
47934      4099
47694      4127
47712      4151
47771      4129
47720      4114
47819      4061
47744      4047
47770      4094
47779      4082
47715      4080
48066      4087
47624      4084
47719      4096
47901      4082
48027      4098
47920      4088
47919      4050
48005      4057
47936      4047
47930      4023
47954      4049
47571      4033
47536      4002
47646      3986
47611      3981
47502      4013
47770      4010
47662      4010
47827      4014
47880      4017
47735      4045
47661      4041
47649      4020
47593      4013
48036      4031
47680      4005
47862      3998
47655      4026
47668      4023
47858      4025
47738      4058
47655      4017
48002      4045
47536      4050
47791      4023
47419      4021
47960      4020
47660      4002
47742      4007
47867      3990
47985      3987
48015      3994
48097      3999
47864      3995
47763      3976
47700      3968
48174      3977
47785      3965
47724      3988
47974      3985
47742      3978
48146      3997
47758      3986
47704      3973
47924      3992
47698      3978
47711      3995
47741      3971
