0.0390549 0.229134
0.0385975 0.228346
0.0382158 0.228906
0.038874 0.235848
0.0380149 0.236334
0.0376192 0.235872
0.0371953 0.230323
0.0376586 0.236921
0.0368861 0.230717
0.037398 0.231796
0.0376954 0.232879
0.0376201 0.232761
0.0379594 0.234227
0.0376695 0.23245
0.0385877 0.237472
0.0382459 0.240343
0.0386305 0.240178
0.0378626 0.23509
0.0391788 0.242015
0.0394723 0.243955
0.0377465 0.234804
0.038284 0.238351
0.0377674 0.234858
0.0372142 0.22775
0.0376049 0.229699
0.0370519 0.221278
0.0371637 0.218528
0.0385291 0.225649
0.0385704 0.225205
0.0386092 0.225464
0.0384131 0.220326
0.0395409 0.227667
0.0390098 0.224786
0.0385731 0.223088
0.0390477 0.230407
0.0388733 0.224138
0.0398734 0.230425
0.041056 0.235423
0.0404324 0.231927
0.0394225 0.228034
0.0408599 0.239088
0.0407766 0.236585
0.0403867 0.235913
0.0403444 0.235755
0.0386902 0.226054
0.0399781 0.232929
0.0403509 0.237203
0.0408589 0.239881
0.0393077 0.232486
0.0393515 0.236233
0.0379361 0.228029
0.0383092 0.230516
0.0378424 0.226177
0.0395724 0.238433
0.0386134 0.22996
0.039015 0.232362
0.0386754 0.231261
0.0393186 0.235363
0.0384354 0.228873
0.0389934 0.23177
0.0397273 0.235324
0.0393466 0.233842
0.0390746 0.23066
0.0383361 0.226866
0.0386342 0.232226
0.0381435 0.231873
0.0383215 0.23093
0.0378979 0.226629
0.0380988 0.22948
0.0376932 0.229326
0.0390484 0.23942
0.0387117 0.233215
0.0381409 0.233196
0.037529 0.2298
0.0377031 0.22953
0.0368726 0.223741
0.03684 0.222135
0.0382444 0.231528
0.0365169 0.221565
0.0372708 0.229469
0.0373593 0.230831
0.0373384 0.230329
0.037961 0.233422
0.0379028 0.238407
0.0371923 0.234341
0.0373894 0.238927
0.0373747 0.239238
0.037226 0.240006
0.0375119 0.237423
0.0372535 0.234757
0.0369612 0.237042
0.0366886 0.23624
0.0359826 0.232561
0.0352673 0.23024
0.0356665 0.233192
0.0365513 0.238129
0.0352954 0.23105
0.0357151 0.233755
0.0360517 0.232865
0.0358047 0.230971
0.0359819 0.23479
0.0361301 0.235616
0.0363385 0.238933
0.0370688 0.246257
0.0358147 0.238872
0.0360899 0.239646
0.0369885 0.245576
0.0381321 0.252052
0.0382529 0.250211
0.0382112 0.251449
0.0378063 0.246828
0.0378441 0.245658
0.0377293 0.244367
0.0382839 0.246031
0.038041 0.248213
0.0376042 0.245087
0.0375037 0.24634
0.0372042 0.24346
0.0377217 0.250818
0.037572 0.251041
0.037272 0.250108
0.0379487 0.254266
0.0373377 0.253233
0.0386457 0.264862
0.0386771 0.263883
0.0386467 0.264538
0.038431 0.261671
0.0391767 0.266076
0.0378781 0.257591
0.0387249 0.261712
0.0375203 0.253798
0.036931 0.251785
0.0375664 0.257038
0.0376596 0.258521
0.0386056 0.264524
0.0382053 0.26174
0.038362 0.26201
0.0382961 0.264241
0.0380364 0.261656
0.0376818 0.260304
0.0379944 0.26209
0.0381425 0.262623
0.0385028 0.26432
0.0380481 0.263846
0.0377132 0.258226
0.0384254 0.264753
0.0388308 0.263379
0.0375958 0.255319
0.0382038 0.260469
0.0386404 0.264009
0.0382641 0.263864
0.0380337 0.263057
0.0370402 0.258439
0.0378296 0.262368
0.0369159 0.254757
0.0361968 0.249265
0.0364807 0.249305
0.037341 0.256497
0.036214 0.250482
0.037707 0.259062
0.0375615 0.258499
0.0374549 0.256201
0.0372221 0.254119
0.0372435 0.255366
0.0371491 0.257474
0.0374052 0.261155
0.0363368 0.253016
0.0370205 0.25521
0.0373688 0.256929
0.0369224 0.25058
0.0367948 0.250292
0.0372932 0.25767
0.0370473 0.256931
0.0381155 0.263762
0.03862 0.267129
0.0379509 0.259017
0.0373846 0.256677
0.0381025 0.261148
0.0373919 0.257403
0.0371333 0.257231
0.0372643 0.255068
0.0372807 0.257451
0.0381735 0.26305
0.0393026 0.272097
0.0376706 0.260638
0.0378875 0.263533
0.0392324 0.275243
0.038287 0.267291
0.0388747 0.273289
0.0376728 0.264225
0.0381967 0.267809
0.0381863 0.266895
0.0389633 0.272143
0.0387229 0.270206
0.0385723 0.272906
0.038785 0.276165
0.0382734 0.270572
0.0392558 0.277544
0.0387874 0.27088
0.0391157 0.275308
0.0391462 0.277402
0.0383809 0.273991
0.0390427 0.278928
0.0393345 0.282238
0.0396807 0.281795
0.039569 0.282464
0.0392616 0.278298
0.0396605 0.283407
0.0386023 0.274849
0.0388364 0.276782
0.0389638 0.277585
0.039051 0.277408
0.0392676 0.281825
0.039219 0.283042
0.0392863 0.284225
0.0392439 0.285099
0.0402295 0.291814
0.03878 0.281996
0.0401331 0.288919
0.0388176 0.27907
0.0397496 0.288251
0.0409226 0.297942
0.0393923 0.288201
0.0391564 0.283898
0.0390981 0.28618
0.0400941 0.292698
0.0400747 0.292415
0.0388298 0.281462
0.0396335 0.288596
0.0393356 0.288217
0.0397529 0.292179
0.0395307 0.28703
0.0396239 0.289952
0.0389736 0.284421
0.0384451 0.276517
0.0386671 0.278789
0.0379771 0.272769
0.0380888 0.274636
0.0386447 0.281547
0.038132 0.280412
0.0387428 0.287755
0.0395228 0.292045
0.0402371 0.299512
0.0388628 0.288311
0.0388012 0.28558
0.0389429 0.285205
0.0391531 0.288763
0.039472 0.293187
0.0399099 0.297816
0.0395438 0.293637
0.0392752 0.292656
0.0405693 0.303279
0.0399033 0.302135
0.0403375 0.304431
0.0403718 0.302663
0.0401635 0.300333
0.0398531 0.295013
0.0402225 0.296383
0.0395637 0.292607
0.0396033 0.294219
0.0395561 0.291783
0.0404115 0.29467
0.0398642 0.290412
0.0385679 0.281901
0.0385717 0.283987
0.0394445 0.290759
0.039724 0.292231
0.039342 0.287797
0.0384347 0.285288
0.0390804 0.290754
0.0386405 0.290323
0.0384077 0.289735
0.0380654 0.28777
0.0378439 0.292596
0.0379531 0.295865
0.0378087 0.291224
0.039537 0.310766
0.0368807 0.290151
0.0371795 0.288266
0.0376106 0.295726
0.0371515 0.290755
0.0366415 0.290161
0.0376136 0.301213
0.0373976 0.300986
0.0362 0.290869
0.0364077 0.295354
0.035966 0.285354
0.0360928 0.295939
0.0355082 0.295168
0.0361208 0.303196
0.0360762 0.304309
0.0346291 0.299566
0.0360262 0.311547
0.0358239 0.313998
0.0362783 0.318617
0.0356195 0.316327
0.0365647 0.324972
0.0357531 0.318013
0.0349937 0.30813
0.0355475 0.316519
0.0353479 0.313507
0.0354271 0.31444
0.0345067 0.304525
0.0350428 0.307352
0.0356532 0.31836
0.0361042 0.328593
0.0364339 0.32897
0.0353718 0.321791
0.0357862 0.330428
0.0365935 0.344442
0.0371211 0.349138
0.0368391 0.345401
0.0357188 0.33457
0.0367156 0.346661
0.0366105 0.351778
0.037324 0.361668
0.0374195 0.363985
0.037915 0.374253
0.0370101 0.369877
0.0378153 0.384437
0.0373746 0.379259
0.0365836 0.366932
0.0377662 0.380762
0.0376209 0.382938
0.0379818 0.385234
0.0385421 0.387211
0.0376728 0.381944
0.0370463 0.381298
0.0377311 0.386667
0.0370148 0.382769
0.0377967 0.395414
0.0373609 0.396264
0.0379744 0.405472
0.0371293 0.394528
0.0374067 0.399688
0.0367826 0.396953
0.0377237 0.408508
0.0381425 0.409121
0.0376312 0.405055
0.0388048 0.420085
0.0391673 0.418117
0.0387965 0.421744
0.0386009 0.419159
0.0395487 0.426296
0.0383898 0.412188
0.0394339 0.429221
0.0386992 0.426501
0.0387027 0.430783
0.0395402 0.433653
0.0396252 0.436051
0.038916 0.427031
0.0394041 0.432668
0.0389654 0.431413
0.0399205 0.447228
0.0392837 0.43418
0.0402721 0.450999
0.0406384 0.453445
0.0403449 0.457595
0.0402976 0.444419
0.0393517 0.438181
0.0396604 0.441375
0.0402902 0.447515
0.0401292 0.443038
0.0393268 0.437239
0.0389418 0.428539
0.0391058 0.424133
0.0392984 0.431046
0.0391916 0.432836
0.0387431 0.43321
0.0375282 0.412319
0.0387524 0.427222
0.0392561 0.437616
0.0390769 0.436131
0.0381152 0.425922
0.0391225 0.442281
0.0396231 0.447498
0.039079 0.442763
0.0390993 0.445737
0.0390352 0.44337
0.0392695 0.44544
0.0396949 0.451101
0.0398225 0.452319
0.039075 0.442712
0.039076 0.439859
0.0395606 0.454437
0.0392676 0.451065
0.0381097 0.446855
0.0391467 0.46418
0.039292 0.472104
0.0388233 0.476456
0.0397476 0.486411
0.0396378 0.487179
0.0392512 0.482979
0.039272 0.482741
0.0394937 0.486431
0.0397499 0.491242
0.0409839 0.518139
0.0396594 0.49687
0.0399191 0.497789
0.0405596 0.508338
0.0410072 0.516053
0.0407142 0.506326
0.0393983 0.493476
0.0410762 0.518304
0.0400544 0.503283
0.0403407 0.516671
0.0383727 0.489249
0.0401385 0.511702
0.0394531 0.509968
0.040555 0.523501
0.0405603 0.527371
0.0405954 0.518617
0.0403104 0.514965
0.0394931 0.510078
0.0393592 0.514449
0.0390783 0.509681
0.0394047 0.516367
0.0399507 0.517447
0.0398234 0.51726
0.039598 0.508452
0.0386715 0.502036
0.0384728 0.499864
0.0394503 0.520707
0.0397948 0.532366
0.0393254 0.519945
0.0398203 0.527393
0.0391422 0.51516
0.0390563 0.508179
0.0396982 0.51862
0.0389235 0.507516
0.0392817 0.513908
0.0397633 0.523625
0.0386549 0.513324
0.0388214 0.517707
0.0385126 0.51813
0.0396406 0.534036
0.0385096 0.509529
0.0397389 0.533466
0.039868 0.542
0.0392837 0.537037
0.0399855 0.537164
0.0409291 0.555779
0.0405874 0.549885
0.0411032 0.552985
0.0402427 0.541392
0.0408644 0.542817
0.0408623 0.550578
0.0413421 0.563758
0.0409631 0.56014
0.0412174 0.556585
0.0418533 0.576
0.0412694 0.577858
0.0417586 0.578979
0.0418994 0.570009
0.0410918 0.570361
0.0411822 0.572453
0.0410705 0.564908
0.0410759 0.56445
0.0407824 0.542037
0.0407124 0.541798
0.0409308 0.553457
0.0409898 0.555556
0.0412424 0.544835
0.0409266 0.539909
0.0412442 0.553846
0.0400224 0.542383
0.0417115 0.570126
0.0420964 0.582018
0.0407881 0.56157
0.0398947 0.554423
0.039555 0.542706
0.0408556 0.555915
0.0410997 0.553936
0.0393391 0.541716
0.0405959 0.56075
0.0402644 0.554627
0.041248 0.565127
0.0406572 0.556274
0.0419503 0.571302
0.0423222 0.580693
0.0409817 0.555491
0.0413678 0.558798
0.041588 0.553118
0.0407162 0.53646
0.0410681 0.518325
0.0415539 0.520219
0.0412142 0.510673
0.041263 0.501462
0.0402969 0.497306
0.0410622 0.505411
0.0410605 0.495472
0.0409033 0.495105
0.0405623 0.496494
0.0411783 0.494575
0.0416858 0.501576
0.0414906 0.495425
0.0405066 0.479906
0.0402917 0.472244
0.0402682 0.467944
0.0395948 0.458143
0.0396536 0.453933
0.0395277 0.449913
0.041674 0.476143
0.0408372 0.469602
0.042454 0.476896
0.0441099 0.48588
0.0436333 0.482
0.0422698 0.477502
0.042801 0.479951
0.0427975 0.487974
0.0419132 0.47428
0.0429595 0.48097
0.0422266 0.463536
0.0422105 0.463073
0.0408388 0.436259
0.0404372 0.435476
0.0418647 0.450876
0.0417575 0.446264
0.0409566 0.435655
0.040127 0.426097
0.0389933 0.410694
0.0395627 0.4172
0.0377391 0.392498
0.0374668 0.393342
0.0376491 0.390905
0.0374547 0.390513
0.0380863 0.394986
0.0393484 0.408038
0.0388655 0.404188
0.0393093 0.399466
0.0416031 0.423226
0.0417727 0.423495
0.0413725 0.414318
0.0406403 0.422156
0.0425358 0.439744
0.0417027 0.420147
0.0415809 0.427726
0.0408136 0.419017
0.0388802 0.407639
0.0393235 0.403149
0.0389066 0.390521
0.0394912 0.392455
0.0387456 0.395159
0.039253 0.404561
0.0383041 0.389711
0.0403422 0.408173
0.0402584 0.41389
0.0386465 0.406168
0.0406647 0.430758
0.0388017 0.412488
0.0397765 0.4021
0.0420127 0.419199
0.0411302 0.415874
0.0405541 0.419599
0.0377781 0.404417
0.0378548 0.41138
0.0371836 0.39268
0.0384393 0.399491
0.0366298 0.381467
0.0373187 0.395965
0.0369211 0.389444
0.0383947 0.396999
0.0380704 0.399536
0.038172 0.404513
0.0372372 0.391434
0.0374959 0.394556
0.0371717 0.388549
0.0381612 0.397975
0.0374928 0.393145
0.0370175 0.390374
0.0379667 0.398095
0.0368365 0.38277
0.0372053 0.384148
0.03732 0.388889
0.0376948 0.393529
0.0377355 0.37819
0.0377125 0.385984
0.0371147 0.379695
0.0371016 0.377835
0.037356 0.389664
0.0371226 0.385521
0.0357591 0.362903
0.0356709 0.357488
0.0355235 0.362359
0.0357405 0.366566
0.0352914 0.350647
0.0343772 0.346995
0.0342391 0.33913
0.0349259 0.338412
0.0350189 0.34264
0.0346139 0.3353
0.0351579 0.348207
0.0349796 0.34915
0.0349483 0.343296
0.0350836 0.340918
0.0349999 0.345533
0.034914 0.341699
0.0342816 0.337952
0.0356748 0.345664
0.0360124 0.346411
0.0356314 0.340666
0.0346034 0.332194
0.0356152 0.342355
0.0356692 0.341517
0.0354563 0.339692
0.0355999 0.339702
0.034615 0.333333
0.0343458 0.330983
0.035278 0.338306
0.0347589 0.332464
0.0343706 0.32868
0.0348769 0.330162
0.0355692 0.330867
0.0352319 0.332871
0.0338591 0.315152
0.0347987 0.326622
0.0357987 0.332679
0.035922 0.343196
0.0344229 0.324271
0.0351177 0.330751
0.0353735 0.336727
0.0356774 0.332547
0.0359487 0.341556
0.0354329 0.325994
0.0363026 0.333203
0.0364838 0.341964
0.0376224 0.36239
0.0379428 0.376076
0.0379465 0.372811
0.0383337 0.379296
0.0374997 0.375132
0.0380615 0.386875
0.036676 0.372838
0.0380072 0.383248
0.0371389 0.37642
0.0371379 0.37076
0.0371311 0.374147
0.0361471 0.370074
0.03627 0.37283
0.0366912 0.375324
0.0364252 0.367399
0.0366027 0.37287
0.0368181 0.371447
0.0370363 0.372541
0.0369184 0.370844
0.035584 0.356415
0.0361369 0.362399
0.0361873 0.364316
0.0363966 0.36603
0.0364098 0.35952
0.0366026 0.36121
0.0367224 0.358926
0.0363381 0.364839
0.0375498 0.378986
0.0363285 0.361698
0.0374522 0.367946
0.0379168 0.365669
0.03868 0.370784
0.0379959 0.367502
0.0381789 0.378361
0.0383955 0.378683
0.0392733 0.384647
0.0385073 0.373276
0.0379661 0.364713
0.0377863 0.365688
0.0381982 0.380578
0.0380777 0.381205
0.0387972 0.39265
0.0386906 0.3862
0.0391267 0.382587
0.0384305 0.376824
0.0386335 0.376556
0.0389332 0.382867
0.0396676 0.38599
0.0391901 0.378663
0.039513 0.38342
0.0390392 0.375924
0.0394244 0.373613
0.03917 0.37314
0.039048 0.371961
0.0391254 0.382048
0.0380839 0.372248
0.0384664 0.366229
0.0392541 0.363064
0.0385327 0.355852
0.0378844 0.343828
0.0370551 0.345433
0.0373362 0.345154
0.038024 0.357572
0.0374447 0.347619
0.03691 0.343919
0.0378968 0.350315
0.0388039 0.360929
0.0401047 0.369514
0.0392391 0.360392
0.0397804 0.375934
0.0406528 0.375567
0.0412157 0.370862
0.0415676 0.363075
0.0403142 0.371591
0.0396731 0.370209
0.0404587 0.380208
0.040523 0.376238
0.0404981 0.380646
0.0402084 0.371914
0.0396508 0.36353
0.0396103 0.357514
0.038788 0.351619
0.0386001 0.347801
0.0382853 0.342748
0.0382862 0.339441
0.0387926 0.339566
0.0382182 0.343744
0.0381793 0.358574
0.04026 0.361005
0.0381767 0.348441
0.0382673 0.346664
0.0380175 0.347209
0.0388063 0.349384
0.0379005 0.341105
0.0382159 0.347397
0.0374025 0.343041
0.038609 0.354991
0.0384401 0.352422
0.038482 0.357638
0.0391083 0.354694
0.0399546 0.361979
0.0392931 0.353495
0.0394287 0.349215
0.0392458 0.349629
0.0388102 0.346439
0.0392743 0.349629
0.0388683 0.345789
0.0382971 0.342419
0.0383986 0.340109
0.0383985 0.339356
0.0381947 0.345857
0.0381883 0.352016
0.0386207 0.358047
0.0388603 0.354574
0.0384189 0.346923
0.0394919 0.357695
0.0397663 0.372553
0.0406074 0.375468
0.040205 0.362813
0.0401607 0.364147
0.0403335 0.359641
0.0395231 0.360524
0.037313 0.347627
0.0384213 0.358138
0.0383748 0.362266
0.0386086 0.353482
0.0392069 0.359663
0.0390526 0.352567
0.0377028 0.346562
0.0385358 0.351399
0.0375766 0.3501
0.0384038 0.348928
0.0393533 0.366362
0.0389014 0.362093
0.0390741 0.351456
0.0398337 0.360971
0.0389412 0.35087
0.0393358 0.361905
0.039339 0.361226
0.0387387 0.351209
0.038385 0.353625
0.0377938 0.339623
0.0382101 0.338928
0.0381184 0.3372
0.0391236 0.355039
0.0388225 0.347926
0.0386772 0.346754
0.0405002 0.373785
0.0397138 0.364157
0.0402456 0.357307
0.0402656 0.363777
0.0405995 0.359319
0.0415119 0.3817
0.0423785 0.379158
0.0400189 0.354974
0.0399443 0.345897
0.0397435 0.35302
0.0399631 0.354882
0.0384846 0.335264
0.03873 0.331796
0.0386015 0.328991
0.0385811 0.341629
0.0391814 0.352175
0.0388114 0.351424
0.0381565 0.351118
0.0385157 0.348985
0.0386578 0.355972
0.0368545 0.340998
0.0372042 0.35249
0.0374883 0.347714
0.0373824 0.35005
0.0381555 0.350216
0.0381914 0.362366
0.0377205 0.355547
0.0374632 0.3478
0.0363997 0.33464
0.0380801 0.345109
0.0380293 0.365416
0.0378901 0.355208
0.0376631 0.349225
0.0378884 0.353047
0.0372458 0.347253
0.036975 0.341594
0.0369579 0.344285
0.0373636 0.353441
0.0366327 0.342436
0.0365721 0.340747
0.0347566 0.323764
0.036325 0.332287
0.0363563 0.334314
0.036376 0.336485
0.0360849 0.342995
0.0349822 0.330014
0.0355481 0.331747
0.0350435 0.331996
0.0349928 0.331382
0.0334896 0.315863
0.032621 0.305783
0.0335488 0.318209
0.0336093 0.31473
0.0341857 0.324384
0.0340669 0.333195
0.0338667 0.324258
0.0342347 0.324171
0.0339096 0.322929
0.0332378 0.321739
0.0337564 0.322252
0.0334798 0.326569
0.034438 0.324124
0.0345896 0.347622
0.0339369 0.337072
0.0334738 0.331099
0.0332103 0.33376
0.0336484 0.333333
0.0344106 0.326047
0.0341302 0.326237
0.035166 0.345288
0.0349633 0.350213
0.0355341 0.344053
0.0350896 0.345947
0.0349078 0.351466
0.0350595 0.353695
0.0339644 0.336555
0.0348941 0.346591
0.0356008 0.342851
0.0350714 0.340094
0.0340466 0.329979
0.0332521 0.325316
0.0334794 0.329082
0.0338811 0.328285
0.0349073 0.348976
0.0344872 0.341172
0.0349614 0.34109
0.0342247 0.33292
0.0348354 0.336766
0.0352489 0.339926
0.0347353 0.332856
0.0343239 0.332713
0.0349055 0.345409
0.0350814 0.342187
0.0345431 0.338635
0.035619 0.342359
0.035876 0.350877
0.0356436 0.344296
0.0368462 0.364641
0.0355705 0.34851
0.0357761 0.363202
0.0356067 0.353791
0.0342524 0.336478
0.0347645 0.333129
0.0346918 0.331836
0.0340398 0.325856
0.0324906 0.301965
0.0318301 0.304083
0.0326904 0.316718
0.0322546 0.306205
0.0329819 0.322367
0.0330652 0.320378
0.0329882 0.337076
0.0334357 0.337105
0.0326808 0.329344
0.0325438 0.325148
0.0325415 0.328188
0.0309222 0.30002
0.0315193 0.301597
0.0314078 0.3015
0.0320022 0.311499
0.0310774 0.301029
0.032256 0.32338
0.0314696 0.322805
0.03215 0.331801
0.0326467 0.331538
0.0312639 0.31712
0.0313259 0.314128
0.0300715 0.309111
0.0304884 0.313926
0.0320121 0.324575
0.0317454 0.324102
0.0309676 0.323458
0.0316492 0.337872
0.0316508 0.337033
0.0323123 0.339978
0.0315687 0.34222
0.0314989 0.350391
0.0309285 0.341036
0.0303699 0.345235
0.0289385 0.328599
0.0293326 0.334461
0.0267793 0.312238
0.0277257 0.319273
0.0278546 0.313679
0.0279224 0.321836
0.0274725 0.317982
0.0270536 0.304194
0.0277795 0.321993
0.0283522 0.33317
0.0284008 0.326663
0.0279939 0.320047
0.0279541 0.332417
0.0276817 0.320614
0.0273018 0.316767
0.0267455 0.315236
0.0262562 0.313564
0.0260214 0.30546
0.0259395 0.297852
0.0247495 0.290022
0.0241786 0.288165
0.0247736 0.29476
0.0262731 0.316529
0.0256667 0.305666
0.0249708 0.298132
0.0250298 0.299276
0.025313 0.304359
0.0245172 0.310481
0.0246153 0.309518
0.0235211 0.298264
0.0247854 0.318278
0.0245847 0.31011
0.0249184 0.312386
0.0251294 0.306853
0.0259191 0.320677
0.0247353 0.305804
0.0244741 0.309001
0.0239461 0.305174
0.0246806 0.311402
0.024764 0.311539
0.0240548 0.295703
0.0234651 0.28374
0.0236641 0.29313
0.0232025 0.284655
0.023878 0.294344
0.0242132 0.299922
0.0249651 0.310927
0.0250989 0.312581
0.0253526 0.310186
0.0262871 0.317332
0.0261636 0.306381
0.0267334 0.316372
0.0269447 0.342556
0.0274443 0.347566
0.0264348 0.320688
0.0264412 0.319239
0.0259672 0.306987
0.0265321 0.303283
0.0262181 0.306233
0.0259224 0.308037
0.0259778 0.309754
0.0268065 0.325871
0.0269527 0.317312
0.0276015 0.321186
0.0277795 0.335596
0.0279608 0.334411
0.0287346 0.341929
0.0278391 0.326013
0.0274849 0.323704
0.0282054 0.332432
0.0275884 0.331995
0.0285602 0.335611
0.0283921 0.327936
0.0278206 0.322794
0.027805 0.315396
0.0290945 0.325338
0.029119 0.327303
0.0291651 0.328561
0.0282387 0.307409
0.028006 0.303567
0.0277813 0.295148
0.0280805 0.302794
0.0295471 0.315658
0.0289772 0.311472
0.0300786 0.320884
0.0307531 0.330032
0.0325496 0.338983
0.0328459 0.345651
0.0329543 0.338465
0.0338658 0.348455
0.0327844 0.327991
0.0339409 0.336362
0.0353228 0.340404
0.0357204 0.344387
0.0347363 0.343407
0.0355961 0.343924
0.0349567 0.336414
0.0362215 0.344645
0.0353713 0.338703
0.0340006 0.329682
0.0348914 0.342629
0.0350384 0.349025
0.0338393 0.338242
0.0348046 0.353094
0.0339477 0.353355
0.0335784 0.344828
0.0333626 0.343239
0.0330279 0.337691
0.0339213 0.331746
0.0340612 0.341635
0.0343919 0.343008
0.0344212 0.331695
0.0362391 0.34473
0.0361985 0.341473
0.0347326 0.333742
0.0350512 0.331792
0.0342397 0.325747
0.0343099 0.326829
0.0337122 0.325129
0.0336853 0.32448
0.0330744 0.320214
0.0344438 0.339718
0.0355646 0.349517
0.0356875 0.34891
0.0352012 0.343154
0.0354058 0.342361
0.0361948 0.332874
0.0364785 0.340804
0.0369216 0.344918
0.0372079 0.354124
0.036168 0.358594
0.0362378 0.352758
0.0359294 0.348601
0.0369936 0.363713
0.0361556 0.349447
0.0363807 0.359603
0.0365724 0.351203
0.0360859 0.339175
0.035143 0.337418
0.0360514 0.346296
0.0348496 0.336414
0.0353692 0.331085
0.0356975 0.341483
0.0345192 0.324518
0.0345467 0.327214
0.0345805 0.318173
0.0341911 0.31953
0.0343485 0.331281
0.0340506 0.322418
0.0356991 0.343546
0.0359677 0.328086
0.036015 0.34227
0.0359342 0.348538
0.0364442 0.343374
0.0358795 0.333268
0.0365652 0.342414
0.0362434 0.332814
0.0360117 0.332353
0.0368841 0.344112
0.0367408 0.341642
0.037982 0.353047
0.0380838 0.356959
0.0384102 0.353124
0.0391302 0.369679
0.0385247 0.354338
0.0384142 0.343702
0.0389141 0.349026
0.0385476 0.356875
0.0390176 0.37362
0.0394189 0.368558
0.039174 0.367244
0.0393488 0.358159
0.0406202 0.370428
0.0399863 0.36463
0.0401827 0.375785
0.0406917 0.373011
0.0402888 0.371214
0.0397889 0.369817
0.039971 0.377191
0.0397006 0.384663
0.039418 0.386955
0.0393199 0.381924
0.0388466 0.366788
0.0382715 0.353697
0.0385877 0.355866
0.0398806 0.372881
0.0386212 0.349825
0.038976 0.375847
0.0406544 0.388546
0.0386037 0.363048
0.0395199 0.361144
0.0413325 0.373073
0.0423364 0.390578
0.0406904 0.374652
0.039777 0.354771
0.0376331 0.345857
0.0377943 0.350649
0.0383715 0.352368
0.0391312 0.362052
0.0385901 0.361603
0.0382351 0.365793
0.0369675 0.353062
0.0374174 0.352679
0.0376032 0.35556
0.0373532 0.350668
0.0364826 0.350072
0.0363621 0.34763
0.0378486 0.354982
0.0363398 0.339429
0.0363223 0.344239
0.0367099 0.346373
0.0363229 0.346716
0.0359863 0.350199
0.0357513 0.356604
0.0355166 0.352866
0.0352468 0.350203
0.0348119 0.345982
0.0364758 0.363072
0.0356684 0.363974
0.0347596 0.355074
0.0368078 0.379066
0.0365099 0.367325
0.0375615 0.372432
0.0363186 0.364678
0.0373524 0.37149
0.0378475 0.376612
0.036743 0.368739
0.0376303 0.371404
0.0369 0.36304
0.0370904 0.358048
0.0365055 0.352256
0.0366261 0.35047
0.0361876 0.352916
0.0351993 0.340871
0.0353301 0.349392
0.0356884 0.363182
0.0359842 0.362989
0.0352556 0.358511
0.0359041 0.366449
0.0349118 0.350471
0.0343239 0.344245
0.0334841 0.346281
0.0328845 0.345593
0.0321347 0.341689
0.0317261 0.342759
0.0306547 0.330953
0.0298937 0.328264
0.0298555 0.332625
0.0298806 0.329076
0.0293614 0.320267
0.0299738 0.330903
0.029613 0.326254
0.0301028 0.326122
0.0299489 0.328296
0.0302729 0.330792
0.029976 0.326469
0.0293957 0.324419
0.0291053 0.322105
0.0287316 0.316919
0.0282426 0.31024
0.0273546 0.303265
0.0270834 0.304163
0.0274674 0.304981
0.0271127 0.304823
0.0270367 0.306622
0.027575 0.317573
0.0270658 0.313003
0.027743 0.323762
0.0273346 0.322178
0.0274007 0.323252
0.026808 0.317226
0.02627 0.312142
0.0268758 0.316116
0.0270117 0.316646
0.0267473 0.310801
0.0261498 0.301649
0.0270953 0.315879
0.0273958 0.32203
0.0270191 0.318002
0.0277222 0.317886
0.0280167 0.324311
0.027459 0.323609
0.0277312 0.321654
0.0273892 0.322788
0.0275968 0.323558
0.0275438 0.321297
0.0281622 0.327776
0.0279112 0.324278
0.0279551 0.326909
0.027949 0.322995
0.0268905 0.309082
0.0275062 0.318237
0.0277661 0.322071
0.0269558 0.31741
0.0264955 0.312577
0.0274021 0.319736
0.0261412 0.305977
0.0264906 0.309804
0.0278783 0.327869
0.0269612 0.314398
0.0274105 0.319336
0.0274525 0.322146
0.0273596 0.320644
0.0275459 0.322896
0.0273378 0.323457
0.0276013 0.326596
0.0276619 0.32765
0.0271229 0.323142
0.0272761 0.323043
0.027769 0.327548
0.0274318 0.325837
0.0275784 0.329654
0.0279347 0.334087
0.0278515 0.329679
0.0272975 0.325187
0.0271285 0.322444
0.0267422 0.318635
0.0266708 0.317899
0.0265633 0.313473
0.0271081 0.319723
0.0262965 0.311692
0.0268947 0.318963
0.0267716 0.319028
0.0269295 0.320599
0.0262212 0.313907
0.0269017 0.31843
0.0268524 0.318171
0.0257637 0.306335
0.0267292 0.314441
0.0273424 0.324371
0.0257073 0.305068
0.0266114 0.312346
0.02603 0.309222
0.0264873 0.31236
0.02598 0.30995
0.0259966 0.309595
0.0258263 0.307712
0.0254246 0.305013
0.0261123 0.314271
0.0258461 0.310716
0.0261971 0.315079
0.0257814 0.308886
0.0251659 0.302314
0.0263522 0.316784
0.0253664 0.307267
0.0262635 0.31652
0.0252703 0.302407
0.025618 0.308407
0.0263081 0.315737
0.0257135 0.309732
0.0263621 0.315856
0.0262242 0.314875
0.0251231 0.301603
0.0263114 0.315485
0.0257593 0.307635
0.0258269 0.310501
