1.07474   285.35   286.424 0.179124   0.0458663
1.26788   318.717   319.985 0.181126   0.0514723
1.02062   314.407   315.428 0.170103   0.05076
0.871331   319.805   320.676 0.145222   0.0509135
0.8792   307.049   307.928 0.17584   0.0487767
1.0709   319.223   320.294 0.178483   0.0509859
1.03399   312.866   313.9 0.172331   0.0498591
0.698087   471.285   471.983 0.151758   0.0777057
0.972872   447.292   448.265 0.167737   0.0752612
0.684403   406.879   407.564 0.171101   0.0681026
0.704925   484.992   485.697 0.169182   0.0805077
0.784068   604.044   604.828 0.161426   0.10566
1.09097   597.324   598.415 0.173564   0.104767
1.26637   566.077   567.343 0.194826   0.100055
0.717619   519.206   519.924 0.170862   0.0905739
0.404433   577.058   577.462 0.202216   0.11039
0.0302585   421.162   421.192 0.151292   0.0730194
0.19203   411.854   412.046 0.19203   0.0709574
0.174905   535.025   535.2 0.174905   0.0949272
0.650014   537.811   538.461 0.216671   0.0965232
0.204247   544.533   544.737 0.204247   0.0964543
0.19647   435.946   436.142 0.19647   0.074982
0.238372   426.812   427.05 0.238372   0.0725254
0.0518348   439.917   439.968 0.155504   0.0740102
0.45125   442.775   443.226 0.150417   0.0747362
1.09073   506.007   507.098 0.218146   0.084693
0.198616   478.994   479.193 0.198616   0.0788598
0.242325   469.986   470.229 0.121162   0.0771196
0.193582   465.904   466.098 0.232298   0.077571
0.221256   454.583   454.804 0.18438   0.0769749
0.49403   460.008   460.502 0.154384   0.0796993
1.36245   597.139   598.501 0.215123   0.110038
1.13525   473.215   474.35 0.212859   0.0852818
0.715467   444.958   445.673 0.220144   0.0648485
0.423037   496.69   497.113 0.23502   0.0731438
0.386192   463.401   463.788 0.193096   0.0680947
0.447021   435.453   435.9 0.223511   0.0645116
0.453955   491.094   491.548 0.226977   0.073749
0.724626   471.117   471.842 0.193234   0.072119
0.435916   471.436   471.872 0.217958   0.0749531
0.636686   474.936   475.572 0.212229   0.0759654
0.400883   470.8   471.201 0.200441   0.0760926
0.57981   488.248   488.828 0.19327   0.077052
0.161569   457.825   457.987 0.161569   0.0730533
0.424653   455.182   455.607 0.212327   0.0733667
0.95118   476.028   476.98 0.237795   0.0756201
0.7498   488.367   489.116 0.249933   0.0803102
0.909496   509.298   510.207 0.227374   0.0852774
0   523.88   523.88 -nan   0.088679
0   539.952   539.952 -nan   0.0911414
0.687043   443.381   444.068 0.196298   0.0657518
0.708356   450.506   451.214 0.236119   0.067608
0.185092   447.34   447.525 0.185092   0.0665462
0.24725   449.181   449.428 0.24725   0.0674547
0.240985   449.774   450.015 0.240985   0.0678188
0   459.19   459.19 -nan   0.0692411
0   457.813   457.813 -nan   0.0694024
0   480.258   480.258 -nan   0.0728961
0   465.223   465.223 -nan   0.0708282
0   502.151   502.151 -nan   0.0776933
0   495.733   495.733 -nan   0.0772711
0.196628   502.372   502.569 0.196628   0.0784221
0   503.236   503.236 -nan   0.0783028
0   486.637   486.637 -nan   0.0751772
0   510.433   510.433 -nan   0.0799394
0   525.631   525.631 -nan   0.08451
0.207082   543.835   544.042 0.172568   0.0875347
0   453.903   453.903 -nan   0.0666368
0.223555   452.821   453.044 0.223555   0.0669094
0.631772   443.326   443.957 0.236914   0.0652878
0.684501   461.782   462.466 0.248909   0.0683008
0.47741   445.993   446.471 0.238705   0.0660144
0.255386   479.121   479.377 0.255386   0.071579
0.655683   494.851   495.506 0.218561   0.0744659
0.135241   517.89   518.025 0.135241   0.0770853
0.0402227   518.863   518.903 0.201113   0.0796877
0.105882   531.266   531.372 0.141176   0.0806445
0.485291   540.908   541.393 0.242646   0.0832294
0.245613   537.846   538.092 0.245613   0.081445
0.248571   518.271   518.519 0.248571   0.0791132
0.416465   541.448   541.864 0.208232   0.0839259
0.231505   545.456   545.688 0.231505   0.0838518
0   540.763   540.763 -nan   0.0838652
0.0388301   574.315   574.354 0.23298   0.0886882
0.31321   465.179   465.492 0.178977   0.068946
0   466.764   466.764 -nan   0.0694978
0   441.077   441.077 -nan   0.0647167
0   461.124   461.124 -nan   0.0677177
0   502.785   502.785 -nan   0.074168
0   481.578   481.578 -nan   0.0718237
0   482.541   482.541 -nan   0.0721315
0.112223   500.25   500.363 0.224446   0.0767549
0   516.85   516.85 -nan   0.0775609
0.439307   518.85   519.29 0.219653   0.078146
0.185794   548.13   548.316 0.222953   0.0835586
0   533.053   533.053 -nan   0.0805642
0.0952581   527.164   527.259 0.238145   0.0808186
0   523.455   523.455 -nan   0.0807272
0.295168   527.594   527.889 0.147584   0.0819016
0   414.648   414.648 -nan   0.0620211
0   422.719   422.719 -nan   0.0636696
0.503674   412.093   412.597 0.251837   0.0633762
0.243803   422.4   422.644 0.243803   0.0651224
0.871623   451.118   451.989 0.237715   0.0688589
0.39388   436.627   437.021 0.19694   0.0680396
0.70943   450.635   451.344 0.253368   0.0710579
0.617172   457.685   458.303 0.224426   0.072119
0.824302   464.773   465.597 0.206075   0.0728884
0.685687   468.536   469.222 0.228562   0.07425
0.621202   468.691   469.312 0.225892   0.0745373
0.552597   439.155   439.707 0.184199   0.0695261
0.442774   463.037   463.479 0.221387   0.0738436
0.772672   454.883   455.655 0.193168   0.0722518
0.589446   458.313   458.903 0.196482   0.0726818
0.933186   414.545   415.478 0.186637   0.0636997
0.869973   428.044   428.914 0.217493   0.0661719
0.626804   466.924   467.551 0.208935   0.0727455
0.503392   453.565   454.069 0.228814   0.0706356
0.436517   441.394   441.83 0.218259   0.0686968
0.391664   444.821   445.213 0.195832   0.0709489
0.376344   415.11   415.487 0.175627   0.0669471
0.395543   417.164   417.56 0.247215   0.0673562
0.23333   435.784   436.017 0.23333   0.0706386
0.462463   446.616   447.079 0.231232   0.0733149
0.185054   461.99   462.176 0.158617   0.0776803
0.366464   448.666   449.032 0.183232   0.0742922
0.392593   468.32   468.713 0.196296   0.0748534
0.267699   398.85   399.117 0.146018   0.0617319
0.26506   417.683   417.948 0.13253   0.0647345
0.315442   458.384   458.699 0.157721   0.0717166
0.64205   446.086   446.728 0.214017   0.0699853
0.464269   455.677   456.141 0.232135   0.0729503
0.571032   476.917   477.488 0.190344   0.0770513
0.339105   470.665   471.004 0.169553   0.0777028
0.0984526   466.804   466.902 0.0984526   0.0789387
0.350492   470.129   470.479 0.116831   0.0804395
0.0972522   487.736   487.833 0.0972522   0.0838935
0   475.873   475.873 -nan   0.0832907
0.529378   361.94   362.47 0.13931   0.0618574
0.921297   376.21   377.132 0.184259   0.0645006
0.432184   387.713   388.146 0.144061   0.0682955
0.338686   402.859   403.197 0.169343   0.0709883
0.133144   409.14   409.273 0.133144   0.0725426
0.124817   396.085   396.209 0.124817   0.0718032
0.116979   394.718   394.835 0.116979   0.0729473
0.166969   392.438   392.605 0.116879   0.0741389
0.457316   369.317   369.774 0.152439   0.0712362
0.35611   390.164   390.52 0.148379   0.0761949
0.42272   347.012   347.435 0.195101   0.0660639
0.24532   340.369   340.615 0.24532   0.0659298
0.458135   358.651   359.109 0.229067   0.0695098
0   326.188   326.188 -nan   0.0641597
0   320.753   320.753 -nan   0.0644115
0   327.26   327.26 -nan   0.064899
0.180918   330.525   330.706 0.155073   0.0670413
0   313.797   313.797 -nan   0.0650329
0.388118   308.447   308.835 0.194059   0.0654923
0.581919   305.044   305.626 0.193973   0.0667895
0.604448   262.52   263.124 0.201483   0.0563791
0.583671   278.372   278.956 0.194557   0.0604369
0.228663   285.589   285.818 0.190553   0.0639159
0.408217   312.608   313.016 0.204109   0.0694591
0.142651   322.739   322.882 0.142651   0.0728136
0.185675   293.877   294.063 0.185675   0.0679014
0.141095   294.887   295.028 0.141095   0.0693003
0   287.382   287.382 -nan   0.0689
0   277.885   277.885 -nan   0.0672737
0   281.746   281.746 -nan   0.0691911
0   258.73   258.73 -nan   0.0618934
0   249.112   249.112 -nan   0.0609921
0   244.445   244.445 -nan   0.0604165
0.0815629   248.242   248.323 0.0815629   0.0620294
0.172973   267.217   267.39 0.172973   0.0651696
0   253.311   253.311 -nan   0.0641749
0   257.67   257.67 -nan   0.0666552
0   262.177   262.177 -nan   0.0674786
0.23581   260.777   261.013 0.23581   0.0685593
0   260.264   260.264 -nan   0.0684034
0   263.061   263.061 -nan   0.0704753
0   237.254   237.254 -nan   0.0627923
0   241.879   241.879 -nan   0.0644634
0   257.993   257.993 -nan   0.0690499
0   264.188   264.188 -nan   0.0718438
0   262.322   262.322 -nan   0.0720387
0   268.759   268.759 -nan   0.0739332
0   261.422   261.422 -nan   0.0721911
0   252.577   252.577 -nan   0.0692788
0   249.305   249.305 -nan   0.0690148
0.215117   244.93   245.145 0.215117   0.0700768
0   226.16   226.16 -nan   0.0624166
0   230.416   230.416 -nan   0.0643225
0.242012   240.724   240.966 0.242012   0.0691656
0   227.828   227.828 -nan   0.065913
0.34072   228.966   229.306 0.17036   0.0674817
0.368202   221.854   222.222 0.184101   0.0660803
0.286745   219.003   219.289 0.163854   0.0653446
0.386589   206.505   206.892 0.193294   0.0648281
0.746074   204.905   205.651 0.172171   0.0654788
0.104286   205.753   205.857 0.104286   0.0653225
0.25298   184.135   184.388 0.189735   0.0572204
0   195.258   195.258 -nan   0.0608036
0   200.716   200.716 -nan   0.0642792
0   197.221   197.221 -nan   0.0629997
0   191.931   191.931 -nan   0.0623912
0   200.085   200.085 -nan   0.0639078
0.305242   194.39   194.695 0.162796   0.0643996
0.30926   193.925   194.234 0.15463   0.0649774
0.523075   196.399   196.922 0.174358   0.0660201
0   179.904   179.904 -nan   0.0579182
0.252615   178.747   179 0.252615   0.057983
0.250863   183.984   184.235 0.250863   0.0612086
0.409235   188.027   188.436 0.204618   0.0640309
0.364693   193.714   194.079 0.182347   0.0661552
0.682122   194.497   195.179 0.227374   0.0681012
0.244182   198.609   198.853 0.195346   0.0691615
0.429458   213.081   213.511 0.214729   0.0746247
0.18779   179.524   179.712 0.18779   0.0594254
0   181.628   181.628 -nan   0.0628797
0.08799   190.492   190.58 0.17598   0.0682461
0   192.345   192.345 -nan   0.0716536
0.154239   193.975   194.129 0.154239   0.0723518
0   194.108   194.108 -nan   0.076649
0.238587   193.195   193.433 0.238587   0.0785664
0.280863   188.465   188.746 0.249656   0.080399
0   158.315   158.315 -nan   0.063521
0.0313626   154.051   154.083 0.0627252   0.0659043
0   190.079   190.079 -nan   0.0825406
0.222539   178.73   178.952 0.259629   0.078999
0   182.239   182.239 -nan   0.084505
0   183.44   183.44 -nan   0.0859708
0   179.778   179.778 -nan   0.0844254
0   150.042   150.042 -nan   0.0661708
0   148.973   148.973 -nan   0.0695001
0   151.817   151.817 -nan   0.0713523
0.130174   157.445   157.575 0.130174   0.0754408
0   160.17   160.17 -nan   0.0798953
0   154.411   154.411 -nan   0.0779012
0   160.169   160.169 -nan   0.0819374
0   160.75   160.75 -nan   0.0820326
0   141.043   141.043 -nan   0.063913
0   148.732   148.732 -nan   0.0686033
0   159.195   159.195 -nan   0.0737576
0.252319   163.081   163.333 0.252319   0.0751168
0   162.3   162.3 -nan   0.0752482
0   171.776   171.776 -nan   0.0820457
0   167.647   167.647 -nan   0.0808423
0   174.393   174.393 -nan   0.0832595
0   165.08   165.08 -nan   0.0658895
0   178.558   178.558 -nan   0.0710376
0   195.875   195.875 -nan   0.0788069
0   197.104   197.104 -nan   0.0814369
0   198.958   198.958 -nan   0.0833505
0   208.719   208.719 -nan   0.0857221
0.0445409   199.564   199.609 0.178163   0.0852612
0   210.342   210.342 -nan   0.0863474
0   187.186   187.186 -nan   0.0639035
0.0672578   221.194   221.261 0.0941609   0.0749918
0   227.892   227.892 -nan   0.0805224
0   231.001   231.001 -nan   0.0845354
0   242.259   242.259 -nan   0.0874054
0   244.055   244.055 -nan   0.0892085
0   236.433   236.433 -nan   0.0870841
0   220.19   220.19 -nan   0.0712788
0   241.699   241.699 -nan   0.07665
0   261.596   261.596 -nan   0.080987
0.116238   265.449   265.565 0.116238   0.082157
0   255.691   255.691 -nan   0.0817983
0.0234838   270.562   270.586 0.211355   0.0866755
0   268.035   268.035 -nan   0.0852584
0   301.894   301.894 -nan   0.0963595
0   259.454   259.454 -nan   0.0813218
0   254.36   254.36 -nan   0.0816114
0   223.472   223.472 -nan   0.0644123
0   245   245 -nan   0.0689024
0   258.924   258.924 -nan   0.0752186
0   259.877   259.877 -nan   0.0803257
0   271.809   271.809 -nan   0.0847317
0   285.169   285.169 -nan   0.0876947
0   269.698   269.698 -nan   0.0817151
0   261.187   261.187 -nan   0.0821239
0   260.753   260.753 -nan   0.0819
0.18918   190.566   190.755 0.18918   0.0544086
0.235875   226.636   226.872 0.235875   0.0647013
0   265.335   265.335 -nan   0.0734472
0.172697   282.61   282.783 0.172697   0.0780045
0   273.198   273.198 -nan   0.0751267
0   284.25   284.25 -nan   0.0766533
0   286.948   286.948 -nan   0.078487
0   304.489   304.489 -nan   0.0814764
0   313.907   313.907 -nan   0.0823298
0   323.854   323.854 -nan   0.0850987
0   245.176   245.176 -nan   0.0596013
0   267.001   267.001 -nan   0.0643169
0   252.923   252.923 -nan   0.0604031
0   259.357   259.357 -nan   0.0626919
0   289.053   289.053 -nan   0.0692476
0   298.104   298.104 -nan   0.0716287
0   316.607   316.607 -nan   0.0750297
0   373.125   373.125 -nan   0.091369
0   263.49   263.49 -nan   0.0628614
0   280.11   280.11 -nan   0.0682696
0   296.936   296.936 -nan   0.0722471
0   264.618   264.618 -nan   0.0666544
0   277.639   277.639 -nan   0.0690472
0   294.512   294.512 -nan   0.072074
0   301.045   301.045 -nan   0.0743583
0   300.497   300.497 -nan   0.0753661
0   293.149   293.149 -nan   0.0743241
0   316.235   316.235 -nan   0.0797541
0   311.141   311.141 -nan   0.0790301
0.156928   243.022   243.179 0.156928   0.0572018
0.169863   255.557   255.727 0.169863   0.0616305
0.160434   239.475   239.635 0.160434   0.0598188
0.15619   251.315   251.471 0.15619   0.0614702
0.156171   239.454   239.61 0.156171   0.0604988
0   245.592   245.592 -nan   0.0636386
0.176386   244.648   244.824 0.176386   0.0638339
0   228.583   228.583 -nan   0.0604237
0.133576   239.602   239.736 0.133576   0.0636799
0   229.003   229.003 -nan   0.0616137
0   232.412   232.412 -nan   0.0631667
0.146948   223.489   223.636 0.146948   0.0623691
0   205.823   205.823 -nan   0.0530608
0   219.609   219.609 -nan   0.0570561
0   232.638   232.638 -nan   0.0606184
0   249.282   249.282 -nan   0.0645057
0.0967325   249.395   249.492 0.0967325   0.0638263
0   254.978   254.978 -nan   0.0653915
0   267.681   267.681 -nan   0.0686961
0   271.335   271.335 -nan   0.0693374
0   264.55   264.55 -nan   0.0696002
0   273.336   273.336 -nan   0.0711776
0   238.502   238.502 -nan   0.0581358
0   242.356   242.356 -nan   0.0575155
0   280   280 -nan   0.0675676
0   255.733   255.733 -nan   0.0614892
0   255.185   255.185 -nan   0.0622402
0   281.44   281.44 -nan   0.0680346
0   289.498   289.498 -nan   0.0695307
0   248.585   248.585 -nan   0.0571014
0   254.076   254.076 -nan   0.0580083
0   258.294   258.294 -nan   0.059109
0   301.423   301.423 -nan   0.0684845
0   303.057   303.057 -nan   0.0693573
0   283.333   283.333 -nan   0.0653766
0   250.571   250.571 -nan   0.0557369
0   255.267   255.267 -nan   0.0578129
0   253.478   253.478 -nan   0.0586999
0   262.475   262.475 -nan   0.0602477
0   256.512   256.512 -nan   0.0603251
0   280.167   280.167 -nan   0.0658222
0   241.68   241.68 -nan   0.0546712
0   265.598   265.598 -nan   0.0587009
0   278.287   278.287 -nan   0.062029
0   295.23   295.23 -nan   0.0662723
0   304.036   304.036 -nan   0.0683418
0   307.136   307.136 -nan   0.0696888
0   250.362   250.362 -nan   0.0544383
0   265.283   265.283 -nan   0.0587668
0   287.729   287.729 -nan   0.0645247
0   325.597   325.597 -nan   0.0728569
0   309.965   309.965 -nan   0.070833
0   278.667   278.667 -nan   0.0641854
0   281.12   281.12 -nan   0.0639636
0.162786   266.012   266.175 0.162786   0.0607194
0   270.132   270.132 -nan   0.0607415
0   276.166   276.166 -nan   0.0611176
0   276.116   276.116 -nan   0.0613558
0   271.952   271.952 -nan   0.0606305
0   283.674   283.674 -nan   0.0641555
0   284.851   284.851 -nan   0.0645335
0.253629   270.955   271.209 0.253629   0.061611
0.140055   275.788   275.928 0.140055   0.0615027
0   238.96   238.96 -nan   0.0543585
0.261728   322.169   322.431 0.203566   0.0732226
0.0330834   348.461   348.494 0.1985   0.0795633
0.197502   231.363   231.56 0.197502   0.0543467
0.174488   216.855   217.03 0.174488   0.0494787
0.1849   218.308   218.493 0.1849   0.0504176
0.194486   223.212   223.406 0.194486   0.0517923
0.192341   228.186   228.378 0.192341   0.0522703
0.201058   236.836   237.037 0.201058   0.0530547
0.191482   214.762   214.954 0.191482   0.048512
0   280.323   280.323 -nan   0.0629373
0.180449   299.221   299.401 0.180449   0.0673288
0.144165   234.76   234.904 0.144165   0.0535462
0.347849   238.413   238.76 0.173924   0.0534657
0.174181   253.441   253.615 0.174181   0.0559521
0.161765   237.677   237.839 0.161765   0.0512455
0.425152   249.39   249.815 0.212576   0.0533056
0.164967   255.38   255.545 0.164967   0.0551546
0.163754   259.954   260.118 0.163754   0.0574579
0.321949   255.075   255.397 0.160975   0.0572879
0.433113   253.055   253.488 0.216556   0.0555433
0.386672   264.374   264.76 0.210912   0.0599011
0.177875   260.328   260.506 0.177875   0.0588205
0.194374   261.575   261.769 0.194374   0.0618819
0   262.822   262.822 -nan   0.0574203
0   266.777   266.777 -nan   0.0602071
0.19491   291.946   292.141 0.19491   0.0649723
0   279.93   279.93 -nan   0.0635454
0   253.639   253.639 -nan   0.0560182
0   285.161   285.161 -nan   0.0624943
0   285.983   285.983 -nan   0.0638126
0   283.313   283.313 -nan   0.0644099
0   309.902   309.902 -nan   0.0695626
0   318.621   318.621 -nan   0.0717066
0   314.375   314.375 -nan   0.0719197
0   309.809   309.809 -nan   0.0711347
0   313.103   313.103 -nan   0.0721483
0   302.078   302.078 -nan   0.0702699
0.143009   261.205   261.348 0.143009   0.0606353
0   254.904   254.904 -nan   0.0604181
0   254.663   254.663 -nan   0.0619532
0   261.393   261.393 -nan   0.0633864
0   258.511   258.511 -nan   0.0617781
0.171583   269.734   269.906 0.171583   0.0643081
0   280.778   280.778 -nan   0.0669395
0.21462   279.248   279.462 0.21462   0.0663801
0   246.199   246.199 -nan   0.0577707
0.388292   244.938   245.327 0.194146   0.058045
0   242.681   242.681 -nan   0.0571822
0.135944   252.468   252.604 0.135944   0.0618975
0.183034   250.734   250.917 0.183034   0.0613319
0.0784178   256.787   256.865 0.156836   0.062934
0   227.168   227.168 -nan   0.0548875
0   219.718   219.718 -nan   0.0547899
0   223.384   223.384 -nan   0.0559943
0   265.803   265.803 -nan   0.0674598
0   269.931   269.931 -nan   0.0677284
0.221822   228.707   228.928 0.221822   0.0553072
0   221.368   221.368 -nan   0.05545
0   227.743   227.743 -nan   0.0561802
0   227.575   227.575 -nan   0.0564057
0.0725716   275.591   275.663 0.0635001   0.0664074
0   269.253   269.253 -nan   0.0641298
0   232.318   232.318 -nan   0.0539697
0.0563024   233.938   233.994 0.0563024   0.0533837
0   242.726   242.726 -nan   0.056717
0   245.928   245.928 -nan   0.059403
0   230.946   230.946 -nan   0.0540383
0.0745728   235.245   235.319 0.0745728   0.0555111
0.123235   238.599   238.722 0.123235   0.0559402
0.39368   242.711   243.104 0.1406   0.0570493
0.0903409   256.01   256.1 0.135511   0.0604176
0.201262   250.425   250.626 0.0928903   0.0602586
0.212969   268.597   268.81 0.106484   0.0633305
0.128034   269.965   270.093 0.160042   0.065446
0.11227   263.061   263.173 0.11227   0.0651275
0.287911   258.778   259.066 0.179944   0.0638675
0   283.458   283.458 -nan   0.0698319
0.19084   231.142   231.333 0.111323   0.058403
0.491944   214.773   215.265 0.163981   0.0568979
0.191388   223.807   223.999 0.229666   0.0612891
0.0855971   212.986   213.072 0.0427985   0.0614045
0.57183   209.028   209.6 0.198897   0.0600158
0.107006   212.478   212.585 0.0624203   0.0611448
0.0815004   205.82   205.901 0.163001   0.0598139
0   220.393   220.393 -nan   0.0621032
0.168893   196.184   196.353 0.168893   0.0551886
0.383193   209.937   210.321 0.191597   0.0578499
0.334107   212.527   212.861 0.116211   0.0581172
0.820213   217.09   217.91 0.164043   0.0593872
0.308578   199.248   199.557 0.154289   0.0550688
0.246751   209.116   209.363 0.148051   0.0576396
0.586145   201.856   202.443 0.205151   0.0573689
0.192779   196.08   196.273 0.224908   0.0568561
0.241809   213.874   214.115 0.120904   0.0627963
0.114535   206.277   206.391 0.0572675   0.0623493
0.218732   198.749   198.968 0.119308   0.0617073
0.161233   201.237   201.398 0.161233   0.0629483
0.135846   208.527   208.663 0.135846   0.0632956
0.0658828   196.707   196.773 0.0658828   0.0600436
0.401557   200.03   200.432 0.187393   0.0601414
0.321498   195.689   196.011 0.160749   0.0590701
0.0376069   196.442   196.48 0.0376069   0.0589091
0.410366   193.701   194.111 0.102592   0.0567671
0.178659   203.785   203.964 0.153136   0.0591826
0.165099   220.221   220.386 0.165099   0.0633396
0.255696   214.237   214.493 0.255696   0.059243
0.46555   196.309   196.775 0.232775   0.0555095
0.265356   195.141   195.407 0.265356   0.0556842
0.063039   196.432   196.496 0.063039   0.055896
0.328035   204.163   204.491 0.164017   0.0561752
0.611016   201.664   202.275 0.215653   0.055847
0.0876666   202.228   202.315 0.0876666   0.0560265
0.417931   199.687   200.104 0.208966   0.0561864
0.159012   189.06   189.219 0.159012   0.0532188
0.0580341   195.796   195.854 0.0580341   0.0542973
0.0513763   196.944   196.995 0.0513763   0.0546399
0.213496   202.504   202.717 0.106748   0.055197
0.375004   205.762   206.137 0.125001   0.056293
0.180759   192.698   192.878 0.180759   0.0534796
0.146167   207.413   207.559 0.146167   0.0567414
0.205399   204.032   204.238 0.205399   0.0573447
0   210.506   210.506 -nan   0.0579296
0.0669877   201.156   201.223 0.0558231   0.0542258
0.216199   202.075   202.292 0.108099   0.0539847
0.496829   216.774   217.271 0.16561   0.056043
0   224.186   224.186 -nan   0.0564962
0   233.159   233.159 -nan   0.0548308
0   235.588   235.588 -nan   0.0558399
0.0371372   248.206   248.243 0.222823   0.057433
0.190221   251.996   252.186 0.114133   0.058738
0.655585   235.963   236.618 0.22803   0.0559137
0.247947   235.306   235.554 0.206622   0.0566594
0.259434   255.624   255.883 0.119739   0.0605959
0.186785   256.773   256.96 0.160101   0.0612847
0.217538   254.099   254.317 0.217538   0.0602488
0.0631821   258.934   258.998 0.0631821   0.0603549
0.0798333   273.02   273.1 0.0798333   0.0628904
0   288.026   288.026 -nan   0.0640229
0   270.25   270.25 -nan   0.0611841
0.229538   243.785   244.015 0.229538   0.0570681
0   241.61   241.61 -nan   0.0567906
0   236.887   236.887 -nan   0.0585688
0   237.749   237.749 -nan   0.0580925
0.0549824   224.237   224.292 0.0458187   0.0546999
0.107069   228.696   228.803 0.107069   0.0555843
0.0594377   244.081   244.14 0.0742971   0.0582615
0.0913015   245.006   245.098 0.114127   0.0579815
0.215374   233.082   233.298 0.134609   0.0548816
0   253.985   253.985 -nan   0.0587711
0   251.558   251.558 -nan   0.0573469
0.117185   258.314   258.431 0.117185   0.0579465
0   246.324   246.324 -nan   0.0562105
0   352.678   352.678 -nan   0.0825558
0.0526259   343.51   343.562 0.184191   0.0781009
0   241.837   241.837 -nan   0.0555714
0   238.784   238.784 -nan   0.0530961
0.379819   247.576   247.956 0.118693   0.0548172
0.106607   282.326   282.433 0.159911   0.0611647
0.358995   287.346   287.705 0.195816   0.0635863
0   268.215   268.215 -nan   0.0590587
0   259.278   259.278 -nan   0.0574844
0.127062   252.902   253.029 0.127062   0.0568934
0   256.849   256.849 -nan   0.0591736
0.271709   261.691   261.963 0.15095   0.059589
0   253.053   253.053 -nan   0.0565204
0   256.742   256.742 -nan   0.0576198
0.168321   244.08   244.248 0.168321   0.0563499
0.0391748   268.791   268.83 0.0587622   0.0606295
0   251.934   251.934 -nan   0.0584533
0.0721134   227.542   227.614 0.120189   0.0526377
0.163943   264.232   264.396 0.163943   0.0609743
0.259182   245.713   245.973 0.161989   0.0562608
0   233.993   233.993 -nan   0.0537275
0   252.102   252.102 -nan   0.0584865
0.381134   255.503   255.884 0.127045   0.0585103
0.18036   391.814   391.994 0.128828   0.0903589
0.252101   407.971   408.223 0.168067   0.0950737
0.164948   274.98   275.145 0.164948   0.0652281
0   292.652   292.652 -nan   0.0696695
0.305596   234.219   234.524 0.166689   0.0562147
0.191283   224.16   224.351 0.191283   0.0535426
0.160767   223.807   223.968 0.160767   0.055114
0.0993964   229.88   229.979 0.0993964   0.0557995
0.154681   224.026   224.181 0.0773405   0.0546638
0.332585   218.778   219.111 0.166292   0.0539017
0.128567   208.381   208.509 0.128567   0.0520583
0.117503   205.163   205.281 0.117503   0.0504976
0.0721562   198.078   198.15 0.0721562   0.0493124
0.200131   190.085   190.286 0.100066   0.0481046
0.127829   203.977   204.105 0.127829   0.051605
0.249386   203.296   203.546 0.124693   0.0528558
0.367625   207.646   208.014 0.200523   0.0536807
0.222567   213.087   213.31 0.222567   0.0549618
0   220.87   220.87 -nan   0.0546592
0   209.443   209.443 -nan   0.051559
0.11904   259.603   259.722 0.102035   0.0626328
0.0976708   271.075   271.173 0.085462   0.0651758
0.127014   291.829   291.956 0.127014   0.0704816
0.236641   287.961   288.198 0.236641   0.0705303
0.396048   257.693   258.089 0.220026   0.0661124
0.409795   297.766   298.176 0.179285   0.0772702
0.273621   257.995   258.269 0.212817   0.0709781
0.121602   213.218   213.34 0.121602   0.0586974
0.441295   224.933   225.375 0.165486   0.0620363
0.20553   223.802   224.007 0.149476   0.0608756
0.27587   222.8   223.076 0.137935   0.0617516
0.257034   201.054   201.311 0.140201   0.055179
0.2137   204.23   204.444 0.178084   0.0560518
0.118022   188.525   188.643 0.118022   0.0524433
0.229595   187.818   188.048 0.153063   0.052716
0.152923   179.977   180.13 0.152923   0.0525695
0.168774   185.3   185.468 0.168774   0.0536412
0.361911   177.347   177.709 0.120637   0.052485
0.457213   178.156   178.613 0.203206   0.0519253
0   174.036   174.036 -nan   0.0515381
0.139961   181.341   181.481 0.139961   0.0534525
0.129647   180.557   180.687 0.129647   0.0533268
0.1915   193.188   193.38 0.1915   0.0574453
0.246176   187.371   187.618 0.246176   0.0558151
0   186.479   186.479 -nan   0.0551923
0.326302   193.758   194.084 0.233073   0.0574812
0.109076   199.535   199.644 0.109076   0.0593429
0   190.734   190.734 -nan   0.0574715
0.245053   192.366   192.611 0.122527   0.0592321
0.212114   185.595   185.807 0.106057   0.056731
0.297807   181.338   181.635 0.124086   0.055731
0.164054   177.53   177.694 0.164054   0.0539155
0.247448   177.348   177.596 0.247448   0.0540325
0.0516687   182.392   182.444 0.0516687   0.0548548
0.334872   182.131   182.466 0.167436   0.0551357
0.152863   179.591   179.744 0.152863   0.0548328
0.161898   179.867   180.029 0.0809492   0.0546045
0.142933   184.811   184.954 0.142933   0.0554738
0.14315   180.826   180.969 0.14315   0.0547848
0   177.589   177.589 -nan   0.0536362
0.0377819   173.304   173.342 0.0377819   0.052893
0.0391649   179.259   179.298 0.195824   0.0541697
0   176.909   176.909 -nan   0.0536143
0   174.255   174.255 -nan   0.0537162
0.14933   176.472   176.621 0.14933   0.0536757
0.134702   176.903   177.037 0.134702   0.0533723
0   179.297   179.297 -nan   0.0539889
0.335502   180.456   180.792 0.167751   0.0543542
0   182.148   182.148 -nan   0.054627
0.174442   179.613   179.788 0.174442   0.0541166
0   177.461   177.461 -nan   0.0541865
0   174.434   174.434 -nan   0.0528748
0.122316   174.396   174.519 0.122316   0.0530187
0.0551653   181.618   181.673 0.0551653   0.0546767
0.0581406   175.057   175.115 0.0581406   0.0527598
0.225815   180.401   180.627 0.225815   0.0539758
0.145352   180.519   180.664 0.145352   0.0541556
0.229321   177.658   177.888 0.229321   0.0533188
0   182.07   182.07 -nan   0.0544305
0   178.718   178.718 -nan   0.0534604
0   178.111   178.111 -nan   0.0536924
0   176.005   176.005 -nan   0.0530455
0   182.066   182.066 -nan   0.0542456
