327         327
332         8
314         6
327         7
322         6
328         6
329         5
363         6
326         6
344         4
326         5
304         4
319         4
309         4
324         6
324         6
325         4
320         2
327         0
330         1
348         1
328         3
332         1
326         1
325         1
316         0
321         3
312         5
336         1
322         2
324         0
326         1
306         3
309         6
323         5
332         3
304         1
331         2
329         2
318         2
317         3
303         2
306         3
293         2
313         3
302         1
314         2
304         4
304         3
292         4
287         0
279         0
291         3
291         3
300         1
309         1
293         1
294         0
292         0
294         0
301         0
301         0
314         0
293         1
306         0
283         0
287         0
303         0
293         1
290         0
297         1
298         2
281         2
311         2
299         1
302         3
292         1
290         0
294         0
284         2
295         1
294         1
300         2
297         1
298         0
299         0
293         1
297         0
278         0
288         0
287         0
288         0
289         0
299         0
291         0
294         2
277         0
282         0
280         0
283         0
275         2
291         0
292         0
284         2
278         1
268         3
278         2
280         2
267         2
285         4
279         3
270         2
274         3
274         2
287         4
288         3
285         5
272         4
268         3
282         2
285         2
285         2
286         2
263         1
277         1
275         2
282         1
267         2
270         2
261         1
270         2
288         2
261         3
270         2
265         3
269         2
278         1
281         3
291         1
277         0
277         3
272         5
270         3
253         2
252         1
242         1
239         1
244         1
245         3
223         2
222         2
223         1
233         2
230         0
218         0
217         0
221         1
216         0
216         2
210         3
204         3
209         3
209         1
201         2
200         1
195         1
200         1
182         0
177         0
185         0
191         0
178         0
175         0
181         1
175         1
175         0
176         0
186         0
187         1
187         0
168         0
171         0
170         0
177         0
171         0
170         0
167         0
170         0
161         0
174         0
163         1
163         0
165         0
154         1
173         0
163         2
150         2
163         1
164         2
156         4
164         1
155         1
164         0
166         0
154         0
161         0
162         0
158         1
163         2
168         3
158         0
161         1
159         1
159         2
155         2
149         3
158         1
156         2
143         1
149         0
146         0
138         0
133         1
131         0
135         1
130         1
132         0
123         0
109         0
116         0
110         0
109         0
113         0
112         0
112         0
102         0
109         1
115         0
114         0
112         0
108         0
115         0
117         0
117         0
108         1
104         0
96         0
101         0
101         0
110         0
124         0
117         0
123         0
115         0
127         0
134         0
142         0
132         0
145         0
156         0
151         0
159         0
162         0
166         0
177         0
189         0
197         0
214         1
216         0
217         0
222         0
217         0
214         0
219         0
233         0
221         0
226         0
216         0
205         0
221         0
216         0
227         0
229         0
215         1
232         1
235         0
228         1
236         0
223         0
223         0
226         0
236         0
232         0
223         0
229         0
217         0
223         0
224         0
220         0
230         0
229         0
237         0
230         0
228         0
224         0
227         0
235         0
213         0
215         0
214         0
217         0
220         0
224         1
227         1
230         1
223         1
222         1
217         0
217         1
209         0
220         1
209         0
204         0
199         1
214         0
208         0
215         0
218         0
227         1
220         0
240         0
256         0
234         0
238         0
246         0
260         0
255         0
243         0
244         0
263         0
260         0
263         0
295         0
273         0
274         0
267         0
282         0
284         0
282         0
282         0
272         0
270         0
285         0
284         0
280         0
257         0
254         0
262         0
253         0
262         0
255         0
264         0
253         0
269         0
267         0
269         0
270         1
264         0
277         0
261         0
255         0
264         0
252         0
242         1
252         1
256         0
256         1
254         0
249         1
250         1
254         1
266         1
268         1
258         1
243         1
249         0
250         1
252         1
273         2
272         1
258         1
256         2
253         1
260         1
268         2
255         2
265         1
239         1
242         1
242         0
249         0
271         1
259         0
263         0
263         0
254         0
258         0
259         0
261         0
261         0
246         0
256         0
259         0
252         1
250         0
237         0
244         0
257         0
247         1
239         0
250         1
241         0
241         2
241         0
236         1
249         1
242         0
245         0
234         0
240         0
252         0
239         0
250         1
227         0
224         0
247         0
238         1
238         0
263         0
241         1
242         0
232         0
243         0
230         1
231         1
230         2
234         0
236         2
232         2
232         0
228         1
233         1
237         0
218         1
214         3
210         0
196         2
185         2
203         1
196         0
175         0
199         1
195         2
193         2
203         5
206         2
189         1
201         2
179         0
181         2
184         2
187         1
178         1
182         1
175         1
179         2
176         2
172         1
179         4
194         1
187         1
206         1
202         2
184         1
185         1
186         2
188         2
190         1
189         2
221         1
206         1
211         1
190         2
209         3
202         1
204         1
185         1
213         0
201         1
212         2
225         3
224         0
246         0
236         0
228         0
239         1
230         2
235         1
232         2
246         1
242         1
254         1
251         1
247         0
263         0
235         1
241         0
227         0
239         0
238         1
244         1
249         0
240         0
244         1
248         0
233         0
227         1
251         0
243         0
246         0
256         0
245         0
244         3
252         0
268         1
250         0
249         0
250         1
257         0
257         1
251         0
268         0
262         1
256         0
250         0
256         0
251         1
246         1
264         0
255         0
267         3
250         1
266         1
256         1
240         0
248         1
244         1
236         1
237         1
230         2
229         2
236         1
240         1
231         1
239         2
232         1
222         2
217         1
226         1
236         0
234         0
248         1
239         1
230         1
234         1
217         1
210         2
199         1
198         1
199         2
197         1
195         2
193         1
204         1
197         1
192         1
187         1
180         1
189         3
182         2
195         0
197         1
188         1
195         1
190         1
179         0
192         1
190         1
180         0
186         2
184         2
188         2
179         1
182         1
183         1
185         2
179         1
191         2
184         1
182         1
179         0
187         1
197         0
185         0
191         0
188         1
187         1
177         0
172         2
181         0
185         1
181         0
183         0
185         1
187         1
185         1
184         1
181         1
176         1
179         0
184         0
183         0
179         0
183         0
