9620       9620
9198       6318
9099       6221
9188       6192
9217       6194
9306       6281
9323       6295
9272       6261
9243       6275
9189       6065
9101       5943
9082       5974
9301       6024
9506       5716
9509       5701
9403       5657
9370       5732
9284       5227
9378       5767
9504       5804
9644       5636
9524       5571
9558       5645
9513       5814
9543       5885
9535       5944
9427       5924
9562       5974
9671       6074
9711       6094
9753       6006
9707       5905
9624       5771
9627       5426
9549       5548
9375       6861
9421       6790
9441       6805
9435       6750
9397       6659
9250       6532
9102       6289
9003       6252
8943       6187
9013       6336
8986       6267
8897       6204
8942       6295
8823       6081
8732       5972
8748       5907
8695       5924
8675       6743
8614       6663
8786       6722
8749       6659
8710       6632
8755       6631
8723       6596
8708       6588
8651       6568
8532       6463
8579       6415
8568       6406
8602       6426
8701       6473
8658       6385
8537       6219
8516       6212
8571       6811
8555       6767
8616       6790
8623       6761
8644       6756
8509       6693
8487       6645
8572       6718
8457       6511
8539       6587
8420       6499
8526       6603
8478       6551
8473       6451
8497       6505
8500       6448
8510       6475
8427       6747
8454       6716
8488       6815
8512       6809
8503       6779
8475       6705
8438       6689
8319       6517
8467       6663
8455       6639
8385       6559
8418       6616
8361       6522
8340       6484
8305       6441
8252       6685
8261       6639
8127       6502
8114       6486
8224       6551
8066       6417
8030       6341
8020       6346
8088       6376
8003       6310
7997       6288
7991       6316
8052       6270
8054       6295
8082       6305
8082       6507
8107       6468
8065       6418
8073       6421
8031       6425
7847       6269
7812       6200
7842       6193
7832       6169
7800       6091
7708       5947
7830       6039
8110       6256
8114       6461
8099       6452
8114       6391
8056       6374
7953       6246
7869       6189
7757       6057
7634       5913
7496       5844
7430       5813
7407       5713
7295       5851
7210       5832
7163       5677
7196       5675
7085       5640
6989       5516
6900       5411
6747       5293
6632       5184
6596       5120
6546       5252
6436       5162
6433       5159
6324       5084
6197       4979
6289       5042
6193       4930
6045       4825
5930       4709
5742       4567
5763       4656
5685       4606
5591       4468
5585       4500
5538       4432
5419       4328
5341       4255
5257       4171
5202       4130
5153       4072
5221       4180
5115       4084
5087       4046
5020       4002
5093       4100
4939       3947
4892       3865
4936       3885
4862       3803
4875       3804
4815       3732
4817       3778
4786       3752
4770       3736
4746       3677
4700       3641
4743       3635
4672       3621
4699       3645
4670       3612
4600       3495
4632       3623
4573       3582
4518       3480
4411       3456
4412       3393
4414       3357
4331       3351
4165       3185
4148       3129
4147       3149
4144       3218
4117       3211
4083       3122
4059       3130
4021       3076
4071       3130
3974       3018
3930       2984
3943       2974
3962       3106
3929       3082
3865       3005
3816       2936
3802       2928
3743       2856
3776       2871
3783       2855
3804       3021
3648       2888
3594       2791
3522       2684
3517       2681
3387       2532
3346       2459
3222       2344
3176       2492
3047       2337
3022       2302
3026       2262
2970       2156
2969       2133
2987       2129
2932       2267
2826       2143
2839       2127
2863       2087
2823       2004
2841       1982
2809       1954
2911       1959
2926       2206
2934       2168
3021       2158
3133       2171
3122       2156
3156       2093
3197       2073
3254       2094
3345       2505
3467       2513
3455       2485
3517       2420
3539       2387
3557       2434
3579       2340
3753       2436
3895       2929
4000       2949
3907       2830
3890       2732
4022       2771
4121       2735
4111       2715
4043       3089
4135       3153
4256       3230
4253       3231
4227       3125
4243       3121
4271       3143
4332       3133
4331       3190
4252       3116
4253       3469
4331       3555
4312       3442
4091       3235
4105       3207
4163       3251
4204       3300
4085       3180
4094       3183
4167       3502
4236       3502
4365       3612
4413       3623
4427       3636
4541       3708
4504       3656
4628       3737
4766       3812
4804       3805
4850       4113
4892       4151
4957       4187
4886       4137
4985       4174
5012       4161
5079       4219
5014       4083
5036       4191
4994       4103
5036       4110
4924       3970
5045       4021
5112       4086
5152       4048
5097       3987
5077       3944
5142       3965
5131       3937
5121       4248
5042       4146
4912       4003
4884       4088
4751       3958
4701       3859
4646       3832
4674       3783
4634       3762
4615       3716
4583       3679
4546       3583
4617       3879
4594       3849
4579       3837
4621       3864
4698       3907
4683       3899
4722       3896
4777       3913
4750       3801
4841       3840
4820       4102
4914       4213
4879       4144
4935       4159
4924       4100
4954       4136
4976       4163
5003       4353
5111       4380
5132       4369
5163       4401
5131       4369
5156       4333
5190       4495
5159       4415
5076       4318
5140       4356
5090       4252
5095       4256
5142       4420
5261       4524
5295       4486
5307       4454
5313       4448
5345       4407
5350       4599
5295       4514
5290       4459
5316       4469
5183       4376
5163       4341
5195       4395
5191       4381
5250       4447
5292       4518
5346       4500
5324       4485
5234       4421
5191       4414
5153       4397
5247       4484
5136       4396
5191       4399
5198       4379
4990       4257
5075       4382
5040       4330
5020       4309
5036       4365
5163       4464
5096       4427
5213       4454
5229       4444
5146       4384
5293       4459
5368       4529
5398       4638
5447       4678
5420       4630
5325       4524
5243       4452
5272       4556
5160       4413
5188       4425
5059       4227
5290       4577
5152       4431
5294       4493
5191       4405
5261       4527
5290       4563
5231       4481
5203       4398
5295       4455
5281       4443
5232       4371
5218       4355
5212       4339
5198       4298
5076       4307
4982       4219
4891       4110
4973       4123
4984       4184
5080       4194
5094       4194
5079       4206
5070       4261
5061       4219
5051       4244
4946       4078
4959       4088
5005       4080
4945       4138
4873       4010
4836       3989
4835       3940
4913       3985
4952       4135
4804       3992
4884       4053
4870       4034
5018       4150
5044       4198
5144       4304
5248       4382
5144       4279
5074       4140
5053       4273
5045       4237
5123       4265
5089       4254
5055       4237
4993       4155
5071       4241
4963       4125
4876       4039
4902       4051
4895       4059
4740       3957
4562       3774
4426       3651
4268       3468
4226       3482
4220       3475
4138       3441
4259       3548
4229       3554
4293       3629
4326       3656
4337       3655
4262       3618
4242       3628
4107       3518
4039       3448
4012       3405
3960       3308
3904       3220
3859       3196
3981       3294
3919       3276
4004       3326
4009       3312
4009       3334
4022       3412
4048       3443
4072       3476
4217       3616
4142       3536
4089       3504
4140       3514
4266       3634
4257       3611
4261       3609
4211       3554
4169       3552
4277       3606
4240       3604
4345       3668
4345       3655
4321       3603
4391       3655
4367       3558
4409       3633
4486       3709
4576       3743
4679       3868
4815       3968
5036       4252
5062       4219
5176       4321
5159       4290
5084       4220
4944       4153
5013       4218
4981       4189
5015       4217
5127       4290
5192       4341
5338       4498
5288       4417
5085       4271
4994       4254
4850       4044
4918       4092
4907       4099
4950       4114
5052       4189
5083       4225
5045       4247
5121       4321
5194       4386
5257       4457
5161       4382
5103       4272
5193       4398
5109       4351
5243       4497
5262       4516
5392       4615
5308       4519
5322       4541
5249       4510
5218       4445
5164       4340
5213       4391
5230       4477
5179       4455
5089       4331
5161       4433
5074       4310
5027       4322
5063       4333
5065       4367
5114       4355
5066       4310
5101       4366
5259       4336
5255       4291
5095       4215
5071       4200
4986       4166
4999       4186
4892       4060
4931       4119
4917       4098
4874       4058
4824       4002
4840       4062
4840       4016
4701       3951
4735       3952
4596       3846
4655       3868
4716       3877
4829       4040
4834       4062
4929       4144
4962       4159
4971       4140
4906       4082
4710       3897
4694       3853
4436       3634
4400       3632
4442       3625
4494       3676
4422       3608
4413       3643
4439       3643
4403       3594
4353       3562
4256       3423
4246       3454
4228       3379
4199       3431
4164       3376
4133       3392
4158       3385
4107       3363
4096       3357
4091       3378
4073       3370
4071       3362
4030       3318
4023       3247
4047       3271
4021       3253
4005       3292
4016       3282
4055       3325
4059       3303
4008       3275
4031       3294
4044       3331
4043       3300
4035       3311
4004       3276
4017       3309
4021       3299
3991       3244
4018       3287
4032       3314
4042       3321
4047       3320
4055       3334
4057       3319
4008       3275
4031       3299
4012       3289
4040       3321
4019       3318
4054       3342
4022       3333
4039       3332
4037       3345
4043       3343
4039       3317
4021       3318
4037       3356
