0
76
32
24
43
42
18
17
25
46
45
35
54
62
41
35
38
56
82
65
57
90
25
90
26
34
39
40
48
62
45
33
33
50
61
31
49
43
36
45
39
25
28
34
35
29
38
27
32
25
45
25
26
26
31
28
81
40
60
24
86
34
35
28
30
47
28
25
45
31
20
19
26
14
33
27
40
34
27
28
41
26
39
28
18
52
27
33
26
28
28
20
29
27
38
14
48
27
32
25
36
46
35
27
27
28
25
31
37
56
55
34
30
60
30
25
31
25
38
50
33
40
54
31
44
34
63
53
36
96
37
48
59
43
33
27
30
40
23
34
31
21
27
28
29
29
49
50
39
38
40
36
47
29
27
27
32
31
17
23
38
30
23
27
31
19
30
30
19
29
19
19
26
18
35
26
28
35
36
25
32
24
28
30
24
28
32
22
27
18
33
27
26
27
26
25
24
17
26
26
22
26
51
27
48
16
20
32
28
28
26
18
28
30
46
22
48
34
24
15
14
30
13
32
21
22
109
17
22
25
36
14
19
20
24
18
15
17
25
28
34
17
13
46
98
139
23
33
27
39
27
19
105
25
20
30
14
20
34
31
25
29
34
25
25
26
37
23
42
30
45
29
54
34
26
23
34
33
35
22
61
62
101
42
23
32
24
24
19
36
38
29
45
29
34
26
22
26
22
26
42
22
35
46
29
39
20
40
29
31
48
36
21
22
21
30
23
71
32
40
29
17
31
38
25
21
24
24
22
26
30
26
20
26
28
33
55
33
64
33
69
31
52
30
44
31
32
24
24
34
30
40
36
58
28
36
36
23
28
31
38
34
41
45
30
25
21
27
33
28
32
40
32
29
35
29
36
39
27
29
27
27
27
27
20
34
33
28
32
24
18
24
28
29
27
38
34
23
30
35
36
32
24
33
38
36
33
27
24
24
27
50
34
29
37
41
31
39
28
30
27
36
34
33
32
32
29
32
41
23
37
39
30
25
32
23
34
31
33
27
63
21
34
23
26
32
29
30
26
25
28
23
32
31
29
38
37
38
47
26
55
27
32
40
25
31
26
28
36
30
26
30
33
25
100
32
24
29
25
27
25
24
23
36
23
22
34
32
26
19
19
27
19
29
22
23
31
35
23
26
25
39
42
30
39
38
48
33
35
37
34
34
32
46
29
30
33
27
25
24
35
26
35
33
27
27
28
29
43
48
34
34
34
39
33
39
27
29
36
31
29
28
33
40
32
24
27
30
131
45
37
51
57
35
40
37
37
33
44
32
36
29
37
31
45
35
20
36
28
43
28
63
37
37
26
23
29
29
33
35
54
40
37
36
27
50
34
49
25
19
25
28
58
25
20
39
29
28
20
30
19
23
18
18
20
20
18
17
21
16
24
26
22
15
17
20
14
19
16
23
19
24
14
16
19
13
28
20
22
20
15
33
19
23
