61.157   1.33108   62.4881 0.104168   0.0853256
62.2354   1.12857   63.364 0.110236   0.0806119
63.507   1.01126   64.5182 0.111559   0.0806854
61.9651   1.12566   63.0908 0.107324   0.0829726
65.491   1.12222   66.6133 0.111134   0.0815173
64.4161   1.16668   65.5828 0.111492   0.068763
68.3057   1.18928   69.4949 0.113559   0.0720775
63.8117   1.10569   64.9174 0.108875   0.075388
62.1855   1.69288   63.8784 0.108945   0.0897286
64.7166   1.45154   66.1682 0.115545   0.0783202
67.1359   1.13447   68.2704 0.118573   0.0663433
69.8009   1.29243   71.0933 0.121056   0.113704
69.6968   1.72113   71.4179 0.123803   0.135522
71.2084   1.58185   72.7902 0.125728   0.115463
67.0352   1.8476   68.8828 0.124254   0.100962
72.292   1.17991   73.4719 0.123858   0.102304
70.819   1.00986   71.8288 0.120735   0.0827751
74.5559   0.640048   75.1959 0.124274   0.05872
73.8502   0.849059   74.6993 0.123104   0.0727765
75.5526   0.957448   76.5101 0.126646   0.0830158
74.6759   0.811526   75.4874 0.127079   0.0891787
74.4942   0.711219   75.2055 0.125053   0.0892744
73.1642   0.885135   74.0493 0.126037   0.108384
73.6588   1.11893   74.7777 0.125548   0.0987289
70.6669   1.45932   72.1262 0.12503   0.115514
70.0433   1.38812   71.4315 0.123258   0.126962
72.2631   1.84636   74.1094 0.124506   0.115639
72.0524   1.06331   73.1157 0.121971   0.0966647
76.121   1.78675   77.9078 0.124993   0.141059
70.9136   1.27985   72.1934 0.120937   0.11706
69.372   1.32861   70.7006 0.124012   0.144939
69.983   0.807759   70.7908 0.119086   0.130988
68.2945   1.03167   69.3261 0.123984   0.104209
70.1768   1.25663   71.4334 0.128364   0.125663
61.1801   1.48831   62.6684 0.101679   0.0932138
56.5919   1.26645   57.8584 0.0968653   0.0784992
56.1013   1.8119   57.9132 0.104265   0.0945338
61.6607   2.10474   63.7655 0.107554   0.120731
69.3112   2.84801   72.1592 0.117669   0.132466
68.2985   1.66496   69.9635 0.116108   0.096613
65.7625   2.08447   67.8469 0.114019   0.107262
65.6219   1.92549   67.5474 0.112811   0.103707
68.5624   2.2041   70.7665 0.110727   0.107343
70.8086   1.56367   72.3723 0.113536   0.104477
72.4458   2.20756   74.6534 0.117952   0.126387
68.8464   2.12445   70.9708 0.115605   0.0923675
69.2069   1.59825   70.8052 0.115428   0.0940148
69.1996   1.38057   70.5802 0.119564   0.115048
70.0807   0.819799   70.9005 0.119946   0.0914274
66.2603   1.11924   67.3795 0.116267   0.122544
68.8907   1.97319   70.8639 0.122597   0.181741
55.0362   1.19897   56.2351 0.0944151   0.0866722
64.715   1.48039   66.1954 0.100515   0.0929115
65.4288   1.77933   67.2081 0.107861   0.108496
65.2087   1.34187   66.5506 0.105887   0.0956202
63.1379   1.2376   64.3755 0.10462   0.088611
64.1619   1.74374   65.9057 0.107109   0.0892701
66.5958   2.02817   68.6239 0.107993   0.107881
68.5774   2.64433   71.2217 0.110218   0.113816
65.7297   1.26896   66.9986 0.11241   0.0816927
71.886   1.8911   73.7771 0.112211   0.103907
70.8034   1.3571   72.1605 0.113461   0.0807797
70.1529   1.26675   71.4196 0.115415   0.0764636
69.5168   2.9216   72.4384 0.114105   0.136736
65.0464   3.17453   68.2209 0.111982   0.118012
69.4706   3.11191   72.5825 0.115005   0.115972
64.5363   3.3831   67.9194 0.111661   0.127986
70.8313   2.37976   73.211 0.115624   0.121416
56.3732   2.0448   58.418 0.0931737   0.115526
57.2172   1.6178   58.835 0.0912215   0.0804873
54.9098   1.4577   56.3675 0.0926331   0.0721635
60.4568   1.21183   61.6686 0.0979428   0.0849416
58.8534   1.70759   60.561 0.100944   0.0877189
61.3791   1.50494   62.8841 0.103673   0.107496
63.8223   1.49162   65.3139 0.104965   0.105044
61.0369   1.53456   62.5714 0.101621   0.0880243
61.6174   1.75701   63.3745 0.105493   0.101722
57.1752   1.54527   58.7205 0.105431   0.10657
63.6149   1.77647   65.3914 0.10841   0.093993
66.8504   1.33273   68.1831 0.113582   0.0984777
65.4703   1.56836   67.0386 0.113677   0.100967
64.7177   1.99343   66.7111 0.112011   0.126344
65.9187   1.85352   67.7722 0.111771   0.113946
65.0993   1.97721   67.0765 0.109068   0.0977202
66.161   1.87104   68.032 0.115009   0.0892387
53.2535   2.16468   55.4182 0.0873868   0.0941166
57.0846   1.72852   58.8131 0.0948879   0.0951481
58.2021   1.14077   59.3429 0.0962974   0.0884321
56.9977   1.61648   58.6141 0.0956069   0.0932582
59.1252   2.42053   61.5457 0.0979976   0.121431
63.2425   2.46896   65.7115 0.10166   0.124486
68.8424   2.7928   71.6352 0.107181   0.124679
65.9482   1.95844   67.9066 0.102659   0.127724
65.8154   1.38042   67.1958 0.10387   0.0993107
67.4925   1.90858   69.401 0.104262   0.103916
68.8639   2.47869   71.3425 0.109557   0.127112
69.7632   2.15147   71.9146 0.108648   0.136746
72.7292   2.04854   74.7777 0.114999   0.116615
79.5621   1.99508   81.5572 0.114478   0.141831
74.303   2.53877   76.8417 0.115966   0.140006
66.2854   1.40123   67.6866 0.09308   0.0852678
63.371   1.17838   64.5494 0.0944755   0.0690455
68.7136   1.73406   70.4476 0.0973602   0.104883
67.441   1.96461   69.4057 0.0993387   0.102323
73.4207   1.62888   75.0495 0.101205   0.0908299
69.2383   1.84735   71.0856 0.097831   0.0970588
69.8896   1.08169   70.9712 0.0969931   0.0816367
69.1414   1.89148   71.0329 0.0986982   0.0971653
72.9911   0.86794   73.859 0.103158   0.0859346
72.099   1.18816   73.2872 0.101515   0.10453
72.6913   1.26763   73.9589 0.105883   0.0911106
74.0165   1.43106   75.4476 0.105547   0.0862083
68.301   2.59298   70.894 0.103885   0.149022
71.6933   1.37409   73.0673 0.106375   0.0900059
74.7205   1.52769   76.2482 0.105547   0.0848717
55.3896   2.30573   57.6953 0.083326   0.098817
59.826   1.46858   61.2946 0.0893325   0.0793828
61.5457   1.76084   63.3066 0.0903401   0.111681
61.2002   2.07115   63.2713 0.0903901   0.0989404
65.1414   1.13494   66.2764 0.0947007   0.0905538
62.1989   1.10677   63.3056 0.0930889   0.0902262
62.916   1.16493   64.0809 0.0925599   0.0836071
64.2335   1.14997   65.3835 0.0942589   0.0814141
65.8432   1.22601   67.0692 0.0952256   0.110341
64.6739   1.40968   66.0836 0.0939754   0.107336
62.6568   1.27309   63.9299 0.0919125   0.11898
63.5462   1.53604   65.0822 0.0931307   0.13964
59.1047   0.86409   59.9688 0.0903788   0.072208
59.3987   1.44555   60.8442 0.0848108   0.0829185
60.0157   1.40608   61.4218 0.0856674   0.0985573
55.4344   1.49224   56.9267 0.0887093   0.115677
58.4125   1.14361   59.5562 0.0916419   0.10688
61.2032   1.23776   62.441 0.0968968   0.0977178
61.7386   1.92135   63.66 0.0949533   0.120839
66.628   1.22055   67.8486 0.104821   0.080653
65.424   1.20404   66.6281 0.106346   0.0840027
70.9882   0.968686   71.9569 0.105033   0.0837481
69.2615   0.991511   70.253 0.107862   0.0808297
55.1311   1.47423   56.6054 0.0845353   0.114281
63.4963   1.76369   65.26 0.0922598   0.134633
66.2852   1.61562   67.9009 0.100646   0.12622
60.174   1.37979   61.5538 0.0992261   0.127366
65.6116   1.5416   67.1532 0.102146   0.152132
66.1965   1.47558   67.672 0.10296   0.12062
63.5427   0.962907   64.5056 0.102181   0.0862305
69.9509   1.03107   70.982 0.107816   0.0931688
65.6675   1.01207   66.6796 0.103221   0.100834
66.7394   0.992406   67.7318 0.108214   0.109056
49.6695   0.534996   50.2045 0.085583   0.103548
54.6551   1.01397   55.6691 0.093369   0.109816
54.9419   1.69828   56.6402 0.0919171   0.135142
55.9521   1.08777   57.0399 0.0978126   0.0985893
55.7506   1.07322   56.8239 0.0968285   0.109886
60.1919   1.01026   61.2021 0.102443   0.112251
62.4429   0.48366   62.9266 0.10552   0.045917
65.252   0.484113   65.7361 0.104174   0.056129
67.1021   0.701952   67.804 0.101767   0.0782846
66.6469   0.491093   67.138 0.103758   0.0624271
48.0959   0.919852   49.0158 0.0791051   0.093386
54.8672   1.01675   55.8839 0.0838947   0.0918751
57.4617   0.888166   58.3499 0.090306   0.0986851
55.8103   0.700096   56.5104 0.0906284   0.0867091
56.0617   0.894588   56.9563 0.0935228   0.0901264
56.7314   1.46522   58.1966 0.0964   0.123387
51.7484   0.734448   52.4829 0.0935664   0.0669709
56.3096   1.17906   57.4887 0.0954238   0.103125
57.005   0.790645   57.7956 0.0967388   0.0679638
60.7946   1.10902   61.9037 0.0995274   0.115123
48.7794   0.73823   49.5177 0.0835407   0.0926649
49.9407   0.923386   50.864 0.0869138   0.0800624
54.012   1.612   55.624 0.0901527   0.116118
53.2087   1.6365   54.8452 0.0914738   0.157908
55.5598   1.86527   57.4251 0.0931378   0.123801
51.1147   0.953702   52.0684 0.0876953   0.0756906
54.7098   0.748408   55.4582 0.0938364   0.0799012
50.0572   0.724735   50.782 0.0903723   0.0679439
55.1471   1.25067   56.3978 0.0918915   0.0969513
54.654   0.604298   55.2583 0.0927548   0.0826934
51.6149   0.844727   52.4596 0.0904097   0.116783
47.1948   0.788403   47.9832 0.0805115   0.110653
45.1454   0.423768   45.5692 0.0807562   0.0882851
46.9257   0.392945   47.3186 0.0836863   0.120289
46.3623   0.441577   46.8039 0.0846199   0.0709677
49.1318   0.851166   49.9829 0.0867541   0.100137
49.613   0.504754   50.1178 0.0884158   0.0679041
47.6187   0.557202   48.1759 0.0868004   0.0811459
50.2755   0.390807   50.6663 0.0874863   0.0633741
52.2117   0.574032   52.7858 0.0917283   0.113296
52.8068   0.651522   53.4583 0.0918964   0.149203
39.347   0.401014   39.748 0.0776416   0.0859316
41.5726   0.65854   42.2311 0.0797633   0.0826619
43.6053   0.856105   44.4614 0.0811363   0.144287
42.8758   0.515937   43.3918 0.0855862   0.0869557
48.784   0.272347   49.0563 0.0953658   0.0951053
49.3693   0.00811722   49.3774 0.0885124   0.0608791
50.2749   0.22647   50.5013 0.0948105   0.0722778
51.4909   0.192227   51.6831 0.0936426   0.0694797
49.6683   0.121392   49.7897 0.0916107   0.0791686
51.3892   0.077373   51.4666 0.093001   0.077373
41.6111   0.130882   41.742 0.0746969   0.0665503
44.3351   0.453168   44.7882 0.0800092   0.219718
44.3618   0.439404   44.8012 0.0823767   0.180931
45.4808   0.352419   45.8332 0.0872561   0.0881047
49.9813   0.533885   50.5152 0.0912012   0.131283
48.8145   0.48138   49.2959 0.0872727   0.0962759
47.7492   0.631191   48.3804 0.092669   0.105198
49.2384   1.01213   50.2505 0.0960999   0.12343
50.665   0.425019   51.09 0.0978844   0.107148
39.3412   0.0955809   39.4368 0.0812499   0.0318603
44.4588   0.61098   45.0698 0.0873053   0.123016
46.4767   0.082183   46.5589 0.0930278   0.0456572
46.4285   0.428659   46.8571 0.0954598   0.158762
53.1989   0.352985   53.5519 0.102813   0.176492
52.2162   0.582852   52.799 0.104106   0.149449
49.2529   0.351541   49.6045 0.106149   0.0878853
51.3129   0.552844   51.8657 0.107207   0.121951
42.9918   0.285239   43.2771 0.0894964   0.067115
47.9127   0.230775   48.1435 0.097344   0.0545139
47.6023   0.257019   47.8593 0.101324   0.0642546
53.8283   0.193812   54.0221 0.114027   0.063894
55.2782   0.799204   56.0775 0.111621   0.176295
58.0176   0.763302   58.7809 0.112101   0.199913
55.6264   0.695192   56.3216 0.111962   0.173798
59.0741   0.145787   59.2199 0.111671   0.128636
40.7498   0.596741   41.3466 0.0869856   0.179022
42.5276   0.539156   43.0667 0.0911566   0.177744
47.443   0.24492   47.6879 0.102391   0.0830238
49.8141   0.179016   49.9931 0.108669   0.0895079
51.3258   0.0927246   51.4186 0.10868   0.053495
53.241   0.12542   53.3664 0.11344   0.0418067
52.0794   0.0581987   52.1376 0.113768   0.0513518
40.3876   0.314758   40.7023 0.0884916   0.103766
45.7827   0.500986   46.2836 0.0980147   0.159889
46.6913   0.24421   46.9355 0.102988   0.0725376
52.9223   0.114733   53.037 0.111096   0.0983423
54.027   0.388319   54.4154 0.116908   0.110948
61.3396   0.240155   61.5797 0.120313   0.079172
58.2965   0.132038   58.4285 0.121857   0.0600171
59.4329   0.0832527   59.5161 0.122981   0.0609166
39.2186   0.108585   39.3272 0.0841299   0.0678658
41.562   0.0093916   41.5714 0.0921483   0.046958
48.9554   0.215673   49.1711 0.10301   0.0821611
48.4645   0.218108   48.6826 0.111895   0.174486
49.2117   0.319768   49.5315 0.111004   0.106589
57.6582   0.134571   57.7928 0.124138   0.0696059
56.4863   0.087013   56.5733 0.122238   0.0466141
58.246   0.0258884   58.2719 0.124095   0.0235349
41.5512   0.152455   41.7037 0.0894921   0.0775196
41.3982   0.0568695   41.4551 0.09527   0.0568695
54.8023   0.0787028   54.881 0.110303   0.076164
53.9133   0.123581   54.0368 0.112554   0.115857
60.9505   0   60.9505 0.119363   -nan
59.9142   0.266796   60.181 0.118933   0.135659
60.6099   0.177247   60.7871 0.122411   0.177247
59.8401   0.0941081   59.9342 0.120662   0.0941081
40.4499   0.0124589   40.4624 0.0856446   0.186884
45.524   0.0500432   45.574 0.0923479   0.0464687
50.412   0.482923   50.895 0.101013   0.143442
50.7631   0.0462818   50.8094 0.102608   0.0267948
53.919   0.130336   54.0494 0.115176   0.0434455
52.0862   0.190216   52.2764 0.114517   0.103754
56.2335   0.221043   56.4545 0.120397   0.0643814
42.7497   0.505965   43.2557 0.0895031   0.122411
51.4746   0.311759   51.7864 0.100451   0.10392
50.8756   0.48747   51.3631 0.102945   0.129417
55.5779   0.664293   56.2422 0.112605   0.134654
57.134   0.546905   57.6809 0.113361   0.109381
54.7717   0.471736   55.2434 0.111586   0.122651
57.3194   0.388682   57.7081 0.116245   0.112513
53.8732   0.433884   54.3071 0.109632   0.0971383
51.231   0.639915   51.8709 0.109694   0.11033
47.974   0.145161   48.1191 0.0897941   0.136089
50.6894   0.686155   51.3756 0.0975359   0.185447
52.5749   0.265619   52.8405 0.100834   0.12957
54.5229   0.298931   54.8218 0.106818   0.139501
49.642   0.0525645   49.6945 0.105869   0.0438037
49.6252   0.118791   49.744 0.110009   0.0593953
56.8722   0.630174   57.5024 0.12377   0.161583
54.3093   0.50732   54.8166 0.116084   0.0999267
46.2453   0.771646   47.0169 0.0850201   0.154329
47.1281   1.37539   48.5035 0.0889322   0.153961
53.387   0.820953   54.208 0.0939747   0.123143
57.703   1.16889   58.8719 0.104157   0.134135
62.8748   0.805114   63.6799 0.109729   0.128086
69.7594   0.543916   70.3033 0.122171   0.108783
65.906   0.201169   66.1072 0.113781   0.0321014
69.8241   0.702556   70.5267 0.117593   0.101984
68.5967   0.484836   69.0816 0.120373   0.096325
71.0681   0.458568   71.5267 0.120982   0.057321
44.5066   0.73333   45.24 0.0823293   0.106451
47.0021   0.394893   47.397 0.0926698   0.075941
47.5563   0.355784   47.9121 0.094202   0.0746399
51.4175   0.456872   51.8744 0.100327   0.134374
55.1215   0.632644   55.7541 0.105427   0.124536
58.2127   0.956023   59.1687 0.10612   0.134441
56.0203   0.601827   56.6222 0.108267   0.0810151
54.4951   0.762185   55.2573 0.107098   0.0973002
56.778   0.627267   57.4052 0.108355   0.0980105
44.943   0.593663   45.5367 0.0847022   0.13291
46.4035   0.222896   46.6264 0.0853248   0.10732
44.5161   0.459112   44.9752 0.0866241   0.0918224
51.3121   0.477227   51.7893 0.0955334   0.0998846
54.667   0.740136   55.4072 0.096269   0.115132
51.2768   0.253933   51.5307 0.0953765   0.126966
54.8268   0.220755   55.0475 0.101861   0.0981135
59.5038   0.636839   60.1406 0.107262   0.115789
59.6914   0.423786   60.1152 0.105146   0.096315
57.4713   0.168334   57.6396 0.106089   0.0805074
60.8919   0.450605   61.3425 0.105984   0.0802448
45.7432   0.589612   46.3328 0.0792273   0.062503
56.4919   0.403528   56.8954 0.0893953   0.0450031
60.4651   0.500689   60.9658 0.0944653   0.0565996
65.7345   0.513759   66.2483 0.0990724   0.0647595
61.8168   0.3337   62.1505 0.0976466   0.0476714
60.402   0.267774   60.6697 0.0980949   0.0510047
57.4432   0.274736   57.7179 0.094422   0.0460451
63.2014   0.26557   63.4669 0.100971   0.0632309
59.9736   0.264955   60.2385 0.0999116   0.0584459
60.9906   0.604953   61.5955 0.101621   0.0797225
62.8959   0.461095   63.357 0.100025   0.0661859
61.8555   0.36517   62.2206 0.0997401   0.0605255
45.1269   0.286359   45.4132 0.07443   0.0482627
48.492   0.431526   48.9235 0.0804446   0.0696009
50.7297   0.267008   50.9967 0.0840115   0.0507315
57.1287   0.459844   57.5886 0.0918257   0.0631159
58.7356   0.995872   59.7315 0.0973303   0.105198
64.8386   0.548751   65.3874 0.0977418   0.0592177
69.783   0.471506   70.2545 0.108443   0.0690009
65.1302   0.704306   65.8345 0.103898   0.0704306
63.7749   0.797749   64.5726 0.102526   0.0848669
62.5454   0.331481   62.8769 0.103833   0.0815116
61.7265   0.450991   62.1775 0.104338   0.0850926
54.9894   0.463492   55.4529 0.0844163   0.0494636
60.3316   0.434533   60.7662 0.0912917   0.0846493
62.0121   0.960823   62.9729 0.0977253   0.0993955
67.1981   0.472101   67.6702 0.0989128   0.064086
67.4721   0.601646   68.0737 0.102854   0.0835619
67.5876   0.399226   67.9868 0.105413   0.0669093
66.7459   0.501014   67.2469 0.103229   0.0751522
52.7179   0.601612   53.3196 0.0798973   0.150403
58.9903   0.229631   59.2199 0.088111   0.0782835
55.1784   0.608313   55.7867 0.0878637   0.0940691
58.4784   0.743086   59.2215 0.0924219   0.109816
62.7904   0.702361   63.4927 0.0939272   0.0682851
63.9034   0.6089   64.5123 0.0947091   0.0754835
56.5192   0.426697   56.9459 0.0824336   0.0509997
65.332   0.959916   66.2919 0.0876429   0.119989
69.7259   0.412896   70.1388 0.0918539   0.0585865
66.9123   0.678205   67.5905 0.0927748   0.0756362
68.3134   0.59191   68.9053 0.0933201   0.0580304
70.9817   0.319609   71.3013 0.097244   0.0526828
55.4141   0.276857   55.6909 0.0788027   0.0539333
60.9131   0.536395   61.4495 0.0871709   0.0595995
61.5247   1.04304   62.5677 0.0882496   0.100939
59.5551   0.687141   60.2423 0.0870477   0.098163
68.1744   0.305865   68.4802 0.0921192   0.0607679
64.4177   0.321469   64.7391 0.0909126   0.078407
51.4247   0.344818   51.7695 0.078717   0.0502859
58.0273   0.187171   58.2145 0.0827036   0.0871313
62.5278   0.278888   62.8067 0.0902668   0.128718
72.2499   0.379913   72.6298 0.0995178   0.166212
68.7096   0.385079   69.0946 0.0969288   0.113259
66.0181   0.660936   66.679 0.0953513   0.108946
66.0331   0.559253   66.5924 0.0933418   0.116511
64.1606   0.914088   65.0747 0.0902823   0.150674
65.6402   1.2666   66.9068 0.0916762   0.160329
63.184   0.195191   63.3792 0.0915268   0.117115
63.0173   0.714077   63.7314 0.088882   0.182318
57.7546   0.240197   57.9948 0.0842996   0.0772062
58.5785   0.122625   58.7011 0.0833067   0.0518133
60.3823   0.286679   60.669 0.0874472   0.0573358
59.3595   0.328308   59.6878 0.0865119   0.0473846
54.2717   0.701639   54.9734 0.089165   0.0668228
50.0481   0.739241   50.7874 0.0764444   0.0812353
55.5974   0.771679   56.3691 0.0868853   0.0927968
50.8874   0.383689   51.2711 0.0794868   0.0673139
49.3717   0.480219   49.8519 0.0765884   0.0895323
46.4049   0.362557   46.7675 0.0715536   0.0697225
47.986   0.632289   48.6183 0.0733096   0.0767962
51.1296   0.45007   51.5796 0.076591   0.0900139
52.6201   1.30401   53.9241 0.0813042   0.0973145
53.0768   0.762433   53.8392 0.080711   0.0702953
43.7881   0.541175   44.3293 0.0713626   0.0668117
57.201   0.639148   57.8402 0.087698   0.0639148
57.9977   0.796551   58.7942 0.0902828   0.103448
60.4941   0.788392   61.2824 0.0879049   0.113582
56.9602   0.430564   57.3908 0.086708   0.0543642
58.7702   0.944103   59.7143 0.0871617   0.111071
50.3837   0.782169   51.1659 0.0755944   0.0766833
54.1798   0.292049   54.4718 0.0834905   0.0481399
59.1686   0.797385   59.966 0.0914664   0.0775834
55.9381   0.760999   56.6991 0.0872442   0.0773897
53.7057   0.595066   54.3008 0.0861635   0.0454249
49.5565   0.464403   50.0209 0.0777696   0.0819534
57.0303   0.0526974   57.083 0.0867074   0.0464977
52.0046   0.255519   52.2601 0.081996   0.085173
55.0546   0.263239   55.3179 0.0884006   0.0635405
44.2737   0.395473   44.6692 0.0739209   0.099699
49.5969   0.53748   50.1344 0.0795587   0.0624976
55.7544   0.934178   56.6886 0.089527   0.0789446
53.6981   0.477854   54.176 0.0916246   0.0602337
46.4419   0.231654   46.6736 0.077975   0.0965226
51.2611   0.214211   51.4753 0.0836915   0.103651
54.0045   0.367797   54.3723 0.0880125   0.0619883
55.3135   1.03487   56.3484 0.0924117   0.13118
55.8315   0.694647   56.5261 0.0959963   0.119767
62.2943   0.682155   62.9765 0.0994323   0.113693
58.8821   0.600815   59.4829 0.0972455   0.148146
58.9452   0.487927   59.4332 0.101203   0.129157
57.1807   1.01511   58.1958 0.101787   0.16825
56.3021   1.29045   57.5926 0.100474   0.14634
47.8748   0.323022   48.1979 0.0855712   0.0974194
46.4735   0.210132   46.6836 0.085381   0.0505874
49.0369   0.596824   49.6338 0.0875868   0.119365
47.3494   0.69719   48.0466 0.0881357   0.119518
55.2877   0.199491   55.4872 0.0959357   0.0981105
57.4653   0.276182   57.7414 0.0997661   0.0930949
57.3494   0.728991   58.0784 0.102455   0.0932044
56.3765   0.241282   56.6178 0.102627   0.0658042
46.0777   0.109886   46.1876 0.0831728   0.045786
44.0777   0.229427   44.3072 0.0847866   0.0764758
49.0489   0.153658   49.2025 0.0871825   0.0743504
48.7955   0.382941   49.1784 0.0875875   0.108595
54.2329   0.0319727   54.2649 0.0971915   0.0319727
52.8349   0.00378234   52.8387 0.0960198   0.0302587
44.1433   0.222365   44.3656 0.0846467   0.127065
43.1819   0.346974   43.5289 0.0816396   0.0743515
43.5102   0.308447   43.8186 0.0849642   0.0804645
48.8468   0.132667   48.9794 0.0931834   0.0491358
49.7897   0.333338   50.123 0.0946829   0.0864209
38.9506   0.140737   39.0914 0.0734076   0.0323003
41.681   0.518653   42.1997 0.0764416   0.102366
44.3739   0.307218   44.6811 0.0795374   0.102406
48.6993   0.0877914   48.7871 0.0842305   0.0438957
54.425   0.166202   54.5912 0.0952319   0.0615563
47.8199   0.192927   48.0128 0.0815019   0.0512197
46.0858   0.0384561   46.1243 0.0812801   0.0333286
42.1794   0.204786   42.3842 0.0833379   0.0963698
43.1482   0.0456928   43.1939 0.0816581   0.0152309
44.5833   0.270444   44.8537 0.0836878   0.119313
40.1696   0.113283   40.2829 0.0753793   0.0585948
46.8086   0.253782   47.0623 0.0862036   0.0676752
49.0819   0.192153   49.274 0.0862902   0.0915014
49.0552   0.346928   49.4021 0.090258   0.0708016
46.5104   0.118514   46.6289 0.0857019   0.0455825
46.9969   0.0227065   47.0197 0.0884399   0.0212874
47.8638   0.144635   48.0084 0.091039   0.0525947
45.3328   0.493953   45.8267 0.0877862   0.246976
43.5055   0.0982308   43.6037 0.0897732   0.0304048
46.7163   0.122307   46.8386 0.0914809   0.0611533
48.9118   0.83708   49.7489 0.0951437   0.170254
40.7999   0.509698   41.3096 0.0780063   0.112433
46.3286   0.566682   46.8953 0.0878148   0.136785
40.6145   0.574773   41.1893 0.0799624   0.114042
37.9565   0.675973   38.6324 0.0840055   0.113928
30.1654   0.391209   30.5566 0.0714877   0.0575308
34.5566   0.492697   35.0493 0.0794222   0.0631663
37.0991   0.555768   37.6548 0.0831693   0.0706485
35.6391   0.226295   35.8654 0.0838003   0.0452589
34.4708   0.216757   34.6875 0.0812511   0.0619307
32.0131   0.193095   32.2062 0.0765802   0.0321825
35.0962   0.313613   35.4098 0.0835805   0.0522689
35.5807   0.240379   35.8211 0.0865185   0.0480758
37.6056   0.491749   38.0974 0.0842336   0.0983499
33.4894   0.307526   33.797 0.084833   0.0512543
38.2546   0.266388   38.521 0.0898417   0.0655053
35.1772   0.263364   35.4405 0.0903446   0.0526727
40.4564   0.217008   40.6734 0.103582   0.0446781
42.4054   0.161877   42.5673 0.103554   0.0373563
43.9204   0.198137   44.1185 0.105247   0.0643947
43.0523   0.225363   43.2777 0.101718   0.0474448
40.3382   0.238291   40.5765 0.0940284   0.0501665
34.996   0.234136   35.2302 0.0874354   0.0468271
34.8337   0.145137   34.9788 0.0837635   0.0376282
36.1461   0.260732   36.4069 0.0922174   0.0592572
38.4317   0.561409   38.9931 0.101314   0.060151
37.685   0.501555   38.1866 0.0954655   0.0802488
31.1969   0.512443   31.7093 0.0795433   0.062493
35.0995   0.648867   35.7484 0.085107   0.0707855
36.0153   0.515852   36.5311 0.0851425   0.0736931
38.2292   0.32599   38.5552 0.0911305   0.0592709
32.7921   0.169113   32.9612 0.0839746   0.0356027
32.4506   0.136188   32.5868 0.0822228   0.0249125
31.0691   0.254949   31.324 0.077479   0.0648177
33.6006   0.147172   33.7478 0.0788099   0.0372588
33.1873   0.651478   33.8388 0.0767395   0.0930682
39.8169   0.106711   39.9236 0.0849427   0.0284563
33.887   0.0251027   33.9121 0.0762248   0.0100411
37.1525   0.442307   37.5948 0.0837082   0.0829325
38.9976   0.523683   39.5213 0.0845476   0.0654603
32.2193   0.703301   32.9226 0.0768849   0.100472
34.9109   0.648355   35.5593 0.0810535   0.0744014
37.1556   0.534342   37.69 0.0831222   0.0742142
32.6844   0.46803   33.1525 0.0750332   0.093606
35.1627   0.437496   35.6002 0.0826969   0.0754304
41.5753   0.504607   42.0799 0.0894092   0.168202
38.3976   0.695581   39.0932 0.0834731   0.163666
32.0278   0.185325   32.2131 0.0691645   0.0463312
36.67   0.29031   36.9603 0.0741408   0.0588467
41.3644   0.333559   41.698 0.080205   0.0667117
43.4754   0.154219   43.6296 0.0803117   0.0514063
40.4522   0.124951   40.5772 0.0753441   0.0614513
45.9363   0.0951184   46.0314 0.0832611   0.0391664
44.1721   0.265233   44.4373 0.0790764   0.0449547
46.7301   0.100749   46.8308 0.0826057   0.032853
38.1998   0.241089   38.4408 0.0745458   0.0482177
46.5493   0.223035   46.7723 0.0834116   0.0557588
39.4328   0.184262   39.617 0.0774051   0.0717902
42.2708   0.806845   43.0776 0.0779376   0.115264
45.8863   0.200852   46.0872 0.0826551   0.0497349
50.5002   0.45426   50.9545 0.0896506   0.0920796
51.0822   0.493237   51.5754 0.0948161   0.0758826
46.4762   0.774718   47.2509 0.089983   0.0845147
45.4985   0.292361   45.7908 0.085347   0.0495527
43.2878   0.687539   43.9753 0.0837828   0.0909978
45.4084   0.405535   45.8139 0.0805786   0.0710731
46.8926   0.593255   47.4859 0.0875952   0.0808983
44.9318   0.440762   45.3726 0.0827531   0.0626346
40.4692   0.304017   40.7732 0.0762132   0.0500733
43.655   0.498042   44.1531 0.0775043   0.0622553
47.3003   0.403162   47.7034 0.0830193   0.0733022
46.4874   0.355226   46.8426 0.0811818   0.0588772
42.9531   0.574774   43.5279 0.0747811   0.0633226
40.2299   0.77955   41.0094 0.0748556   0.111897
46.0936   0.371461   46.465 0.0843741   0.0944392
41.0351   0.303492   41.3386 0.0748572   0.0606985
41.3343   0.57311   41.9074 0.0719734   0.0863985
37.4841   0.340858   37.8249 0.0724283   0.0659726
39.4532   0.491234   39.9444 0.0759885   0.0614042
40.7399   0.579415   41.3193 0.07134   0.0843808
39.1914   0.427283   39.6187 0.069835   0.0890172
37.1295   0.13711   37.2666 0.0692887   0.0334414
40.516   0.134886   40.6509 0.073143   0.125893
44.6483   0.361412   45.0098 0.0795162   0.0803137
43.8639   0.246442   44.1104 0.079644   0.063598
47.5247   0.298263   47.823 0.0805503   0.0483669
46.5907   0.762148   47.3528 0.0800343   0.0810796
48.6006   0.427992   49.0286 0.0845439   0.0788407
50.6644   0.923625   51.588 0.0868136   0.107398
42.5738   0.676425   43.2502 0.0724537   0.0939479
46.1223   0.56531   46.6876 0.073272   0.0592983
49.3512   0.650465   50.0017 0.0807183   0.0813081
40.8908   0.733692   41.6245 0.0719698   0.0924822
38.3505   0.979011   39.3295 0.0653108   0.112101
40.0106   0.910216   40.9208 0.0674715   0.103695
36.3632   0.659213   37.0225 0.0633164   0.109241
38.4317   0.874954   39.3067 0.0673847   0.108915
43.3492   0.652201   44.0014 0.0773402   0.0931716
49.3399   0.805955   50.1459 0.0820782   0.101591
52.0804   0.272844   52.3533 0.0871299   0.0568425
68.1258   0.443365   68.5691 0.102008   0.0748539
54.1452   0.485381   54.6306 0.0903424   0.0739158
41.0429   0.366625   41.4096 0.0713005   0.0555493
43.6576   0.215463   43.8731 0.0787759   0.0458431
39.1804   0.128221   39.3086 0.0718072   0.0409217
42.669   0.886465   43.5555 0.0787043   0.105174
42.9129   0.502869   43.4157 0.0766073   0.0647471
37.7111   0.317404   38.0285 0.0754977   0.0523193
38.9592   0.636656   39.5958 0.0735773   0.079582
34.4311   0.579726   35.0109 0.0642532   0.07799
31.6816   1.27281   32.9544 0.0643412   0.094282
31.3817   0.594245   31.9759 0.0629227   0.0655418
30.0965   0.846586   30.9431 0.0651205   0.077847
30.4765   0.815092   31.2916 0.0643643   0.05495
34.6864   0.586477   35.2729 0.0680369   0.0816614
39.253   0.451278   39.7043 0.0715816   0.0657202
41.4167   0.244877   41.6616 0.0779346   0.0408128
38.047   0.25527   38.3022 0.0766132   0.0620926
40.7691   0.529421   41.2985 0.0754584   0.090389
37.3723   0.204421   37.5767 0.0700643   0.0506828
41.5234   0.183147   41.7066 0.0770427   0.0439553
50.9674   0.710913   51.6783 0.0930742   0.124721
54.8564   0.222385   55.0788 0.096082   0.052532
50.8601   0.136432   50.9966 0.0977327   0.0310073
51.0805   0.230134   51.3107 0.097482   0.0750436
42.2043   0.913445   43.1177 0.0920286   0.097175
35.5979   0.938539   36.5364 0.0851827   0.0893847
36.4854   0.999971   37.4853 0.0903196   0.0789451
37.0317   0.947329   37.9791 0.0843356   0.0874458
38.3297   0.728876   39.0586 0.088932   0.118196
33.0561   0.416307   33.4724 0.078193   0.0666092
33.4252   0.847119   34.2723 0.078509   0.099661
32.3948   0.619122   33.0139 0.0803044   0.103187
30.4329   0.875816   31.3087 0.0767927   0.133373
30.1543   1.10628   31.2605 0.0777394   0.126835
30.0545   1.18633   31.2408 0.0772068   0.12083
30.9261   1.26539   32.1915 0.0793995   0.144616
32.5453   0.806813   33.3521 0.0835107   0.0941281
32.8021   0.815205   33.6173 0.0821421   0.0812497
31.0381   0.801404   31.8395 0.081554   0.0991427
33.1958   0.671   33.8668 0.0899209   0.0981951
33.2715   0.468658   33.7401 0.0866034   0.0706197
37.5977   0.441227   38.0389 0.0966877   0.0630324
30.6507   1.3923   32.043 0.0865838   0.1365
36.4092   1.39177   37.8009 0.0908283   0.170919
35.8023   1.14819   36.9505 0.0897977   0.127576
32.2689   1.62263   33.8915 0.088792   0.148937
35.4995   1.07342   36.5729 0.0900013   0.133069
31.8922   1.1848   33.077 0.0852732   0.1481
29.0105   1.11616   30.1267 0.0849089   0.157947
34.2315   1.1917   35.4232 0.089191   0.148963
30.6565   1.19634   31.8529 0.0861139   0.170906
30.9528   1.44708   32.3999 0.0846861   0.175403
31.1823   1.04454   32.2269 0.0810457   0.149221
31.3701   0.958076   32.3282 0.0811796   0.159679
30.7614   0.957744   31.7191 0.0825439   0.136821
31.8069   1.09016   32.8971 0.0810515   0.138748
33.9967   1.00829   35.005 0.0840018   0.128328
33.5117   0.97451   34.4862 0.0838991   0.158641
33.2805   1.01935   34.2999 0.0839004   0.122322
32.32   0.747249   33.0672 0.0827586   0.125237
31.7827   0.777904   32.5606 0.0811819   0.155581
30.0314   0.726818   30.7582 0.0802671   0.124091
31.2461   0.78012   32.0262 0.0826617   0.146273
33.4596   0.88946   34.349 0.0836072   0.148243
36.0189   0.791789   36.8107 0.0853124   0.152267
32.8721   0.790668   33.6628 0.0854931   0.158134
37.2517   0.841591   38.0933 0.0898497   0.161844
34.8796   0.712413   35.592 0.0878726   0.142483
33.1023   0.776671   33.879 0.0875955   0.155334
32.3747   0.779592   33.1543 0.0860326   0.155918
30.9249   0.764091   31.689 0.0816576   0.152818
30.7076   0.75424   31.4618 0.080562   0.150848
31.6117   0.909155   32.5209 0.0812222   0.151526
33.0844   0.773393   33.8578 0.08099   0.128899
32.5795   0.823443   33.403 0.0827312   0.13724
31.8693   0.778763   32.6481 0.0802041   0.129794
31.0479   0.82663   31.8745 0.082428   0.165326
33.7339   0.809722   34.5436 0.0840545   0.115675
31.0751   0.88298   31.958 0.0819202   0.12614
30.9339   0.747774   31.6816 0.0788626   0.124629
32.5838   0.792868   33.3767 0.0838564   0.123886
