1367         1367
1271         574
1290         587
1273         564
1299         569
1306         577
1329         589
1361         577
1352         601
1366         586
1311         570
1294         560
1309         566
1292         576
1296         562
1239         566
1267         539
1288         583
1328         586
1367         599
1398         599
1363         596
1344         587
1376         595
1323         580
1334         586
1305         565
1273         568
1302         580
1325         590
1385         609
1378         586
1317         559
1339         587
1310         550
1337         546
1303         601
1292         584
1216         538
1264         573
1263         589
1271         588
1255         576
1253         581
1295         619
1301         623
1280         614
1285         595
1259         599
1263         578
1242         584
1237         569
1228         561
1301         582
1330         643
1313         606
1297         615
1322         603
1325         599
1334         616
1338         622
1317         584
1369         640
1349         624
1352         607
1337         609
1321         580
1346         604
1318         577
1346         612
1351         605
1360         627
1317         592
1375         617
1327         583
1344         592
1310         608
1290         600
1270         584
1277         542
1324         586
1334         588
1304         575
1273         577
1326         589
1308         596
1317         575
1365         609
1325         601
1327         604
1349         596
1353         603
1352         622
1394         642
1417         642
1369         633
1396         647
1372         628
1395         642
1408         632
1424         695
1398         640
1455         712
1435         670
1419         705
1421         678
1457         725
1433         707
1455         720
1488         700
1490         707
1445         710
1445         686
1476         701
1441         657
1494         673
1510         707
1444         664
1427         669
1448         681
1471         677
1513         687
1463         668
1432         679
1498         681
1474         691
1492         688
1509         681
1496         682
1484         653
1514         700
1513         700
1448         624
1486         637
1459         631
1425         650
1440         635
1427         615
1488         675
1422         642
1405         652
1404         688
1376         658
1329         606
1329         642
1326         642
1319         621
1339         648
1332         636
1298         616
1289         580
1265         585
1319         597
1300         572
1262         575
1297         587
1277         591
1308         626
1343         659
1299         642
1319         608
1363         654
1335         636
1334         615
1312         599
1298         588
1312         553
1292         590
1270         589
1307         610
1331         583
1305         574
1329         599
1346         581
1336         596
1339         582
1305         583
1302         553
1367         600
1350         589
1320         570
1318         586
1247         559
1291         560
1230         547
1260         566
1243         561
1279         548
1249         574
1278         569
1275         574
1253         506
1263         521
1213         537
1242         500
1241         511
1270         557
1248         530
1306         549
1255         542
1279         552
1223         557
1249         554
1187         538
1202         521
1250         548
1233         559
1200         515
1177         512
1175         517
1144         484
1159         509
1128         499
1103         486
1147         517
1104         501
1080         464
1060         478
1060         480
1080         492
1042         469
1041         472
1013         495
1024         517
1025         496
1065         529
1052         468
1029         466
1026         463
1006         458
1027         472
1045         469
1029         457
1028         456
1028         467
1001         453
1039         476
1001         462
1031         509
1014         478
1024         483
1041         466
1008         451
1032         475
978         433
1008         443
989         464
986         462
990         469
984         464
993         434
1053         496
1044         479
1073         510
1080         503
1056         495
1052         495
1070         472
1095         492
1090         499
1074         494
1059         468
1030         454
1051         467
1081         477
1136         512
1149         494
1246         493
1199         504
1151         490
1131         493
1076         491
1074         467
1094         534
1104         519
1059         521
1086         510
1045         468
1007         451
1054         459
1040         467
1045         543
1078         529
1065         568
1065         554
1084         573
1078         571
1077         579
1120         593
1091         569
1111         587
1079         540
1051         507
1022         504
1028         512
1018         522
1068         548
1062         517
1040         508
1051         524
1032         530
1060         543
1067         513
1045         537
1070         567
1037         537
1068         538
1042         554
1120         567
1088         541
1149         574
1108         577
1163         631
1212         640
1198         663
1158         633
1143         615
1123         608
1166         625
1102         600
1147         600
1186         628
1154         620
1160         606
1174         602
1165         603
1199         622
1153         603
1226         663
1210         643
1218         626
1225         622
1170         602
1203         591
1217         651
1244         660
1202         634
1255         679
1263         656
1256         641
1283         646
1248         659
1286         669
1258         628
1250         632
1239         668
1298         674
1294         685
1377         745
1393         759
1323         721
1336         732
1373         729
1337         703
1284         698
1261         697
1268         684
1362         740
1289         708
1274         653
1266         701
1267         692
1276         726
1317         708
1280         692
1283         707
1289         710
1298         716
1293         690
1266         709
1264         685
1319         703
1313         690
1294         686
1198         608
1256         654
1254         639
1270         640
1229         644
1265         648
1275         654
1279         667
1267         647
1228         657
1240         613
1283         652
1251         642
1302         688
1314         656
1335         674
1270         666
1265         648
1259         646
1241         641
1265         623
1237         637
1258         657
1215         634
1206         622
1221         598
1224         623
1232         622
1249         586
1249         595
1237         612
1251         613
1207         598
1209         581
1231         626
1178         605
1172         582
1130         561
1153         560
1152         559
1121         544
1107         559
1108         537
1146         576
1138         576
1118         559
1134         549
1149         554
1167         519
1142         562
1138         557
1184         558
1155         550
1109         521
1141         528
1106         512
1137         524
1110         525
1139         530
1133         545
1185         557
1189         578
1175         571
1164         586
1196         567
1101         506
1138         528
1129         532
1119         532
1136         543
1113         568
1120         543
1122         542
1109         531
1122         525
1092         516
1035         484
1129         510
1078         514
1058         523
1046         527
1006         507
934         451
898         421
892         435
884         446
896         425
907         424
902         418
875         419
886         411
906         446
834         394
856         425
806         389
807         390
825         409
844         417
815         423
845         429
822         400
835         415
813         391
818         379
799         394
816         392
816         412
840         423
865         419
833         390
841         394
848         401
871         426
901         432
940         468
938         444
886         443
936         461
920         419
894         430
930         447
936         435
913         425
981         465
1008         460
1051         463
1063         494
1075         515
1172         541
1114         536
1151         551
1178         558
1177         565
1127         512
1144         558
1138         509
1134         542
1138         555
1224         563
1147         538
1143         516
1144         533
1120         516
1197         563
1167         535
1183         542
1192         531
1199         563
1187         569
1212         572
1229         574
1161         537
1161         546
1189         548
1143         574
1153         517
1126         519
1233         571
1210         561
1204         535
1238         553
1265         561
1250         550
1279         590
1246         582
1259         574
1259         583
1263         587
1315         629
1270         611
1252         568
1292         587
1268         593
1262         574
1250         570
1226         560
1327         601
1280         597
1392         667
1309         599
1242         575
1233         554
1245         545
1204         542
1219         560
1171         499
1148         529
1174         535
1147         492
1140         498
1114         462
1170         473
1199         509
1219         548
1178         531
1169         496
1176         540
1167         533
1161         538
1125         547
1154         570
1147         520
1089         524
1044         458
1012         417
969         403
971         439
965         431
955         422
960         425
933         403
928         396
891         387
876         389
879         389
874         389
886         399
868         380
867         369
880         384
857         388
823         354
907         400
856         398
864         363
898         394
905         374
861         341
889         383
837         356
831         365
902         384
896         386
870         372
891         392
886         404
876         399
865         396
889         390
876         391
859         374
857         378
863         400
871         422
850         384
866         414
862         396
848         377
846         376
852         378
846         381
867         389
872         408
816         393
847         397
827         376
853         401
871         379
821         392
846         388
