2567       2567
2398       12
2368       15
2424       14
2415       12
2439       13
2444       13
2428       16
2408       16
2426       14
2429       18
2393       18
2450       17
2505       11
2565       12
2534       13
2521       18
2478       11
2502       12
2522       10
2559       11
2576       11
2531       9
2547       7
2532       8
2512       11
2557       12
2571       10
2584       15
2651       11
2656       12
2667       10
2628       9
2587       6
2642       9
2601       10
2550       15
2607       16
2590       19
2577       17
2548       21
2505       17
2448       19
2442       18
2420       20
2418       14
2420       17
2430       23
2422       17
2409       12
2368       8
2294       9
2281       10
2295       13
2343       15
2309       16
2337       14
2300       13
2301       19
2294       18
2303       23
2250       15
2261       18
2282       16
2284       16
2335       21
2299       26
2284       26
2299       26
2335       19
2312       17
2320       20
2297       20
2250       14
2237       19
2219       14
2213       14
2237       17
2235       17
2171       14
2247       18
2255       13
2239       15
2233       15
2244       16
2237       20
2190       20
2205       23
2184       18
2178       12
2196       17
2200       19
2194       19
2156       22
2170       15
2145       13
2152       18
2161       19
2139       15
2137       17
2113       14
2113       18
2078       16
2083       17
2055       16
2062       19
2043       17
2064       19
2010       13
2050       19
2018       10
2000       11
1960       13
2008       16
1975       17
1998       15
1989       18
2007       23
2005       18
1987       15
1959       20
1906       12
1899       12
1886       13
1884       14
1844       11
1858       13
1867       10
1998       11
2010       11
1948       17
1976       14
1963       12
1958       10
1938       12
1862       15
1878       15
1832       14
1784       11
1796       12
1816       12
1779       13
1742       12
1763       10
1710       10
1675       12
1639       11
1607       11
1548       10
1526       9
1514       5
1487       9
1463       12
1455       11
1433       9
1420       9
1388       10
1346       8
1319       8
1280       7
1287       9
1246       11
1186       9
1201       8
1174       9
1157       11
1117       10
1103       11
1089       11
1100       9
1106       7
1122       11
1111       13
1080       10
1089       15
1028       12
1040       9
1082       10
1053       12
1054       7
1020       7
1029       7
1000       4
977       3
981       6
975       8
998       7
962       6
959       6
979       5
967       4
960       4
948       7
922       5
894       5
860       2
842       0
850       3
791       2
786       1
783       1
777       1
768       2
781       2
770       4
762       4
754       5
743       6
759       8
751       3
784       3
752       4
748       1
717       2
711       2
678       3
691       4
701       4
723       4
733       4
724       4
673       3
685       4
663       3
662       4
626       1
600       3
590       3
569       2
557       2
514       1
511       3
512       1
499       3
464       3
442       3
457       1
471       3
460       3
477       2
505       1
532       1
539       0
547       2
552       1
548       3
575       1
580       1
586       1
594       1
628       1
621       1
636       1
670       0
634       1
623       1
655       1
683       0
678       1
673       3
686       1
673       3
685       1
672       3
684       4
670       3
704       3
695       4
749       5
780       3
789       3
811       4
849       5
831       1
835       3
855       2
850       2
824       1
802       2
832       3
813       5
804       5
808       8
844       6
876       8
895       6
898       5
905       6
875       6
892       5
944       8
952       6
985       5
1033       4
1024       3
1039       5
1011       7
1008       7
1018       7
1030       6
996       4
997       2
979       5
948       4
947       6
940       2
894       2
886       5
867       4
867       2
864       5
851       9
835       8
813       8
797       7
791       7
758       5
740       5
738       4
750       4
747       7
753       6
778       6
784       5
792       6
781       5
770       7
777       9
764       9
782       6
811       10
803       9
812       4
841       5
834       9
851       5
875       9
859       7
861       7
854       5
869       6
885       4
872       2
897       6
898       6
916       10
896       8
870       8
907       8
895       7
895       8
884       10
915       6
882       5
913       9
908       10
923       7
921       5
926       4
952       6
943       2
929       2
922       2
935       3
948       6
936       4
947       6
964       7
915       1
939       3
957       3
937       2
910       5
906       6
930       10
899       9
904       8
921       5
905       5
896       5
862       8
833       5
877       13
884       10
880       8
873       10
860       7
903       6
901       7
911       8
926       10
937       6
959       10
941       9
912       13
958       5
930       1
918       3
942       4
933       3
918       8
958       11
917       7
950       2
969       2
957       5
946       7
947       5
942       6
958       4
954       3
957       6
975       8
959       3
953       4
939       5
919       5
935       2
946       2
903       7
944       3
973       2
917       3
927       2
893       3
921       1
907       0
920       1
906       4
902       3
869       2
886       3
888       4
864       5
866       3
878       2
932       2
926       3
950       1
966       2
991       3
978       2
934       1
942       3
976       2
948       4
931       2
924       1
939       2
936       2
938       3
869       2
906       4
890       4
846       4
817       5
755       5
751       6
788       7
785       7
767       5
810       3
786       6
804       6
794       5
786       5
805       6
816       4
784       5
768       4
792       4
730       3
742       4
734       4
737       5
756       3
800       4
782       9
795       6
829       8
823       9
826       7
794       5
834       4
806       5
838       3
837       3
818       7
785       3
780       2
802       5
781       8
793       7
798       8
809       7
793       5
821       5
794       3
783       4
833       4
830       4
925       5
933       3
953       2
949       2
973       5
919       3
918       5
945       4
939       2
950       7
917       4
947       4
945       6
974       9
927       5
896       7
847       5
856       7
893       7
911       6
937       8
919       5
908       6
931       9
940       6
930       3
960       5
913       6
956       5
926       8
948       6
921       4
964       4
978       1
988       4
966       3
923       6
954       9
926       5
921       8
937       7
899       9
906       8
917       7
924       8
913       8
943       6
929       8
869       7
922       7
936       4
921       5
902       6
895       6
876       4
876       3
848       8
834       7
875       6
870       8
860       7
873       13
863       9
833       10
843       14
843       7
826       6
828       6
834       4
868       5
874       4
892       4
887       5
855       4
843       4
825       3
816       9
775       10
813       12
796       10
812       6
809       6
833       8
824       6
839       6
834       8
820       9
800       8
764       8
750       10
786       8
770       6
766       6
736       7
774       10
770       8
704       9
718       10
720       8
736       8
732       7
724       8
732       7
733       8
737       7
741       6
733       7
718       7
712       7
709       6
698       8
702       5
697       5
698       5
708       5
713       6
699       5
690       5
707       5
707       5
697       5
701       5
698       5
698       5
711       6
703       6
692       6
699       6
704       5
700       7
712       7
697       6
699       6
