0  1155988
115  2299
70  3479
76  3631
106  2325
108  2621
108  2909
108  3939
108  1958
114  2938
111  2303
114  2452
119  5310
110  2183
84  3603
123  4357
125  4652
113  2612
82  2714
83  7194
96  7240
88  3317
81  4671
80  2381
116  3671
85  5699
105  3335
78  3796
87  7155
82  2875
39  3379
88  2391
85  2592
112  3210
117  5198
115  252277
105  2224
125  2838
92  2586
77  3615
78  4765
111  2280
109  1883
110  3219
97  4378
112  2825
86  4447
82  2896
92  4061
87  3087
74  2257
80  2528
36  458812
31  4146
81  2783
83  3784
74  2804
77  2600
81  1648
119  4886
94  3332
80  3274
81  6121
81  2744
83  3144
76  1924
77  2739
76  2966
88  2887
113  305914
107  3188
105  5070
104  6284
76  3401
74  3620
56  2039
75  2628
82  2040
27  3662
73  7394
95  3368
75  2996
105  2678
65  1862
77  2189
75  2159
74  214062
106  2209
105  2849
105  2238
107  3451
105  2689
110  2958
110  2910
81  3254
78  2031
106  2467
103  1745
90  2404
77  2179
79  2673
88  316363
82  2370
76  3103
87  3835
81  3842
113  2252
113  2864
60  2822
112  2331
116  2160
78  2267
81  2023
117  6311
115  2506
101  7798
76  178539
76  2949
74  2580
76  2772
77  3955
75  1819
94  3276
70  1974
80  2269
32  2565
109  2238
109  4334
112  2732
114  209980
114  3062
114  2774
113  3335
114  2899
112  2612
109  2060
110  2647
79  1768
73  2420
102  236888
75  3951
90  2158
18  3973
104  3525
99  3839
98  2760
94  1921
65  2462
62  2613
93  321028
93  2494
89  2506
63  2630
61  2584
60  2536
63  2790
61  2970
41  3677
59  2181
60  210027
40  2681
59  2610
57  2145
53  1995
53  2672
15  2612
56  2193
57  1974
53  1642
57  472766
55  2588
66  2293
34  2620
43  1966
85  4746
83  3616
71  1933
57  1892
60  1792
25  3143
55  268118
30  2993
52  2403
72  3597
49  3032
53  2161
72  4571
55  1925
52  1924
55  2317
104  493092
17  1732
53  2135
52  1996
51  2403
38  1902
53  3484
50  2181
71  4442
69  3598
71  297327
70  3868
37  2977
35  3079
48  3366
50  2926
79  2994
74  2033
47  2139
50  357583
45  1919
45  2782
45  1947
48  1935
71  2307
68  3731
67  2257
51  436647
13  2255
42  2101
43  2468
44  2275
52  2168
16  3196
60  2883
59  182184
41  3191
41  2005
27  4178
22  3760
37  2498
55  2385
54  222675
54  1976
53  2490
53  2391
55  2344
35  2855
39  1944
38  3522
62  238068
63  4102
54  4852
16  2275
15  2332
60  1783
60  3304
40  4887
40  246564
41  2122
36  2545
58  4804
30  2409
61  3297
60  1940
58  7910
30  206961
60  2197
53  4687
42  4251
23  2383
42  2681
13  4338
58  202771
60  3500
61  3159
62  2199
64  3597
12  2592
20  2681
24  2843
56  2535
65  336731
46  2000
47  4504
30  2715
21  2666
20  2173
42  2303
16  3189
19  270936
67  2882
62  2088
63  1546
16  2103
16  2526
8  1302
60  2575
21  2535
66  2256
17  236809
60  1998
12  1893
49  1953
17  3102
56  2473
22  3404
17  6029
16  2252
11  202588
48  2855
30  2278
33  2796
15  1703
14  2204
13  2098
8  1941
7  2881
65  2885
25  3620
29  252930
64  2669
59  1754
31  5901
67  2785
65  3007
11  2572
66  3490
68  3716
66  2846
39  4327
61  2598
61  205691
68  2801
69  2871
43  2588
34  2696
27  2932
49  2823
54  2253
50  3851
51  2069
50  2161
51  190746
46  3332
61  2272
27  3442
53  2561
55  2998
50  2202
22  322160
49  3321
58  1715
53  2096
52  2334
26  2622
50  247834
52  2019
57  2112
45  2309
58  2484
83  2560
56  202002
55  2017
19  2028
14  2304
53  2473
56  2322
57  216455
28  2093
52  2236
55  2431
15  2498
57  2075
58  2417
58  4465
56  3162
53  5114
55  2151
24  2119
19  2038
81  5381
40  3080
26  1801
23  214241
19  2399
34  2030
57  2556
28  219134
30  3604
54  8481
67  4807
62  2599
23  546322
19  2159
22  6210
26  1960
40  2703
47  3441
55  194523
54  2796
54  1842
34  2461
62  2255
20  502454
17  2445
75  2737
50  2371
25  229284
76  4481
74  3179
52  3352
52  685242
11  2677
53  1634
55  2110
18  2523
13  2724
10  2041
33  2345
17  2558
52  2266
20  354100
32  2897
23  2775
48  3426
49  2116
49  2574
51  2482
64  3377
23  185374
15  1958
74  4825
72  2481
46  2206
33  2594
15  532843
10  2653
49  1841
49  2776
19  3332
13  464338
47  2002
51  3336
51  3359
74  4105
26  273260
70  3308
25  2417
24  2360
54  1954
50  567355
52  3777
9  1803
52  1963
26  2522
105  2894
56  2582
12  1549
69  2836
31  2734
69  2926
29  585774
68  2626
18  3627
54  2585
61  250720
44  2358
16  3651
43  2368
23  310312
9  2727
43  1980
33  2435
14  546482
16  5007
26  1807
42  2149
41  2233
12  3071
15  4449
26  2373
10  2164
11  2700
11  4010
16  3101
40  2238
8  2332
11  380322
30  3936
25  2482
49  2151
11  2162
8  2398
45  1905
41  2534
29  3485
51  3150
9  481639
61  3338
15  3313
18  3239
36  2002
17  2055
10  413669
15  3768
17  2635
12  1952
9  222544
68  2066
69  2758
71  2393
75  550206
72  2690
20  2117
62  2574
53  205095
56  3411
78  1976
75  6174
72  1928
64  1590
76  5033
11  3190
12  2011
53  231847
17  3224
32  2601
11  2312
65  302924
37  2502
67  2854
13  4427
81  597013
36  3007
76  2133
54  2500
51  263650
58  2324
59  2522
15  2210
78  623443
16  2199
75  2650
39  2366
17  3822
16  3418
13  2266
28  3434
14  2905
12  236809
83  4394
81  3513
12  1701
59  2155
55  2329
18  2329
54  3438
56  2504
13  2940
67  514438
58  1754
28  2844
57  404515
73  6836
29  4523
83  3273
21  2390
67  2060
58  2707
51  229119
52  1979
74  2628
33  3370
58  2403
53  2269
20  2687
74  3767
15  2054
44  338284
14  2054
55  2575
53  2329
19  3059
55  2442
60  1830
74  859339
14  5971
63  2945
42  2214
62  2731
16  408470
12  2577
11  2713
14  4310
46  2908
30  3355
18  2202
11  2485
17  3565
62  2455
28  3335
15  4195
25  4458
16  524201
9  2868
13  2980
41  2338
29  7670
43  3786
7  2521
41  2213
16  2752
19  4602
14  3971
8  1808
14  4114
11  3096
13  3208
12  2572
17  4856
9  2648
60  3239
48  3199
16  2801
9  2237
13  4494
12  3312
14  2747
12  4122
60  3734
22  2316
28  3293
30  2846
10  2991
15  2819
8  4997
9  2353
23  2869
39  2975
14  3856
12  2236
9  4341
42  3690
