1532
1446
1435
1498
1506
1500
1498
1520
1490
1505
1523
1510
1524
1531
1539
1543
1566
1530
1563
1569
1526
1536
1532
1486
1483
1426
1420
1493
1483
1504
1486
1529
1503
1504
1507
1503
1556
1574
1586
1572
1615
1654
1611
1602
1548
1584
1603
1648
1558
1575
1530
1534
1504
1571
1572
1571
1565
1582
1543
1583
1592
1580
1556
1563
1583
1551
1560
1562
1552
1508
1565
1549
1534
1528
1525
1511
1485
1537
1469
1504
1527
1533
1553
1539
1505
1533
1510
1502
1499
1484
1496
1470
1454
1417
1434
1467
1426
1460
1434
1443
1455
1454
1457
1477
1431
1440
1477
1519
1515
1538
1493
1506
1484
1540
1509
1486
1488
1479
1504
1521
1475
1511
1490
1518
1537
1534
1514
1566
1527
1545
1495
1477
1496
1506
1540
1521
1477
1499
1528
1506
1518
1513
1528
1498
1509
1510
1537
1488
1524
1510
1504
1466
1462
1487
1458
1435
1428
1469
1419
1471
1501
1492
1478
1483
1452
1481
1431
1479
1487
1443
1450
1456
1450
1487
1523
1495
1455
1508
1451
1434
1462
1438
1493
1522
1450
1483
1517
1505
1496
1467
1495
1476
1521
1497
1501
1503
1491
1517
1484
1482
1495
1474
1506
1515
1542
1522
1502
1534
1519
1505
1509
1496
1550
1545
1512
1515
1558
1511
1546
1477
1556
1586
1518
1520
1502
1533
1527
1485
1524
1521
1518
1514
1489
1525
1446
1485
1437
1435
1493
1476
1485
1521
1532
1512
1494
1506
1485
1539
1546
1532
1521
1585
1530
1517
1533
1526
1532
1550
1509
1504
1511
1514
1498
1465
1472
1507
1510
1491
1446
1494
1496
1459
1437
1442
1439
1444
1515
1397
1413
1415
1395
1417
1476
1423
1390
1400
1384
1372
1362
1385
1392
1345
1374
1371
1374
1344
1423
1370
1361
1382
1350
1328
1307
1353
1379
1405
1389
1330
1382
1426
1411
1423
1377
1420
1419
1426
1423
1452
1428
1439
1448
1383
1417
1471
1460
1451
1418
1422
1452
1416
1442
1423
1435
1407
1407
1394
1409
1445
1436
1476
1523
1486
1454
1489
1422
1484
1456
1442
1481
1470
1462
1469
1458
1482
1473
1524
1542
1536
1538
1458
1476
1505
1507
1488
1475
1467
1447
1467
1456
1410
1452
1424
1441
1420
1431
1485
1430
1452
1455
1460
1469
1470
1469
1422
1480
1442
1414
1421
1442
1464
1460
1493
1479
1480
1489
1502
1541
1470
1500
1551
1554
1531
1476
1539
1515
1548
1475
1493
1472
1491
1530
1513
1497
1490
1449
1430
1450
1458
1455
1452
1425
1427
1463
1501
1460
1495
1463
1476
1463
1397
1447
1445
1419
1399
1419
1471
1447
1448
1498
1457
1445
1533
1514
1513
1490
1517
1502
1525
1541
1551
1600
1567
1591
1563
1560
1586
1566
1610
1563
1572
1563
1586
1597
1573
1598
1587
1609
1642
1599
1566
1586
1563
1583
1563
1592
1577
1593
1574
1592
1644
1609
1626
1640
1580
1613
1646
1628
1629
1596
1632
1626
1624
1609
1626
1676
1651
1586
1618
1596
1576
1580
1580
1650
1657
1721
1775
1758
1729
1723
1732
1693
1780
1764
1736
1704
1698
1761
1699
1659
1629
1578
1605
1525
1532
1574
1553
1574
1599
1564
1607
1634
1627
1575
1531
1615
1582
1577
1564
1492
1501
1491
1536
1499
1535
1508
1566
1542
1511
1562
1509
1489
1604
1572
1573
1468
1471
1461
1516
1448
1460
1432
1511
1506
1538
1506
1524
1530
1579
1569
1570
1628
1593
1597
1598
1606
1594
1593
1561
1563
1567
1546
1485
1476
1477
1467
1438
1443
1430
1474
1480
1450
1468
1449
1419
1443
1452
1427
1414
1470
1498
1443
1405
1456
1450
1478
1454
1429
1445
1464
1423
1431
1430
1468
1431
1388
1424
1450
1461
1415
1441
1456
1432
1442
1404
1459
1466
1507
1553
1551
1550
1535
1558
1515
1555
1534
1503
1500
1455
1478
1492
1457
1465
1470
1445
1429
1438
1446
1412
1432
1438
1410
1416
1407
1450
1445
1468
1490
1489
1443
1449
1509
1516
1479
1486
1463
1449
1486
1509
1504
1506
1487
1479
1532
1520
1517
1532
1533
1520
1516
1495
1513
1474
1496
1502
1460
1470
1444
1458
1497
1469
1451
1493
1539
1582
1551
1594
1608
1653
1649
1609
1611
1646
1631
1659
1632
1600
1608
1572
1595
1557
1563
1549
1552
1559
1627
1560
1560
1526
1552
1532
1527
1508
1550
1547
1566
1572
1629
1591
1612
1598
1594
1589
1577
1571
1563
1549
1544
1537
1561
1583
1580
1580
1613
1633
1582
1571
1578
1564
1449
1497
1508
1513
1553
1549
1487
1536
1487
1513
1546
1530
1541
1555
1535
1519
1528
1484
1495
1459
1489
1499
1549
1541
1535
1570
1527
1562
1593
1609
1637
1693
1621
1610
1625
1611
1536
1561
1566
1555
1601
1590
1539
1567
1523
1488
1496
1497
1489
1527
1537
1512
1496
1482
1533
1519
1524
1515
1521
1499
1487
1520
1498
1487
1498
1402
1456
1457
1464
1490
1445
1447
1414
1411
1345
1323
1345
1356
1371
1380
1367
1382
1370
1356
1377
1394
1423
1443
1409
1367
1366
1365
1417
1407
1426
1440
1471
1481
1484
1470
1403
1440
1461
1433
1408
1381
1372
1378
1402
1404
1411
1422
1435
1436
1411
1386
1412
1437
1416
1440
1460
1469
1468
1431
1431
1432
1375
1434
1414
1380
1326
1292
1319
1311
1338
1342
1324
1345
1336
1347
1343
1257
1303
1283
1281
1252
1305
1266
1303
1324
1274
1302
1250
1283
1316
1328
1284
1291
1317
1331
1318
1323
1280
1254
1202
1206
1100
1147
1169
1164
1145
1138
1173
1181
1186
1192
1157
1177
1155
1136
1101
1092
1113
1030
1017
1045
1102
1062
1040
1055
1080
1049
1064
1022
1087
1054
1057
1073
1107
1060
1050
1020
1038
1069
1036
980
978
976
987
1017
1058
1076
1089
1138
1126
1134
1158
1184
1137
1131
1117
1134
1127
1111
1132
1152
1143
1181
1202
1214
1205
1156
1144
1179
1158
1203
1200
1155
1137
1189
1186
1176
1158
1131
1128
1111
1165
1154
1170
1181
1269
1275
1313
1350
1325
1389
1429
1445
1403
1458
1413
1472
1429
1371
1415
1397
1334
1357
1345
1316
1346
1308
1377
1362
1382
1408
1483
1497
1426
1454
1403
1382
1360
1329
1325
1351
1415
1421
1422
1445
1457
1478
1478
1501
1477
1479
1467
1522
1503
1485
1515
1508
1457
1469
1434
1458
1463
1413
1398
1401
1389
1401
1367
1454
1450
1440
1438
1465
1462
1489
1465
1491
1509
1509
1526
1579
1596
1618
1574
1551
1571
1571
1602
1611
1566
1599
1611
1609
1604
1623
1640
1587
1601
1586
1588
1569
1566
1553
1578
1614
1551
1577
1620
1550
1583
1639
1700
1618
1601
1502
1529
1538
1566
1547
1525
1474
1500
1473
1496
1478
1463
1514
1461
1443
1444
1447
1405
1418
1435
1415
1372
1422
1422
1383
1475
1457
1482
1463
1485
1520
1458
1475
1437
1473
1462
1437
1430
1409
1397
1437
1434
1402
1431
1398
1378
1317
1301
1260
1232
1192
1166
1131
1164
1155
1165
1160
1182
1166
1220
1200
1169
1168
1147
1140
1087
1089
1108
1081
1076
1088
1064
1071
1088
1071
1066
1058
1062
1104
1063
1048
1103
1104
1101
1112
1172
1121
1137
1126
1132
1128
1146
1131
1122
1125
1111
1126
1132
1116
1100
1146
1097
1102
1137
1101
1125
1126
1132
1131
1122
1147
1143
1114
1125
1135
1142
1132
1133
1148
1122
1115
1119
1119
1100
1106
1092
1101
1127
1120
1080
1108
1105
1064
1107
1125
1064
1088
1070
1085
1061
1065
1056
1040
1076
1081
1080
1056
1044
1060
1062
1076
1032
1053
1065
1069
1071
1067
1025
1077
1043
1057
