14207
13745
13556
13557
13581
13632
13726
13764
13793
13729
13905
13902
13928
13959
13866
13711
13738
13739
13774
13694
13702
13702
13684
13890
13815
13831
14006
14024
13951
13961
13935
13828
13916
14038
13799
13896
13934
14083
14079
14255
14277
14348
14283
14361
14331
14298
14252
14201
14246
14343
14311
14203
14175
14121
14179
14149
14253
14238
14365
14439
14385
14267
14316
14357
14337
14269
14239
14270
14106
14007
13943
13878
13998
13926
13935
13879
13885
13851
13884
13841
13666
13673
13630
13485
13378
13253
13384
13451
13520
13588
13396
13362
13381
13423
13485
13372
13308
13195
13157
13209
13202
13223
13209
13160
13123
13015
13017
13140
13299
13221
13220
13356
13291
13378
13290
13356
13180
13104
13202
13189
13239
13223
13165
13093
13135
13113
13067
13134
13111
13169
13181
13275
13173
13041
12967
12999
12928
12975
13030
12992
13096
13105
13137
13099
13146
13117
13173
13118
12995
12911
12934
12967
13071
12924
12992
13133
13152
13074
13031
13017
13102
13058
13023
13054
13101
12985
13106
13106
13025
13038
13003
12999
13053
13136
13091
13205
13116
13108
13017
12993
13022
13015
13017
13003
13073
13115
13019
13186
13111
13054
13103
13083
13044
13155
13161
13053
12954
12814
12879
12866
12926
12798
12915
13003
13017
13050
12895
12824
12918
12841
12887
12914
12857
12911
12931
12810
12852
12993
13042
12981
12903
12912
12913
12993
12871
12894
12922
13063
12971
12954
12958
13041
12949
12990
12970
12914
13052
13019
12978
12938
12961
12891
12789
12843
12799
12859
12784
12821
12765
12799
12873
12811
12725
12675
12831
12900
13037
12912
13043
12898
12946
12850
12874
12897
12851
12812
12766
12859
12788
12829
12745
12676
12645
12502
12422
12426
12292
12293
12303
12083
12071
12060
11985
11955
11897
11896
11783
11741
11616
11686
11592
11546
11429
11356
11238
11089
11170
11088
11033
11108
10999
11004
10880
11008
10964
10861
10733
10687
10665
10709
10766
10782
10634
10631
10564
10500
10446
10337
10302
10178
10222
10228
10216
10153
10162
10199
10134
10045
10066
10052
10021
9927
9911
9897
9807
9719
9779
9812
9790
9732
9886
9694
9634
9590
9656
9611
9644
9682
9803
9740
9631
9636
9499
9474
9624
9581
9579
9542
9536
9478
9504
9511
9515
9534
9489
9455
9445
9469
9436
9427
9360
9314
9318
9364
9310
9321
9397
9289
9322
9323
9218
9255
9248
9261
9170
9283
9175
9116
9078
9139
9090
9154
9191
9068
9058
9012
8924
8943
8890
8819
8844
8825
8821
8675
8795
8784
8731
8766
8652
8556
8608
8605
8703
8634
8475
8554
8475
8526
8571
8547
8466
8449
8464
8402
8332
8279
8175
8272
8265
8312
8172
8127
8030
7985
7987
7957
8009
7832
7659
7693
7614
7659
7615
7640
7584
7510
7448
7501
7467
7485
7389
7400
7365
7368
7333
7388
7404
7451
7585
7586
7529
7575
7733
7773
7746
7708
7586
7531
7487
7408
7422
7352
7415
7382
7351
7330
7392
7389
7379
7436
7519
7556
7543
7617
7630
7620
7726
7950
7896
7877
7907
7800
7901
8014
8060
8086
8065
8011
8110
8295
8387
8323
8325
8422
8383
8536
8531
8501
8444
8492
8613
8676
8802
8755
8895
8956
9141
9071
8911
8875
9000
9071
9198
9210
9122
9073
9113
9100
8961
9063
9049
9163
9266
9194
9098
9011
8960
8639
8772
8818
8682
8680
8708
8739
8717
8682
8554
8437
8539
8490
8477
8501
8589
8390
8163
8107
8215
8396
8407
8327
8500
8485
8336
8173
8515
8437
8519
8519
8475
8646
8706
8851
8756
8894
8812
8993
9004
9116
9071
9136
9138
9140
9288
9299
9298
9371
9423
9389
9334
9483
9484
9228
9346
9472
9672
9756
9595
9553
9746
9717
9673
9667
9666
9659
9757
9791
9810
9561
9636
9820
9795
9869
10014
9951
10193
10197
10175
10024
10109
10175
10277
10207
10236
10130
10196
10160
10009
9999
9893
9849
9837
9887
9668
9586
9669
9580
9589
9475
9591
9580
9469
9385
9560
9746
9617
9565
9486
9451
9633
9610
9531
9581
9527
9467
9541
9625
9798
9549
9659
9692
9714
9717
9681
9550
9531
9515
9712
9719
9490
9657
9719
9652
9810
9925
9831
9864
9878
9868
9808
10027
9918
9828
9904
10014
10071
10047
10158
10177
10101
10121
10089
10195
10080
10236
10200
10109
10144
10165
10033
10201
10145
10190
10078
10169
10041
10022
9886
10158
10284
10105
10212
10167
10250
10153
10235
10145
10190
10218
10174
10130
10081
10006
10085
10224
10091
9932
9866
9867
9933
10004
10003
9987
10031
10040
10029
10008
9991
9987
10116
9991
10133
10041
10106
10330
10141
10330
10190
10055
10384
10243
10145
10134
10303
10596
10213
10117
10065
10198
10171
10173
10328
10200
10349
10189
10361
10245
10415
10314
10387
10335
10394
10662
10542
10298
10136
10297
10345
10549
10542
10432
10414
10542
10526
10396
10489
10474
10364
10432
10095
10178
10179
9917
9948
10034
10145
10030
9811
9849
10201
9832
9927
10256
10066
10142
10020
10281
10263
10232
10308
10432
10305
10092
10145
10241
10263
10255
10281
10265
10199
10213
10110
10071
10150
9901
10035
9950
9828
9712
9642
9653
9473
9623
9596
9607
9635
9610
9790
10006
9792
9730
9801
9811
9811
9597
9736
9765
9734
9562
9768
9701
9689
9755
9691
9699
9646
9758
9514
9619
9611
9753
9729
9809
9908
9898
9893
9893
9750
9880
9619
9723
9621
9678
9740
9921
9817
9734
9807
9663
9903
9964
9775
9683
9599
9553
9553
9470
9575
9544
9572
9373
9459
9385
9392
9460
9376
9425
9482
9266
9315
9338
9201
9138
9074
9156
9253
9034
8976
8932
8776
8652
8694
8592
8466
8267
8426
8452
8484
8369
8333
8272
8367
8413
8282
8501
8409
8274
8397
8334
8382
8111
8048
8062
8088
8042
7846
7869
7828
7780
7819
7836
7890
8000
7787
7787
7765
7907
7899
7849
7811
7891
7942
7913
7833
7667
7678
7711
7600
7587
7609
7609
7700
7711
7937
8052
7837
7917
7680
7829
7776
7892
8027
7923
8100
7956
8082
8127
8087
8153
7983
8126
8168
8273
8203
8319
8505
8334
8433
8506
8585
8722
8667
8635
8866
9012
8946
9073
9107
8984
9202
9009
9176
9501
9220
9528
9614
9775
9657
9849
9757
9817
9764
9687
9682
9517
9447
9464
9576
9510
9498
9613
9599
9603
9778
9868
9922
10199
10209
10193
10079
10015
9812
9731
9716
9734
9674
9774
9863
10107
9899
10157
9960
9870
9954
10059
10061
9848
9944
9845
9982
9826
10059
9934
10078
10048
9807
9980
9844
9846
10068
9872
9830
10194
10112
9984
10155
10061
10425
10060
10268
10090
10229
10335
10110
10267
10119
10076
10075
10024
10083
10147
10154
9891
9995
9901
9863
9929
9950
9868
9843
9750
9643
9738
9670
9752
9732
9842
9788
9929
9880
9934
9796
10114
10153
10262
10333
10231
10185
10102
10336
10154
10127
10163
10236
10036
10091
10265
10155
10181
10074
9893
9888
9941
9831
9765
9867
9720
9881
9771
9720
9684
9681
9689
9469
9551
9531
9414
9427
9429
9624
9567
9598
9701
9641
9551
9696
9784
9735
9658
9665
9421
9442
9412
9360
9197
9009
9103
9038
9019
8982
9034
8987
8998
8932
8834
8821
8749
8791
8774
8842
8693
8656
8693
8652
8635
8645
8592
8596
8586
8524
8508
8477
8518
8376
8381
8338
8333
8279
8276
8142
8081
8192
8234
8162
8068
8215
8166
8140
8075
8141
8169
8162
8158
8132
8146
8112
8129
8137
8227
8207
8143
8188
8078
8139
8228
8179
8159
8150
8154
8230
8198
8188
8171
8078
8131
8112
8178
8137
8143
8102
8158
8121
8122
8129
8125
8144
8145
8203
8145
8148
8116
8155
8135
8116
8114
8114
8148
8135
8201
8145
8136
8163
8190
8188
8154
8130
8171
8163
8130
8152
8155
8180
8152
8167
8161
8146
8127
8150
8144
