0.0338841 0.107834
0.0330032 0.105202
0.0328045 0.105857
0.0335063 0.110496
0.0330292 0.11089
0.0324943 0.110035
0.0325129 0.109136
0.0327607 0.110433
0.0319694 0.108026
0.0325906 0.109622
0.0328204 0.109529
0.0325824 0.108617
0.0327798 0.10942
0.0328978 0.109678
0.0332476 0.110991
0.0332364 0.112537
0.0337311 0.11399
0.0327911 0.111362
0.0336332 0.113475
0.0339214 0.114576
0.0328341 0.111371
0.0329593 0.1121
0.0330836 0.111956
0.0321436 0.106983
0.0323143 0.107347
0.0315459 0.103102
0.0315619 0.101385
0.0334356 0.10646
0.0334212 0.106301
0.0340064 0.107729
0.0338689 0.106638
0.0347247 0.110573
0.0342299 0.108005
0.0342036 0.107138
0.0341708 0.109211
0.0341521 0.108161
0.0352762 0.111669
0.0352907 0.111766
0.0353939 0.11265
0.0345958 0.110277
0.0353469 0.113119
0.0359972 0.115277
0.0352231 0.112791
0.0350026 0.111552
0.0336741 0.108018
0.0345166 0.110785
0.0347956 0.112475
0.036014 0.116048
0.0340004 0.109364
0.0341463 0.10981
0.0331858 0.106911
0.033403 0.108005
0.0326396 0.106102
0.0340907 0.111253
0.0341464 0.110868
0.0339808 0.111033
0.0339641 0.109801
0.0342944 0.111111
0.0336363 0.107414
0.0341517 0.109634
0.0344999 0.110671
0.0341954 0.110745
0.0337549 0.10869
0.0336035 0.108867
0.0340145 0.110414
0.0334231 0.108697
0.0336613 0.109558
0.0338293 0.10946
0.0335836 0.110024
0.0325815 0.10766
0.0337976 0.112243
0.0337546 0.111616
0.0332373 0.109587
0.032963 0.109723
0.0329303 0.109437
0.0325998 0.10887
0.0322273 0.10695
0.0332181 0.110967
0.0316875 0.105805
0.0323608 0.108663
0.0329891 0.111737
0.0329465 0.112119
0.033485 0.11394
0.0332204 0.114127
0.0323732 0.112498
0.032854 0.115672
0.0323902 0.112821
0.0321813 0.111665
0.0323026 0.110873
0.0319593 0.109214
0.0320899 0.111675
0.0314917 0.110013
0.0312413 0.108662
0.0303264 0.105565
0.0308341 0.10634
0.0313844 0.109707
0.0304916 0.107154
0.0312386 0.110648
0.0307053 0.108991
0.030807 0.109244
0.0311857 0.110211
0.0311376 0.10996
0.0312869 0.110304
0.0315336 0.112234
0.0305515 0.109045
0.0308133 0.110642
0.0315787 0.113467
0.0323412 0.115601
0.03243 0.113918
0.0328647 0.11633
0.0320572 0.112935
0.0323204 0.112758
0.0318872 0.111655
0.0329137 0.115114
0.0322319 0.113544
0.0318263 0.111261
0.0317109 0.112898
0.0316168 0.112866
0.0320027 0.113922
0.0325341 0.115323
0.0314358 0.111413
0.0321606 0.114271
0.031746 0.113179
0.0323951 0.11594
0.0328215 0.117016
0.0326362 0.116983
0.0323511 0.115864
0.0332802 0.119233
0.0324521 0.116467
0.0328688 0.117321
0.0318038 0.113421
0.0313981 0.111262
0.0318834 0.113566
0.0322015 0.115482
0.0329595 0.118763
0.0325035 0.117009
0.031662 0.114248
0.0322061 0.11553
0.0324954 0.117268
0.0320316 0.115917
0.0321658 0.115913
0.0321621 0.115452
0.032589 0.116313
0.0318839 0.11436
0.0321996 0.114788
0.0320547 0.115118
0.0326702 0.116678
0.0317508 0.113432
0.0325495 0.117276
0.0323071 0.116955
0.0319735 0.116283
0.0311517 0.113056
0.0309759 0.111851
0.0316639 0.115057
0.0309877 0.112223
0.0304567 0.109267
0.0303739 0.108577
0.0312135 0.11236
0.0302314 0.108894
0.0314875 0.113006
0.0317833 0.114563
0.0316457 0.114259
0.0313854 0.113492
0.0316252 0.113605
0.030976 0.110831
0.0314745 0.114055
0.0304306 0.109187
0.0313122 0.112849
0.0315383 0.114165
0.0306278 0.110676
0.0309149 0.111513
0.0308893 0.112009
0.0308111 0.111086
0.0314243 0.1132
0.0323169 0.116339
0.0316637 0.113215
0.0309062 0.110933
0.0318715 0.115044
0.0306979 0.11147
0.0303505 0.110367
0.0309601 0.112272
0.0305217 0.110488
0.0316575 0.114696
0.0322185 0.11705
0.0307588 0.110916
0.0314222 0.113077
0.0321242 0.116522
0.0318674 0.114136
0.031861 0.114103
0.0312055 0.112379
0.0315747 0.114096
0.0312242 0.112818
0.0323184 0.116605
0.0317774 0.113797
0.0318143 0.114049
0.0317069 0.115146
0.0316413 0.1151
0.0320712 0.118386
0.0315268 0.115226
0.0313903 0.115187
0.0314863 0.115658
0.0313384 0.115174
0.0318737 0.116609
0.0318773 0.116512
0.032693 0.11846
0.0321117 0.116628
0.0317487 0.116479
0.0324835 0.119619
0.0319232 0.117588
0.0315957 0.117203
0.0316611 0.117095
0.031662 0.115843
0.0326371 0.120557
0.0326156 0.119665
0.0318088 0.116928
0.0318753 0.118267
0.0328761 0.121226
0.0317871 0.116293
0.0325371 0.11854
0.0312025 0.113782
0.0329103 0.120592
0.0334747 0.122831
0.0320246 0.117556
0.0318953 0.116986
0.0315998 0.116696
0.0322411 0.118893
0.032148 0.118171
0.0313688 0.11368
0.0322431 0.117493
0.0319551 0.117415
0.031872 0.117148
0.031766 0.116095
0.03135 0.11499
0.0318551 0.117398
0.0305825 0.111488
0.0312737 0.114991
0.0301397 0.110098
0.0302711 0.110224
0.031235 0.115041
0.0310907 0.114083
0.0311582 0.114574
0.0319995 0.117989
0.0321754 0.11979
0.0317154 0.117729
0.0314884 0.116728
0.0316679 0.117116
0.0313622 0.116161
0.0322243 0.120037
0.0323221 0.121112
0.0321842 0.119697
0.0320845 0.118154
0.033184 0.123722
0.0321997 0.120236
0.0318945 0.119684
0.0323568 0.119476
0.0320743 0.118295
0.0319054 0.117512
0.0324132 0.120043
0.031719 0.115694
0.0315549 0.116607
0.031634 0.116716
0.0317154 0.117821
0.0313369 0.116359
0.0306916 0.113592
0.0307589 0.114544
0.0315635 0.117624
0.0317107 0.118283
0.0313624 0.11595
0.0303833 0.113075
0.0313945 0.116455
0.03142 0.117379
0.0306958 0.115099
0.0301574 0.113642
0.0301251 0.115342
0.0300606 0.115843
0.0304192 0.116208
0.0315836 0.123251
0.0292756 0.113642
0.0296494 0.11485
0.0295839 0.117107
0.0293073 0.115566
0.0295856 0.117496
0.0308477 0.123154
0.0298298 0.11903
0.0291051 0.116836
0.0290523 0.117687
0.0291038 0.117457
0.0285815 0.116855
0.0284901 0.117252
0.0289343 0.118518
0.0291891 0.120083
0.027944 0.116491
0.0286405 0.12022
0.0284169 0.120729
0.0285655 0.122264
0.0278676 0.121201
0.029548 0.127395
0.0284593 0.123557
0.0281792 0.123357
0.0284831 0.124415
0.0280031 0.122738
0.0275954 0.120683
0.0272746 0.120129
0.0282381 0.122911
0.0285892 0.125775
0.0290722 0.129362
0.0289749 0.129414
0.0277639 0.12445
0.0287941 0.129583
0.0294963 0.133159
0.0291674 0.131061
0.0294904 0.131979
0.0284957 0.12949
0.0294142 0.133572
0.0292922 0.134324
0.0295611 0.13581
0.0293354 0.136224
0.0300696 0.140466
0.0295096 0.138614
0.0296139 0.141383
0.0299849 0.141655
0.0286745 0.135217
0.0293423 0.138704
0.0303781 0.144883
0.0302246 0.143673
0.0298308 0.142269
0.029192 0.139925
0.0292749 0.141563
0.0302506 0.144248
0.0291232 0.140867
0.0295795 0.143898
0.0292564 0.143346
0.0296524 0.144789
0.0289882 0.142164
0.0290859 0.143469
0.0287109 0.14343
0.0290402 0.144084
0.0298782 0.147269
0.0296082 0.14668
0.0303136 0.151665
0.0315995 0.154056
0.0307215 0.153291
0.0298569 0.150924
0.0307308 0.155266
0.0295278 0.147266
0.0307196 0.154406
0.0301412 0.150975
0.0296806 0.148936
0.030521 0.151076
0.0304014 0.150924
0.0303194 0.151801
0.0304267 0.152449
0.0302051 0.15349
0.030405 0.156428
0.0305196 0.153055
0.0313322 0.159065
0.0318984 0.160977
0.0317277 0.160973
0.0316996 0.161284
0.0301028 0.15383
0.030523 0.155303
0.0311917 0.158238
0.0311441 0.158382
0.0307387 0.156073
0.0304488 0.155443
0.0301889 0.155156
0.0297963 0.153203
0.0302381 0.154927
0.0299422 0.154303
0.0292604 0.14957
0.0300802 0.155128
0.0293415 0.152888
0.0298282 0.154647
0.0292103 0.151645
0.0294227 0.153706
0.0306198 0.159318
0.0295791 0.152176
0.0299808 0.156314
0.0299629 0.156082
0.0300665 0.156602
0.0303343 0.159362
0.0305017 0.158833
0.0303738 0.158845
0.029342 0.153547
0.0304658 0.161396
0.0297645 0.155338
0.0291444 0.154114
0.029325 0.15588
0.0297504 0.158846
0.0299423 0.160193
0.0300202 0.160616
0.0308848 0.163098
0.0305055 0.160918
0.0305262 0.163211
0.0306884 0.164385
0.0310459 0.166667
0.0317588 0.17268
0.0303287 0.164374
0.0310167 0.168729
0.0319781 0.17587
0.031953 0.175712
0.0315053 0.173484
0.0304883 0.167328
0.031837 0.177406
0.0314081 0.172257
0.0319802 0.17623
0.0304771 0.168938
0.0308694 0.170317
0.030412 0.170134
0.0309118 0.174264
0.0316155 0.177742
0.0312139 0.175828
0.0310362 0.17201
0.0307426 0.172574
0.0299498 0.170973
0.0296275 0.167173
0.0299074 0.171091
0.030162 0.171006
0.0301654 0.169758
0.0300627 0.169884
0.0295416 0.16832
0.0296982 0.168896
0.0303338 0.17285
0.0310425 0.178648
0.0303238 0.175228
0.0309678 0.180577
0.0303811 0.17896
0.0306771 0.178433
0.0303899 0.177011
0.0290021 0.16807
0.0301949 0.177068
0.0300372 0.177802
0.0297154 0.176712
0.0292122 0.175204
0.0296236 0.177664
0.030836 0.184869
0.0304119 0.180672
0.0303138 0.184883
0.0312207 0.195587
0.0305803 0.189393
0.0304685 0.189782
0.0321869 0.200157
0.0319558 0.198818
0.0318365 0.198037
0.0314578 0.196466
0.0322204 0.201997
0.0319418 0.201665
0.0323511 0.203306
0.032719 0.206375
0.0329811 0.207214
0.0341939 0.216538
0.0333206 0.211757
0.0338108 0.216022
0.0333071 0.212134
0.0333291 0.212737
0.0338491 0.214672
0.0334988 0.211507
0.0342539 0.216078
0.0335084 0.206065
0.0337057 0.207224
0.0333376 0.207597
0.0339855 0.209373
0.0340679 0.206518
0.0337561 0.202367
0.0343132 0.2063
0.033911 0.20589
0.0343686 0.212101
0.03512 0.218032
0.0343302 0.21357
0.0335835 0.211393
0.0337389 0.213689
0.0335681 0.212595
0.0340094 0.213486
0.0333889 0.211731
0.0341082 0.216569
0.033968 0.215143
0.0341868 0.215503
0.0335758 0.213019
0.0342594 0.215747
0.0352396 0.221087
0.034451 0.213991
0.0349069 0.215193
0.0353852 0.21742
0.034073 0.207431
0.0350119 0.211402
0.035722 0.21601
0.0352992 0.210717
0.0354215 0.204906
0.0346505 0.202128
0.0356893 0.207185
0.0357104 0.205641
0.0353128 0.208205
0.0352704 0.203645
0.0356337 0.202895
0.0363929 0.20794
0.0359562 0.20418
0.0347403 0.196652
0.0354786 0.201972
0.0348997 0.196794
0.034379 0.189994
0.0342845 0.188387
0.0345099 0.189835
0.0358758 0.198198
0.035879 0.196747
0.0376834 0.205296
0.0386929 0.207943
0.0382515 0.206072
0.0374599 0.203388
0.0376111 0.20405
0.037473 0.203957
0.0366371 0.196563
0.0383728 0.205164
0.0377641 0.200409
0.0374049 0.198287
0.0366925 0.191568
0.0363201 0.189594
0.0375544 0.192649
0.0364788 0.1873
0.0357913 0.186174
0.0352636 0.183549
0.0339231 0.175333
0.034648 0.176937
0.0325743 0.165797
0.0328995 0.166341
0.0338349 0.17255
0.0333548 0.171167
0.0341454 0.17272
0.0348617 0.175714
0.0340681 0.174534
0.0350682 0.177314
0.0364659 0.180572
0.0361283 0.177562
0.0349681 0.169976
0.0337188 0.166522
0.0354812 0.177512
0.0348427 0.175563
0.0346662 0.176004
0.0344418 0.181039
0.0327466 0.170087
0.0332072 0.17022
0.0328617 0.171735
0.033914 0.176959
0.0330635 0.172141
0.033786 0.175649
0.0335865 0.172995
0.0353619 0.180373
0.0347697 0.180267
0.0339551 0.179092
0.0350791 0.182925
0.0340647 0.177739
0.0341898 0.175652
0.0368219 0.188684
0.0358994 0.183025
0.0357321 0.187485
0.0323962 0.179836
0.0326092 0.181448
0.0325201 0.177845
0.0336254 0.180562
0.0318228 0.172237
0.0321161 0.175333
0.0313966 0.168471
0.0330562 0.178079
0.0331368 0.180662
0.0336116 0.188181
0.0326695 0.176864
0.0329827 0.180633
0.0329898 0.179599
0.0339234 0.18535
0.0333865 0.185133
0.033045 0.181587
0.0342737 0.186997
0.0333229 0.17998
0.0334668 0.182389
0.0334156 0.179672
0.033496 0.182251
0.0334074 0.177249
0.0332124 0.176921
0.0326085 0.171237
0.0326974 0.172307
0.0326071 0.171519
0.0323106 0.169184
0.0309085 0.162473
0.0307885 0.158915
0.0306833 0.158834
0.0305803 0.157776
0.0300366 0.153452
0.0299167 0.153136
0.0297619 0.152306
0.0307769 0.157917
0.0309306 0.156069
0.030329 0.152889
0.0307744 0.159081
0.0303417 0.15504
0.0298347 0.14981
0.0303018 0.149194
0.030274 0.148831
0.0298486 0.148723
0.0295297 0.148016
0.030515 0.150831
0.0313507 0.154163
0.030303 0.149178
0.0292782 0.14534
0.0304405 0.150631
0.0303201 0.150119
0.0311755 0.151481
0.0304956 0.148504
0.0298031 0.145668
0.0300822 0.151135
0.0306411 0.15193
0.029686 0.144908
0.0297104 0.146095
0.0297892 0.144898
0.0305852 0.146595
0.0298542 0.143805
0.0290176 0.136172
0.0295032 0.139649
0.0304481 0.142506
0.0306238 0.14575
0.0294497 0.139974
0.0302502 0.141622
0.0303827 0.141676
0.0300487 0.140296
0.0302725 0.140875
0.0295672 0.138598
0.0308098 0.143095
0.0309851 0.144291
0.0318356 0.150564
0.0327168 0.155316
0.0327519 0.156778
0.0326474 0.157376
0.0322845 0.156044
0.0327016 0.157581
0.03167 0.156703
0.0328725 0.162216
0.032292 0.158651
0.0315438 0.156889
0.0315843 0.156429
0.0306103 0.153562
0.0310459 0.154103
0.0313538 0.155741
0.0306479 0.153871
0.0308415 0.1561
0.030965 0.153766
0.030529 0.148266
0.030121 0.148591
0.0303401 0.15034
0.0304986 0.152435
0.0297834 0.149402
0.0300468 0.148656
0.0304971 0.149636
0.0295964 0.147938
0.0299473 0.147793
0.029708 0.147686
0.030536 0.153164
0.0304717 0.151452
0.0311552 0.152519
0.0314897 0.152072
0.0313355 0.155933
0.0304238 0.149394
0.0307356 0.149505
0.0317711 0.155343
0.0320636 0.156015
0.031192 0.152773
0.0313886 0.155602
0.0308136 0.153499
0.0306803 0.152286
0.0312816 0.153007
0.0318294 0.155263
0.0317776 0.158483
0.0320139 0.155949
0.0313932 0.152999
0.0312579 0.153232
0.0325902 0.156167
0.0322369 0.153149
0.0321801 0.154308
0.0325003 0.155312
0.0324974 0.155193
0.0321299 0.154033
0.0322142 0.154568
0.0315667 0.149097
0.0318963 0.152551
0.0311154 0.14998
0.0315645 0.15105
0.0317427 0.14999
0.0308166 0.144971
0.0310815 0.146312
0.030361 0.142154
0.0308774 0.143264
0.0316946 0.148203
0.0312075 0.145144
0.0309217 0.14382
0.0315752 0.146444
0.0326544 0.152679
0.0337385 0.154553
0.0329104 0.152059
0.0338609 0.157681
0.0341358 0.158517
0.0351493 0.162617
0.0350948 0.164358
0.0340414 0.15773
0.0341046 0.158797
0.0348995 0.161531
0.0345873 0.161838
0.0352574 0.163143
0.0346629 0.162534
0.0338825 0.159649
0.0340989 0.162654
0.0334404 0.154755
0.0338404 0.155095
0.0330223 0.154082
0.0331355 0.153055
0.0329014 0.152356
0.0328932 0.151415
0.0330893 0.153551
0.0345971 0.158964
0.0329378 0.15377
0.0329399 0.153091
0.032323 0.149344
0.0330164 0.152546
0.0323548 0.151234
0.0323257 0.151473
0.0319702 0.15071
0.0330124 0.153694
0.0329163 0.151311
0.0332174 0.155188
0.0335811 0.158276
0.0347039 0.165113
0.033777 0.161245
0.0342403 0.162287
0.0339473 0.159736
0.0337512 0.159352
0.033774 0.159107
0.0334479 0.157213
0.0330918 0.156474
0.0330423 0.155848
0.0328115 0.154776
0.0326793 0.154539
0.0326147 0.1539
0.0331127 0.15431
0.0337448 0.158443
0.0334888 0.155926
0.033535 0.157355
0.0342092 0.159608
0.0346275 0.158083
0.0335625 0.156
0.0333581 0.152081
0.0335995 0.154858
0.0333404 0.155545
0.0308252 0.139542
0.0317484 0.146149
0.0318958 0.148645
0.0321252 0.149299
0.0329829 0.150733
0.0329147 0.146187
0.0315953 0.145599
0.0327743 0.151824
0.0316754 0.14774
0.0322691 0.148362
0.0327667 0.152001
0.032631 0.150398
0.0328312 0.149206
0.0331041 0.152451
0.0327558 0.148324
0.0325442 0.149082
0.032709 0.147476
0.031704 0.144851
0.0317659 0.143543
0.0313865 0.141458
0.0318203 0.143352
0.0320388 0.145041
0.0328812 0.149028
0.0328256 0.144532
0.0327963 0.145608
0.0335055 0.152457
0.032682 0.150651
0.0334325 0.151695
0.0339102 0.153987
0.0341875 0.152526
0.0347286 0.155284
0.0361659 0.162289
0.0347176 0.155656
0.0343335 0.152722
0.0346837 0.15438
0.0344098 0.154963
0.0327687 0.146439
0.0334541 0.149036
0.0335504 0.1511
0.0329289 0.149061
0.0339576 0.158593
0.0336266 0.156219
0.0326315 0.151194
0.0332492 0.158011
0.0324595 0.153096
0.0314428 0.148296
0.0316708 0.147462
0.0317646 0.149252
0.0315935 0.151768
0.0324804 0.155041
0.0326362 0.150671
0.032121 0.153784
0.0317588 0.1507
0.0314509 0.144501
0.0326615 0.152295
0.0324046 0.149773
0.0324532 0.152096
0.032289 0.147359
0.0324425 0.148202
0.0319603 0.146501
0.0317498 0.144257
0.0323459 0.145706
0.0318873 0.145366
0.0315517 0.147344
0.0317784 0.147659
0.0298635 0.136901
0.0310819 0.141869
0.0309047 0.142077
0.0310183 0.142399
0.0314107 0.145153
0.0303705 0.141681
0.0305991 0.141682
0.0297885 0.139862
0.0299226 0.140105
0.0283857 0.132512
0.0281214 0.133623
0.0284542 0.134031
0.0287264 0.136281
0.0290196 0.139499
0.0290587 0.142092
0.0288671 0.141776
0.0293574 0.143168
0.0292136 0.144622
0.0288806 0.140912
0.0292923 0.143497
0.0294802 0.145103
0.0301432 0.147691
0.0305003 0.150156
0.0298998 0.143922
0.0288123 0.136618
0.0288655 0.139502
0.0289938 0.140288
0.0301419 0.144577
0.029718 0.14341
0.0301346 0.145347
0.0304543 0.150047
0.0311871 0.151089
0.030938 0.151664
0.0312079 0.152455
0.0309996 0.153734
0.0296204 0.143632
0.0303753 0.148438
0.0307981 0.15079
0.030131 0.146899
0.0297053 0.145289
0.0291516 0.142386
0.0290579 0.142235
0.0289691 0.141217
0.0297658 0.147362
0.0296578 0.145961
0.0301799 0.146811
0.030108 0.145801
0.0304445 0.147497
0.0305376 0.146396
0.0299855 0.14241
0.0294268 0.140028
0.0299077 0.142727
0.030434 0.145254
0.0301008 0.145231
0.0305823 0.145749
0.0310321 0.151783
0.0311235 0.151085
0.0313541 0.152583
0.0304948 0.147861
0.0304248 0.14692
0.0304532 0.14434
0.0292006 0.140063
0.0303801 0.147319
0.0300519 0.144183
0.0292602 0.142813
0.0279058 0.133899
0.027352 0.129667
0.0277942 0.134936
0.0276968 0.135392
0.0281933 0.13939
0.0283511 0.140479
0.0278403 0.138595
0.0283403 0.142027
0.0282107 0.13953
0.0284255 0.141136
0.0280364 0.140305
0.0264159 0.134109
0.0274171 0.137752
0.0269827 0.136708
0.0268897 0.136393
0.0264766 0.132347
0.0274379 0.139185
0.0267602 0.134324
0.0275086 0.137418
0.0279584 0.142888
0.0267957 0.136769
0.0273978 0.13943
0.0262815 0.135855
0.0269782 0.140403
0.0278418 0.14503
0.0280417 0.145041
0.027076 0.138766
0.0273256 0.142905
0.027912 0.146725
0.0282195 0.149015
0.0278423 0.150182
0.0280832 0.152913
0.0269934 0.147228
0.0265139 0.14595
0.0253951 0.14198
0.025464 0.145881
0.0231491 0.130548
0.0240608 0.135708
0.0244004 0.137789
0.0244466 0.139085
0.0240233 0.137405
0.0237712 0.137573
0.0245146 0.140194
0.0246031 0.140378
0.0247708 0.143202
0.0246556 0.140219
0.0242299 0.137591
0.0243071 0.142253
0.0239378 0.137549
0.0234963 0.136309
0.0229979 0.131353
0.022807 0.134632
0.0230688 0.138295
0.0214798 0.12776
0.0211536 0.125742
0.0217455 0.129943
0.0228659 0.140454
0.0220836 0.13496
0.0216248 0.132856
0.0219764 0.135604
0.0224374 0.138125
0.0216987 0.133869
0.0220085 0.134854
0.0211489 0.12775
0.0224374 0.139592
0.0218265 0.135354
0.0219213 0.136124
0.0222397 0.135703
0.0228861 0.140144
0.0218611 0.135049
0.0217005 0.134426
0.0210696 0.129261
0.0214974 0.130698
0.0220763 0.135094
0.0213718 0.132261
0.0203054 0.127821
0.0203242 0.127377
0.0202885 0.126572
0.0205155 0.129868
0.0211465 0.134045
0.0219835 0.139046
0.0223519 0.141411
0.0226639 0.141429
0.0237588 0.147581
0.0233542 0.141867
0.0234807 0.140835
0.0239311 0.147761
0.0242648 0.149552
0.0236392 0.148047
0.0233663 0.144463
0.0233506 0.143647
0.0235289 0.14369
0.0237133 0.140401
0.0232014 0.140225
0.0235064 0.139753
0.0240421 0.144796
0.0237329 0.141425
0.0245852 0.145318
0.0249429 0.148634
0.025169 0.148902
0.0250182 0.150946
0.0239983 0.142259
0.0239001 0.140059
0.0245079 0.142512
0.0240648 0.141168
0.0248986 0.144609
0.025025 0.141093
0.0243153 0.138589
0.0241012 0.134827
0.0251539 0.139784
0.0250163 0.138148
0.0248023 0.134831
0.0243846 0.13361
0.0239188 0.130979
0.0237554 0.127228
0.0234933 0.12328
0.0245921 0.130226
0.0244253 0.127191
0.0248497 0.128473
0.0252086 0.131456
0.0270293 0.137905
0.0271496 0.141525
0.0279796 0.143091
0.0286078 0.14209
0.0281729 0.143709
0.0294854 0.145781
0.0303907 0.148637
0.0307218 0.147826
0.0298492 0.145283
0.0309949 0.148035
0.0300108 0.144819
0.0312879 0.149944
0.0302812 0.146354
0.0290867 0.14153
0.0300744 0.146147
0.0295812 0.14679
0.0283287 0.141209
0.0288803 0.143385
0.0282747 0.140455
0.0278118 0.138381
0.0280265 0.141714
0.0277283 0.136066
0.0290188 0.143452
0.028756 0.141831
0.0292103 0.141338
0.0297826 0.142683
0.0313916 0.149466
0.0316236 0.146779
0.0301588 0.139681
0.0307595 0.142647
0.0298403 0.1392
0.0293462 0.137993
0.0290338 0.138606
0.0282568 0.136574
0.0280637 0.136373
0.0286703 0.138792
0.0301013 0.146268
0.0302992 0.145386
0.030115 0.144175
0.0307558 0.14297
0.0310119 0.147187
0.0315071 0.145515
0.0316197 0.148394
0.0322013 0.152077
0.0313895 0.148383
0.03136 0.147033
0.0311935 0.145811
0.0322861 0.154549
0.0317169 0.151146
0.0315957 0.150838
0.0320161 0.151773
0.0318224 0.15347
0.0308667 0.144845
0.0311519 0.147876
0.0303775 0.14229
0.0307601 0.145103
0.0310201 0.149179
0.0297492 0.141583
0.0296343 0.142015
0.0297099 0.142291
0.0294542 0.137962
0.0296809 0.141917
0.0290419 0.139064
0.0307114 0.142633
0.0307405 0.143394
0.0303765 0.144231
0.0305808 0.141605
0.0310605 0.145612
0.0308706 0.14024
0.031462 0.148012
0.0308902 0.142676
0.0315409 0.14777
0.0321365 0.147522
0.0319548 0.146009
0.0326326 0.15094
0.0331953 0.153794
0.033639 0.157723
0.0342282 0.16058
0.0334296 0.156228
0.0333269 0.154729
0.0336223 0.155807
0.0333072 0.154824
0.0340489 0.15777
0.0342482 0.162875
0.0334665 0.156678
0.0340771 0.161499
0.0343424 0.163338
0.0342523 0.162051
0.0345384 0.161206
0.0345731 0.164471
0.0350622 0.166616
0.0338459 0.162769
0.0339879 0.166027
0.0338246 0.162867
0.033742 0.164219
0.0334485 0.16089
0.0332449 0.160912
0.0330559 0.157793
0.033457 0.161218
0.0342341 0.162554
0.0331779 0.156984
0.0334075 0.158748
0.0347215 0.165374
0.0331409 0.153253
0.0337376 0.155915
0.0352231 0.159715
0.0364189 0.164521
0.0347076 0.158147
0.0342783 0.157192
0.0321476 0.148683
0.0322553 0.14793
0.0331558 0.151467
0.0337362 0.154636
0.0334089 0.152219
0.032712 0.148984
0.0316656 0.146871
0.0321289 0.148647
0.0314824 0.143497
0.032081 0.147317
0.0315488 0.145172
0.0312487 0.145225
0.0323871 0.153038
0.0312808 0.147755
0.0307748 0.145156
0.0310104 0.146882
0.0310522 0.148182
0.0301412 0.142394
0.0304756 0.145885
0.0305176 0.145228
0.0302648 0.144816
0.0292706 0.141152
0.0303853 0.14684
0.0302676 0.146886
0.0297893 0.142739
0.0315326 0.155771
0.0312614 0.152549
0.0318149 0.155493
0.0313451 0.155407
0.0318369 0.157526
0.032672 0.161205
0.0311972 0.151496
0.0316612 0.154176
0.0307347 0.149719
0.0315202 0.15184
0.0313492 0.151644
0.0312208 0.150455
0.0306 0.147483
0.0300356 0.144011
0.0299573 0.143503
0.0305381 0.148789
0.0305353 0.14837
0.0298546 0.148816
0.0303835 0.151557
0.0296822 0.148534
0.0292519 0.147222
0.0279558 0.143199
0.0276215 0.144411
0.0266182 0.138416
0.0260713 0.136313
0.025296 0.132165
0.0247191 0.129815
0.0238246 0.125194
0.0244153 0.12952
0.0242948 0.128362
0.0246911 0.13043
0.0244483 0.131311
0.0249857 0.133998
0.0246028 0.133272
0.0256761 0.138778
0.0253796 0.136768
0.0245166 0.13221
0.0245791 0.134361
0.0241596 0.132509
0.0241107 0.13114
0.022933 0.125636
0.0228398 0.126115
0.0233529 0.128167
0.0227469 0.125815
0.0226665 0.125174
0.0229207 0.126718
0.0223426 0.124824
0.0226026 0.125882
0.022956 0.128347
0.0223951 0.125734
0.0224596 0.127268
0.0221094 0.126238
0.0223217 0.127369
0.0231374 0.132485
0.0223085 0.128397
0.0219394 0.126631
0.0229495 0.13547
0.0231514 0.136617
0.0230426 0.134399
0.0233065 0.13505
0.0243811 0.143592
0.023423 0.138944
0.0237583 0.138405
0.0235255 0.137889
0.0237023 0.139066
0.0236637 0.13969
0.0240423 0.140769
0.0237276 0.13845
0.0233012 0.137466
0.0234855 0.137901
0.0232019 0.136621
0.0234784 0.138227
0.0236262 0.139546
0.0232539 0.137286
0.0229602 0.135185
0.0239084 0.139297
0.0228871 0.133666
0.0230173 0.135331
0.0235555 0.138862
0.0230301 0.136296
0.0234855 0.138223
0.0234144 0.13685
0.0234811 0.138403
0.0235091 0.13862
0.023323 0.137669
0.0238051 0.140667
0.0237536 0.138882
0.0231524 0.135887
0.0233708 0.137396
0.0237661 0.138906
0.0239423 0.141372
0.0236681 0.13922
0.023699 0.13967
0.0240787 0.140377
0.0233984 0.137889
0.0233069 0.136927
0.0233188 0.138114
0.0232941 0.137166
0.0229631 0.135451
0.0231153 0.136173
0.0228404 0.134334
0.023047 0.135508
0.0233842 0.138384
0.0234094 0.137508
0.0224827 0.131659
0.0231659 0.136034
0.0230964 0.135616
0.0221542 0.131099
0.0231073 0.135745
0.0235193 0.138291
0.0220875 0.131099
0.022803 0.134089
0.0223079 0.131871
0.0227989 0.133162
0.0220376 0.130424
0.0222645 0.129862
0.0220372 0.12965
0.0216468 0.127827
0.0223413 0.131814
0.022439 0.13199
0.0223709 0.1319
0.0219808 0.129507
0.0217859 0.128413
0.0221308 0.129727
0.0219721 0.130099
0.0224335 0.132349
0.0215458 0.126595
0.0218692 0.129123
0.0222185 0.130196
0.0221256 0.131133
0.0223376 0.131138
0.0222812 0.130744
0.0213084 0.125829
0.0224956 0.132521
0.0217759 0.127975
0.022059 0.129789
