45213
43814
43744
44708
45596
46162
46074
46397
46607
46179
46404
46344
46492
46538
46289
46425
46426
46659
46472
46254
46476
46603
46307
46230
45893
45204
44991
44653
44373
44227
43875
44032
43909
43972
44102
44009
44109
44601
44810
45439
45690
45948
45737
45768
45970
45891
46069
45760
45823
46125
46104
45924
46079
46083
46037
46232
46078
46130
45873
46352
46145
46205
46097
46513
46539
46405
46344
46173
46213
46284
46305
45890
46153
46355
46310
46350
46079
46270
46359
46476
46288
46530
46379
46327
46489
46661
46619
46673
46405
46434
46619
46679
46541
46725
46507
46743
46767
46737
46702
46840
46656
46696
46569
46839
46839
46733
46772
46968
46716
46798
46573
46596
46539
46789
46817
46691
46924
46779
46996
46751
46921
46983
46935
46859
46829
47003
46799
47055
47054
47005
47007
47041
46921
46768
46724
46795
46649
46544
47022
47016
47193
47043
46887
46983
46864
47107
47046
46865
46821
46739
47039
47060
47198
46962
47051
47116
47014
47063
46938
46717
47226
47147
47092
46893
46875
47054
47025
47234
47149
47114
46903
47136
47061
47320
47127
47215
47078
47315
47267
47248
47222
47114
47161
47240
47141
47196
47223
47227
46954
47011
47348
47271
47063
47109
47180
47403
47122
47301
47071
47212
47481
47035
47249
47526
47166
47397
47309
47224
47583
47633
47661
47249
47492
47370
47534
47529
47390
47535
47515
47336
47280
47379
47401
47656
47532
47548
47499
47340
47266
47598
47628
47661
47496
47873
47282
47484
47678
47405
47799
47474
47660
47532
47614
47674
47446
47556
47350
47759
47831
47601
47406
47764
47516
47563
47378
47577
48017
47820
47574
47663
47765
47737
47803
47733
47856
47745
47618
47541
47592
47588
47613
47531
47650
47867
47870
47470
47968
47719
47657
47830
47599
47895
47848
47704
47758
48189
47554
48003
47806
47867
47689
48132
47974
48246
48100
48228
48159
48139
48298
48520
48209
48124
47920
47914
48235
48328
47938
47904
47996
48345
48376
48253
48323
48276
48443
48239
48508
48288
48391
48592
48291
48231
48292
48423
48305
48641
48575
48574
47999
48621
48750
48639
48394
48537
48374
48553
48519
48363
48500
48691
48197
48370
48699
48453
48158
48308
48306
48584
48524
48353
48220
48280
48270
48742
48264
48640
48341
48412
48518
48434
48357
48250
48388
48408
48442
48594
48563
48515
48627
48188
48271
48532
48310
48613
48636
48498
48345
48431
48560
48559
48427
48194
48364
48463
48579
48447
48517
48457
48470
48894
48634
48341
48483
48483
48520
48380
48522
48469
48361
48502
48634
48595
48412
48340
48236
48405
48397
48365
48402
48234
48394
48472
48234
48467
48381
48266
48483
48339
48234
48299
48237
48050
48230
48353
48147
48276
48155
48114
48141
48169
47922
48107
47753
47891
47901
47704
47580
47767
47981
47645
47426
47628
47378
47524
47365
47082
47023
47139
47098
47027
46792
47028
47056
46927
46806
46855
46748
47002
46645
46639
46884
46667
46877
46599
46571
46799
46816
46754
46577
46630
47008
46562
46546
46812
46675
46426
46597
46879
46469
46652
46704
46581
46347
46371
46070
46078
46120
45989
46060
45728
45533
45989
45619
45631
46053
45917
45653
45605
45731
45842
46085
45784
45992
46183
45670
45874
45959
46156
45811
46220
46210
46387
46711
46411
46440
46751
46892
46575
46352
46195
46517
46323
46816
46566
46520
46560
46097
45867
45908
45825
44809
45034
45041
45405
45517
45404
45491
45410
45562
45201
45372
45291
45337
45433
44899
44285
44349
44500
44528
44298
43551
43561
43789
44022
45314
45110
44926
45085
45502
45460
45610
45710
45448
45758
46098
46206
46378
46546
46995
47511
47500
47805
47719
47822
47946
47714
47964
47871
47802
48057
47848
48045
47940
48137
47972
47875
48234
48048
47893
47849
47809
47702
47756
47562
47621
47962
47808
47884
48173
47782
47619
47988
47831
47823
47409
47679
47948
48035
47779
47935
48165
48004
47997
47933
47833
48266
47622
47708
48048
47636
47922
47656
47634
47485
47355
47313
47337
47468
47356
47477
47546
47643
47837
47304
47504
47648
47492
47533
47607
47586
47540
47501
47473
47332
47442
47396
47412
47409
47659
47152
47641
47283
47361
47485
47421
47119
47317
47518
47430
47144
47496
47281
47416
47342
47479
47229
47504
47409
47329
47042
47367
47316
47008
47151
47141
47138
47173
47308
47060
47360
47435
47372
47395
47318
47377
47295
47561
47219
47232
47072
46925
47284
47130
46890
47128
47075
47106
47028
46987
47266
47237
47164
47156
47054
47082
47222
47157
47009
47133
47150
47170
47080
47183
47115
47027
47362
47359
47211
47007
47350
47238
47169
46952
46998
47144
46812
46940
47103
47079
47073
47228
47048
47148
47474
47303
47209
47247
47126
47142
46911
47180
47115
47151
47159
47136
47095
46965
46910
47007
47152
47279
47097
47085
47061
47064
46866
46945
46887
47182
46888
46937
46973
46862
46675
46715
46808
47063
46485
46794
46787
47109
46945
46804
46858
46723
46721
46977
47064
47137
46812
46691
46893
46852
46818
46874
46661
46676
47223
47147
47284
47163
47129
46920
47324
47236
47128
47130
47013
47095
47072
47105
47121
46936
46876
46960
46920
46883
46902
46835
46992
46978
47129
47139
46947
46844
47145
47198
47436
47579
47289
47468
47155
47383
47046
47269
47204
47244
47490
47355
47075
46896
46952
47009
47286
47208
47311
47124
47445
47323
47079
47011
47345
47321
47284
47167
47870
47552
47420
47366
47407
47438
47559
47399
47373
47216
47568
47101
47340
46753
47230
47135
47024
47056
47100
47212
47217
47042
47086
47048
47199
46820
46926
47034
47023
47088
47202
47052
47163
47517
47236
47456
47334
47458
47335
47557
47459
47358
47387
47902
47585
47525
47549
47639
47287
47562
47309
47367
47356
47545
47522
47562
47557
47267
47358
47422
47245
47184
47166
47338
47110
47419
47296
47332
47361
47518
47671
47909
47614
47662
47873
47849
48002
47879
48346
47751
48422
48250
48348
47874
47880
48247
47952
48077
48056
48194
48090
48093
48006
48134
48344
48345
48324
48446
48290
48218
48247
48370
48488
48386
48411
48285
48423
48475
48263
48120
48106
48110
48093
48127
48139
48050
47898
48214
48295
48389
48795
48098
48403
47836
48196
47526
47885
48157
47916
48161
48037
48190
48234
48165
48170
47866
48107
48120
48316
47952
47501
47176
47269
47409
47415
47489
47285
47484
47290
47373
47246
47083
46849
46949
46962
46927
47190
47031
47108
47021
47035
47003
47040
47083
47047
47191
47135
47050
47226
47090
46987
47569
47318
48026
47172
47452
47364
47312
47276
47242
47338
47283
47270
47017
47093
46842
47033
47214
47122
47008
46899
47219
46983
46982
46910
46743
46613
47054
47162
47029
47141
47388
47000
47320
47388
47203
47156
47206
47399
47163
47497
47175
47156
47158
47202
47070
47344
47169
47405
47023
47166
47359
47327
47426
47272
46956
47223
46763
47567
47445
47271
47084
46539
46725
47167
47050
47039
46793
46923
46910
46975
46441
46944
46774
46889
47105
46889
47063
46908
47105
46981
47165
47146
46748
47205
46657
46770
46921
46532
46679
46618
46706
46722
47403
46387
46419
46305
46619
46549
46687
46788
46632
46848
46818
46747
46706
46889
46565
46599
46614
46529
47022
46754
46873
46799
46981
46426
46777
46607
46582
46674
46644
46523
46735
46587
46755
46732
46636
46027
46732
46911
46633
47056
46962
46961
47098
47099
47108
47110
47101
47336
47255
47122
47170
47472
47675
47541
47183
47447
47307
47393
47515
47282
47682
47520
47476
47282
47399
47680
47446
47523
47471
47468
47622
47384
47395
47823
47463
47853
47577
47715
47650
47768
48062
47686
47781
47712
48070
47859
47857
47863
47759
47668
47666
47666
48152
47902
47884
47959
47913
47992
47909
47933
47931
47877
48269
47807
47902
48090
48209
48109
48107
48183
48119
48116
48137
47757
47698
47828
47808
47677
47952
47840
47987
48038
47903
47847
47810
47772
48195
47844
48037
47829
47843
48027
47907
47833
48172
47713
47965
47590
48145
47834
47919
48044
48162
48175
48277
48042
47921
47897
48334
47964
47898
48150
47933
48315
47946
47888
48103
47876
47897
47917
