60.7243   285.302   346.026 0.104337   0.0458943
62.7404   318.328   381.069 0.111308   0.0513958
64.1105   315.666   379.776 0.111303   0.0509549
61.6626   320.285   381.948 0.107551   0.0509494
65.6333   307.804   373.437 0.109633   0.0489121
63.3103   320.054   383.365 0.110425   0.0510807
67.4551   324.907   392.362 0.113513   0.0517348
67.8526   460.946   528.798 0.115461   0.0761391
69.0262   520.421   589.447 0.118602   0.0893734
68.4358   471.701   540.137 0.121946   0.0801259
72.5003   565.48   637.98 0.127829   0.0977747
82.4113   645.17   727.582 0.142272   0.117823
75.3045   594.608   669.912 0.132812   0.102974
71.7002   523.611   595.311 0.128265   0.0902778
72.6822   602.325   675.007 0.134206   0.111586
80.9033   609.231   690.134 0.140742   0.114668
70.6628   420.333   490.996 0.120134   0.0729112
73.213   411.113   484.326 0.122635   0.0708419
78.597   554.821   633.418 0.130821   0.0986875
78.9366   534.915   613.852 0.130646   0.0951535
75.9983   507.158   583.156 0.130134   0.0885478
73.7758   433.289   507.064 0.123536   0.0744866
72.6004   432.753   505.353 0.125317   0.0734766
73.0689   444.964   518.033 0.124904   0.0748657
70.7042   478.733   549.438 0.124864   0.0809218
69.1272   465.556   534.684 0.123736   0.0774078
71.6162   479.468   551.084 0.123903   0.0789898
72.7922   455.37   528.162 0.123639   0.0744707
78.2061   466.914   545.12 0.125834   0.0777412
76.1153   453.79   529.905 0.126774   0.0768588
73.7763   494.658   568.434 0.129319   0.0864636
74.6552   602.087   676.742 0.129572   0.111137
69.2439   470.738   539.982 0.126325   0.0846694
63.5518   445.283   508.835 0.103336   0.0649954
68.9497   508.926   577.876 0.113778   0.0750629
62.5878   482.701   545.289 0.108096   0.0711319
60.9341   435.143   496.077 0.112771   0.0643957
69.4522   492.421   561.873 0.116726   0.0741486
70.6761   470.976   541.652 0.122862   0.0720808
70.9257   473.389   544.315 0.125458   0.0752406
67.7769   479.161   546.938 0.121084   0.0765249
68.8781   474.617   543.495 0.115181   0.0765676
72.0259   492.599   564.625 0.118503   0.0776431
70.7022   461.667   532.369 0.12091   0.0737399
74.2497   459.762   534.012 0.125084   0.0741911
71.586   472.532   544.118 0.123318   0.0751541
68.4896   494.366   562.855 0.121608   0.0810622
68.0886   510.191   578.28 0.12459   0.0852485
75.3694   523.281   598.65 0.127367   0.0885416
68.9804   540.725   609.705 0.12401   0.0911962
53.5151   442.037   495.553 0.0962502   0.0655964
57.7286   448.907   506.636 0.0974048   0.0673664
58.4501   449.927   508.377 0.101564   0.0668217
59.5801   447.103   506.683 0.101069   0.0672664
58.4272   450.85   509.277 0.101932   0.0679646
59.8067   457.19   516.997 0.100685   0.0690829
62.1627   453.283   515.445 0.104358   0.068867
64.9354   477.555   542.491 0.105017   0.0724923
62.6813   462.534   525.215 0.107746   0.070651
62.8914   497.253   560.144 0.109758   0.0769169
64.0874   494.98   559.067 0.108881   0.0771983
68.0451   498.176   566.221 0.113361   0.0779252
68.7641   499.27   568.034 0.11295   0.0778649
68.4152   486.475   554.89 0.114359   0.0751226
67.2647   509.79   577.055 0.112624   0.0797794
70.3934   526.339   596.733 0.118149   0.0846886
64.5335   523.569   588.102 0.112821   0.0840777
55.1333   449.721   504.854 0.0921576   0.0662158
57.6473   451.23   508.877 0.0973773   0.0666415
56.1087   443.258   499.367 0.0896305   0.0652842
59.6285   442.347   501.975 0.0960511   0.065496
65.0997   448.124   513.223 0.104595   0.0662669
64.039   480.495   544.534 0.106776   0.0719546
61.073   492.537   553.61 0.10145   0.0742891
62.0493   514.081   576.13 0.103115   0.0767658
63.7603   528.815   592.575 0.108621   0.0816728
60.0034   526.584   586.587 0.104052   0.0801253
59.4798   535.53   595.01 0.106467   0.0826435
66.1276   532.777   598.904 0.108317   0.0809353
66.9121   515.114   582.026 0.111211   0.0788117
64.8451   539.773   604.618 0.109573   0.0836132
63.8074   540.806   604.613 0.109259   0.0833419
63.9969   536.435   600.432 0.113975   0.0831941
65.029   554.32   619.349 0.112624   0.0852275
56.4197   464.525   520.944 0.0927956   0.0689001
61.4849   467.716   529.201 0.0956591   0.0695954
63.2338   440.318   503.552 0.0994242   0.0646544
61.166   457.565   518.73 0.0991023   0.067011
60.1229   505.604   565.727 0.0953575   0.0743426
65.68   482.874   548.554 0.102689   0.0719141
66.9779   482.497   549.475 0.105187   0.0722139
68.5152   502.595   571.11 0.10389   0.0769465
65.3845   518.165   583.55 0.101845   0.0775619
67.0438   518.295   585.338 0.102631   0.0779771
66.5507   538.565   605.116 0.104094   0.0817825
68.6297   539.093   607.723 0.107133   0.0816882
72.2443   543.224   615.468 0.111833   0.0833378
76.7811   526.513   603.294 0.112789   0.0810769
74.6116   527.757   602.369 0.110754   0.0820369
60.763   415.145   475.908 0.0897202   0.0621615
62.7317   423.223   485.955 0.094121   0.0635828
67.5327   414.147   481.68 0.0987319   0.0635195
68.5618   421.611   490.172 0.101573   0.0649381
69.168   451.384   520.552 0.102289   0.0688926
70.2821   437.494   507.776 0.10208   0.0682093
65.3144   441.265   506.579 0.0976299   0.0694031
67.0796   457.163   524.242 0.0977481   0.0721048
68.574   465.589   534.163 0.0984904   0.0727881
74.8987   468.024   542.923 0.10126   0.0742699
74.174   467.615   541.789 0.106152   0.0741746
73.3064   438.508   511.814 0.108281   0.0695106
75.7116   459.283   534.995 0.105536   0.0730924
74.2923   453.242   527.534 0.109093   0.0720489
77.7313   456.983   534.715 0.108829   0.0724479
57.7077   425.093   482.801 0.0837557   0.0650368
57.2781   428.434   485.712 0.0867521   0.0660425
63.1103   465.06   528.171 0.0920647   0.0725297
63.7187   454.425   518.144 0.0915498   0.0705958
61.7225   440.019   501.742 0.0900073   0.0684721
65.4078   443.489   508.896 0.0944517   0.0708109
66.4836   417.653   484.136 0.0979139   0.0670201
61.468   419.051   480.519 0.0932747   0.0674638
65.315   434.638   499.953 0.0932739   0.0703098
63.2614   445.615   508.877 0.0921283   0.0731716
68.3534   453.941   522.294 0.0979837   0.07606
65.0945   448.089   513.183 0.0926942   0.0741684
71.9224   498.144   570.066 0.100638   0.079786
59.9329   405.737   465.67 0.0864832   0.0628092
59.1277   415.771   474.898 0.0856303   0.064651
61.326   458.167   519.493 0.090585   0.0719235
59.956   445.503   505.459 0.0905406   0.0701249
63.2199   455.157   518.377 0.0953255   0.0728765
66.505   475.533   542.038 0.0998199   0.0768724
68.0421   466.899   534.941 0.102434   0.0773267
71.205   466.183   537.388 0.107398   0.0789505
69.3412   468.991   538.333 0.111532   0.0802106
77.8626   483.189   561.052 0.112453   0.0831593
75.7275   471.66   547.388 0.111241   0.0825555
55.2274   358.045   413.273 0.0853065   0.0612797
60.7338   373.185   433.919 0.092688   0.0641432
59.6905   387.472   447.162 0.0975335   0.0682319
62.6615   403.326   465.987 0.0997794   0.0714199
67.0861   407.132   474.218 0.103475   0.0722613
65.519   397.004   462.523 0.10232   0.0720603
64.3318   394.537   458.869 0.103719   0.0727493
63.6353   394.351   457.986 0.10322   0.0746559
63.739   369.474   433.213 0.102113   0.0714347
67.7652   385.763   453.528 0.108482   0.0755607
49.0162   346.873   395.889 0.0875289   0.0658328
49.6871   341.599   391.286 0.0891248   0.0661821
52.0362   366.53   418.566 0.0889129   0.0709024
56.5136   325.999   382.513 0.0972696   0.0639778
54.5968   321.62   376.217 0.100251   0.0646264
55.8616   328.932   384.793 0.0982614   0.0653907
59.1948   331.966   391.161 0.10157   0.0670855
61.0121   316.309   377.321 0.102326   0.0653768
61.4143   313.142   374.556 0.0994162   0.0661823
62.3684   307.722   370.09 0.105501   0.0671955
45.222   264.898   310.12 0.0775145   0.0566942
50.6201   282.007   332.627 0.0821755   0.0613058
57.9732   288.468   346.441 0.0882729   0.0643471
55.2846   316.402   371.686 0.0892263   0.0701867
54.1078   323.509   377.616 0.0907088   0.0732708
55.6754   291.43   347.105 0.0940992   0.0676747
53.2657   294.802   348.068 0.0901281   0.0691926
52.0927   288.547   340.64 0.0920365   0.069196
53.3774   283.408   336.785 0.0919244   0.0683404
56.4394   285.435   341.874 0.0934943   0.0697657
45.7322   259.753   305.485 0.080232   0.0619454
48.7389   250.574   299.313 0.0850591   0.0609758
51.048   248.836   299.884 0.0879532   0.0612323
54.0767   248.778   302.855 0.089739   0.0619591
54.2324   268.632   322.865 0.091435   0.0658231
50.8109   255.703   306.514 0.088701   0.0646641
52.793   261.544   314.337 0.0927006   0.0669254
48.6661   263.685   312.351 0.087484   0.0675026
48.7782   259.234   308.012 0.0881003   0.0678386
53.0339   260.178   313.212 0.091359   0.0682568
52.1034   266.052   318.155 0.0908516   0.0709093
48.5194   240.126   288.646 0.0818662   0.0631607
44.8614   246.506   291.368 0.0842996   0.0655748
45.2523   260.148   305.4 0.0838006   0.0691515
46.2234   266.03   312.253 0.0852201   0.0719349
49.5126   265.108   314.621 0.0911834   0.0726751
52.3907   270.189   322.58 0.0925222   0.0743554
49.9788   262.264   312.242 0.0895142   0.0723619
50.3438   249.047   299.391 0.0892884   0.0684916
48.3379   250.062   298.4 0.0916359   0.0694327
51.0093   243.879   294.888 0.0889179   0.0697328
39.8999   226.117   266.017 0.0772057   0.0623566
44.1973   233.321   277.518 0.0818468   0.0650145
43.4107   240.875   284.286 0.083354   0.0690266
44.9012   230.962   275.863 0.0860836   0.0667675
48.1778   227.554   275.732 0.0918109   0.0673236
50.3254   225.153   275.479 0.0902698   0.0667466
50.0918   214.074   264.166 0.0927381   0.0640831
52.3699   206.189   258.559 0.0926573   0.0644139
49.8991   208.095   257.994 0.0933741   0.0662342
49.2136   206.808   256.021 0.089577   0.0655908
40.3519   184.857   225.209 0.0764724   0.057427
44.4816   196.845   241.327 0.080147   0.0616248
44.3513   202.026   246.377 0.0871913   0.0649636
45.4194   197.489   242.909 0.0881441   0.0635393
49.5147   192.878   242.393 0.0915582   0.0629416
47.0871   195.864   242.951 0.090587   0.0635302
48.1039   189.63   237.734 0.0939988   0.0634745
51.7434   189.934   241.677 0.0950293   0.0642465
49.6775   194.828   244.505 0.0979349   0.065571
39.3489   180.028   219.377 0.0809648   0.0576459
43.7434   178.955   222.699 0.0834798   0.0581099
43.8086   183.422   227.231 0.0877635   0.0612292
44.15   186.268   230.419 0.094237   0.0638562
47.7101   194.618   242.328 0.0966117   0.0666882
49.928   192.23   242.158 0.100763   0.0674256
47.844   196.196   244.04 0.101407   0.0687876
50.77   214.255   265.025 0.106287   0.0748488
39.6388   180.221   219.86 0.086975   0.0599738
46.8021   180.671   227.473 0.0975044   0.0624985
46.3238   190.089   236.413 0.09945   0.0677825
47.6244   193.583   241.208 0.107687   0.0717639
49.5975   196.659   246.256 0.107821   0.0734703
51.5286   198.719   250.247 0.111848   0.0776337
51.2201   195.588   246.809 0.114629   0.0796857
53.0322   189.976   243.008 0.112565   0.0804257
35.6945   159.428   195.122 0.0827411   0.0639502
38.2131   155.081   193.294 0.085762   0.0662942
43.1229   178.594   221.717 0.0991711   0.0769581
44.3637   178.977   223.341 0.098879   0.0791233
48.5727   185.402   233.975 0.1056   0.085586
50.3537   188.831   239.185 0.109743   0.0877945
50.1301   187.507   237.637 0.112779   0.0875382
43.842   149.997   193.839 0.0908077   0.0662122
50.5739   149.026   199.6 0.0990093   0.0690831
50.3631   152.086   202.449 0.103628   0.0716091
52.7298   158.831   211.56 0.111755   0.0760258
54.7389   160.084   214.822 0.11825   0.0797771
60.2708   158.081   218.352 0.118682   0.0796579
57.7961   158.99   216.786 0.123584   0.0818833
59.2405   158.709   217.95 0.125403   0.0807681
38.7463   139.626   178.373 0.0859502   0.0634261
43.0846   147.469   190.554 0.0913972   0.0680209
47.5671   159.134   206.702 0.1028   0.073576
45.2221   162.67   207.892 0.0998831   0.0740504
49.7196   158.796   208.516 0.108086   0.0738702
51.1815   167.852   219.033 0.113422   0.0808457
53.2996   164.173   217.473 0.113403   0.0792013
54.4012   177.254   231.655 0.115698   0.084916
40.7518   160.255   201.007 0.0880486   0.0648413
38.8918   179.101   217.993 0.0928759   0.0711355
49.4697   190.879   240.348 0.104422   0.0768896
49.2282   191.116   240.345 0.106863   0.0794222
55.4173   195.76   251.178 0.118119   0.0840233
54.4575   204.566   259.024 0.115482   0.084994
52.8237   198.114   250.938 0.121673   0.0857744
59.8645   222.78   282.644 0.128396   0.0951543
40.3092   198.297   238.606 0.0906699   0.068093
44.3987   223.039   267.437 0.0935104   0.0748703
43.2801   232.997   276.277 0.0971495   0.0821762
46.4988   244.531   291.03 0.101882   0.0890759
50.21   237.328   287.538 0.111523   0.08551
48.1277   238.85   286.978 0.111628   0.0873629
54.7164   238.437   293.153 0.120635   0.0875043
44.4262   226.803   271.229 0.0932018   0.0735339
50.8722   240.582   291.454 0.098426   0.0763511
54.5094   260.208   314.717 0.106464   0.0793558
59.2298   264.62   323.85 0.115149   0.0822024
59.3134   258.054   317.367 0.116654   0.0821899
56.3127   274.86   331.173 0.119054   0.0875768
55.3136   280.025   335.339 0.120706   0.0895042
50.1063   267.515   317.622 0.112535   0.0847943
49.7142   261.396   311.111 0.112032   0.0815717
52.6612   255.042   307.703 0.115855   0.0817679
52.0624   220.76   272.822 0.0988276   0.0631066
56.0332   253.244   309.277 0.108556   0.0715075
50.945   256.14   307.085 0.102795   0.0737307
47.9197   260.861   308.781 0.105145   0.0819514
49.1604   272.41   321.571 0.117049   0.0846859
59.2811   292.374   351.655 0.128704   0.0898341
56.0183   287.858   343.876 0.124347   0.0877437
53.2845   259.798   313.083 0.122437   0.0819449
51.5747   259.604   311.179 0.118797   0.0818498
41.0167   192.117   233.134 0.077317   0.0551545
47.1032   220.945   268.048 0.0906703   0.0631631
53.8122   253.491   307.303 0.0975742   0.0704753
54.656   280.794   335.45 0.099616   0.0769088
56.5364   271.156   327.692 0.100742   0.0744443
64.9394   279.696   344.636 0.108959   0.0759563
69.5166   279.485   349.002 0.115716   0.0767395
73.215   289.655   362.87 0.116505   0.0775783
66.1872   307.606   373.793 0.116784   0.0806202
69.7946   316.208   386.003 0.121014   0.0832619
51.6898   252.382   304.072 0.0976385   0.0616468
55.1421   284.493   339.635 0.101958   0.0688345
53.9639   253.412   307.376 0.100641   0.0603938
56.8561   263.218   320.074 0.104094   0.0634138
54.8958   289.93   344.826 0.102494   0.0698425
50.891   299.401   350.292 0.0980087   0.0718592
57.9055   312.417   370.323 0.105809   0.0744969
57.4082   373.485   430.893 0.112251   0.0917236
44.897   255.67   300.567 0.0842872   0.0608956
44.3714   279.516   323.888 0.0839414   0.067503
49.7042   301.369   351.073 0.0909223   0.0724793
47.6999   271.305   319.005 0.08698   0.0676065
47.7193   288.156   335.875 0.0881405   0.0710724
48.4502   300.595   349.046 0.0919795   0.0731242
56.0696   302.026   358.096 0.101908   0.0743906
59.2729   299.919   359.192 0.103564   0.0752431
54.5734   291.05   345.624 0.0989366   0.0740285
59.6949   317.572   377.267 0.105035   0.0808689
59.2646   310.27   369.535 0.108742   0.078634
51.2827   243.832   295.115 0.0849756   0.0578042
58.8419   255.382   314.223 0.0924098   0.0612316
65.0484   243.602   308.651 0.0985085   0.0603076
61.6886   248.438   310.126 0.100361   0.0608568
59.6299   241.786   301.416 0.0957142   0.0608143
60.6384   245.876   306.514 0.100609   0.0634636
64.2784   248.472   312.75 0.103043   0.0649159
58.7071   237.717   296.424 0.0999101   0.0619667
61.3092   241.244   302.553 0.0991658   0.0636695
61.0984   234.247   295.346 0.0964002   0.0626028
58.1663   239.048   297.214 0.0972139   0.064532
62.3837   226.054   288.438 0.0987084   0.062671
44.8147   207.804   252.618 0.0751294   0.0537204
49.032   226.044   275.076 0.0783676   0.0584799
54.3171   232.188   286.506 0.0868032   0.0606474
56.5624   252.094   308.657 0.0956658   0.0653856
60.7094   257.297   318.007 0.0932317   0.0655145
70.6286   254.395   325.023 0.106017   0.0654745
63.1213   271.698   334.819 0.0989621   0.0694081
63.27   273.319   336.589 0.101666   0.0699442
61.1167   265.765   326.882 0.101438   0.0700442
59.7603   279.622   339.382 0.103391   0.0724297
56.7785   230.512   287.29 0.0889596   0.0559665
61.8754   240.69   302.566 0.0931859   0.0572221
62.8207   271.468   334.289 0.100272   0.0654811
65.9457   251.338   317.283 0.098309   0.0602497
70.4922   253.583   324.075 0.104704   0.061729
70.0465   270.767   340.813 0.106518   0.0655736
72.2185   289.099   361.317 0.106885   0.0693088
55.2324   248.6   303.832 0.0820081   0.0572976
61.5659   257.189   318.755 0.0868042   0.0585053
55.5984   261.896   317.494 0.0862526   0.0592739
66.4608   305.322   371.783 0.100974   0.0686642
69.4623   312.023   381.486 0.103546   0.0710841
67.1543   283.35   350.504 0.0957979   0.0653302
56.8803   255.708   312.588 0.0810261   0.0566979
65.2627   257.286   322.548 0.0874132   0.0577029
66.7619   253.704   320.466 0.0891347   0.0584746
70.4072   264.064   334.471 0.0972252   0.0602679
70.1948   262.844   333.039 0.0953087   0.0615812
79.8389   290.407   370.246 0.108207   0.0675601
55.2254   247.535   302.76 0.0790911   0.0560161
58.1092   266.343   324.452 0.0875139   0.0589222
59.3807   281.508   340.888 0.0899368   0.0624116
57.7239   294.299   352.023 0.090448   0.0656653
71.404   306.102   377.506 0.0939938   0.0684536
67.3763   313.361   380.737 0.0966315   0.0708641
50.99   251.368   302.358 0.0772575   0.0549498
57.4618   264.258   321.72 0.0850026   0.0588496
61.1077   284.218   345.326 0.0906643   0.063941
69.2819   322.804   392.086 0.101785   0.0726436
74.3817   314.966   389.348 0.107893   0.0721969
64.8446   278.248   343.092 0.0966675   0.064445
64.1998   278.106   342.306 0.095146   0.0641982
62.4438   263.994   326.437 0.0911588   0.0607196
62.3591   263.576   325.935 0.0918734   0.0595652
61.4147   275.386   336.801 0.0933354   0.06177
59.4765   278.044   337.52 0.0891702   0.0614937
58.3446   270.87   329.214 0.0870382   0.0606628
58.9527   279.878   338.83 0.0863144   0.0635565
62.4574   280.936   343.394 0.0892249   0.0640871
58.2802   270.858   329.138 0.0871154   0.0616512
56.5452   274.676   331.221 0.0899255   0.0611587
48.6571   240.745   289.402 0.0792461   0.0548737
67.4265   335.125   402.552 0.104027   0.0764777
66.9943   348.895   415.89 0.103894   0.0797992
49.0061   238.213   287.219 0.0780974   0.0559547
45.5332   218.962   264.495 0.0714527   0.0495698
48.1805   222.502   270.683 0.0738398   0.051253
50.6866   222.514   273.2 0.0775024   0.0519528
51.2158   227.701   278.917 0.0790978   0.052261
50.6534   241.218   291.871 0.0821496   0.0542575
45.4534   215.319   260.772 0.0736087   0.0489528
58.7978   284.055   342.853 0.0904814   0.0635352
65.6168   312.74   378.356 0.0982287   0.070402
57.7768   239.701   297.478 0.0878512   0.054556
56.2895   241.239   297.529 0.0876237   0.0541163
59.0262   257.026   316.052 0.0882305   0.0568305
49.4517   235.923   285.375 0.076699   0.0507116
51.957   247.981   299.938 0.0822756   0.0529704
55.1131   253.106   308.219 0.0863504   0.0548293
52.4327   261.062   313.495 0.0862735   0.0575438
53.3412   258.119   311.46 0.0852778   0.0579295
48.2341   248.227   296.461 0.0770206   0.0543167
63.3279   278.669   341.997 0.0949729   0.0628113
55.6738   262.048   317.722 0.0879523   0.0583547
54.6682   259.877   314.546 0.0904204   0.0608014
49.8925   258.24   308.132 0.0774128   0.0562155
54.3025   267.38   321.683 0.0843207   0.0603737
60.6706   293.467   354.138 0.0941725   0.0649947
58.2404   268.77   327.01 0.0934088   0.0612231
45.0336   249.761   294.795 0.0748315   0.0552373
55.0031   285.406   340.409 0.086783   0.0626083
58.0302   287.248   345.278 0.0907005   0.0645385
57.4095   282.71   340.12 0.0953963   0.0646726
60.2732   306.607   366.88 0.0963754   0.0691741
60.1707   322.783   382.954 0.0974899   0.0727907
61.2837   311.951   373.235 0.10117   0.0711892
60.9248   304.163   365.088 0.102524   0.0701766
57.5696   307.186   364.755 0.100017   0.0714285
58.9817   307.101   366.082 0.103659   0.0715385
46.7421   258.71   305.452 0.0822924   0.0597459
47.583   248.35   295.933 0.084255   0.0593039
52.1133   254.156   306.269 0.0918295   0.0613421
51.5419   255.96   307.502 0.093373   0.0622243
59.9876   256.286   316.274 0.100258   0.0614546
60.3702   265.587   325.957 0.100617   0.0633293
57.4804   274.762   332.243 0.101675   0.0653263
61.6102   274.415   336.025 0.105317   0.0655084
45.5431   243.257   288.801 0.0815819   0.0570926
49.828   242.604   292.432 0.0888596   0.0575368
48.5656   245.366   293.932 0.0877586   0.0577143
51.8569   249.795   301.652 0.0912974   0.0615138
56.7475   248.957   305.704 0.100616   0.0617401
55.4735   253.781   309.254 0.0971856   0.0618676
42.1889   227.702   269.891 0.0839163   0.0549872
42.5886   221.235   263.824 0.0807826   0.0547964
44.8629   226.253   271.116 0.0867755   0.0568797
50.5061   265.728   316.234 0.0978168   0.0669874
50.3539   273.377   323.731 0.0985123   0.0684886
39.6903   225.265   264.955 0.0748874   0.054312
42.9936   218.621   261.614 0.0781987   0.0544022
44.7524   228.693   273.445 0.0810364   0.056083
48.5687   229.504   278.073 0.085328   0.0566118
57.931   285.243   343.174 0.0982992   0.0683435
56.4624   276.05   332.513 0.093352   0.0652833
50.312   231.977   282.289 0.083126   0.0540235
43.1817   236.872   280.054 0.082526   0.0542694
43.9461   245.705   289.651 0.0814948   0.0573174
45.2933   247.846   293.14 0.0848587   0.0593893
42.2211   227.154   269.375 0.0772219   0.0539077
43.3424   237.145   280.488 0.081894   0.0562189
49.6288   241.745   291.373 0.0887416   0.0566677
50.5561   241.393   291.949 0.088323   0.0570588
53.1192   263.902   317.021 0.0947712   0.0623317
49.1143   253.373   302.487 0.0918367   0.0610625
45.3699   269.482   314.852 0.0886997   0.0633777
46.3316   266.602   312.933 0.0896741   0.0641383
44.1338   260.852   304.986 0.0894303   0.0644956
49.0188   255.356   304.375 0.093227   0.0630914
49.3722   272.698   322.071 0.096242   0.0676559
40.6012   221.522   262.123 0.0759375   0.0559563
42.7804   210.281   253.061 0.0808093   0.055671
41.8759   211.278   253.154 0.0819169   0.0582546
39.4813   204.963   244.444 0.0866134   0.058968
33.3365   205.08   238.417 0.0772445   0.0584488
34.811   197.557   232.368 0.08105   0.056434
35.8377   203.077   238.915 0.0847561   0.058724
37.582   209.183   246.765 0.0869284   0.0592531
32.3202   195   227.32 0.0788683   0.0543416
34.2024   208.684   242.886 0.0807931   0.0576555
34.1411   210.992   245.133 0.084351   0.0574051
37.3164   216.934   254.25 0.0873921   0.0593851
36.1656   200.663   236.828 0.0836199   0.0553209
37.2928   220.54   257.832 0.0884975   0.0610237
34.8098   193.866   228.676 0.0868797   0.055285
34.7602   191.448   226.208 0.08587   0.0557052
35.3925   203.591   238.984 0.0900954   0.0604996
39.5174   198.2   237.717 0.092238   0.0598791
41.9123   197.343   239.255 0.0954722   0.0605842
36.6096   201.422   238.031 0.091031   0.0626311
36.5484   208.176   244.724 0.0869785   0.0626923
36.6707   194.93   231.6 0.0868973   0.0593791
37.1328   201.559   238.692 0.0851669   0.0597863
36.623   194.411   231.034 0.0906061   0.0580852
37.8777   194.939   232.817 0.0906526   0.0584292
32.577   191.404   223.981 0.0849687   0.0560118
32.902   194.062   226.964 0.0849632   0.0562682
38.998   224.074   263.072 0.0954898   0.064003
36.9452   212.857   249.802 0.0894016   0.0584933
33.2905   196.652   229.943 0.0801699   0.0551001
32.1624   194.319   226.481 0.0790554   0.055443
32.7141   190.98   223.695 0.0823687   0.0543536
34.6448   202.664   237.309 0.0836831   0.0555663
35.9888   199.651   235.639 0.084441   0.055207
34.2629   202.244   236.507 0.0801472   0.0560115
36.0246   197.561   233.586 0.0792247   0.05566
36.0407   185.102   221.142 0.0759711   0.0520504
38.0605   195.959   234.02 0.0831014   0.053717
38.2353   194.951   233.186 0.08303   0.0541643
33.9807   202.559   236.54 0.0778779   0.0551707
33.6628   201.385   235.048 0.0819046   0.0551061
34.8181   191.503   226.321 0.077477   0.0531923
34.528   204.885   239.413 0.0808618   0.055897
36.6334   201.643   238.276 0.0840215   0.056218
35.0613   212.325   247.386 0.0813866   0.0581743
32.425   202.35   234.775 0.0707661   0.0539599
34.1512   206.314   240.466 0.0720869   0.0544329
38.6079   216.211   254.819 0.0770617   0.0555984
40.7545   226.782   267.536 0.0809423   0.0566919
47.3123   228.618   275.93 0.0828224   0.0543004
45.3155   240.052   285.367 0.0854687   0.0567471
47.7322   248.864   296.596 0.0892524   0.0574398
44.9797   255.708   300.687 0.0861405   0.0597704
41.6412   239.954   281.595 0.0771848   0.0568633
40.8672   236.147   277.014 0.0817616   0.0571254
43.2681   253.606   296.874 0.0853414   0.0605243
43.2063   265.478   308.684 0.0854556   0.0637616
43.9721   254.296   298.268 0.0855488   0.0598686
49.1487   261.14   310.288 0.09038   0.060578
52.8608   277.047   329.908 0.094226   0.063927
48.7903   283.814   332.604 0.0900855   0.0629243
48.4596   275.425   323.885 0.089162   0.0620467
44.1487   248.413   292.562 0.0804166   0.0579413
41.2077   239.52   280.727 0.080831   0.0565492
43.7104   238.253   281.964 0.0800557   0.0583097
39.0403   243.412   282.453 0.0780027   0.0592353
41.6313   229.926   271.557 0.0782911   0.0557024
43.0709   228.597   271.668 0.0802066   0.0554241
46.3225   244.392   290.714 0.0851908   0.0583797
43.3403   246.011   289.351 0.0802598   0.057994
44.6854   234.261   278.946 0.0794831   0.0551253
47.8664   258.201   306.068 0.0842719   0.0595243
48.236   247.593   295.829 0.0862898   0.0563865
49.0738   259.05   308.124 0.0853458   0.0579078
38.9584   251.987   290.945 0.07323   0.0567692
54.6383   352.604   407.243 0.0987269   0.081762
48.4384   349.026   397.464 0.091123   0.0791544
37.6475   249.41   287.057 0.0719288   0.0564582
37.0618   244.094   281.156 0.0671714   0.0539822
37.8958   252.562   290.458 0.0707011   0.0556231
43.5993   289.463   333.062 0.0770578   0.0627167
46.3386   287.762   334.1 0.0807761   0.0631611
42.7405   271.925   314.666 0.0746994   0.0593788
40.3758   257.881   298.256 0.0730124   0.0569977
42.5809   249.07   291.651 0.0740324   0.0559582
44.3388   257.209   301.548 0.0774342   0.058928
43.7435   261.876   305.62 0.0765415   0.0596189
43.488   250.804   294.292 0.0741863   0.056146
45.8395   250.89   296.73 0.0744631   0.0565323
49.9875   241.502   291.489 0.0791359   0.0552783
46.9957   271.262   318.258 0.0792954   0.0613832
44.2969   240.269   284.566 0.0760244   0.0557641
43.3225   229.86   273.182 0.0722283   0.053265
44.6294   248.857   293.487 0.0756431   0.0575898
43.7069   241.397   285.104 0.0727479   0.0552574
41.6828   241.44   283.123 0.0725423   0.055478
44.3348   254.219   298.554 0.0774632   0.0587813
46.8328   253.044   299.877 0.0765658   0.0580176
66.6532   416.426   483.08 0.111554   0.0970578
77.1363   405.658   482.795 0.112099   0.095469
44.5848   276.388   320.973 0.0791072   0.065371
46.6208   294.167   340.788 0.08579   0.0697787
38.6087   229.686   268.295 0.0729154   0.0551335
40.6401   229.726   270.366 0.0739582   0.0548077
40.8629   222.873   263.736 0.0767523   0.0547357
39.0464   224.996   264.042 0.0743457   0.0546266
33.1223   221.297   254.419 0.0695846   0.0537064
36.6372   218.875   255.512 0.0724915   0.0535748
37.4466   207.339   244.785 0.0730522   0.0519151
36.5952   203.671   240.266 0.0721514   0.0504911
27.1451   194.901   222.046 0.0581058   0.048201
30.1107   192.207   222.318 0.0640927   0.0485372
32.7164   201.556   234.273 0.0668774   0.0510088
33.3347   195.887   229.222 0.0662279   0.0510832
36.2165   211.24   247.457 0.0720368   0.0548498
35.7809   214.573   250.354 0.0710784   0.0553452
39.1762   221.486   260.662 0.0750789   0.055055
34.9484   209.298   244.246 0.0683253   0.0517232
39.8258   257.241   297.067 0.0797845   0.0615802
44.5129   280.729   325.241 0.0806149   0.0672592
44.8238   286.903   331.727 0.0861168   0.0690086
51.6881   287.424   339.112 0.0923661   0.0702612
50.2319   256.025   306.257 0.0907041   0.0659009
53.7932   291.139   344.932 0.101353   0.0752272
37.1065   255.269   292.375 0.0831452   0.0704023
34.5438   213.567   248.111 0.0784729   0.058753
37.1619   225.522   262.684 0.0853642   0.0615956
35.4933   224.853   260.347 0.0827994   0.0614633
33.4031   222.175   255.578 0.0869226   0.0616981
32.1082   199.824   231.932 0.0757567   0.0547613
33.4376   201.388   234.825 0.0805401   0.0550039
29.9486   187.379   217.327 0.0744372   0.0514541
28.1534   185.637   213.79 0.0741856   0.0519482
25.5876   181.47   207.057 0.0728473   0.0522741
26.4711   185.341   211.812 0.0709681   0.0533201
26.714   180.506   207.22 0.0731388   0.052618
25.9755   174.997   200.973 0.0710198   0.0505042
27.602   175.667   203.269 0.0748528   0.0515076
27.5321   180.749   208.281 0.0777743   0.053127
27.7384   177.205   204.943 0.0783128   0.0520455
28.627   185.575   214.202 0.082977   0.0553047
35.1342   185.455   220.589 0.089173   0.0553795
26.8445   184.214   211.058 0.0808568   0.0542668
33.2887   190.954   224.243 0.0823469   0.0567345
32.4584   198.123   230.581 0.0871133   0.0588669
30.3178   188.157   218.475 0.0828354   0.0569827
33.8409   188.853   222.694 0.0859451   0.0578196
30.5906   183.059   213.65 0.0814446   0.0558926
30.8251   175.74   206.565 0.0842215   0.0538616
34.572   175.193   209.765 0.0870832   0.0533831
30.3216   172.861   203.182 0.087031   0.052344
25.9298   179.212   205.142 0.0774794   0.0534535
26.8717   179.506   206.377 0.0725609   0.0541332
28.4359   178.153   206.589 0.0756275   0.0539694
27.8771   179.498   207.375 0.0797247   0.0539897
26.4027   179.23   205.633 0.0707216   0.0541862
29.612   177.936   207.548 0.0779946   0.0535792
28.7321   176.143   204.875 0.0762629   0.05269
28.7207   169.535   198.255 0.0751065   0.0514177
28.9478   179.847   208.795 0.0788769   0.0537852
29.1759   176.553   205.729 0.0795271   0.0528728
25.7779   176.56   202.337 0.0750812   0.053422
26.5517   178.432   204.984 0.076739   0.053535
27.3253   176.12   203.445 0.0777945   0.0527264
29.9055   176.301   206.206 0.081265   0.052869
29.4877   178.443   207.931 0.0801295   0.053108
31.0584   179.501   210.559 0.0818943   0.0530049
30.5515   177.897   208.448 0.0830205   0.0532817
30.7114   173.55   204.261 0.0814194   0.0525177
28.547   170.367   198.914 0.0775031   0.0516211
27.9365   172.239   200.176 0.0751655   0.0520989
28.8412   176.299   205.14 0.0760312   0.0526266
27.8948   172.962   200.857 0.0742277   0.052226
26.7449   177.717   204.462 0.0713197   0.0532406
26.5441   175.64   202.184 0.0720329   0.0527923
25.5079   175.178   200.686 0.0711848   0.0525692
26.3814   176.271   202.652 0.0736912   0.0527915
27.8949   174.464   202.359 0.07409   0.0522347
27.2868   174.938   202.225 0.071713   0.052613
25.1874   173.389   198.576 0.0720327   0.0526484
27.6098   175.901   203.511 0.0734956   0.0528761
