1367         1367
1271         566
1290         582
1273         563
1299         576
1306         573
1329         598
1361         573
1352         592
1366         587
1311         573
1294         569
1309         553
1292         575
1296         557
1239         556
1267         547
1288         580
1328         588
1367         597
1398         598
1363         601
1344         583
1376         598
1323         580
1334         587
1305         569
1273         560
1302         578
1325         590
1385         621
1378         600
1317         565
1339         580
1310         548
1337         614
1303         606
1292         579
1216         542
1264         594
1263         576
1271         563
1255         557
1253         599
1295         609
1301         586
1280         596
1285         581
1259         565
1263         546
1242         593
1237         556
1228         559
1301         593
1330         571
1313         589
1297         569
1322         593
1325         595
1334         621
1338         582
1317         570
1369         590
1349         598
1352         612
1337         600
1321         592
1346         597
1318         570
1346         597
1351         597
1360         629
1317         627
1375         621
1327         594
1344         604
1310         598
1290         590
1270         578
1277         556
1324         614
1334         603
1304         597
1273         585
1326         561
1308         579
1317         600
1365         639
1325         631
1327         612
1349         627
1353         638
1352         631
1394         648
1417         631
1369         657
1396         644
1372         649
1395         632
1408         673
1424         673
1398         674
1455         672
1435         674
1419         672
1421         680
1457         701
1433         669
1455         690
1488         709
1490         747
1445         706
1445         679
1476         718
1441         676
1494         709
1510         698
1444         666
1427         688
1448         693
1471         690
1513         707
1463         693
1432         664
1498         705
1474         685
1492         702
1509         703
1496         706
1484         701
1514         685
1513         678
1448         653
1486         662
1459         663
1425         670
1440         651
1427         619
1488         696
1422         679
1405         654
1404         657
1376         629
1329         619
1329         651
1326         645
1319         615
1339         625
1332         633
1298         623
1289         565
1265         553
1319         581
1300         568
1262         542
1297         558
1277         572
1308         593
1343         614
1299         583
1319         585
1363         621
1335         651
1334         618
1312         596
1298         587
1312         585
1292         570
1270         588
1307         596
1331         556
1305         579
1329         568
1346         606
1336         593
1339         582
1305         555
1302         562
1367         551
1350         564
1320         574
1318         575
1247         551
1291         536
1230         536
1260         529
1243         561
1279         555
1249         553
1278         522
1275         551
1253         529
1263         543
1213         529
1242         529
1241         536
1270         565
1248         540
1306         564
1255         533
1279         550
1223         529
1249         552
1187         521
1202         524
1250         528
1233         504
1200         530
1177         545
1175         490
1144         481
1159         522
1128         486
1103         466
1147         489
1104         499
1080         476
1060         481
1060         460
1080         478
1042         472
1041         445
1013         462
1024         454
1025         455
1065         474
1052         446
1029         438
1026         442
1006         449
1027         474
1045         462
1029         452
1028         471
1028         492
1001         461
1039         460
1001         452
1031         500
1014         436
1024         450
1041         488
1008         470
1032         486
978         451
1008         463
989         472
986         482
990         449
984         431
993         431
1053         480
1044         469
1073         472
1080         459
1056         453
1052         440
1070         448
1095         491
1090         461
1074         470
1059         421
1030         387
1051         449
1081         471
1136         507
1149         505
1246         507
1199         502
1151         482
1131         449
1076         506
1074         492
1094         503
1104         487
1059         453
1086         491
1045         434
1007         412
1054         446
1040         486
1045         483
1078         482
1065         506
1065         513
1084         531
1078         547
1077         558
1120         581
1091         561
1111         573
1079         554
1051         519
1022         526
1028         549
1018         543
1068         534
1062         511
1040         514
1051         522
1032         501
1060         513
1067         532
1045         525
1070         529
1037         525
1068         548
1042         536
1120         581
1088         534
1149         591
1108         588
1163         614
1212         663
1198         652
1158         631
1143         626
1123         619
1166         645
1102         598
1147         603
1186         643
1154         615
1160         615
1174         589
1165         614
1199         634
1153         612
1226         669
1210         670
1218         656
1225         640
1170         606
1203         620
1217         651
1244         643
1202         618
1255         667
1263         682
1256         657
1283         659
1248         691
1286         697
1258         668
1250         663
1239         671
1298         702
1294         717
1377         762
1393         769
1323         749
1336         728
1373         759
1337         703
1284         670
1261         657
1268         647
1362         707
1289         667
1274         664
1266         682
1267         691
1276         698
1317         702
1280         698
1283         677
1289         691
1298         709
1293         702
1266         699
1264         671
1319         692
1313         728
1294         716
1198         624
1256         652
1254         639
1270         648
1229         623
1265         632
1275         650
1279         637
1267         646
1228         619
1240         590
1283         640
1251         656
1302         683
1314         678
1335         666
1270         646
1265         632
1259         653
1241         609
1265         636
1237         633
1258         678
1215         634
1206         606
1221         640
1224         649
1232         654
1249         634
1249         617
1237         645
1251         639
1207         646
1209         626
1231         642
1178         637
1172         625
1130         584
1153         573
1152         571
1121         565
1107         581
1108         552
1146         590
1138         605
1118         573
1134         587
1149         572
1167         592
1142         590
1138         574
1184         590
1155         568
1109         519
1141         523
1106         520
1137         525
1110         516
1139         516
1133         519
1185         545
1189         577
1175         556
1164         570
1196         578
1101         520
1138         564
1129         539
1119         545
1136         547
1113         542
1120         553
1122         551
1109         538
1122         541
1092         519
1035         513
1129         514
1078         529
1058         520
1046         505
1006         480
934         446
898         419
892         416
884         408
896         414
907         416
902         424
875         422
886         428
906         443
834         432
856         409
806         399
807         399
825         406
844         425
815         384
845         411
822         406
835         420
813         395
818         397
799         390
816         396
816         412
840         409
865         413
833         402
841         398
848         424
871         446
901         431
940         472
938         477
886         437
936         461
920         428
894         417
930         449
936         449
913         432
981         433
1008         457
1051         462
1063         501
1075         505
1172         582
1114         532
1151         552
1178         548
1177         538
1127         504
1144         533
1138         530
1134         537
1138         552
1224         575
1147         552
1143         556
1144         542
1120         537
1197         566
1167         548
1183         543
1192         532
1199         573
1187         536
1212         573
1229         589
1161         573
1161         548
1189         529
1143         559
1153         544
1126         532
1233         572
1210         580
1204         575
1238         586
1265         565
1250         574
1279         579
1246         585
1259         584
1259         591
1263         605
1315         633
1270         577
1252         550
1292         596
1268         592
1262         594
1250         576
1226         544
1327         602
1280         588
1392         672
1309         556
1242         554
1233         540
1245         560
1204         557
1219         549
1171         508
1148         522
1174         513
1147         518
1140         492
1114         491
1170         513
1199         554
1219         533
1178         538
1169         533
1176         524
1167         495
1161         543
1125         529
1154         547
1147         534
1089         528
1044         441
1012         409
969         429
971         424
965         392
955         392
960         394
933         369
928         361
891         359
876         368
879         358
874         344
886         363
868         348
867         364
880         361
857         362
823         352
907         388
856         371
864         357
898         386
905         388
861         358
889         372
837         355
831         345
902         365
896         369
870         354
891         360
886         374
876         375
865         364
889         368
876         370
859         369
857         360
863         367
871         390
850         374
866         394
862         372
848         363
846         375
852         369
846         366
867         370
872         394
816         371
847         386
827         367
853         382
871         378
821         363
846         377
