9620       9620
9198       6320
9099       6216
9188       6193
9217       6195
9306       6286
9323       6293
9272       6265
9243       6275
9189       6197
9101       6034
9082       5827
9301       5458
9506       5913
9509       5937
9403       5751
9370       5627
9284       5527
9378       5764
9504       5803
9644       5512
9524       5601
9558       5692
9513       5810
9543       5882
9535       5939
9427       5909
9562       6013
9671       6065
9711       6104
9753       6005
9707       5904
9624       5761
9627       5409
9549       5559
9375       6847
9421       6777
9441       6787
9435       6749
9397       6621
9250       6528
9102       6288
9003       6260
8943       6186
9013       6334
8986       6259
8897       6201
8942       6284
8823       6096
8732       5987
8748       5896
8695       5919
8675       6739
8614       6655
8786       6729
8749       6645
8710       6629
8755       6599
8723       6570
8708       6578
8651       6544
8532       6448
8579       6403
8568       6389
8602       6403
8701       6461
8658       6378
8537       6203
8516       6209
8571       6798
8555       6776
8616       6783
8623       6743
8644       6755
8509       6688
8487       6639
8572       6693
8457       6481
8539       6561
8420       6484
8526       6581
8478       6523
8473       6455
8497       6490
8500       6437
8510       6502
8427       6739
8454       6715
8488       6816
8512       6806
8503       6807
8475       6715
8438       6683
8319       6528
8467       6681
8455       6650
8385       6584
8418       6611
8361       6533
8340       6503
8305       6438
8252       6678
8261       6653
8127       6512
8114       6500
8224       6553
8066       6417
8030       6342
8020       6348
8088       6405
8003       6318
7997       6301
7991       6308
8052       6288
8054       6281
8082       6302
8082       6528
8107       6470
8065       6414
8073       6419
8031       6428
7847       6240
7812       6226
7842       6202
7832       6175
7800       6095
7708       5960
7830       6044
8110       6256
8114       6462
8099       6431
8114       6377
8056       6357
7953       6254
7869       6188
7757       6051
7634       5901
7496       5848
7430       5801
7407       5721
7295       5860
7210       5843
7163       5710
7196       5677
7085       5638
6989       5544
6900       5453
6747       5303
6632       5179
6596       5132
6546       5257
6436       5163
6433       5135
6324       5080
6197       4939
6289       5025
6193       4930
6045       4812
5930       4711
5742       4559
5763       4659
5685       4588
5591       4472
5585       4505
5538       4420
5419       4304
5341       4260
5257       4165
5202       4140
5153       4074
5221       4154
5115       4031
5087       3998
5020       3957
5093       4022
4939       3867
4892       3830
4936       3856
4862       3723
4875       3743
4815       3708
4817       3765
4786       3777
4770       3728
4746       3661
4700       3607
4743       3613
4672       3595
4699       3608
4670       3571
4600       3474
4632       3620
4573       3583
4518       3483
4411       3467
4412       3402
4414       3372
4331       3345
4165       3213
4148       3128
4147       3142
4144       3216
4117       3181
4083       3129
4059       3109
4021       3050
4071       3082
3974       2978
3930       2961
3943       2947
3962       3115
3929       3076
3865       3005
3816       2922
3802       2923
3743       2859
3776       2854
3783       2868
3804       2984
3648       2863
3594       2784
3522       2658
3517       2655
3387       2527
3346       2427
3222       2343
3176       2496
3047       2315
3022       2288
3026       2248
2970       2141
2969       2128
2987       2113
2932       2250
2826       2155
2839       2109
2863       2067
2823       1999
2841       1970
2809       1924
2911       2212
2926       2184
2934       2119
3021       2122
3133       2158
3122       2092
3156       2064
3197       2054
3254       2433
3345       2435
3467       2457
3455       2447
3517       2356
3539       2326
3557       2367
3579       2292
3753       2812
3895       2862
4000       2936
3907       2812
3890       2711
4022       2756
4121       2798
4111       3104
4043       3022
4135       3113
4256       3136
4253       3136
4227       3052
4243       3071
4271       3072
4332       3447
4331       3416
4252       3350
4253       3365
4331       3424
4312       3430
4091       3300
4105       3288
4163       3296
4204       3527
4085       3434
4094       3430
4167       3425
4236       3462
4365       3522
4413       3552
4427       3572
4541       3635
4504       3593
4628       3922
4766       4018
4804       3978
4850       4010
4892       4006
4957       4127
4886       4049
4985       4075
5012       4085
5079       4359
5014       4245
5036       4254
4994       4217
5036       4162
4924       4027
5045       4074
5112       4122
5152       4085
5097       3985
5077       3961
5142       4295
5131       4253
5121       4223
5042       4185
4912       4093
4884       4132
4751       3991
4701       3949
4646       3870
4674       3882
4634       3833
4615       3797
4583       3859
4546       3766
4617       3829
4594       3824
4579       3830
4621       3855
4698       3940
4683       3913
4722       3896
4777       3898
4750       3813
4841       3824
4820       4167
4914       4202
4879       4086
4935       4087
4924       4067
4954       4077
4976       4126
5003       4366
5111       4425
5132       4415
5163       4452
5131       4402
5156       4384
5190       4546
5159       4471
5076       4382
5140       4434
5090       4321
5095       4315
5142       4475
5261       4563
5295       4569
5307       4497
5313       4497
5345       4459
5350       4594
5295       4512
5290       4489
5316       4515
5183       4398
5163       4372
5195       4408
5191       4434
5250       4459
5292       4514
5346       4581
5324       4525
5234       4428
5191       4415
5153       4399
5247       4512
5136       4438
5191       4402
5198       4373
4990       4258
5075       4432
5040       4358
5020       4296
5036       4384
5163       4432
5096       4431
5213       4487
5229       4468
5146       4421
5293       4500
5368       4529
5398       4682
5447       4689
5420       4665
5325       4557
5243       4505
5272       4628
5160       4466
5188       4467
5059       4281
5290       4557
5152       4408
5294       4507
5191       4373
5261       4550
5290       4535
5231       4485
5203       4396
5295       4458
5281       4463
5232       4405
5218       4383
5212       4339
5198       4317
5076       4321
4982       4213
4891       4123
4973       4150
4984       4207
5080       4222
5094       4207
5079       4241
5070       4266
5061       4243
5051       4251
4946       4087
4959       4107
5005       4105
4945       4111
4873       4028
4836       3970
4835       3938
4913       3977
4952       4182
4804       4048
4884       4073
4870       4046
5018       4156
5044       4234
5144       4337
5248       4382
5144       4311
5074       4197
5053       4276
5045       4263
5123       4267
5089       4277
5055       4216
4993       4178
5071       4261
4963       4136
4876       4042
4902       4064
4895       4047
4740       3954
4562       3787
4426       3635
4268       3485
4226       3519
4220       3536
4138       3416
4259       3495
4229       3570
4293       3636
4326       3673
4337       3644
4262       3648
4242       3619
4107       3481
4039       3438
4012       3406
3960       3348
3904       3276
3859       3229
3981       3327
3919       3286
4004       3363
4009       3359
4009       3351
4022       3413
4048       3476
4072       3490
4217       3656
4142       3576
4089       3512
4140       3534
4266       3660
4257       3661
4261       3649
4211       3583
4169       3572
4277       3684
4240       3595
4345       3664
4345       3694
4321       3648
4391       3702
4367       3610
4409       3648
4486       3759
4576       3784
4679       3882
4815       4034
5036       4294
5062       4266
5176       4354
5159       4310
5084       4236
4944       4143
5013       4204
4981       4197
5015       4251
5127       4305
5192       4344
5338       4507
5288       4453
5085       4334
4994       4255
4850       4091
4918       4126
4907       4185
4950       4149
5052       4209
5083       4243
5045       4291
5121       4373
5194       4429
5257       4499
5161       4450
5103       4314
5193       4415
5109       4388
5243       4494
5262       4550
5392       4616
5308       4526
5322       4549
5249       4506
5218       4437
5164       4388
5213       4410
5230       4506
5179       4450
5089       4376
5161       4439
5074       4344
5027       4337
5063       4368
5065       4386
5114       4366
5066       4359
5101       4415
5259       4306
5255       4268
5095       4217
5071       4218
4986       4137
4999       4165
4892       4064
4931       4120
4917       4103
4874       4063
4824       3976
4840       4025
4840       4019
4701       3968
4735       3971
4596       3853
4655       3859
4716       3901
4829       4055
4834       4053
4929       4154
4962       4157
4971       4152
4906       4081
4710       3912
4694       3877
4436       3622
4400       3653
4442       3656
4494       3660
4422       3623
4413       3667
4439       3675
4403       3646
4353       3573
4256       3494
4246       3506
4228       3458
4199       3479
4164       3394
4133       3423
4158       3438
4107       3392
4096       3363
4091       3403
4073       3349
4071       3386
4030       3346
4023       3287
4047       3312
4021       3306
4005       3293
4016       3295
4055       3373
4059       3333
4008       3317
4031       3335
4044       3334
4043       3326
4035       3325
4004       3326
4017       3342
4021       3341
3991       3301
4018       3290
4032       3325
4042       3344
4047       3344
4055       3398
4057       3360
4008       3319
4031       3347
4012       3345
4040       3385
4019       3326
4054       3381
4022       3366
4039       3354
4037       3380
4043       3366
4039       3324
4021       3347
4037       3352
