0
69
14
26
14
32
30
33
30
43
26
33
40
58
41
30
61
41
38
29
40
49
33
70
30
44
42
31
30
42
64
91
42
96
77
42
43
49
56
31
42
23
32
23
55
29
51
48
35
71
27
45
44
55
89
39
50
46
54
49
40
83
35
56
52
43
41
54
54
42
37
32
39
47
41
22
42
50
30
34
40
31
59
31
15
43
33
29
31
38
43
52
44
41
28
33
51
39
47
31
48
51
34
41
22
56
41
24
43
43
31
40
29
39
33
31
45
42
60
47
40
42
55
28
38
27
38
67
64
65
44
58
54
50
41
39
39
51
39
29
39
40
35
38
55
38
38
44
45
64
54
37
73
35
61
30
44
48
33
47
41
38
25
38
34
25
48
37
23
22
34
29
39
37
63
38
43
53
23
27
42
41
40
51
36
50
24
42
43
30
18
36
24
28
52
26
28
68
33
32
34
22
24
36
42
31
24
24
33
20
32
25
29
23
31
30
32
36
22
25
28
18
38
53
47
39
26
34
31
23
126
26
52
21
21
22
28
50
29
18
27
23
27
33
22
32
95
52
49
57
23
20
21
25
128
51
55
51
31
40
23
38
38
43
28
39
69
51
69
54
58
37
45
50
34
32
25
47
33
42
29
71
57
27
32
53
30
33
31
23
38
27
50
32
39
26
33
36
30
193
47
34
33
47
30
37
24
28
40
32
33
56
31
29
24
48
51
61
28
36
29
33
41
30
30
25
23
23
35
34
37
19
27
29
26
34
29
38
23
30
35
25
33
38
29
34
41
32
39
54
40
32
42
34
32
39
40
48
37
33
39
37
48
35
40
33
30
32
35
28
44
41
25
30
43
26
48
47
30
32
32
26
38
40
32
49
41
24
31
22
26
28
26
37
37
35
32
32
38
34
33
38
58
32
41
35
33
48
30
41
33
31
40
51
35
30
50
27
40
47
30
43
48
44
39
63
43
36
45
30
44
47
52
61
29
29
48
35
39
35
35
34
26
26
35
44
55
42
29
35
36
30
56
33
38
41
41
79
31
39
42
38
48
30
36
27
43
38
33
38
35
34
29
33
35
39
35
33
26
38
41
30
31
40
42
26
27
23
37
30
28
26
30
24
27
33
31
33
29
32
29
36
42
41
43
42
41
38
55
32
52
42
44
32
38
28
40
40
35
34
33
28
36
34
35
42
40
34
56
56
39
43
33
34
38
54
40
46
45
39
44
44
45
48
53
37
43
35
44
37
41
54
71
41
58
51
43
47
42
48
37
36
32
41
39
32
27
29
31
44
45
61
43
37
45
41
54
48
40
48
33
52
34
43
38
34
26
21
25
26
27
31
32
18
28
31
28
30
28
26
29
29
50
40
20
23
24
21
20
20
25
28
33
136
22
23
29
21
26
26
31
26
21
25
21
26
23
19
23
24
18
29
47
25
