1518
1436
1417
1477
1494
1482
1483
1507
1475
1487
1499
1495
1511
1517
1525
1524
1549
1511
1544
1542
1499
1515
1511
1474
1471
1401
1399
1479
1463
1487
1471
1516
1484
1483
1484
1486
1536
1554
1567
1555
1597
1635
1587
1588
1529
1572
1584
1628
1535
1558
1503
1515
1490
1557
1556
1554
1548
1563
1526
1563
1579
1567
1535
1543
1566
1539
1542
1546
1533
1495
1553
1536
1524
1516
1502
1496
1469
1512
1442
1489
1511
1515
1535
1520
1486
1520
1484
1480
1479
1467
1481
1459
1439
1400
1419
1453
1408
1442
1421
1432
1428
1437
1440
1463
1423
1422
1458
1504
1492
1516
1473
1481
1460
1522
1488
1471
1466
1456
1485
1498
1456
1494
1474
1494
1515
1514
1493
1549
1501
1523
1473
1456
1475
1475
1513
1497
1462
1484
1506
1475
1495
1486
1500
1483
1479
1483
1516
1464
1505
1493
1483
1454
1439
1467
1434
1418
1409
1452
1397
1452
1481
1462
1455
1460
1435
1459
1420
1457
1466
1424
1427
1434
1423
1463
1497
1467
1422
1493
1433
1410
1441
1420
1470
1496
1434
1460
1491
1481
1465
1444
1464
1459
1494
1469
1473
1474
1460
1479
1455
1452
1470
1456
1482
1484
1509
1495
1476
1509
1483
1481
1482
1473
1523
1513
1494
1490
1533
1488
1516
1455
1532
1544
1489
1491
1479
1501
1497
1458
1493
1490
1485
1484
1458
1500
1412
1462
1408
1398
1467
1443
1468
1493
1500
1476
1473
1487
1460
1508
1517
1502
1497
1550
1490
1493
1501
1487
1502
1516
1490
1481
1486
1488
1473
1440
1452
1479
1493
1453
1421
1470
1456
1431
1411
1417
1410
1411
1490
1370
1380
1373
1360
1377
1447
1389
1362
1375
1363
1345
1335
1351
1365
1324
1352
1351
1342
1325
1393
1337
1340
1351
1313
1294
1282
1332
1350
1367
1367
1310
1357
1401
1373
1396
1350
1378
1388
1393
1386
1423
1393
1402
1410
1348
1385
1436
1433
1426
1378
1391
1418
1388
1406
1380
1402
1368
1366
1368
1385
1404
1405
1447
1481
1450
1429
1449
1387
1436
1429
1404
1444
1440
1423
1431
1422
1460
1427
1494
1511
1510
1502
1427
1446
1465
1467
1461
1444
1429
1416
1439
1427
1369
1420
1391
1409
1384
1393
1459
1399
1422
1419
1417
1436
1431
1427
1380
1447
1393
1376
1392
1410
1425
1432
1461
1443
1451
1458
1474
1497
1436
1459
1515
1523
1494
1444
1494
1481
1511
1443
1450
1436
1456
1499
1480
1458
1449
1412
1388
1416
1424
1425
1420
1386
1402
1429
1472
1430
1465
1429
1444
1427
1363
1424
1410
1388
1375
1399
1435
1410
1411
1455
1415
1409
1506
1489
1479
1458
1489
1480
1493
1515
1514
1574
1535
1556
1526
1537
1557
1547
1583
1542
1544
1537
1563
1574
1547
1581
1555
1589
1612
1569
1537
1560
1540
1566
1535
1566
1558
1572
1547
1575
1616
1590
1607
1613
1550
1598
1626
1611
1611
1580
1614
1604
1604
1593
1603
1656
1635
1567
1608
1582
1557
1566
1560
1631
1648
1704
1760
1742
1715
1706
1716
1683
1759
1748
1719
1686
1676
1745
1682
1645
1611
1565
1587
1510
1518
1556
1539
1557
1584
1554
1593
1626
1603
1556
1505
1591
1557
1556
1543
1468
1480
1462
1509
1484
1514
1490
1548
1528
1492
1544
1490
1475
1586
1553
1554
1452
1453
1436
1497
1427
1444
1407
1488
1481
1525
1495
1512
1511
1559
1555
1553
1614
1572
1584
1579
1586
1581
1579
1543
1546
1550
1536
1473
1465
1458
1443
1426
1416
1412
1454
1462
1433
1457
1439
1407
1423
1438
1416
1399
1460
1484
1428
1391
1442
1439
1459
1441
1420
1437
1453
1415
1421
1418
1451
1418
1380
1409
1434
1445
1402
1431
1443
1417
1425
1388
1433
1448
1491
1533
1528
1529
1514
1543
1505
1533
1513
1481
1481
1435
1467
1470
1439
1447
1448
1419
1411
1418
1422
1395
1407
1413
1396
1397
1392
1432
1430
1444
1468
1471
1419
1427
1488
1490
1450
1455
1446
1429
1461
1485
1481
1476
1474
1460
1504
1495
1489
1502
1497
1491
1491
1472
1486
1448
1472
1479
1436
1444
1410
1432
1471
1446
1430
1460
1512
1559
1528
1575
1582
1634
1634
1598
1593
1639
1613
1633
1611
1580
1594
1555
1569
1545
1547
1530
1537
1539
1605
1539
1545
1504
1534
1517
1509
1485
1533
1536
1553
1562
1610
1566
1602
1581
1579
1581
1567
1550
1535
1529
1529
1527
1549
1569
1572
1562
1600
1616
1561
1551
1560
1543
1440
1473
1487
1499
1536
1531
1474
1521
1463
1495
1522
1512
1522
1528
1505
1505
1508
1462
1472
1431
1471
1476
1531
1517
1501
1551
1506
1541
1576
1585
1620
1669
1602
1591
1598
1596
1519
1534
1537
1526
1568
1567
1524
1538
1508
1463
1469
1481
1466
1505
1516
1491
1480
1463
1512
1499
1504
1494
1507
1480
1469
1505
1481
1472
1486
1383
1446
1434
1455
1476
1429
1424
1402
1396
1335
1312
1336
1341
1360
1367
1352
1367
1358
1344
1361
1377
1404
1426
1387
1344
1346
1342
1401
1391
1405
1424
1457
1463
1466
1447
1378
1425
1446
1414
1384
1360
1353
1359
1384
1383
1390
1401
1420
1422
1394
1370
1393
1417
1400
1428
1444
1455
1445
1412
1405
1404
1361
1417
1393
1359
1314
1279
1309
1297
1327
1325
1315
1329
1322
1328
1323
1245
1287
1270
1264
1241
1284
1246
1285
1317
1255
1289
1221
1266
1308
1323
1265
1276
1302
1322
1306
1311
1272
1241
1192
1196
1087
1138
1161
1151
1134
1131
1163
1170
1173
1184
1141
1162
1146
1127
1092
1085
1103
1019
1009
1032
1085
1055
1025
1044
1060
1041
1057
1012
1073
1043
1042
1061
1096
1051
1037
1014
1032
1052
1029
975
964
952
976
1009
1041
1067
1078
1132
1121
1132
1139
1175
1127
1118
1108
1126
1116
1102
1124
1145
1135
1172
1190
1192
1195
1142
1128
1167
1148
1190
1184
1139
1117
1177
1175
1157
1137
1112
1102
1082
1144
1137
1144
1146
1242
1254
1286
1334
1303
1371
1401
1417
1372
1439
1398
1454
1410
1352
1395
1376
1318
1345
1321
1301
1331
1300
1356
1348
1360
1391
1468
1487
1412
1437
1389
1368
1344
1317
1310
1328
1396
1399
1409
1429
1443
1459
1458
1477
1457
1458
1444
1497
1477
1466
1489
1494
1440
1446
1419
1438
1444
1399
1385
1383
1377
1386
1355
1439
1438
1427
1425
1450
1456
1474
1454
1473
1497
1486
1507
1562
1583
1593
1551
1540
1552
1552
1582
1582
1549
1565
1595
1587
1582
1605
1612
1563
1579
1560
1572
1550
1540
1528
1558
1594
1525
1555
1590
1509
1562
1619
1688
1606
1572
1479
1516
1519
1557
1527
1508
1457
1487
1463
1480
1462
1450
1489
1442
1423
1421
1424
1385
1394
1413
1399
1359
1409
1408
1366
1457
1442
1470
1449
1469
1509
1441
1460
1419
1447
1445
1416
1411
1387
1383
1423
1426
1389
1422
1391
1363
1296
1284
1247
1217
1173
1151
1114
1149
1135
1154
1146
1160
1148
1205
1183
1154
1154
1141
1131
1076
1070
1094
1073
1069
1082
1058
1064
1081
1059
1059
1046
1050
1094
1051
1040
1093
1093
1091
1101
1158
1115
1128
1115
1125
1121
1135
1118
1114
1115
1093
1119
1122
1103
1087
1134
1088
1088
1128
1093
1119
1122
1115
1120
1103
1138
1131
1103
1112
1123
1133
1119
1124
1135
1117
1105
1104
1099
1085
1098
1081
1090
1114
1104
1069
1098
1094
1058
1094
1117
1052
1078
1057
1081
1053
1058
1038
1030
1067
1069
1067
1043
1037
1046
1046
1066
1021
1047
1056
1054
1058
1058
1014
1062
1031
1050
