14210
13746
13558
13556
13583
13632
13727
13766
13794
13730
13907
13902
13928
13959
13866
13712
13739
13742
13775
13694
13704
13702
13686
13891
13817
13831
14007
14024
13952
13961
13937
13828
13916
14038
13799
13897
13936
14084
14081
14256
14277
14348
14285
14363
14332
14298
14253
14200
14246
14343
14313
14203
14175
14123
14179
14151
14253
14239
14365
14440
14386
14269
14319
14358
14338
14269
14240
14271
14107
14007
13944
13878
13998
13927
13936
13880
13885
13852
13886
13842
13668
13674
13630
13485
13379
13252
13386
13452
13520
13588
13397
13362
13381
13423
13487
13372
13308
13196
13158
13209
13202
13223
13210
13160
13123
13015
13018
13140
13299
13221
13221
13357
13292
13378
13290
13356
13180
13106
13203
13190
13239
13223
13165
13094
13135
13114
13068
13135
13111
13169
13182
13275
13173
13043
12969
12999
12928
12976
13030
12993
13097
13107
13138
13099
13146
13118
13174
13118
12994
12913
12935
12968
13071
12925
12996
13132
13153
13076
13032
13020
13104
13058
13024
13058
13103
12986
13106
13107
13025
13038
13003
13001
13053
13137
13092
13208
13117
13109
13018
12995
13022
13016
13018
13003
13073
13116
13021
13187
13111
13054
13103
13083
13045
13157
13161
13054
12955
12815
12881
12866
12927
12798
12916
13004
13017
13050
12898
12824
12922
12843
12887
12914
12857
12913
12931
12810
12854
12995
13043
12981
12903
12913
12914
12994
12871
12895
12922
13065
12972
12955
12960
13041
12953
12991
12972
12914
13052
13019
12978
12938
12963
12894
12790
12844
12802
12860
12786
12822
12766
12799
12874
12814
12725
12679
12832
12900
13038
12915
13043
12900
12946
12852
12874
12897
12853
12814
12766
12860
12789
12829
12747
12676
12645
12503
12425
12426
12295
12294
12305
12086
12072
12061
11986
11957
11897
11899
11783
11741
11617
11687
11592
11547
11431
11357
11238
11089
11171
11089
11034
11108
11001
11005
10883
11009
10966
10861
10734
10687
10667
10708
10768
10784
10634
10631
10564
10501
10447
10337
10307
10179
10222
10229
10217
10156
10163
10199
10135
10046
10067
10052
10021
9928
9912
9898
9807
9721
9779
9813
9791
9733
9887
9694
9635
9590
9657
9612
9644
9685
9803
9741
9633
9636
9500
9474
9624
9584
9579
9542
9537
9478
9504
9512
9515
9534
9490
9456
9447
9469
9437
9427
9361
9315
9318
9365
9310
9321
9397
9289
9323
9323
9218
9256
9248
9261
9170
9285
9176
9117
9079
9139
9090
9155
9192
9069
9059
9012
8924
8943
8890
8821
8844
8825
8821
8678
8795
8785
8731
8768
8652
8556
8609
8606
8703
8634
8476
8555
8476
8526
8571
8547
8466
8450
8464
8402
8333
8279
8175
8273
8265
8313
8172
8127
8030
7986
7987
7957
8011
7832
7659
7694
7614
7659
7615
7641
7586
7511
7448
7501
7467
7485
7390
7402
7365
7369
7334
7389
7404
7451
7586
7586
7530
7575
7734
7775
7747
7708
7586
7531
7487
7408
7423
7352
7415
7383
7351
7330
7392
7390
7379
7436
7519
7557
7544
7617
7630
7620
7726
7950
7896
7877
7907
7800
7901
8014
8060
8086
8065
8011
8111
8295
8387
8323
8326
8422
8383
8536
8532
8501
8444
8492
8613
8676
8802
8755
8895
8956
9144
9071
8911
8875
9000
9072
9200
9212
9122
9073
9113
9100
8961
9063
9050
9164
9266
9195
9099
9012
8961
8643
8774
8818
8683
8681
8708
8739
8720
8683
8554
8437
8541
8492
8477
8503
8590
8391
8163
8109
8219
8397
8409
8327
8502
8486
8336
8174
8516
8438
8519
8522
8476
8647
8707
8853
8756
8895
8812
8996
9006
9120
9071
9137
9138
9144
9289
9301
9298
9371
9423
9389
9337
9483
9486
9228
9347
9472
9672
9756
9595
9554
9746
9719
9675
9668
9667
9658
9758
9791
9810
9562
9636
9820
9795
9870
10014
9952
10193
10197
10176
10024
10109
10177
10279
10209
10238
10132
10198
10160
10010
10000
9893
9849
9840
9887
9668
9588
9670
9581
9589
9476
9591
9583
9469
9386
9561
9747
9617
9566
9488
9451
9633
9611
9531
9582
9528
9467
9542
9627
9798
9550
9659
9694
9715
9718
9683
9553
9531
9515
9714
9720
9492
9659
9719
9653
9812
9926
9831
9866
9879
9868
9808
10030
9920
9830
9904
10014
10071
10047
10158
10177
10104
10121
10089
10200
10082
10236
10202
10111
10145
10165
10033
10202
10146
10191
10078
10171
10043
10023
9886
10159
10285
10105
10213
10168
10251
10155
10235
10146
10190
10219
10174
10130
10082
10006
10085
10224
10092
9932
9868
9868
9933
10004
10003
9988
10032
10040
10031
10011
9994
9988
10116
9992
10134
10042
10106
10330
10143
10330
10191
10057
10384
10243
10152
10134
10307
10597
10213
10119
10066
10198
10173
10174
10330
10202
10350
10191
10363
10248
10418
10314
10387
10335
10394
10662
10543
10298
10136
10297
10346
10549
10542
10434
10414
10545
10529
10397
10489
10476
10368
10432
10100
10178
10179
9917
9949
10035
10145
10030
9814
9851
10203
9833
9928
10257
10066
10142
10022
10282
10263
10233
10310
10432
10309
10092
10145
10242
10263
10255
10281
10265
10199
10215
10112
10073
10150
9903
10035
9950
9829
9714
9642
9653
9473
9624
9597
9607
9636
9611
9791
10006
9793
9730
9801
9811
9811
9599
9736
9767
9734
9563
9769
9704
9689
9755
9692
9700
9646
9761
9516
9620
9611
9754
9730
9810
9909
9899
9894
9894
9750
9881
9620
9723
9621
9679
9740
9921
9818
9734
9813
9663
9903
9964
9776
9683
9599
9556
9554
9471
9576
9547
9574
9373
9461
9386
9393
9460
9377
9426
9483
9267
9315
9339
9203
9139
9075
9157
9257
9035
8977
8933
8777
8652
8694
8592
8467
8267
8426
8452
8484
8369
8333
8272
8368
8413
8282
8501
8409
8275
8397
8334
8383
8111
8049
8063
8090
8044
7847
7869
7829
7780
7820
7836
7891
8000
7787
7787
7765
7907
7899
7850
7811
7891
7943
7914
7833
7667
7679
7712
7601
7588
7610
7610
7700
7711
7937
8052
7838
7917
7680
7829
7776
7892
8028
7923
8101
7956
8082
8127
8089
8153
7984
8126
8168
8273
8203
8320
8509
8337
8435
8506
8585
8723
8668
8635
8866
9014
8948
9075
9109
8986
9203
9009
9179
9502
9224
9530
9615
9776
9658
9849
9757
9817
9764
9687
9682
9519
9447
9463
9579
9512
9498
9614
9601
9603
9779
9869
9922
10199
10209
10193
10080
10015
9812
9731
9716
9739
9675
9776
9862
10107
9899
10157
9961
9870
9954
10059
10062
9849
9945
9847
9985
9826
10060
9937
10079
10051
9809
9980
9845
9848
10069
9873
9831
10195
10112
9984
10155
10064
10425
10061
10268
10093
10230
10336
10111
10270
10120
10078
10075
10024
10086
10147
10155
9893
9996
9903
9864
9929
9951
9870
9844
9753
9647
9741
9671
9752
9733
9844
9788
9931
9880
9934
9798
10115
10154
10262
10332
10232
10186
10102
10336
10154
10127
10163
10239
10037
10091
10265
10156
10182
10075
9893
9889
9942
9834
9767
9868
9721
9882
9771
9720
9684
9683
9691
9469
9552
9532
9415
9429
9429
9626
9567
9598
9707
9641
9552
9697
9785
9737
9660
9665
9422
9443
9412
9362
9198
9009
9103
9038
9020
8982
9036
8987
8999
8932
8834
8821
8749
8791
8774
8844
8693
8656
8693
8652
8635
8645
8592
8596
8586
8524
8508
8478
8522
8377
8382
8339
8333
8280
8276
8142
8081
8194
8234
8162
8068
8215
8167
8140
8075
8142
8170
8162
8158
8132
8146
8115
8129
8136
8228
8207
8145
8189
8078
8140
8228
8178
8160
8151
8154
8231
8198
8189
8171
8080
8132
8114
8179
8137
8144
8103
8159
8125
8123
8132
8127
8145
8146
8203
8146
8148
8116
8155
8135
8116
8114
8114
8148
8136
8201
8145
8137
8163
8191
8189
8155
8130
8171
8163
8130
8152
8156
8180
8153
8168
8163
8147
8131
8150
8145
