0.033564 0.106826
0.0327674 0.104467
0.0323797 0.104514
0.0330211 0.108955
0.0327574 0.10999
0.0320918 0.108715
0.0321769 0.108035
0.0324715 0.109473
0.0316374 0.106931
0.0321882 0.108303
0.0322866 0.107787
0.0322483 0.107538
0.0324911 0.108487
0.0325872 0.108675
0.0329352 0.109981
0.0328137 0.111144
0.0333527 0.112745
0.0323707 0.109955
0.0332107 0.112087
0.0333182 0.112604
0.0322345 0.109384
0.032494 0.110568
0.0326153 0.110405
0.0318758 0.106112
0.0320444 0.106463
0.0309757 0.101294
0.0310806 0.0998786
0.0331117 0.105462
0.0329556 0.10486
0.0336091 0.106511
0.0335156 0.105546
0.0344193 0.109633
0.0337826 0.10664
0.0337099 0.105642
0.0336317 0.107544
0.0337528 0.10693
0.034807 0.110218
0.0348267 0.110338
0.0349551 0.111285
0.0342089 0.109077
0.0349392 0.111858
0.035569 0.113953
0.0346802 0.111096
0.0346861 0.110562
0.0332471 0.106684
0.0342461 0.109945
0.034369 0.111134
0.0355614 0.114648
0.0334817 0.10775
0.0337653 0.108624
0.0325811 0.105009
0.0329756 0.106668
0.0323259 0.105115
0.0337766 0.110246
0.0337872 0.10974
0.0336007 0.109816
0.0335828 0.108609
0.0338686 0.109769
0.0332534 0.10623
0.0337057 0.108241
0.0342086 0.109759
0.0339045 0.109818
0.0332842 0.1072
0.0331593 0.107466
0.0336369 0.10922
0.033156 0.107856
0.03326 0.108287
0.0334712 0.108332
0.0331588 0.108669
0.0322915 0.106732
0.0335298 0.111374
0.0334619 0.110679
0.0330135 0.108873
0.0326957 0.108853
0.0324175 0.107778
0.0322657 0.107781
0.031869 0.105798
0.0326601 0.109154
0.031087 0.103846
0.0320277 0.107571
0.0326322 0.11055
0.032547 0.110794
0.033084 0.112619
0.0327968 0.112718
0.0319515 0.11107
0.0325663 0.1147
0.0318148 0.110862
0.031695 0.110021
0.0318578 0.109393
0.0315817 0.107963
0.0317579 0.110547
0.0312487 0.10919
0.030909 0.107541
0.0299516 0.104299
0.0305017 0.105212
0.0310756 0.10866
0.0300951 0.105801
0.0308416 0.109276
0.0304185 0.107995
0.030565 0.108411
0.0305893 0.108165
0.0307623 0.108674
0.0309106 0.109008
0.0312253 0.11117
0.0303755 0.108436
0.0304165 0.109259
0.0311598 0.111999
0.0320116 0.11446
0.0319219 0.112189
0.0323793 0.114666
0.0316142 0.111414
0.0317668 0.110878
0.0313554 0.109841
0.0325165 0.113769
0.0317691 0.111964
0.0314949 0.110138
0.0312274 0.111229
0.0311098 0.111094
0.0315857 0.112474
0.0320263 0.113571
0.0310183 0.109978
0.0317872 0.112985
0.0313944 0.111964
0.0318666 0.114098
0.0323366 0.115341
0.032197 0.115449
0.0318881 0.114249
0.032907 0.117929
0.0318819 0.114484
0.0323857 0.11565
0.0313211 0.111743
0.0309379 0.10968
0.0314218 0.111971
0.0315178 0.113087
0.0323629 0.116663
0.0319742 0.115163
0.0313304 0.113088
0.0318735 0.114365
0.0320126 0.115579
0.0313516 0.113523
0.031663 0.114148
0.03157 0.113375
0.0319727 0.114173
0.0315545 0.113215
0.0315392 0.112506
0.0314635 0.113051
0.0322094 0.115075
0.0312227 0.111602
0.0321307 0.115823
0.0319317 0.11562
0.031513 0.11465
0.0308889 0.112122
0.0304737 0.110091
0.0312247 0.113501
0.030462 0.110342
0.0300851 0.107981
0.0299577 0.107124
0.0308411 0.111043
0.0297487 0.107198
0.0310681 0.111521
0.0313466 0.113019
0.0309897 0.111962
0.0308819 0.111717
0.0311194 0.111809
0.0306022 0.109517
0.0309924 0.112352
0.0301896 0.108347
0.0308321 0.111162
0.0310791 0.112553
0.0302124 0.109219
0.0304096 0.109744
0.0304084 0.110299
0.03022 0.109017
0.0309015 0.111365
0.0317477 0.114345
0.0310522 0.111069
0.030184 0.108409
0.0315445 0.113891
0.0303056 0.110078
0.0298274 0.108503
0.0305019 0.110659
0.0301282 0.109096
0.0311546 0.112921
0.0316507 0.11505
0.0304091 0.109692
0.0309198 0.111314
0.0315562 0.114507
0.0313433 0.112308
0.0311802 0.111738
0.0307012 0.110617
0.0308998 0.11173
0.0308535 0.111519
0.0317265 0.114527
0.0311645 0.111652
0.0312023 0.111922
0.0310761 0.112916
0.030963 0.112698
0.0312427 0.115412
0.0308917 0.112957
0.0307354 0.112856
0.0309435 0.113715
0.0309438 0.113768
0.0313498 0.114741
0.0312047 0.114119
0.031971 0.115925
0.0315241 0.114559
0.031182 0.114436
0.0319372 0.11767
0.031143 0.114766
0.0310762 0.115316
0.031077 0.115
0.0311601 0.114062
0.0320503 0.118457
0.0319185 0.117169
0.0314182 0.115536
0.0313328 0.116315
0.0323315 0.119262
0.0312881 0.114506
0.0318856 0.116231
0.0307234 0.112087
0.0323863 0.118732
0.0325594 0.119569
0.0313936 0.115301
0.0312677 0.114745
0.0311008 0.114909
0.0315469 0.116402
0.0314966 0.115849
0.0307809 0.111596
0.0315665 0.115094
0.0312835 0.115014
0.0311575 0.114583
0.031117 0.113795
0.0306773 0.112561
0.0313165 0.115465
0.0298419 0.10885
0.0307744 0.11321
0.0295135 0.107876
0.0294676 0.107382
0.0306743 0.113037
0.0303745 0.111532
0.0307905 0.113245
0.0313919 0.11579
0.0314822 0.117279
0.0309369 0.114917
0.0310321 0.11506
0.0312559 0.11563
0.0308179 0.114187
0.0315547 0.11761
0.0316966 0.118831
0.0315341 0.117353
0.0315623 0.116281
0.0324275 0.120961
0.0313315 0.117092
0.0313741 0.117754
0.03166 0.116973
0.031229 0.115271
0.0312611 0.115202
0.0316797 0.117383
0.0313071 0.114238
0.0310573 0.114806
0.0310944 0.114784
0.0311538 0.11578
0.0307979 0.114417
0.030152 0.111654
0.0303283 0.11297
0.0309589 0.115421
0.0313425 0.116951
0.0305387 0.112986
0.0298423 0.111111
0.0308746 0.114584
0.0305542 0.114223
0.0300889 0.112891
0.0295956 0.111586
0.0295874 0.113333
0.0294369 0.113481
0.0297034 0.113552
0.0310462 0.121187
0.0286935 0.111436
0.0289369 0.11215
0.0286806 0.113603
0.028551 0.112657
0.0287264 0.11417
0.0302233 0.120724
0.0290963 0.116166
0.0285021 0.114483
0.0285187 0.115556
0.0286495 0.115675
0.0280033 0.114556
0.0279096 0.114918
0.028204 0.115599
0.0286068 0.117754
0.0274957 0.114662
0.028169 0.118275
0.0279907 0.118957
0.0278817 0.119416
0.0274628 0.119488
0.028907 0.124698
0.0277547 0.12057
0.0277324 0.121443
0.0278264 0.121624
0.0272147 0.119353
0.0268699 0.117583
0.026739 0.117798
0.0277876 0.120992
0.0279712 0.123108
0.0282637 0.125863
0.0285029 0.127352
0.0273349 0.122579
0.0282585 0.127215
0.0289642 0.130837
0.0283596 0.127507
0.0289147 0.129451
0.0279214 0.126951
0.0285194 0.129621
0.0286339 0.13139
0.0288573 0.132654
0.0285508 0.13267
0.0294513 0.137661
0.0287655 0.135151
0.0288305 0.137735
0.029175 0.137938
0.0279286 0.131782
0.0286607 0.135558
0.0296339 0.141394
0.0296491 0.141002
0.0293018 0.139818
0.0283452 0.135964
0.0286185 0.138463
0.0295214 0.140856
0.0285309 0.138082
0.0288197 0.140305
0.0283472 0.139001
0.0289508 0.141445
0.0281621 0.13821
0.0282144 0.139288
0.0281603 0.140726
0.0285314 0.14163
0.0290059 0.143076
0.0289506 0.143499
0.0297003 0.148669
0.0307013 0.149793
0.029955 0.149577
0.0293285 0.148313
0.0298806 0.151095
0.0287801 0.143626
0.0296964 0.149397
0.0295657 0.148175
0.0288758 0.144966
0.0297358 0.147302
0.0297625 0.147829
0.0294867 0.147721
0.0296163 0.148506
0.0294373 0.149684
0.0299401 0.154106
0.0295384 0.148275
0.0306965 0.155885
0.0312371 0.157741
0.0311739 0.158248
0.0309346 0.157492
0.0294439 0.150559
0.0298841 0.152146
0.0303375 0.154016
0.0302924 0.154178
0.0301641 0.153241
0.0297898 0.15216
0.0293839 0.151121
0.0291394 0.149889
0.0296438 0.15197
0.0293283 0.151213
0.0283854 0.145221
0.0293978 0.151693
0.028642 0.149329
0.0291465 0.151213
0.0284487 0.147784
0.028619 0.149624
0.0300676 0.156528
0.0289193 0.148877
0.0293432 0.153084
0.0291999 0.152204
0.0291552 0.15199
0.0296327 0.155782
0.0296685 0.154602
0.0294798 0.154304
0.0284507 0.149012
0.0297663 0.157797
0.028724 0.150027
0.028339 0.149956
0.0287093 0.152682
0.029071 0.155303
0.0291215 0.155925
0.0294275 0.157536
0.0302028 0.159585
0.0297409 0.156984
0.0299101 0.159996
0.0300303 0.160945
0.0304495 0.16356
0.030824 0.16775
0.0296064 0.160573
0.0301434 0.164117
0.0312127 0.171749
0.0312956 0.172207
0.0307205 0.169292
0.0298076 0.1637
0.0308773 0.172159
0.0306816 0.168391
0.0311919 0.171998
0.0297962 0.165273
0.0299537 0.165374
0.0296461 0.165973
0.0301643 0.170173
0.0309551 0.17412
0.0305123 0.171973
0.0302032 0.167528
0.0298714 0.167825
0.0291627 0.166588
0.0287323 0.162244
0.0291856 0.16706
0.0294379 0.167019
0.0295251 0.166258
0.0293807 0.16614
0.0287099 0.163714
0.0291628 0.165917
0.029608 0.168833
0.0304245 0.175196
0.0296822 0.171607
0.0303275 0.176954
0.0296541 0.174801
0.0299921 0.174544
0.0296199 0.172656
0.0282762 0.16396
0.0297007 0.174254
0.0292884 0.173496
0.0290474 0.172852
0.0286967 0.172176
0.0291939 0.17516
0.0300587 0.180344
0.0296113 0.176008
0.0295164 0.180158
0.0302974 0.189973
0.0296727 0.18391
0.0296869 0.185054
0.0316021 0.196631
0.0314115 0.195535
0.0310989 0.193561
0.0307614 0.192196
0.0316069 0.198243
0.0314592 0.198711
0.0316508 0.19904
0.0321492 0.202893
0.032169 0.202271
0.0336195 0.212991
0.0326179 0.207376
0.0330424 0.21127
0.032493 0.207084
0.0328215 0.209572
0.0332096 0.210719
0.0330789 0.208941
0.0336601 0.212455
0.0330433 0.203269
0.0330855 0.203533
0.0327649 0.204117
0.0334761 0.206337
0.0335608 0.203517
0.0331796 0.198971
0.0339358 0.204079
0.0332045 0.201738
0.0339269 0.209465
0.0344562 0.214049
0.0336645 0.209563
0.0329411 0.207478
0.0331675 0.210158
0.0330578 0.209467
0.0336319 0.211194
0.0327711 0.20791
0.0335325 0.213032
0.0335451 0.212551
0.0337209 0.212662
0.0329809 0.209337
0.0338812 0.213444
0.0346187 0.217321
0.0340303 0.211464
0.034485 0.212651
0.0347824 0.213812
0.0334045 0.203492
0.0346751 0.209436
0.0352727 0.213386
0.0349177 0.208517
0.0350164 0.202642
0.0342912 0.200101
0.0352818 0.2049
0.0352102 0.202858
0.0348627 0.205641
0.0349074 0.20162
0.0351119 0.200025
0.035943 0.205459
0.0355953 0.202201
0.0343099 0.194296
0.0352516 0.200724
0.034583 0.195044
0.0339504 0.187703
0.0339704 0.186718
0.0340582 0.187432
0.035448 0.195892
0.0356772 0.195678
0.0372973 0.203269
0.0383534 0.206186
0.0378902 0.204173
0.0371453 0.201741
0.0372262 0.202037
0.0371139 0.202073
0.0364128 0.195402
0.0379029 0.202743
0.0374088 0.198591
0.0370251 0.196345
0.0362908 0.189545
0.0358326 0.187137
0.0372005 0.190836
0.0361006 0.185426
0.0354786 0.184603
0.0348603 0.181521
0.0336342 0.173889
0.0342461 0.174934
0.0322436 0.16413
0.0325891 0.164785
0.033435 0.170577
0.0330442 0.169624
0.0337641 0.170855
0.0345233 0.174066
0.0338429 0.173418
0.0347521 0.17577
0.0362809 0.179669
0.0355764 0.174924
0.0345317 0.167926
0.0331272 0.163676
0.0349356 0.174854
0.0342733 0.17277
0.0341888 0.173641
0.0339636 0.178526
0.0322029 0.167313
0.0327274 0.167839
0.0322019 0.168375
0.033298 0.173828
0.0327218 0.170418
0.0333084 0.173246
0.0331723 0.170872
0.0349412 0.178279
0.0344431 0.17863
0.0335138 0.17684
0.0346608 0.180775
0.0336214 0.175459
0.0338575 0.174
0.0363937 0.186522
0.0354501 0.180792
0.0352853 0.185198
0.0320318 0.177876
0.0321973 0.179184
0.0319459 0.174717
0.03319 0.178278
0.0313468 0.169699
0.031753 0.173412
0.0308316 0.16549
0.0325367 0.175348
0.0325688 0.177663
0.033318 0.186567
0.0324232 0.175552
0.0327145 0.179189
0.0325668 0.177368
0.0334794 0.182938
0.0330788 0.183459
0.0326755 0.1796
0.0339689 0.185368
0.0328691 0.177567
0.0331853 0.180905
0.0330052 0.177515
0.0330651 0.179982
0.0331259 0.175745
0.0329109 0.175328
0.0322203 0.169189
0.0323302 0.170433
0.032242 0.16964
0.0320949 0.168089
0.0306511 0.161089
0.030552 0.157713
0.0302766 0.156757
0.030065 0.155195
0.0297784 0.152172
0.0293405 0.150271
0.0293763 0.150389
0.0303467 0.155725
0.030543 0.154171
0.0299628 0.151065
0.0305368 0.157889
0.030126 0.153953
0.029575 0.148543
0.0298692 0.147126
0.0299733 0.147396
0.0296117 0.147577
0.0292073 0.146431
0.0303011 0.149805
0.0310486 0.152691
0.0299786 0.147597
0.028978 0.143877
0.030139 0.149167
0.0300832 0.148996
0.0307624 0.149518
0.0302147 0.147176
0.0296099 0.14475
0.0299107 0.150282
0.0304039 0.150789
0.0295142 0.144094
0.0294966 0.145074
0.0295318 0.143668
0.0302204 0.144897
0.0295749 0.142484
0.0288456 0.135387
0.0291833 0.138178
0.030102 0.14092
0.0302783 0.144154
0.0291713 0.138688
0.030034 0.140611
0.0301033 0.140383
0.0297246 0.138799
0.0299049 0.139187
0.0292204 0.136992
0.0302442 0.140518
0.0305931 0.14252
0.0314869 0.148951
0.0322818 0.1533
0.0322506 0.154453
0.0321908 0.155244
0.0318288 0.153862
0.0323765 0.156064
0.0314544 0.155668
0.0323923 0.159887
0.0318359 0.156463
0.0310678 0.154577
0.0311717 0.154448
0.0301769 0.151435
0.0308077 0.152956
0.0308772 0.153397
0.0302578 0.15197
0.030451 0.154166
0.0304874 0.151449
0.0299633 0.145583
0.0297303 0.146719
0.0299055 0.148233
0.0299772 0.149874
0.0294142 0.147603
0.0295068 0.14606
0.029951 0.147019
0.0292939 0.146469
0.0295336 0.145794
0.029382 0.146096
0.0301455 0.151262
0.0301459 0.149864
0.0306302 0.149995
0.0310104 0.149826
0.030945 0.154031
0.0299026 0.14691
0.0302548 0.147204
0.0313151 0.153165
0.0314964 0.153324
0.0305617 0.149747
0.0307137 0.152308
0.0304447 0.151715
0.030244 0.150184
0.0307391 0.150401
0.0313073 0.152778
0.0312764 0.156026
0.0313562 0.152811
0.0311102 0.151662
0.030844 0.151248
0.0319755 0.153282
0.0316898 0.150615
0.0315673 0.15146
0.0318436 0.15224
0.0317101 0.151534
0.0314976 0.151094
0.0316661 0.152019
0.031066 0.14676
0.0313093 0.149798
0.0305498 0.147304
0.0310424 0.148627
0.0312414 0.147693
0.0302947 0.142588
0.030515 0.143725
0.029625 0.138807
0.0303101 0.140709
0.031127 0.145586
0.0307039 0.142871
0.0304605 0.141739
0.0308557 0.143137
0.0320631 0.14997
0.0332317 0.152306
0.0324065 0.149775
0.0334437 0.155771
0.0335653 0.155939
0.0347312 0.160748
0.0347645 0.162863
0.0338008 0.156636
0.0337107 0.157008
0.0347459 0.160828
0.0341926 0.160052
0.0346856 0.160555
0.0342016 0.16041
0.0334448 0.157637
0.0337919 0.161238
0.0330668 0.153066
0.0332704 0.152552
0.0327594 0.152895
0.0327851 0.151474
0.0324848 0.150472
0.0325649 0.149937
0.0326509 0.151551
0.0341134 0.156815
0.03248 0.151685
0.0326128 0.151619
0.0318421 0.147177
0.0326209 0.150776
0.0320279 0.149753
0.0319325 0.149673
0.0314672 0.148411
0.0326385 0.152008
0.0326746 0.150235
0.0329325 0.153884
0.0333604 0.157269
0.0342852 0.163154
0.0332287 0.158695
0.0340207 0.161281
0.033574 0.158037
0.0334229 0.157853
0.0335983 0.15829
0.0332287 0.1562
0.032635 0.154382
0.0324312 0.153026
0.0323742 0.152732
0.0323516 0.152992
0.0323956 0.152883
0.0328498 0.153124
0.0334363 0.157026
0.0333136 0.155121
0.0331403 0.155547
0.0339242 0.158322
0.0342547 0.156438
0.0331022 0.153899
0.0329195 0.150145
0.0332035 0.153076
0.0328781 0.153425
0.0306279 0.138675
0.0312235 0.143806
0.0314376 0.146474
0.0318185 0.147918
0.0326101 0.149025
0.0325198 0.144475
0.0313104 0.144326
0.0324438 0.150311
0.0311482 0.145341
0.0318729 0.146597
0.0322417 0.149612
0.0322347 0.148614
0.0324133 0.147338
0.0325106 0.149775
0.032095 0.145411
0.0322346 0.147679
0.032267 0.145518
0.0312193 0.142662
0.0312619 0.141294
0.0307656 0.138743
0.0314236 0.141619
0.0315317 0.142816
0.0324867 0.147297
0.0322979 0.142281
0.0320466 0.142369
0.0330866 0.150612
0.032218 0.148579
0.0329682 0.149655
0.0335362 0.152329
0.0336604 0.150251
0.0343555 0.153671
0.035635 0.159958
0.0342967 0.153831
0.0339146 0.150877
0.0340878 0.151771
0.0340785 0.153506
0.0323943 0.144818
0.0328564 0.14643
0.0329087 0.148245
0.0322949 0.146281
0.0332344 0.155248
0.0331241 0.15396
0.0323032 0.14972
0.0326138 0.155087
0.0321295 0.151573
0.0308982 0.14579
0.0310814 0.1448
0.0314144 0.147657
0.0310903 0.149378
0.0319974 0.152776
0.0321759 0.148584
0.0316608 0.151632
0.0314085 0.149073
0.0310352 0.142634
0.0321997 0.150209
0.0319643 0.147801
0.0320136 0.15007
0.0318272 0.145302
0.0321342 0.146838
0.0315424 0.14463
0.0313534 0.142483
0.0320165 0.144268
0.031514 0.143661
0.0312235 0.145858
0.0315158 0.146476
0.0294468 0.135032
0.0308618 0.140894
0.030402 0.139834
0.0308217 0.141523
0.0311064 0.14379
0.0300242 0.140112
0.0300981 0.139403
0.0295282 0.138647
0.0295951 0.138588
0.0281687 0.131527
0.0278811 0.132485
0.0282584 0.133134
0.0283996 0.134774
0.02878 0.138366
0.0287771 0.140725
0.0285413 0.14022
0.0290295 0.141614
0.0289503 0.143355
0.0286177 0.139651
0.0289421 0.141815
0.0291102 0.143333
0.0297288 0.145704
0.0301302 0.148372
0.0294193 0.141661
0.0283138 0.134319
0.0284308 0.137445
0.0284914 0.137924
0.0297914 0.142945
0.0293702 0.14178
0.0296777 0.143207
0.0301057 0.148349
0.0308811 0.149651
0.0305505 0.14979
0.0308177 0.150606
0.0304998 0.151312
0.0290773 0.141058
0.0300493 0.146847
0.0304723 0.149241
0.0297196 0.144951
0.0291842 0.142798
0.0286956 0.140206
0.028644 0.140265
0.0285582 0.139228
0.0293724 0.145439
0.0292012 0.143763
0.0297174 0.144626
0.0296502 0.143633
0.0301166 0.14594
0.0302309 0.144954
0.0296136 0.14068
0.0290772 0.138398
0.0294933 0.140792
0.0299977 0.143218
0.0297505 0.14359
0.0303198 0.14452
0.0306816 0.150104
0.0308178 0.149645
0.0308477 0.150192
0.0300777 0.145883
0.0298555 0.144251
0.02984 0.141518
0.0288947 0.138623
0.0300091 0.145572
0.0295923 0.141955
0.0288021 0.14064
0.0276463 0.132687
0.0270694 0.128362
0.0275776 0.133899
0.0273929 0.133946
0.0279551 0.138244
0.0279819 0.138656
0.0276458 0.137639
0.0279937 0.140323
0.0279068 0.138053
0.0280133 0.139101
0.0276074 0.138187
0.0261571 0.132828
0.0270714 0.136032
0.026702 0.135308
0.0265234 0.134568
0.0262379 0.131184
0.0269844 0.136931
0.0263264 0.132188
0.0271183 0.135506
0.0278065 0.142117
0.0263855 0.134729
0.0271169 0.138023
0.0256561 0.132674
0.0266112 0.138527
0.0276679 0.144132
0.0279332 0.14448
0.0266647 0.136653
0.0269996 0.141229
0.0275853 0.145037
0.0280233 0.147991
0.0275818 0.148798
0.0278214 0.151526
0.0268202 0.146308
0.0262318 0.144437
0.0251785 0.140782
0.0252475 0.144672
0.0228693 0.129005
0.0238674 0.134643
0.0242294 0.136846
0.024167 0.137531
0.023787 0.136085
0.0236216 0.136726
0.0243005 0.138982
0.0243684 0.13907
0.0244926 0.141632
0.0244861 0.139278
0.0238868 0.135688
0.0239899 0.140423
0.0237469 0.136477
0.0233058 0.135229
0.0228056 0.130264
0.0226575 0.133769
0.0228568 0.137036
0.0212455 0.12638
0.0209837 0.124722
0.0214691 0.128294
0.0225052 0.138269
0.0219348 0.13407
0.0213062 0.130923
0.0217423 0.13419
0.0220127 0.13555
0.0215296 0.132848
0.0218605 0.13395
0.0209376 0.1265
0.022142 0.137794
0.0215938 0.133941
0.0216035 0.134192
0.0219855 0.134185
0.0226535 0.138752
0.0216714 0.133885
0.0214261 0.132761
0.0209431 0.128501
0.0213704 0.129926
0.0217176 0.132929
0.0212244 0.131367
0.0201997 0.127168
0.0200274 0.125537
0.0197798 0.123444
0.0202822 0.128404
0.0209767 0.132973
0.0216226 0.136794
0.0221608 0.14021
0.0224298 0.14
0.0236306 0.146803
0.0232481 0.141237
0.0234383 0.140586
0.0235292 0.145318
0.0240759 0.148415
0.0234265 0.146745
0.0230915 0.142802
0.0231581 0.14249
0.0233591 0.142676
0.0234764 0.139013
0.0230091 0.139089
0.0233364 0.138748
0.0238925 0.143917
0.0235629 0.140436
0.0243933 0.144211
0.0246878 0.147113
0.0247016 0.146204
0.0248054 0.149674
0.0237008 0.140537
0.0235579 0.1381
0.0242524 0.141061
0.0238521 0.139949
0.0246229 0.143029
0.0246831 0.139147
0.0239704 0.13662
0.0236673 0.132424
0.0248937 0.138373
0.0247786 0.136867
0.0243918 0.132638
0.0239318 0.131172
0.0235075 0.128778
0.0231951 0.124295
0.0228661 0.120035
0.0241381 0.12785
0.0240569 0.125289
0.0242841 0.12559
0.0244433 0.127532
0.026439 0.134956
0.0266905 0.139194
0.0273885 0.140102
0.0282591 0.140391
0.0276922 0.141262
0.0290922 0.143861
0.0297775 0.14571
0.0301086 0.144947
0.0291704 0.142058
0.0305786 0.146106
0.0296828 0.143282
0.0308934 0.14811
0.0298666 0.144408
0.028672 0.139568
0.0296367 0.144082
0.0291235 0.144553
0.0279795 0.139515
0.0286176 0.142133
0.0277562 0.137906
0.0274861 0.136775
0.0277055 0.140135
0.027554 0.135219
0.0285636 0.141235
0.028452 0.140373
0.028732 0.139074
0.0294124 0.140946
0.0310642 0.147954
0.0314058 0.145799
0.0298539 0.138309
0.0303889 0.140979
0.0295337 0.137798
0.0290403 0.136595
0.0286824 0.136975
0.0279945 0.135341
0.0277372 0.134829
0.0281684 0.136359
0.0296851 0.144289
0.0298161 0.143106
0.0298315 0.142872
0.0304049 0.141387
0.0307047 0.145772
0.0310895 0.143645
0.0311785 0.146371
0.0316701 0.149645
0.0309513 0.146373
0.030901 0.144945
0.0306894 0.14351
0.031739 0.151995
0.0311511 0.148517
0.0311789 0.148878
0.0314493 0.149124
0.0315177 0.152046
0.0304956 0.143141
0.0306492 0.145517
0.0300502 0.140788
0.0303254 0.14307
0.0306049 0.147212
0.0294458 0.14018
0.0293507 0.140681
0.029317 0.140435
0.0291923 0.136756
0.0293538 0.140383
0.0287796 0.137829
0.0303849 0.141148
0.0304784 0.142207
0.0300941 0.142929
0.0302959 0.140325
0.0307327 0.144078
0.03074 0.139664
0.0311351 0.146506
0.0306512 0.141605
0.0311482 0.145943
0.0318728 0.146334
0.0314524 0.143769
0.0322132 0.149046
0.0328262 0.152093
0.0333558 0.156423
0.0336815 0.158067
0.032925 0.153945
0.0330827 0.153631
0.0332021 0.153877
0.0328911 0.152952
0.0336095 0.155785
0.0336109 0.159911
0.0330912 0.154962
0.0333284 0.158033
0.0339897 0.161699
0.0337681 0.159835
0.0340486 0.158979
0.0341766 0.162614
0.034443 0.163755
0.033317 0.160258
0.0335052 0.163678
0.0332516 0.160148
0.0333907 0.162548
0.03303 0.158942
0.0326749 0.158225
0.0325065 0.155221
0.033019 0.159175
0.0337955 0.160508
0.0326036 0.154352
0.0329261 0.156533
0.0340566 0.162278
0.032236 0.149184
0.0332751 0.153831
0.0347783 0.157767
0.0361526 0.163376
0.0344413 0.156959
0.0336365 0.154329
0.0316397 0.146407
0.0319723 0.146672
0.0327328 0.149596
0.0335358 0.153747
0.0329628 0.150251
0.0323355 0.14728
0.0312889 0.145163
0.0318415 0.147359
0.031262 0.142523
0.031727 0.145727
0.0311967 0.143587
0.0309624 0.143921
0.0318353 0.15051
0.0308614 0.145819
0.0303353 0.14313
0.0305014 0.144499
0.0305435 0.145797
0.0296994 0.140353
0.0299444 0.143401
0.0300357 0.142987
0.0299123 0.143179
0.0289852 0.139815
0.0300991 0.145498
0.0299606 0.145409
0.0294124 0.140956
0.0311358 0.153871
0.0309296 0.150963
0.0315491 0.154217
0.0310358 0.153903
0.0314831 0.155796
0.0324279 0.160038
0.0308222 0.149699
0.0313291 0.152608
0.030338 0.147843
0.0309466 0.149068
0.0309734 0.149881
0.0307505 0.148241
0.0301812 0.145509
0.0295528 0.141748
0.0296482 0.142036
0.0302316 0.147308
0.0303598 0.147543
0.0295695 0.147421
0.0301866 0.150588
0.0295291 0.14779
0.0289243 0.145589
0.0274978 0.1409
0.0272507 0.142524
0.0263364 0.136988
0.0257457 0.134654
0.0248828 0.130044
0.0243933 0.128145
0.0234581 0.123285
0.0240931 0.127851
0.0238641 0.126125
0.0244523 0.129198
0.0241461 0.129726
0.0245093 0.131504
0.0242138 0.131215
0.0253524 0.137072
0.0250111 0.13483
0.0241944 0.130484
0.0242774 0.13275
0.0240302 0.131816
0.0239158 0.130105
0.0226956 0.124364
0.0224323 0.123914
0.023051 0.126547
0.0225747 0.124884
0.0225157 0.12436
0.0227914 0.126019
0.0222138 0.12412
0.0224515 0.125059
0.0228049 0.127506
0.0221386 0.124267
0.0223088 0.126418
0.0218531 0.124791
0.0220639 0.125914
0.022923 0.131285
0.0220511 0.126932
0.0217683 0.125665
0.0227367 0.134242
0.0229155 0.135256
0.0228286 0.133146
0.0230706 0.133714
0.0240829 0.141877
0.0232947 0.1382
0.0235658 0.13731
0.0232903 0.136525
0.0235523 0.138206
0.0235134 0.138824
0.023806 0.139401
0.0234485 0.136842
0.0231312 0.136486
0.0232718 0.136676
0.0228174 0.134407
0.023329 0.137368
0.0234126 0.138262
0.0229768 0.135687
0.0226827 0.133604
0.0236521 0.137822
0.022695 0.13257
0.0227183 0.133579
0.0233647 0.137746
0.0228589 0.135306
0.0233573 0.137469
0.0233293 0.136364
0.0231203 0.136341
0.0232751 0.137255
0.022919 0.135321
0.0236139 0.139563
0.0234984 0.137407
0.0229185 0.134545
0.0230945 0.135792
0.023509 0.137437
0.0237491 0.140223
0.02339 0.137605
0.0235063 0.138526
0.0237995 0.13877
0.0232917 0.137274
0.023093 0.135683
0.022999 0.136246
0.0228682 0.134698
0.0226428 0.133538
0.0229443 0.135172
0.0226051 0.132932
0.0228115 0.134121
0.0231082 0.136771
0.0230673 0.135527
0.0222486 0.130318
0.022952 0.13479
0.0228612 0.134266
0.0220265 0.13036
0.0228297 0.134151
0.0233482 0.137308
0.021833 0.129621
0.0225887 0.132857
0.0220309 0.130269
0.0227129 0.132671
0.0218678 0.129425
0.0221149 0.129009
0.0216534 0.12744
0.0214342 0.126582
0.0221503 0.130712
0.0221844 0.130509
0.0220957 0.130297
0.0217043 0.127897
0.0216366 0.127552
0.0218321 0.128014
0.0216339 0.128139
0.0222204 0.131119
0.0213112 0.125245
0.0217418 0.128372
0.0220266 0.129095
0.0218084 0.129278
0.0220605 0.12953
0.0220891 0.129609
0.0210749 0.124463
0.0221754 0.130611
0.02152 0.126503
0.0219097 0.128913
