45227
43824
43762
44729
45608
46180
46089
46410
46622
46197
46428
46359
46505
46552
46303
46444
46443
46678
46491
46281
46503
46624
46328
46242
45905
45229
45012
44667
44393
44244
43890
44045
43928
43993
44125
44026
44129
44621
44829
45456
45708
45967
45761
45782
45989
45903
46088
45780
45846
46142
46131
45943
46093
46097
46053
46249
46095
46149
45890
46372
46158
46218
46118
46533
46556
46417
46362
46189
46232
46297
46317
45903
46163
46367
46333
46365
46095
46295
46386
46491
46304
46548
46397
46346
46508
46674
46645
46695
46425
46451
46634
46690
46556
46742
46522
46757
46785
46755
46715
46851
46683
46713
46586
46853
46847
46751
46791
46983
46739
46820
46593
46621
46563
46807
46838
46706
46946
46802
47015
46774
46940
47000
46951
46883
46851
47023
46820
47072
47080
47027
47029
47062
46942
46799
46751
46819
46664
46559
47044
47047
47216
47070
46915
46998
46894
47134
47067
46889
46840
46756
47060
47072
47221
46982
47075
47133
47033
47080
46960
46736
47246
47177
47115
46916
46892
47076
47036
47256
47170
47133
46926
47158
47088
47344
47153
47243
47111
47330
47285
47272
47243
47132
47184
47266
47157
47219
47249
47251
46985
47034
47379
47288
47090
47137
47208
47432
47153
47339
47100
47242
47506
47053
47273
47557
47199
47424
47335
47249
47619
47657
47688
47272
47519
47402
47552
47554
47415
47558
47545
47358
47304
47421
47430
47685
47555
47580
47529
47367
47297
47629
47661
47691
47527
47898
47316
47507
47707
47442
47825
47507
47677
47560
47646
47710
47467
47575
47375
47790
47860
47631
47430
47799
47556
47587
47410
47616
48047
47854
47593
47686
47790
47763
47828
47758
47876
47773
47635
47579
47617
47612
47653
47559
47676
47892
47899
47503
47993
47746
47690
47872
47634
47935
47877
47738
47786
48214
47575
48030
47833
47901
47716
48153
47996
48266
48132
48247
48189
48172
48319
48551
48246
48158
47945
47935
48264
48366
47960
47924
48021
48370
48414
48280
48350
48318
48474
48272
48545
48317
48426
48629
48329
48266
48324
48458
48332
48666
48615
48605
48033
48649
48786
48682
48427
48576
48415
48579
48543
48404
48531
48720
48239
48406
48724
48493
48193
48356
48333
48622
48561
48383
48259
48318
48306
48764
48310
48670
48372
48438
48554
48465
48387
48290
48428
48435
48473
48632
48594
48543
48656
48229
48303
48565
48342
48649
48674
48524
48376
48461
48596
48602
48460
48233
48406
48505
48612
48496
48555
48486
48502
48933
48662
48373
48519
48512
48551
48408
48566
48503
48402
48538
48665
48632
48444
48385
48270
48442
48429
48408
48438
48269
48425
48505
48273
48508
48418
48308
48517
48373
48264
48331
48276
48075
48264
48382
48177
48306
48189
48146
48177
48203
47945
48142
47784
47915
47921
47740
47617
47804
48024
47687
47462
47655
47403
47558
47397
47110
47045
47171
47124
47064
46818
47060
47091
46964
46829
46884
46767
47029
46666
46667
46910
46690
46900
46625
46588
46831
46836
46784
46607
46659
47034
46585
46563
46840
46701
46445
46618
46906
46486
46680
46723
46600
46374
46401
46085
46098
46137
46007
46076
45746
45555
46009
45635
45654
46073
45933
45672
45615
45745
45861
46099
45804
46011
46192
45687
45889
45975
46170
45828
46236
46220
46408
46727
46428
46458
46773
46908
46592
46366
46213
46530
46341
46831
46580
46538
46574
46114
45882
45918
45839
44817
45058
45060
45431
45541
45429
45512
45431
45586
45222
45401
45318
45352
45454
44917
44303
44363
44519
44546
44317
43565
43579
43808
44041
45330
45128
44951
45104
45523
45476
45635
45733
45473
45771
46109
46218
46397
46566
47009
47528
47514
47826
47732
47841
47966
47727
47978
47889
47819
48074
47858
48057
47951
48156
47996
47887
48261
48066
47913
47867
47826
47713
47766
47574
47641
47976
47819
47899
48183
47796
47634
48002
47845
47834
47428
47692
47957
48043
47790
47943
48175
48016
48014
47946
47841
48281
47638
47724
48061
47646
47935
47671
47651
47501
47381
47331
47353
47488
47379
47498
47567
47658
47847
47326
47525
47670
47511
47553
47618
47608
47558
47519
47495
47358
47460
47416
47436
47426
47684
47177
47655
47302
47376
47503
47436
47143
47339
47536
47454
47166
47517
47307
47445
47373
47496
47249
47529
47433
47352
47072
47380
47335
47036
47176
47169
47168
47209
47337
47085
47383
47462
47398
47419
47341
47401
47321
47595
47245
47258
47095
46946
47317
47157
46913
47151
47094
47132
47047
47002
47277
47255
47171
47174
47080
47103
47242
47171
47026
47159
47162
47186
47099
47198
47135
47049
47383
47374
47233
47025
47365
47256
47192
46969
47009
47157
46822
46959
47128
47089
47090
47243
47056
47158
47495
47331
47229
47262
47136
47154
46925
47188
47133
47164
47176
47157
47115
46983
46931
47016
47176
47300
47111
47102
47079
47077
46881
46969
46905
47206
46906
46956
47000
46892
46689
46735
46830
47086
46513
46812
46810
47127
46969
46838
46877
46744
46742
46994
47088
47154
46836
46710
46912
46879
46833
46891
46688
46705
47252
47180
47307
47178
47158
46935
47349
47263
47144
47153
47035
47116
47093
47121
47140
46957
46896
46980
46941
46897
46921
46853
47007
46995
47144
47151
46966
46854
47168
47207
47450
47595
47312
47480
47170
47393
47057
47278
47219
47255
47503
47370
47090
46908
46964
47025
47303
47227
47328
47146
47468
47343
47102
47027
47361
47342
47300
47181
47888
47570
47443
47391
47422
47453
47578
47423
47394
47235
47587
47119
47361
46774
47251
47150
47038
47073
47116
47231
47237
47058
47098
47064
47213
46843
46945
47060
47051
47102
47219
47073
47184
47529
47249
47466
47348
47469
47352
47566
47475
47372
47406
47922
47597
47541
47562
47656
47298
47583
47329
47385
47363
47564
47535
47591
47574
47275
47363
47441
47260
47199
47175
47350
47122
47427
47309
47342
47371
47531
47680
47917
47627
47673
47880
47859
48013
47892
48354
47767
48437
48259
48357
47883
47887
48257
47963
48085
48069
48211
48097
48108
48017
48154
48352
48352
48334
48460
48301
48233
48259
48381
48497
48399
48417
48291
48440
48482
48268
48134
48130
48121
48101
48144
48148
48061
47904
48219
48297
48408
48804
48108
48416
47845
48204
47537
47894
48165
47923
48169
48046
48202
48256
48175
48184
47882
48119
48130
48329
47968
47517
47196
47281
47420
47434
47510
47304
47510
47319
47394
47263
47109
46884
46976
46983
46954
47206
47053
47126
47049
47063
47034
47059
47098
47065
47210
47154
47070
47247
47106
46999
47593
47333
48041
47180
47473
47378
47334
47293
47257
47348
47297
47287
47031
47107
46858
47045
47229
47145
47027
46921
47232
46999
46996
46929
46763
46637
47074
47183
47052
47166
47414
47019
47346
47402
47220
47179
47221
47419
47182
47511
47188
47174
47170
47217
47082
47359
47181
47418
47036
47181
47365
47342
47437
47290
46968
47246
46782
47584
47458
47296
47107
46550
46744
47186
47070
47068
46810
46957
46926
46997
46463
46962
46802
46913
47127
46915
47079
46927
47131
47006
47185
47166
46774
47227
46687
46811
46942
46552
46691
46630
46735
46745
47416
46406
46428
46325
46636
46566
46700
46798
46648
46864
46831
46772
46725
46909
46588
46622
46634
46553
47044
46770
46886
46812
46995
46443
46795
46622
46594
46688
46660
46534
46752
46602
46773
46758
46653
46048
46751
46933
46647
47070
46970
46974
47107
47106
47123
47131
47118
47349
47270
47141
47185
47489
47690
47561
47194
47461
47329
47411
47530
47299
47697
47534
47482
47291
47410
47699
47460
47531
47478
47474
47628
47391
47402
47835
47470
47865
47589
47725
47662
47776
48072
47697
47791
47723
48084
47865
47866
47874
47766
47675
47677
47679
48160
47912
47902
47966
47923
48005
47922
47945
47940
47891
48278
47815
47908
48094
48226
48120
48126
48192
48131
48127
48150
47769
47707
47841
47817
47690
47957
47850
48002
48058
47918
47855
47821
47783
48208
47860
48048
47839
47854
48033
47920
47841
48184
47723
47978
47594
48153
47841
47937
48054
48171
48187
48290
48055
47928
47911
48350
47974
47909
48156
47942
48330
47959
47897
48114
47891
47909
47924
