61.1374   160.155   221.292 0.104241   0.0598821
63.5463   174.877   238.423 0.111354   0.0649456
63.7447   173.121   236.866 0.111637   0.0652714
61.5068   170.856   232.363 0.106968   0.062946
65.5681   168.294   233.862 0.109523   0.0619563
63.9652   175.639   239.604 0.110222   0.064219
67.4624   169.596   237.058 0.113478   0.0626856
63.182   172.587   235.769 0.107881   0.0639211
61.7118   170.666   232.378 0.107574   0.0659366
65.3384   184.365   249.704 0.116364   0.071633
65.9807   206.909   272.89 0.118841   0.0785056
70.1259   216.355   286.48 0.121641   0.0811152
69.5723   219.847   289.419 0.12498   0.0842379
70.2092   213.043   283.252 0.125643   0.0840603
67.4354   206.303   273.738 0.124236   0.0815878
71.4117   195.216   266.628 0.124151   0.0803953
70.1194   202.396   272.515 0.120016   0.0822664
71.7712   193.044   264.816 0.122581   0.0793116
74.0299   189.806   263.836 0.122566   0.0782222
74.9322   194.781   269.714 0.124111   0.0792358
73.525   197.687   271.212 0.127151   0.0799946
73.4706   192.232   265.703 0.123688   0.0781114
72.3594   194.137   266.496 0.12493   0.0778042
73.447   198.261   271.708 0.124698   0.0790123
71.239   208.887   280.126 0.124926   0.0816604
69.9748   209.644   279.618 0.124105   0.0801594
72.4011   219.827   292.228 0.124865   0.0840746
73.1326   212.708   285.84 0.123674   0.0816798
79.4219   222.661   302.083 0.126307   0.0868142
75.2799   204.338   279.618 0.126344   0.0821678
72.0939   203.265   275.359 0.127105   0.0819949
72.8325   210.213   283.046 0.123063   0.0854814
69.5129   209.899   279.411 0.125507   0.0886449
62.0894   225.323   287.413 0.101453   0.0723059
66.0627   237.717   303.78 0.110043   0.0775079
61.1231   222.928   284.052 0.106672   0.0721685
61.9046   220.546   282.45 0.11235   0.0716561
68.4491   224.79   293.239 0.116887   0.0758247
72.2435   236.134   308.378 0.122188   0.0788691
71.1697   237.33   308.499 0.12464   0.0816015
70.6227   238.783   309.406 0.121763   0.0821832
69.9187   237.284   307.203 0.11697   0.0828867
72.5781   238.288   310.866 0.120462   0.0838009
72.2239   224.678   296.902 0.120776   0.0799851
73.9597   230.37   304.33 0.124811   0.0829779
72.8456   231.409   304.254 0.12331   0.083106
68.0926   235.81   303.903 0.120475   0.0853333
68.6576   247.371   316.028 0.1232   0.0911126
75.1959   245.211   320.407 0.128189   0.0920669
69.7104   255.218   324.928 0.12312   0.0958962
55.3573   242.813   298.17 0.0958153   0.0749712
61.1818   241.227   302.409 0.0984818   0.0768607
61.8709   246.006   307.877 0.101803   0.0759043
61.5868   242.111   303.698 0.102389   0.0763216
61.7031   246.412   308.115 0.102796   0.0781393
62.751   249.134   311.885 0.101375   0.0779419
66.509   241.616   308.125 0.103961   0.0777276
68.0347   252.44   320.475 0.104709   0.0813142
66.2336   244.219   310.452 0.106685   0.0789458
66.1701   257.239   323.409 0.107129   0.0853386
66.7399   249.801   316.541 0.10883   0.0840726
71.3359   255.496   326.832 0.111637   0.0846013
71.7519   258.838   330.59 0.112069   0.0850461
71.7174   254.2   325.917 0.114054   0.0820635
68.4309   270.305   338.736 0.111115   0.0890459
70.057   267.764   337.821 0.117217   0.0914547
67.3335   264.963   332.297 0.111572   0.0903489
56.0479   254.829   310.877 0.0927178   0.0761139
60.2646   250.868   311.133 0.0977527   0.0759747
56.1056   245.37   301.475 0.0912286   0.0738732
59.5265   250.993   310.52 0.0955481   0.0741486
65.8764   251.036   316.912 0.103906   0.0756817
65.3082   265.794   331.102 0.106106   0.081146
63.2055   271.044   334.249 0.10281   0.0830291
62.2972   278.283   340.58 0.10242   0.0840479
64.714   275.856   340.57 0.105501   0.0860491
61.1433   288.746   349.889 0.104474   0.08816
60.1359   289.572   349.708 0.105465   0.0888967
65.1566   295.972   361.128 0.109876   0.0897483
67.358   293.31   360.668 0.109954   0.0897191
65.3897   296.644   362.034 0.108306   0.0925712
64.1836   300.068   364.252 0.110319   0.0939533
64.4961   292.316   356.812 0.112755   0.0919869
63.4633   293.077   356.54 0.112404   0.0916209
57.992   278.16   336.152 0.0943343   0.081872
64.0434   281.575   345.619 0.0972934   0.0821698
63.7522   273.187   336.939 0.0989941   0.0782939
61.7383   273.699   335.438 0.10017   0.0784314
60.9452   284.602   345.548 0.0977626   0.0844217
66.6801   271.973   338.653 0.102207   0.080642
68.0109   280.541   348.552 0.104364   0.0825202
69.3898   286.809   356.198 0.105552   0.087511
68.5973   287.701   356.299 0.102325   0.0868059
67.4823   287.952   355.434 0.103925   0.0872405
69.246   291.345   360.591 0.104855   0.0891073
69.9541   296.86   366.814 0.106583   0.0895506
71.5938   292.356   363.95 0.106777   0.0885189
77.5573   290.716   368.273 0.113024   0.0894016
78.7143   292.945   371.66 0.112225   0.0907964
61.9745   252.679   314.653 0.0905001   0.0756841
64.5773   244.346   308.923 0.0974605   0.0741611
65.7872   252.136   317.923 0.0993389   0.0770175
67.9233   251.962   319.886 0.102603   0.0780794
68.1772   259.356   327.533 0.100929   0.0803147
72.2852   259.404   331.689 0.104458   0.0805602
64.4451   265.09   329.536 0.0950517   0.0834055
68.8227   264.581   333.404 0.0968651   0.0838211
70.3939   266.719   337.113 0.0982698   0.0848838
77.44   269.153   346.593 0.101328   0.0869428
75.4812   261.322   336.803 0.104908   0.0846387
74.633   247.968   322.601 0.106924   0.079545
75.8332   253.901   329.734 0.105824   0.0826392
75.9244   253.105   329.029 0.108525   0.0820916
79.6524   250.791   330.443 0.108312   0.080869
57.0751   246.754   303.829 0.0840328   0.0747105
56.7423   244.405   301.148 0.0860167   0.0772375
61.0975   252.673   313.771 0.0930419   0.0823622
62.0331   257.761   319.794 0.0923937   0.0823675
62.6657   244.509   307.175 0.0929482   0.0782329
67.3486   247.435   314.783 0.0965433   0.0806029
67.9595   235.917   303.876 0.099911   0.0769411
62.1161   239.255   301.371 0.093973   0.0778978
66.688   234.677   301.365 0.0977829   0.0788037
63.4538   248.354   311.808 0.0960936   0.0828306
67.6714   246.836   314.507 0.0964529   0.0840492
66.2433   245.918   312.161 0.0951576   0.0841032
67.2913   253.571   320.862 0.0984079   0.0835435
59.7534   230.233   289.986 0.0864425   0.0728066
58.8541   243.912   302.766 0.0862963   0.0765431
62.2615   253.901   316.163 0.0919667   0.0821953
59.8145   249.945   309.759 0.0933871   0.0808032
64.0614   253.075   317.136 0.0958716   0.0833195
68.1396   257.891   326.031 0.0986509   0.0855158
67.0869   253.29   320.377 0.102501   0.0850538
74.1926   257.707   331.9 0.110111   0.087069
68.293   249.556   317.849 0.108796   0.0882713
77.2882   253.037   330.326 0.112156   0.089402
53.5627   225.158   278.72 0.0868114   0.0762434
55.5433   226.3   281.843 0.0911044   0.07679
62.1121   225.382   287.494 0.0978143   0.0791035
61.3091   221.564   282.873 0.0994201   0.0801656
60.563   229.302   289.865 0.100723   0.0830502
63.7298   234.621   298.351 0.101239   0.0863319
63.9177   230.526   294.443 0.100405   0.085304
64.777   214.154   278.931 0.104535   0.0832636
64.607   223.882   288.489 0.10474   0.0871476
62.3025   199.676   261.979 0.102877   0.0795332
53.4151   195.283   248.698 0.0893976   0.0757206
51.0158   209.052   260.068 0.0886306   0.081808
54.4288   209.187   263.616 0.0947686   0.0837643
58.3873   211.734   270.121 0.0931005   0.0859607
59.4153   193.614   253.029 0.100846   0.0790584
58.9078   176.373   235.28 0.100934   0.0747619
61.9235   184.991   246.914 0.100335   0.0766431
62.6741   184.216   246.891 0.105276   0.0776629
67.6679   179.366   247.034 0.105074   0.0775873
67.7975   175.116   242.914 0.106166   0.0782327
50.036   153.817   203.853 0.083449   0.0697518
47.7076   152.529   200.237 0.082133   0.0702252
55.3161   163.962   219.278 0.0881531   0.0756807
57.069   165.606   222.675 0.0930473   0.0784925
55.1702   178.04   233.211 0.0925675   0.0846133
55.5638   182.972   238.536 0.0939485   0.088723
60.3558   166.099   226.455 0.0995313   0.0816774
54.2023   161.019   215.221 0.0931311   0.0804118
54.3825   152.84   207.222 0.0936016   0.0775329
55.7758   146.99   202.766 0.0993237   0.0763717
46.5026   139.423   185.925 0.0825685   0.0716385
47.4695   145.928   193.398 0.0857292   0.0746272
50.7731   141.997   192.77 0.0910239   0.0749482
52.5107   134.485   186.996 0.0910064   0.0716758
51.9008   138.393   190.294 0.0921206   0.075181
50.4185   145.853   196.271 0.0904908   0.0790388
51.5295   139.817   191.346 0.0890193   0.0793513
53.4386   137.369   190.808 0.094433   0.0787719
46.9329   136.687   183.62 0.0891696   0.0791699
52.6793   137.012   189.691 0.0915472   0.0805243
53.8218   144.511   198.332 0.0938129   0.0825977
43.9135   123.522   167.436 0.081447   0.0740395
50.5627   128.999   179.562 0.0871772   0.0768311
49.6562   136.487   186.143 0.0900222   0.082231
49.5931   136.302   185.895 0.087672   0.082624
48.0128   144.416   192.429 0.0902254   0.085845
49.0436   138.815   187.858 0.0923175   0.0854638
50.4865   137.132   187.619 0.0910605   0.0847317
52.951   138.989   191.94 0.0940682   0.0842463
51.4653   128.301   179.766 0.095365   0.0809808
49.0994   129.764   178.863 0.0886537   0.0803988
43.3198   112.744   156.064 0.0831474   0.0719719
43.092   119.072   162.164 0.0828162   0.0756012
46.5614   119.382   165.944 0.0864919   0.0773202
46.0231   123.893   169.916 0.0890769   0.083224
47.5711   110.414   157.985 0.0915079   0.0764642
49.7448   113.015   162.759 0.0946519   0.0805457
52.324   102.557   154.881 0.0922571   0.0782096
50.5703   98.7269   149.297 0.0924954   0.0772209
54.8192   92.9775   147.797 0.0990709   0.0770958
49.7617   98.5195   148.281 0.0933775   0.0795679
41.8852   89.9813   131.866 0.0810473   0.07074
40.2696   90.4764   130.746 0.0805539   0.0720197
43.8922   98.0106   141.903 0.0826128   0.0766846
48.3222   98.3658   146.688 0.0901294   0.0793912
48.15   98.574   146.724 0.0927746   0.0777572
51.5624   95.6405   147.203 0.0949584   0.0809827
47.2123   96.0513   143.264 0.0901515   0.0814961
49.45   96.3344   145.784 0.0948615   0.079148
50.1568   94.58   144.737 0.0966413   0.0811845
43.0025   98.3667   141.369 0.086005   0.0785834
45.9189   95.2507   141.17 0.0926719   0.0775762
52.7756   93.9315   146.707 0.100942   0.0782871
52.7715   94.977   147.749 0.10104   0.0827841
53.6104   100.787   154.398 0.103925   0.0865869
55.3811   98.7431   154.124 0.105543   0.0858568
54.5733   92.2986   146.872 0.104601   0.0844241
54.4668   97.65   152.117 0.109058   0.0862306
39.6965   96.3571   136.054 0.0847914   0.0803534
45.4631   95.4751   140.938 0.0939644   0.080854
52.7032   98.2955   150.999 0.101436   0.0846333
51.2894   95.288   146.577 0.104211   0.0832452
52.1896   94.3086   146.498 0.105843   0.087797
51.7063   91.0771   142.783 0.109187   0.0866851
53.2721   91.0671   144.339 0.110845   0.0885178
50.1077   87.8002   137.908 0.106329   0.089478
37.4456   72.5271   109.973 0.0829175   0.0714553
43.3445   78.4711   121.816 0.0935831   0.0790641
43.9447   75.7372   119.682 0.0951699   0.0776791
49.8256   77.7865   127.612 0.109028   0.085641
50.0428   78.4577   128.5 0.107773   0.0899229
52.9639   73.7367   126.701 0.111811   0.0885522
55.7617   71.0504   126.812 0.11611   0.0883895
38.5406   69.161   107.702 0.0875923   0.0751124
47.371   70.5362   117.907 0.102093   0.0827308
49.4053   64.9413   114.347 0.102359   0.079936
49.4812   73.1042   122.585 0.109958   0.0894789
50.9983   65.4172   116.416 0.111323   0.0851417
50.5772   64.1666   114.744 0.110794   0.0845373
50.1988   64.726   114.925 0.109159   0.0849422
51.6989   66.8396   118.539 0.115561   0.0872296
42.9595   66.2337   109.193 0.0889431   0.079019
46.9616   67.9694   114.931 0.0928595   0.0816584
46.0376   72.7654   118.803 0.0978038   0.0872188
54.4849   75.9496   130.435 0.108148   0.0881086
53.0838   74.8905   127.974 0.111939   0.0883142
57.3627   68.5344   125.897 0.111456   0.0866671
59.7496   73.6136   133.363 0.121147   0.093064
60.9411   71.9882   132.929 0.122188   0.0914571
36.5268   81.3984   117.925 0.0834326   0.0817171
39.2634   81.3522   120.616 0.0915059   0.0869073
40.5407   82.6547   123.195 0.0951519   0.0876333
52.394   87.221   139.615 0.110158   0.0939755
51.006   85.2605   136.266 0.112945   0.097396
57.4777   86.8816   144.359 0.116884   0.100383
56.6195   88.4321   145.052 0.121987   0.101214
54.8678   87.469   142.337 0.118779   0.0998505
40.8645   93.0997   133.964 0.0918562   0.0856581
42.8069   96.5593   139.366 0.094326   0.085692
43.6861   103.808   147.494 0.0955634   0.0906397
47.5737   103.571   151.145 0.104826   0.0960919
47.8218   98.897   146.719 0.107224   0.0973259
46.2293   96.6793   142.909 0.111075   0.0973902
44.3585   101.741   146.099 0.114032   0.101494
41.1926   94.4966   135.689 0.0901568   0.0796499
46.793   99.503   146.296 0.0995244   0.0843174
53.3955   105.802   159.198 0.110812   0.089747
58.5066   109.255   167.762 0.117523   0.0901324
59.4799   110.768   170.248 0.12176   0.0916272
63.3702   112.338   175.709 0.127322   0.0925684
63.0151   122.699   185.714 0.128145   0.10045
56.5928   117.296   173.888 0.123076   0.0949064
51.3548   108.758   160.113 0.0968698   0.0799943
52.7501   111.071   163.821 0.10209   0.07734
52.8378   113.327   166.165 0.100612   0.0807268
57.0689   110.059   167.128 0.105978   0.0813897
51.088   119.029   170.117 0.106175   0.0843879
63.0988   125.19   188.289 0.118236   0.0880689
56.4214   121.181   177.603 0.114313   0.0884627
51.4275   134.119   185.546 0.114283   0.09441
53.7899   127.111   180.901 0.119154   0.089846
46.5901   118.133   164.723 0.086406   0.0751484
48.0593   105.396   153.455 0.0907864   0.0705162
50.2686   112.927   163.196 0.0949361   0.0734405
54.2598   109.322   163.582 0.100036   0.0719194
58.2721   126.048   184.32 0.105885   0.0808692
64.5809   139.104   203.685 0.116027   0.0859093
63.888   135.884   199.772 0.116499   0.0848746
66.6595   137.516   204.176 0.117152   0.0851116
70.8849   134.805   205.69 0.118471   0.0847299
70.6816   134.242   204.924 0.124112   0.0836138
49.8977   120.266   170.164 0.0890236   0.0681298
47.4243   135.113   182.537 0.0891378   0.0711422
50.892   138.507   189.399 0.0976065   0.0741553
54.3789   145.849   200.228 0.102563   0.0773569
56.8099   144.541   201.351 0.107513   0.076243
57.7116   150.685   208.397 0.106244   0.0785556
58.7711   143.559   202.33 0.108514   0.0753747
57.3214   149.743   207.065 0.111676   0.0779043
56.7697   154.381   211.15 0.112249   0.082172
45.1609   148.063   193.224 0.0877252   0.0698672
45.2734   178.293   223.567 0.0897169   0.0883242
49.8967   158.631   208.527 0.0939673   0.0779972
46.5872   147.871   194.458 0.0888127   0.0743694
49.9348   158.713   208.648 0.0975766   0.0834452
51.5241   143.8   195.324 0.0979174   0.0756364
51.1466   145.515   196.661 0.0980947   0.0775168
54.7599   152.292   207.052 0.102656   0.0845328
59.6091   140.861   200.47 0.111315   0.0815639
62.5818   143.736   206.318 0.109648   0.0820177
61.8411   144.181   206.022 0.11372   0.0839724
56.3733   143.611   199.984 0.088973   0.0763643
59.372   132.727   192.099 0.0954918   0.0723011
59.9904   130.626   190.617 0.095253   0.071357
68.3811   134.529   202.91 0.102636   0.0748628
69.0424   126.171   195.214 0.103706   0.0733447
67.5143   119.333   186.847 0.101755   0.0682199
62.8977   124.932   187.83 0.100369   0.0715737
64.2658   122.94   187.206 0.103392   0.0722812
70.0476   119.64   189.688 0.104653   0.0701428
63.7967   117.893   181.689 0.103587   0.0714285
66.4146   115.302   181.717 0.102597   0.0704134
68.6943   122.28   190.974 0.103736   0.0728292
49.1969   118.279   167.476 0.0792986   0.0667488
49.5605   106.584   156.144 0.0775555   0.0627888
51.9721   114.811   166.784 0.0812826   0.0668597
52.9085   119.316   172.224 0.0859253   0.0698161
55.1344   121.775   176.91 0.0907313   0.0710268
58.9838   124.974   183.958 0.0979147   0.0725415
62.5931   124.191   186.784 0.0944326   0.0697117
73.7627   132.552   206.315 0.108347   0.0738451
67.8646   144.057   211.921 0.106772   0.0791087
66.6199   136.7   203.32 0.107229   0.0775004
61.6709   130.078   191.749 0.102523   0.0738605
62.9305   144.7   207.63 0.107635   0.0820837
57.3071   131.426   188.733 0.089319   0.0689971
61.8932   136.172   198.066 0.0969101   0.0711951
59.9363   134.798   194.735 0.0979752   0.0709372
62.7984   123.533   186.332 0.096991   0.0658504
69.2025   131.234   200.436 0.104142   0.0703289
66.3496   134.441   200.791 0.102518   0.0703956
69.0387   138.737   207.775 0.105108   0.0739074
54.5263   139.988   194.515 0.0871723   0.0686976
60.6803   144.731   205.411 0.0903653   0.0710508
58.3299   140.554   198.884 0.0902591   0.0688317
58.2095   141.224   199.434 0.0926903   0.0706062
66.1172   157.793   223.91 0.0997845   0.0777689
67.3836   153.519   220.903 0.0983086   0.0761073
58.1183   142.938   201.057 0.0834793   0.0685359
64.2201   140.645   204.865 0.0861629   0.067011
73.2965   145.054   218.351 0.0966547   0.0707237
68.7539   149.545   218.299 0.0950427   0.071959
65.6235   143.36   208.983 0.0935074   0.0692493
72.538   148.709   221.247 0.0995034   0.0733914
57.1521   143.13   200.282 0.0823517   0.0655508
57.781   145.47   203.251 0.0885194   0.070013
60.7109   153.565   214.276 0.089809   0.0733566
59.7188   162.687   222.406 0.0915231   0.0776641
68.2745   171.958   240.233 0.0958574   0.0797766
64.0438   172.575   236.619 0.0953885   0.0816808
54.9636   142.573   197.537 0.0817424   0.0664057
58.8263   148.009   206.835 0.0870856   0.0698566
64.1724   156.518   220.691 0.0924009   0.0740301
70.0372   172.809   242.846 0.102468   0.0816387
72.1808   170.121   242.302 0.103381   0.0811103
64.2942   155.743   220.037 0.094181   0.0728563
62.4161   153.975   216.391 0.090563   0.0717028
63.3282   141.761   205.089 0.0910215   0.0667344
61.8096   141.495   203.304 0.0879853   0.0663671
61.8458   144.623   206.468 0.0899445   0.0684247
61.9748   137.958   199.933 0.0902437   0.0652209
57.1069   146.112   203.219 0.0838222   0.0676446
62.2477   149.823   212.071 0.0883259   0.0706962
67.0769   149.479   216.556 0.094011   0.072317
58.5014   148.381   206.882 0.0851591   0.0703438
56.1051   148.441   204.546 0.0914956   0.0696643
53.5988   141.991   195.59 0.0854845   0.0654864
67.0291   181.796   248.825 0.105691   0.085785
64.5795   175.235   239.814 0.100565   0.0843218
50.1248   131.744   181.869 0.0824421   0.0653981
50.2801   123.18   173.46 0.0763265   0.0601539
51.747   128.1   179.847 0.0790937   0.063267
51.7522   122.209   173.961 0.0782051   0.0612806
53.4933   133.508   187.001 0.081794   0.0648489
53.9179   124.22   178.138 0.0832067   0.0624408
47.4341   120.617   168.051 0.0750243   0.0597262
58.1766   147.792   205.968 0.0907591   0.0735064
64.4478   153.339   217.787 0.0982736   0.0773424
65.2404   132.652   197.892 0.0932338   0.0636373
62.2356   132.411   194.647 0.0917477   0.0625712
60.7617   143.104   203.866 0.0895661   0.0662704
49.9794   141.006   190.986 0.0768322   0.063588
56.3677   142.656   199.024 0.0881089   0.0651102
60.6309   149.982   210.613 0.0924721   0.0676103
58.247   147.74   205.987 0.0890116   0.0683268
57.0946   150.442   207.537 0.0864851   0.0710919
51.0931   141.192   192.285 0.0815207   0.0663027
57.2354   135.617   192.852 0.0872491   0.0656514
56.001   136.31   192.311 0.0879482   0.0678243
57.9235   141.742   199.666 0.0924188   0.0711736
50.757   150.414   201.171 0.0824423   0.0702652
52.094   145.57   197.664 0.0837525   0.0688536
60.8562   157.207   218.063 0.0955356   0.0745765
58.5147   146.969   205.484 0.0912012   0.0711852
48.4963   133.568   182.064 0.0778931   0.0653334
56.4235   156.817   213.241 0.0897392   0.075149
57.7566   156.218   213.974 0.0913293   0.0766676
57.8564   151.332   209.188 0.0967822   0.0766859
61.0912   159.337   220.428 0.0982963   0.0786074
63.5046   162.967   226.471 0.0996933   0.0806965
65.5275   158.548   224.076 0.103112   0.0794727
63.3913   160.722   224.113 0.104649   0.0810089
62.0694   156.069   218.138 0.106465   0.0778591
60.5701   148.36   208.93 0.104829   0.0766324
49.1699   139.609   188.778 0.0843153   0.0713016
47.4297   138.865   186.295 0.0887533   0.0712567
50.9407   139.151   190.092 0.0929151   0.0700485
51.6371   145.193   196.83 0.0927724   0.0715871
57.5457   147.225   204.771 0.0981171   0.0732555
61.7993   147.797   209.596 0.103864   0.0744945
57.5934   147.164   204.758 0.102708   0.0759851
62.633   138.689   201.322 0.108927   0.0741158
48.3671   139.526   187.893 0.0840582   0.0693676
49.8709   133.326   183.197 0.0863417   0.0683165
51.0973   136.95   188.047 0.0884291   0.0682928
55.5206   144.838   200.358 0.0927994   0.0748792
59.725   141.554   201.279 0.0985561   0.0731438
56.6156   137.918   194.534 0.0962236   0.072708
42.6066   124.627   167.234 0.0809754   0.0662911
44.4892   124.687   169.177 0.0839102   0.067275
46.1761   126.116   172.292 0.089767   0.069816
50.0409   137.469   187.51 0.0941631   0.0761602
51.9035   146.778   198.681 0.0984886   0.0823391
37.5586   115.824   153.383 0.0745803   0.0612642
42.1716   124.004   166.176 0.0790027   0.0667766
46.7968   116.24   163.037 0.0849692   0.0651478
53.0677   115.971   169.039 0.0891145   0.0647522
53.5712   132.194   185.765 0.0951048   0.0721695
55.4079   150.51   205.918 0.0956132   0.0795718
48.2278   129.748   177.975 0.085133   0.0654382
43.3159   125.218   168.533 0.0857175   0.0634174
46.9939   137.69   184.684 0.0880447   0.0685365
43.4298   127.296   170.726 0.0831669   0.0668667
43.064   126.612   169.676 0.0813295   0.0658067
43.826   123.478   167.304 0.0816379   0.0640168
47.8687   131.644   179.513 0.0911785   0.0674667
49.6902   128.354   178.044 0.0903047   0.0658733
51.9883   143.136   195.124 0.0946964   0.0733903
48.4052   136.402   184.808 0.0904207   0.0705286
46.9212   139.324   186.245 0.0917775   0.0731071
47.7905   140.267   188.057 0.0933104   0.0735408
45.2775   138.996   184.273 0.0912064   0.0747633
50.3946   135.754   186.149 0.0928932   0.0730975
46.2371   143.406   189.643 0.0933768   0.0760169
41.7313   124.234   165.966 0.0807493   0.0680811
46.0852   118.193   164.279 0.0870237   0.0674016
40.2777   113.529   153.806 0.0818376   0.0673827
39.1848   112.066   151.25 0.0881689   0.071916
31.0693   110.106   141.175 0.0744175   0.0695882
34.5544   106.959   141.514 0.0792533   0.0677492
35.7526   106.554   142.307 0.082576   0.0667478
37.8381   109.311   147.149 0.0884585   0.0696139
33.9598   111.306   145.266 0.081011   0.0645252
31.8042   108.571   140.375 0.0781815   0.0656889
36.1111   111.184   147.296 0.084801   0.0676881
34.9624   107.951   142.913 0.0847093   0.0649367
37.5626   108.808   146.37 0.0859164   0.0633782
34.7076   105.963   140.671 0.0864448   0.0639297
36.7515   108.037   144.789 0.0872956   0.0637387
33.7015   101.913   135.614 0.0826287   0.062917
37.1747   102.5   139.675 0.0910697   0.0661376
36.9615   107.675   144.637 0.0925888   0.069441
40.9933   105.626   146.62 0.0987789   0.0698865
38.4677   101.284   139.752 0.0950995   0.0678846
37.5647   106.682   144.246 0.0908092   0.0696279
35.3545   102.413   137.767 0.0859371   0.0662266
36.1738   97.6215   133.795 0.0886179   0.0648993
37.3974   103.292   140.69 0.0908256   0.0659488
37.8509   106.189   144.04 0.090726   0.0666097
34.8551   107.559   142.415 0.0891056   0.0662924
33.9771   112.392   146.369 0.0847732   0.0674945
30.7738   100.786   131.56 0.0810051   0.0605091
36.9229   117.54   154.463 0.0902392   0.065929
35.3549   111.874   147.229 0.088906   0.0641171
34.7006   113.147   147.847 0.0865892   0.0663617
31.5759   109.456   141.031 0.0818501   0.0631393
32.6257   117.017   149.643 0.0805572   0.0655117
39.3481   110.452   149.8 0.0878305   0.0653048
37.6994   115.572   153.272 0.0836215   0.066054
42.1798   112.713   154.893 0.0883901   0.0660145
34.7835   109.892   144.675 0.0788295   0.0635305
37.2673   107.952   145.219 0.0847369   0.0616303
40.3059   108.453   148.759 0.0871949   0.0646519
35.1009   118.903   154.003 0.0825127   0.068977
36.6723   114.226   150.898 0.0853505   0.0669096
34.3623   108.457   142.819 0.0781555   0.0646345
35.6134   102.41   138.023 0.0841328   0.0636785
37.0723   111.247   148.319 0.0881974   0.0672389
35.1153   107.8   142.915 0.0818538   0.0664338
36.0572   111.867   147.924 0.0761848   0.066718
35.4311   108.604   144.035 0.0766907   0.0636473
42.5162   123.566   166.083 0.0842462   0.0697327
44.5555   133.51   178.066 0.0868287   0.0688248
48.903   129.937   178.84 0.0868923   0.0648583
46.5039   127.391   173.895 0.0895339   0.0629463
49.0928   136.071   185.164 0.0905215   0.0672122
46.6839   142.126   188.81 0.087423   0.0700386
46.0796   132.453   178.532 0.0828024   0.0681692
46.3118   135.017   181.329 0.0874468   0.0685295
46.8404   139.389   186.23 0.0891179   0.0703418
46.9496   144.658   191.607 0.0861777   0.0727143
49.1625   147.05   196.213 0.0895818   0.0732177
51.3836   143.071   194.454 0.0938   0.0708974
56.032   154.606   210.638 0.0993827   0.0746166
50.7835   157.25   208.034 0.0945688   0.0752537
48.9177   162.067   210.985 0.0918815   0.0741997
42.3068   136.997   179.304 0.0831992   0.0672707
43.3233   132.365   175.688 0.0856192   0.0668678
44.1627   123.93   168.093 0.0820868   0.0671709
42.5776   129.911   172.488 0.0827715   0.0697021
41.0765   131.499   172.575 0.0792983   0.0679464
45.0695   139.704   184.773 0.0828864   0.0711593
50.5186   135.44   185.959 0.089161   0.0688982
44.0401   135.632   179.672 0.0808372   0.0678293
45.2887   133.08   178.369 0.0800508   0.0668158
48.178   144.277   192.455 0.0825815   0.0715732
48.7198   141.915   190.635 0.0852863   0.0695237
48.9929   143.722   192.715 0.0885947   0.0686875
39.4016   142.366   181.768 0.0779459   0.0685358
52.4472   175.115   227.562 0.0968937   0.0877705
46.1759   177.602   223.778 0.0896122   0.0869869
41.978   141.328   183.306 0.0802638   0.0686839
41.3427   138.149   179.492 0.0737933   0.065088
42.1011   145.695   187.796 0.0758237   0.0665653
44.1373   145.477   189.614 0.0796703   0.0700148
47.1448   153.43   200.574 0.0855001   0.0706138
51.037   156.897   207.934 0.0882994   0.0739385
43.1692   150.206   193.375 0.0804271   0.0686656
48.2422   149.119   197.361 0.0856116   0.0696005
49.2309   150.01   199.241 0.0872269   0.0714336
49.1009   142.735   191.836 0.0828288   0.0690741
48.7045   147.188   195.892 0.0826901   0.0699561
47.3646   140.834   188.198 0.0818396   0.0666669
50.9588   135.456   186.414 0.0818746   0.0639485
45.555   138.657   184.212 0.078516   0.066172
42.2201   134.093   176.313 0.0761065   0.0636342
46.1014   123.744   169.846 0.0770605   0.0606961
41.3102   121.055   162.365 0.0714091   0.0605226
43.0756   124.053   167.129 0.0726401   0.0600889
39.3719   127.697   167.069 0.0695822   0.0607802
46.3889   132.726   179.115 0.0807231   0.0659345
48.8256   135.422   184.247 0.0776942   0.0665518
68.6515   191.624   260.276 0.112199   0.0998758
74.8644   189.436   264.301 0.109949   0.0966611
52.1535   146.862   199.015 0.0865379   0.0769311
51.7413   148.06   199.801 0.0920936   0.0787413
45.317   134.938   180.255 0.0787848   0.0695339
47.3467   130.957   178.304 0.0820852   0.068221
47.0715   130.61   177.681 0.0855457   0.0697887
42.2623   120.048   162.31 0.080684   0.0645212
40.8784   122.891   163.769 0.0779007   0.0656206
39.1552   115.146   154.302 0.0767373   0.0620234
36.7706   108.745   145.515 0.0711505   0.0589466
40.0263   106.767   146.794 0.0751808   0.059948
30.6755   108.258   138.934 0.0626351   0.06006
34.4389   106.818   141.257 0.0702118   0.0588203
35.5177   105.639   141.156 0.0701468   0.0604225
37.5204   115.669   153.189 0.0719471   0.0659456
42.2801   111.777   154.057 0.0762078   0.064979
41.4749   125.336   166.811 0.076522   0.0699029
44.2449   126.414   170.659 0.0819351   0.0682434
40.4694   122.009   162.479 0.0765742   0.0647951
44.4643   137.846   182.31 0.0836975   0.0727706
43.588   139.835   183.423 0.0841197   0.073072
50.0755   155.071   205.146 0.0940006   0.0822222
55.0027   150.213   205.216 0.0970065   0.0804282
53.8091   143.8   197.609 0.0972688   0.080578
54.8845   150.596   205.48 0.105852   0.0869994
39.0419   135.295   174.337 0.0862805   0.0824384
37.2799   116.321   153.6 0.0844711   0.0699041
38.2385   111.298   149.537 0.0868775   0.0686118
37.94   115.629   153.569 0.0873043   0.071175
36.7634   118.561   155.324 0.0855958   0.0717174
32.8171   105.15   137.967 0.0773259   0.0629266
30.4867   103.664   134.151 0.0737284   0.0629665
28.9726   102.169   131.142 0.0733485   0.0618532
28.8895   98.9041   127.794 0.0761251   0.061565
28.7289   95.9819   124.711 0.0779618   0.0607673
27.6196   98.2003   125.82 0.074597   0.0616159
27.3017   94.2466   121.548 0.0707756   0.0609221
29.1662   88.5545   117.721 0.0759537   0.0589675
28.2483   91.4869   119.735 0.076533   0.0602006
29.023   87.2074   116.23 0.0777055   0.0585579
29.0549   94.4546   123.51 0.0801515   0.0627293
31.5205   101.484   133.004 0.0844487   0.0661025
36.8046   99.7428   136.547 0.0920883   0.0665544
26.7448   100.633   127.378 0.0794399   0.0665565
35.5654   102.422   137.987 0.0868155   0.0679564
33.2218   101.81   135.031 0.0939796   0.0693133
31.5679   98.2786   129.847 0.0861727   0.0669625
33.7675   99.1438   132.911 0.0881657   0.0672526
31.4415   90.9061   122.348 0.083844   0.0627371
32.4753   91.2522   123.727 0.0893405   0.0623094
33.7661   86.3664   120.133 0.0882083   0.0602696
30.1674   87.8414   118.009 0.0842665   0.0603514
23.5827   89.0694   112.652 0.0739269   0.0598384
27.8025   89.8044   117.607 0.0763107   0.0603795
25.0483   90.3535   115.402 0.0727092   0.0619921
26.9524   88.875   115.827 0.0760937   0.0604757
27.6637   90.1746   117.838 0.0743148   0.0610628
26.9884   88.0293   115.018 0.0726471   0.0607518
29.106   85.8587   114.965 0.0745162   0.0607462
26.4294   86.1455   112.575 0.0726082   0.0605911
26.4948   86.3562   112.851 0.0746333   0.0615292
25.9244   86.6589   112.583 0.0714826   0.0605794
26.0686   88.007   114.076 0.0725639   0.0617593
28.4309   87.6347   116.066 0.0785927   0.0614981
30.3061   85.9208   116.227 0.0816327   0.06098
31.3786   87.6806   119.059 0.0833429   0.0610377
28.5389   85.9041   114.443 0.0807094   0.0601738
31.4469   89.512   120.959 0.0824296   0.0621719
30.4042   88.175   118.579 0.079871   0.0615175
30.6177   90.0222   120.64 0.0818727   0.0614752
28.5102   90.2267   118.737 0.0792683   0.0616584
25.731   90.2713   116.002 0.0724136   0.0619428
26.4848   85.6635   112.148 0.0726107   0.0597792
27.7309   87.5426   115.274 0.0746793   0.0603603
29.4728   90.5661   120.039 0.0769526   0.0617637
27.7798   89.7897   117.57 0.0763181   0.0625386
27.6662   87.8792   115.545 0.0751289   0.0611653
26.7497   88.82   115.57 0.0737584   0.0616806
30.007   87.9836   117.991 0.076836   0.0611493
30.7922   88.2586   119.051 0.0794637   0.0611527
29.0872   90.6814   119.769 0.076045   0.0623347
30.7489   90.2621   121.011 0.076585   0.0621319
