1367         1367
1271         571
1290         586
1273         570
1299         571
1306         575
1329         598
1361         580
1352         594
1366         585
1311         573
1294         561
1309         555
1292         576
1296         556
1239         558
1267         542
1288         575
1328         584
1367         585
1398         604
1363         603
1344         578
1376         594
1323         579
1334         589
1305         570
1273         563
1302         579
1325         591
1385         628
1378         595
1317         567
1339         591
1310         553
1337         612
1303         600
1292         573
1216         551
1264         585
1263         591
1271         571
1255         580
1253         597
1295         602
1301         598
1280         592
1285         590
1259         565
1263         557
1242         586
1237         566
1228         577
1301         621
1330         607
1313         601
1297         600
1322         619
1325         639
1334         649
1338         620
1317         617
1369         613
1349         639
1352         640
1337         628
1321         615
1346         597
1318         603
1346         604
1351         616
1360         615
1317         623
1375         634
1327         615
1344         614
1310         608
1290         613
1270         585
1277         570
1324         593
1334         612
1304         603
1273         581
1326         572
1308         564
1317         614
1365         658
1325         644
1327         616
1349         623
1353         652
1352         651
1394         657
1417         670
1369         649
1396         660
1372         656
1395         670
1408         686
1424         701
1398         684
1455         662
1435         662
1419         662
1421         675
1457         692
1433         678
1455         710
1488         716
1490         764
1445         719
1445         698
1476         716
1441         699
1494         735
1510         679
1444         659
1427         656
1448         671
1471         674
1513         697
1463         680
1432         661
1498         682
1474         660
1492         701
1509         696
1496         683
1484         691
1514         682
1513         677
1448         640
1486         668
1459         690
1425         654
1440         673
1427         627
1488         689
1422         617
1405         609
1404         635
1376         616
1329         601
1329         629
1326         636
1319         619
1339         616
1332         605
1298         597
1289         575
1265         574
1319         627
1300         589
1262         583
1297         617
1277         595
1308         644
1343         638
1299         599
1319         580
1363         627
1335         613
1334         596
1312         591
1298         606
1312         582
1292         581
1270         561
1307         563
1331         553
1305         557
1329         577
1346         563
1336         557
1339         578
1305         565
1302         526
1367         575
1350         573
1320         539
1318         580
1247         551
1291         565
1230         532
1260         531
1243         554
1279         562
1249         539
1278         553
1275         521
1253         520
1263         538
1213         516
1242         519
1241         525
1270         567
1248         546
1306         553
1255         532
1279         516
1223         499
1249         531
1187         536
1202         519
1250         543
1233         523
1200         521
1177         519
1175         500
1144         495
1159         522
1128         522
1103         515
1147         524
1104         521
1080         499
1060         468
1060         483
1080         519
1042         492
1041         493
1013         473
1024         480
1025         471
1065         451
1052         463
1029         461
1026         457
1006         464
1027         473
1045         480
1029         440
1028         464
1028         482
1001         450
1039         458
1001         456
1031         459
1014         447
1024         483
1041         505
1008         470
1032         503
978         474
1008         514
989         493
986         498
990         437
984         429
993         426
1053         475
1044         451
1073         491
1080         464
1056         461
1052         444
1070         453
1095         457
1090         453
1074         446
1059         416
1030         389
1051         456
1081         470
1136         481
1149         497
1246         488
1199         497
1151         491
1131         459
1076         530
1074         516
1094         525
1104         538
1059         481
1086         533
1045         493
1007         450
1054         451
1040         539
1045         529
1078         529
1065         542
1065         550
1084         556
1078         548
1077         569
1120         598
1091         569
1111         560
1079         532
1051         521
1022         530
1028         528
1018         543
1068         541
1062         513
1040         505
1051         514
1032         504
1060         531
1067         524
1045         511
1070         526
1037         521
1068         533
1042         535
1120         570
1088         543
1149         633
1108         621
1163         629
1212         666
1198         665
1158         663
1143         626
1123         621
1166         669
1102         615
1147         647
1186         662
1154         620
1160         639
1174         639
1165         615
1199         607
1153         602
1226         662
1210         680
1218         635
1225         621
1170         601
1203         584
1217         641
1244         638
1202         611
1255         647
1263         664
1256         647
1283         656
1248         625
1286         671
1258         646
1250         628
1239         662
1298         685
1294         696
1377         745
1393         758
1323         723
1336         701
1373         729
1337         694
1284         652
1261         676
1268         652
1362         712
1289         671
1274         672
1266         675
1267         694
1276         683
1317         698
1280         682
1283         689
1289         695
1298         702
1293         687
1266         686
1264         681
1319         704
1313         713
1294         686
1198         613
1256         627
1254         634
1270         642
1229         608
1265         658
1275         654
1279         661
1267         654
1228         648
1240         632
1283         641
1251         655
1302         699
1314         678
1335         678
1270         650
1265         639
1259         655
1241         654
1265         660
1237         626
1258         656
1215         636
1206         626
1221         615
1224         622
1232         637
1249         641
1249         622
1237         628
1251         632
1207         597
1209         621
1231         637
1178         635
1172         605
1130         583
1153         577
1152         583
1121         534
1107         548
1108         556
1146         586
1138         595
1118         560
1134         575
1149         575
1167         577
1142         577
1138         598
1184         606
1155         588
1109         526
1141         530
1106         514
1137         531
1110         527
1139         503
1133         533
1185         550
1189         595
1175         563
1164         579
1196         566
1101         505
1138         533
1129         522
1119         529
1136         536
1113         525
1120         550
1122         549
1109         535
1122         511
1092         512
1035         496
1129         542
1078         495
1058         516
1046         529
1006         492
934         444
898         417
892         436
884         432
896         427
907         419
902         406
875         425
886         412
906         437
834         401
856         421
806         407
807         408
825         399
844         415
815         404
845         413
822         411
835         408
813         411
818         417
799         391
816         400
816         379
840         409
865         397
833         400
841         385
848         405
871         448
901         450
940         477
938         441
886         439
936         462
920         425
894         429
930         439
936         423
913         420
981         429
1008         473
1051         462
1063         504
1075         513
1172         562
1114         519
1151         542
1178         534
1177         556
1127         529
1144         525
1138         544
1134         548
1138         547
1224         563
1147         537
1143         532
1144         508
1120         506
1197         538
1167         514
1183         518
1192         543
1199         566
1187         544
1212         565
1229         583
1161         571
1161         553
1189         505
1143         541
1153         515
1126         523
1233         560
1210         555
1204         554
1238         551
1265         578
1250         536
1279         563
1246         564
1259         592
1259         589
1263         578
1315         622
1270         580
1252         554
1292         598
1268         578
1262         593
1250         565
1226         574
1327         628
1280         611
1392         680
1309         602
1242         561
1233         575
1245         576
1204         550
1219         523
1171         524
1148         510
1174         516
1147         532
1140         489
1114         490
1170         506
1199         521
1219         554
1178         542
1169         540
1176         528
1167         531
1161         518
1125         532
1154         567
1147         553
1089         518
1044         452
1012         441
969         440
971         434
965         429
955         424
960         413
933         395
928         379
891         368
876         370
879         385
874         384
886         369
868         373
867         362
880         373
857         399
823         336
907         409
856         353
864         366
898         383
905         375
861         363
889         382
837         358
831         319
902         364
896         344
870         354
891         372
886         371
876         390
865         364
889         355
876         362
859         359
857         361
863         371
871         376
850         353
866         381
862         380
848         373
846         359
852         355
846         364
867         371
872         383
816         364
847         368
827         362
853         390
871         387
821         382
846         401
