6639       6639
6299       2736
6251       2674
6315       2692
6350       2652
6402       2714
6418       2716
6388       2735
6324       2705
6347       2700
6294       2588
6248       2573
6393       2635
6575       2667
6602       2609
6534       2534
6511       2528
6414       2428
6443       2460
6480       2434
6568       2426
6570       2458
6597       2471
6575       2461
6570       2495
6536       2509
6547       2558
6554       2615
6645       2614
6715       2604
6773       2564
6701       2486
6725       2479
6686       2459
6684       2367
6583       3116
6552       3067
6584       3089
6591       3077
6478       2964
6435       2994
6396       2908
6262       2905
6228       2862
6275       2843
6236       2809
6188       2776
6162       2784
6116       2763
6130       2715
6063       2663
6031       2661
5982       3238
5958       3138
6127       3241
6066       3172
6031       3153
6105       3196
6013       3108
5999       3104
5949       3093
5850       3014
5873       2971
5885       3020
5966       3043
6025       3097
6037       3035
5890       2927
5900       2932
5973       3348
5914       3302
5964       3321
5991       3385
5960       3317
5873       3275
5854       3264
5952       3311
5886       3205
5936       3275
5822       3257
5948       3297
5910       3269
5886       3204
5929       3193
5925       3177
5935       3198
5864       3397
5846       3426
5899       3489
5915       3489
5887       3371
5874       3372
5869       3399
5743       3277
5779       3314
5804       3300
5768       3269
5777       3315
5746       3302
5741       3251
5748       3226
5687       3338
5672       3294
5602       3273
5548       3227
5591       3229
5559       3220
5531       3178
5496       3156
5545       3142
5483       3095
5407       3087
5433       3117
5401       3072
5404       3083
5475       3101
5489       3302
5437       3164
5410       3067
5473       3129
5448       3125
5338       3069
5351       3066
5273       3071
5319       2978
5269       2998
5204       2936
5233       2924
5519       3035
5472       3162
5475       3186
5540       3089
5436       3093
5396       3037
5288       3015
5267       2978
5236       2959
5064       2827
5061       2830
5044       2953
4983       2947
4934       2849
4822       2763
4819       2761
4736       2717
4717       2702
4582       2572
4551       2569
4429       2510
4383       2579
4346       2555
4267       2497
4209       2463
4195       2449
4089       2359
4203       2413
4112       2372
4019       2311
3946       2238
3754       2205
3742       2172
3707       2166
3622       2109
3630       2104
3590       2062
3512       2033
3470       2002
3401       1971
3324       1924
3341       1946
3347       1955
3319       1894
3282       1876
3218       1840
3242       1845
3134       1762
3082       1743
3108       1726
3107       1701
3156       1749
3059       1668
3030       1679
3043       1659
2999       1649
3056       1682
2994       1624
3041       1618
2949       1649
2918       1584
2932       1614
2902       1566
2921       1575
2889       1544
2851       1488
2732       1444
2634       1403
2573       1311
2520       1278
2427       1206
2440       1238
2425       1272
2409       1256
2457       1278
2394       1239
2397       1267
2329       1181
2363       1178
2341       1217
2324       1165
2296       1251
2330       1227
2274       1199
2251       1147
2255       1164
2234       1150
2217       1093
2211       1132
2244       1199
2245       1180
2199       1161
2149       1144
2109       1074
2084       1050
2058       1028
1981       981
1865       1015
1887       992
1823       975
1766       908
1735       872
1715       832
1748       803
1734       920
1673       852
1653       812
1672       817
1666       768
1660       759
1657       762
1653       766
1680       838
1703       832
1727       834
1779       862
1841       848
1806       790
1854       791
1887       787
1939       996
1982       936
2036       943
2020       928
2085       875
2097       865
2099       873
2082       876
2204       1086
2312       1126
2368       1145
2298       1077
2278       1016
2325       992
2404       1002
2364       1186
2347       1180
2389       1178
2468       1212
2436       1208
2514       1213
2530       1221
2568       1235
2588       1359
2627       1436
2602       1403
2524       1352
2591       1410
2569       1421
2473       1369
2544       1420
2499       1414
2511       1572
2444       1494
2489       1537
2546       1520
2606       1558
2708       1619
2685       1601
2749       1615
2786       1591
2787       1605
2845       1765
2950       1899
2986       1867
3046       1885
3061       1895
3071       1918
3031       1904
3119       1922
3098       1878
3152       2119
3088       2018
3092       2033
3059       1988
3021       1902
3025       1901
3036       1877
2995       1801
2959       1727
3000       1752
2987       1717
3055       1880
2935       1835
2964       1830
2941       1797
2817       1720
2780       1749
2779       1745
2736       1700
2695       1705
2666       1650
2697       1637
2700       1679
2759       1772
2651       1697
2696       1717
2716       1709
2712       1714
2694       1722
2781       1781
2733       1795
2793       1821
2818       1763
2830       1761
2873       1762
2855       1904
2850       1912
2869       1900
2912       1875
2872       1866
2947       1909
2907       1877
3004       2037
3020       2037
3074       2042
3031       2000
3073       2029
3084       2017
3046       2085
3072       2098
2997       2051
3062       2078
3056       2070
3092       2026
3146       2183
3078       2077
3125       2093
3183       2094
3252       2155
3202       2112
3156       2147
3139       2118
3177       2114
3167       2116
3188       2097
3183       2137
3184       2147
3175       2124
3208       2132
3185       2113
3181       2115
3208       2160
3154       2119
3097       2067
3128       2109
3111       2130
3114       2168
3152       2119
3150       2078
2971       2014
3019       2047
3022       2024
2959       1994
3066       2058
2986       1989
3036       2019
3058       2010
3018       1982
3146       2084
3195       2116
3214       2159
3213       2217
3243       2191
3302       2218
3254       2162
3172       2116
3144       2129
3117       2065
3009       2009
3054       1991
3149       2140
3133       2114
3240       2108
3114       2064
3139       2044
3184       2086
3107       2037
3105       1973
3157       2027
3144       2019
3152       1995
3131       1984
3187       2004
3107       1936
3050       1958
3013       1948
3054       1986
3177       2028
3127       2009
3129       1984
3127       1936
3063       1871
3130       2011
3070       1951
3107       2005
3058       1934
3039       1935
3065       1896
3003       1880
2993       1853
3002       1806
3002       1805
2969       1782
2997       1890
2955       1857
2942       1784
2927       1791
3010       1831
3111       1891
3160       1982
3223       1974
3210       2009
3172       1903
3110       1924
3088       1928
3123       1951
3131       1948
3118       1950
3102       1934
3088       1905
3067       1907
2986       1859
2998       1857
2994       1886
2921       1824
2844       1753
2737       1684
2579       1558
2547       1582
2550       1578
2541       1596
2560       1570
2666       1725
2620       1652
2601       1642
2631       1662
2633       1716
2569       1657
2550       1695
2510       1619
2450       1549
2476       1550
2359       1511
2347       1492
2394       1532
2423       1546
2401       1504
2466       1566
2531       1594
2486       1622
2497       1665
2494       1665
2640       1782
2540       1744
2578       1705
2600       1733
2726       1786
2602       1691
2648       1749
2629       1707
2617       1729
2625       1751
2552       1677
2643       1723
2693       1707
2657       1678
2667       1608
2713       1654
2665       1622
2728       1676
2793       1706
2858       1772
3023       1939
3126       2003
3121       2023
3176       2024
3188       2029
3058       1943
3053       1970
3060       1981
3078       1989
3109       2008
3091       2018
3195       2072
3205       2089
3284       2184
3126       2036
3062       1979
2917       1845
2971       1863
3016       1935
3077       1963
3090       1965
3119       1999
3038       1991
3108       2015
3121       2041
3161       2092
3142       2077
3116       1995
3113       2041
3085       2057
3165       2122
3202       2188
3157       2077
3259       2172
3210       2122
3221       2187
3133       2142
3135       2100
3121       2066
3101       2104
3107       2112
3107       2118
3104       2095
3101       2107
3000       2038
2979       2000
3039       2064
3094       2100
3003       2013
3063       2034
3129       1918
3167       1959
3055       1909
3050       1880
2988       1940
2975       1919
2983       1871
2947       1860
2963       1872
2910       1856
2913       1844
2868       1781
2875       1802
2869       1816
2806       1748
2766       1754
2764       1720
2862       1793
2905       1852
2927       1883
3002       1894
3020       1913
2990       1886
2975       1867
2873       1784
2810       1731
2662       1641
2634       1664
2663       1622
2710       1624
2718       1653
2726       1671
2703       1646
2677       1651
2632       1606
2613       1579
2627       1593
2577       1547
2544       1501
2508       1519
2530       1489
2514       1505
2541       1535
2476       1498
2514       1512
2501       1507
2471       1468
2462       1467
2481       1474
2497       1449
2503       1464
2446       1433
2497       1455
2514       1488
2529       1487
2496       1457
2500       1469
2454       1476
2440       1449
2430       1413
2411       1421
2409       1403
2426       1430
2402       1425
2434       1425
2420       1409
2435       1436
2419       1427
2443       1439
2416       1433
2428       1464
2421       1463
2432       1457
2432       1433
2441       1450
2434       1466
2402       1435
2419       1436
2411       1440
2420       1438
2446       1443
2424       1454
2417       1452
