0  966097
46  3321
11  2922
16  2298
22  2475
16  4773
15  4574
24  5310
31  2153
23  2330
23  2265
26  3761
31  3557
24  2502
39  4388
28  2312
34  1908
26  1764
21  1702
20  2526
35  6060
36  7696
25  3482
42  3048
35  5068
32  2562
21  2459
31  2707
33  2956
32  2453
28  2348
32  2050
38  2535
47  3083
55  222360
32  2230
48  2922
32  2198
32  2686
26  3271
21  3220
26  2190
30  4742
35  3210
32  4600
36  2047
34  10428
29  2713
40  3052
43  3297
27  3206
29  407141
26  2454
22  1977
21  3370
34  3280
20  2879
42  2471
33  2941
32  2553
48  4910
22  2373
62  2672
25  2125
21  2050
25  1929
58  2902
49  4385
52  265934
54  4519
35  4350
32  2332
39  2683
35  9569
30  2915
62  2847
35  6525
42  3084
23  5656
26  2273
25  1927
28  2651
19  2393
27  4166
42  2821
31  274813
29  2794
30  2700
31  2442
44  22165
30  2749
27  2319
51  5069
38  2746
75  2957
70  2176
29  3062
31  2084
23  2443
27  2493
26  230422
28  2086
28  1812
22  2336
32  2962
31  1858
31  1970
46  2427
31  2327
35  5617
22  2226
40  10026
47  2308
41  2853
45  4826
47  253628
45  2703
38  4072
37  6775
33  4976
34  3389
46  2998
35  3496
38  2009
24  2344
31  1860
28  4852
41  3743
30  188366
23  4377
30  3235
34  2463
24  2695
28  1982
36  1930
33  3128
27  1966
51  2091
64  199159
50  2456
44  10977
37  9426
32  2058
34  2668
30  2437
36  3320
28  1902
41  2754
34  294418
28  4652
23  2188
28  2393
31  2396
38  2157
49  2442
38  3096
39  2787
23  3601
22  171657
22  1997
29  3275
26  4277
36  2327
36  2447
41  8706
29  2819
39  2510
39  2192
49  445914
29  2571
39  3642
29  2257
53  2262
29  2459
34  2415
38  2244
40  2188
32  1827
157  1872
39  395102
23  2290
28  2282
20  2224
23  2468
36  2760
29  2073
38  2729
34  2561
30  4650
22  310616
32  2325
27  3432
21  4013
31  2528
34  2809
29  6631
47  2099
90  2229
21  2944
48  305841
32  1862
34  2236
95  8956
32  2823
32  1869
28  1968
44  2398
32  2543
19  382564
19  2650
19  2311
26  7094
22  2546
21  2078
32  6748
31  1860
21  443962
18  2673
25  3146
30  2208
26  1976
49  2397
24  2351
15  3058
28  174256
15  2036
17  2240
30  2451
26  2155
23  2122
43  4650
29  212119
69  3061
14  1915
28  2742
16  4393
28  2324
66  2326
69  2691
20  223144
15  1757
26  2439
19  2526
25  2214
23  2333
23  9027
21  5351
31  182918
39  2804
85  2845
41  10885
27  2651
16  1822
31  2536
28  2393
56  360385
33  2524
45  2040
30  2120
26  2697
28  2865
35  2644
24  175268
30  3502
120  2444
84  4496
37  4911
31  4328
24  2381
15  2387
35  579369
26  8085
92  3719
20  1971
16  2007
22  2446
21  2664
25  3015
17  2128
90  219944
18  2546
87  2312
22  3652
124  2547
29  3543
19  2655
25  2559
34  2544
30  2397
21  217047
22  2645
136  2549
20  1840
19  2331
19  2829
20  2514
20  2065
27  3432
17  214244
21  2820
28  1991
20  2412
34  2462
17  4025
23  2790
21  3831
35  2874
22  4799
41  2179
21  270276
27  6335
22  2364
27  3441
23  3674
27  2921
112  2085
23  3897
26  4140
49  2531
29  1895
25  2536
20  287747
27  2224
123  2326
19  1917
16  2910
24  3767
21  3886
24  2783
21  3622
22  2235
27  3127
102  3125
25  221766
21  2597
19  2467
23  3782
142  3313
23  3010
51  2881
32  293608
24  2780
25  2174
23  2005
33  2479
23  3106
29  198285
22  2542
26  2748
16  2849
23  2636
24  2360
20  188086
21  1747
19  1905
24  1962
22  2378
19  2665
22  212862
29  2396
21  2693
27  2294
27  3113
25  4487
20  2659
30  2239
26  1832
20  3526
22  2316
20  1956
31  2921
25  2235
25  2475
126  2724
29  195212
25  2045
30  2340
35  2654
18  547997
18  2331
19  2139
20  2330
19  3130
24  201566
19  2550
29  2608
23  2841
19  2756
27  4566
23  520136
26  2110
26  2168
21  2021
45  1991
37  220498
26  3284
41  2483
20  4118
18  435007
17  2561
30  4090
24  3370
23  220077
30  2497
26  2719
31  3231
30  2313
26  2249
19  2477
26  2637
19  1947
19  2589
23  543923
25  2378
22  2506
25  2524
30  2829
24  7463
20  2731
24  6146
25  456620
30  2804
23  3170
34  3085
38  2194
29  2587
33  538440
25  2268
23  2375
24  11991
29  2280
23  282308
111  2967
31  2968
20  4178
25  3229
28  527996
25  2498
21  4099
28  4113
21  3088
131  331448
21  3072
28  3544
25  2405
26  1295
16  2411
47  3392
21  2290
25  1859
38  2207
33  2568
27  626837
29  3670
37  2448
25  2712
27  682320
17  2766
22  3138
125  2728
22  232585
27  4325
20  2507
94  2059
101  256714
28  3648
23  2381
22  2297
126  2381
25  4055
26  2417
25  4129
20  3069
28  3261
21  3870
24  2128
21  2339
26  2083
21  539089
19  2432
93  3027
23  4369
22  3715
17  3942
30  2483
27  2650
16  3111
23  3715
21  413909
17  2496
21  2288
18  1912
23  3184
23  360378
101  3570
109  2237
34  2526
33  549757
39  3375
35  3429
21  2980
42  258914
33  3819
32  2428
31  2611
26  662540
26  3895
30  3287
29  2957
31  4437
25  4553
24  3411
24  3087
24  3252
24  338843
20  2366
21  3943
31  3253
31  377465
27  2922
19  2233
31  2517
24  278634
22  2894
25  2753
20  2062
27  564323
21  2627
41  3144
41  2646
19  250846
23  2673
23  2239
24  2915
27  219770
17  3151
23  2455
21  3082
26  4624
25  692800
21  2674
27  3981
33  10897
33  6177
28  2984
22  3222
29  3990
21  3090
122  2995
18  499469
119  2385
37  2943
46  204216
38  2900
37  307514
24  8025
24  3363
20  3118
23  2439
21  2008
26  2691
23  2665
23  543783
20  6928
20  3383
27  2166
26  2495
30  4183
25  4025
31  355285
26  2551
21  1828
29  3488
33  11862
29  3874
23  2206
28  487150
39  3152
34  2787
37  2365
39  2769
26  292914
30  2317
32  4727
28  4850
31  4281
24  10503
23  3506
23  5555
22  4284
48  2733
20  4477
20  2128
22  4005
35  647710
30  2810
25  3226
24  2115
25  2080
21  3136
26  3411
23  8291
27  3397
23  3141
24  3575
19  4164
18  3272
20  2602
23  3718
23  4722
21  2374
18  2796
20  2282
23  6022
18  2613
19  3511
18  2738
17  5790
20  3463
19  3303
24  2939
104  2528
19  2771
18  4141
21  3059
18  3000
30  3150
22  3530
21  3438
29  3118
128  4362
22  3548
22  2489
22  2742
