61.0051   3.01981   64.0249 0.1043   0.100104
62.0313   3.7035   65.7348 0.110396   0.117323
63.5581   2.6713   66.2294 0.111284   0.0895407
62.4025   3.62115   66.0236 0.108   0.0970817
65.9407   4.30837   70.2491 0.11093   0.10365
65.0452   4.40626   69.4515 0.111519   0.114349
67.8036   3.62536   71.4289 0.11339   0.0882799
62.7624   4.64445   67.4069 0.10873   0.1112
62.5157   4.95162   67.4674 0.109071   0.116875
64.9188   5.14703   70.0659 0.115933   0.119977
66.9848   3.24449   70.2293 0.11895   0.0984173
69.8273   3.89489   73.7222 0.121298   0.114444
68.9912   4.06557   73.0568 0.123847   0.10765
71.5855   2.94267   74.5281 0.125927   0.128128
67.2855   4.05367   71.3392 0.123588   0.143917
72.5046   5.06483   77.5694 0.124038   0.144847
70.9094   3.68832   74.5977 0.120199   0.127037
74.5483   3.58694   78.1353 0.124206   0.125858
73.7092   2.75977   76.469 0.122136   0.102467
75.5212   3.59952   79.1207 0.126009   0.117121
74.7505   3.55252   78.303 0.126524   0.122501
74.6319   2.87393   77.5058 0.125053   0.0978636
73.6604   3.86754   77.5279 0.126066   0.112976
73.9487   3.64651   77.5952 0.1255   0.135223
70.5663   2.44698   73.0132 0.124749   0.10924
69.7742   3.16609   72.9403 0.123225   0.0947931
71.8116   3.05354   74.8651 0.124522   0.106148
72.6177   5.2195   77.8372 0.121992   0.144585
76.1689   3.74729   79.9162 0.123038   0.127314
70.7207   4.05618   74.7769 0.12043   0.110123
70.5865   3.55976   74.1462 0.125353   0.10733
70.3746   3.62622   74.0008 0.11938   0.115607
68.0737   4.56805   72.6418 0.124003   0.149283
70.4937   3.64587   74.1396 0.129015   0.130521
58.2325   3.44811   61.6806 0.0997188   0.0956037
56.5773   3.70882   60.2862 0.096868   0.106985
53.8376   4.14362   57.9812 0.101708   0.119643
60.8129   3.74294   64.5559 0.106683   0.11052
68.0103   3.77516   71.7854 0.117286   0.119846
68.1986   3.864   72.0626 0.114427   0.111248
64.2045   4.46081   68.6653 0.113522   0.126848
64.8283   4.11625   68.9446 0.112199   0.124483
68.2064   3.79207   71.9984 0.110099   0.132744
68.3053   3.30894   71.6142 0.113433   0.113126
72.4566   4.10788   76.5645 0.117688   0.11748
70.2208   4.49032   74.7112 0.117263   0.128417
68.0411   3.57119   71.6123 0.116098   0.132594
68.3498   4.31528   72.6651 0.119222   0.130109
69.5078   4.46478   73.9726 0.119875   0.12345
65.0913   3.62867   68.72 0.116214   0.113278
68.1869   5.53048   73.7174 0.122067   0.131678
53.1675   5.36655   58.534 0.0924866   0.126669
61.5498   5.20884   66.7586 0.101556   0.133674
61.2269   4.1324   65.3593 0.105856   0.109034
64.5484   4.66897   69.2173 0.107587   0.120749
60.7038   5.21716   65.9209 0.103957   0.126733
61.6513   5.55942   67.2107 0.106234   0.124187
64.1969   5.1256   69.3225 0.107407   0.102855
66.5688   5.59971   72.1685 0.109952   0.111179
64.4977   5.0077   69.5054 0.110504   0.105499
68.1855   5.46799   73.6535 0.108905   0.126087
68.3147   4.11938   72.4341 0.112145   0.11286
67.5761   5.74909   73.3252 0.111684   0.129387
69.605   5.73306   75.338 0.115944   0.129317
63.7848   6.15758   69.9424 0.110962   0.125239
68.1996   6.43324   74.6329 0.115144   0.143599
63.0267   5.76354   68.7902 0.110793   0.14445
68.1647   5.5838   73.7485 0.115299   0.139363
56.7031   6.87477   63.5778 0.092966   0.105495
57.4237   7.07251   64.4962 0.0926509   0.111503
57.0011   7.41821   64.4193 0.0928104   0.108348
61.1254   5.30568   66.4311 0.0984201   0.0854378
59.6438   6.07259   65.7164 0.101804   0.108053
63.3218   5.88471   69.2065 0.103648   0.104834
65.0307   5.35318   70.3838 0.105087   0.105414
60.4824   6.5832   67.0656 0.100653   0.119261
62.272   6.23092   68.5029 0.106892   0.117269
56.8445   6.32486   63.1694 0.105105   0.122023
65.3381   5.58279   70.9209 0.107902   0.105269
67.7309   4.19042   71.9213 0.111816   0.0990644
65.1818   5.07773   70.2595 0.113333   0.116284
65.7526   5.35951   71.1122 0.113029   0.1082
65.2188   5.7485   70.9673 0.110828   0.119511
67.6203   5.89914   73.5194 0.111102   0.127228
66.8344   4.68194   71.5163 0.114809   0.112098
52.5321   4.80149   57.3336 0.0849484   0.098123
58.3744   6.51181   64.8862 0.0936187   0.0995689
58.4294   6.59796   65.0274 0.0958017   0.0917658
58.3043   8.75104   67.0554 0.095806   0.125373
59.8722   6.86015   66.7323 0.0963505   0.107078
64.3638   5.20604   69.5699 0.100115   0.100309
70.8111   7.69939   78.5105 0.1061   0.115606
65.9275   5.92109   71.8486 0.10205   0.109312
65.1894   6.26875   71.4581 0.101907   0.114339
66.2889   5.20505   71.494 0.102166   0.100743
68.0819   4.72199   72.8039 0.107889   0.0959105
70.2215   6.11511   76.3366 0.108194   0.115963
73.975   6.53066   80.5056 0.114957   0.118956
77.237   6.18888   83.4259 0.112705   0.118334
73.9136   5.18438   79.098 0.113742   0.110306
63.3789   6.46327   69.8422 0.0910535   0.111436
63.5154   7.78342   71.2988 0.0937081   0.126835
67.8619   6.67969   74.5416 0.097321   0.109683
69.5608   6.94466   76.5055 0.0995306   0.1186
71.6754   7.51316   79.1886 0.0991681   0.122298
68.0888   6.08752   74.1763 0.096795   0.116026
70.4858   7.23005   77.7158 0.0978652   0.119111
70.5777   6.40332   76.981 0.0979068   0.120514
75.4932   5.94375   81.437 0.103737   0.112642
73.0938   5.93961   79.0334 0.101508   0.112231
74.348   9.33362   83.6817 0.105803   0.139377
74.909   6.23409   81.1431 0.104422   0.111856
70.0369   7.33073   77.3677 0.103769   0.131062
74.4486   7.17478   81.6234 0.107115   0.119913
74.2482   6.06062   80.3088 0.106281   0.118681
54.878   6.09739   60.9753 0.084549   0.106909
59.908   6.42907   66.3371 0.0916539   0.103361
62.2667   7.32165   69.5884 0.0905435   0.112583
61.9991   6.69207   68.6912 0.0921875   0.104184
65.6938   5.93252   71.6264 0.09633   0.108721
62.5262   5.33767   67.8638 0.0946601   0.107759
64.1718   5.29034   69.4621 0.0937818   0.0995049
65.2575   6.56789   71.8253 0.0948785   0.116246
64.9454   5.699   70.6444 0.0949334   0.111914
62.9697   6.6459   69.6156 0.0949871   0.129766
60.6799   7.01652   67.6964 0.0927638   0.13115
63.6659   6.19301   69.8589 0.0937228   0.118413
59.7198   5.73532   65.4551 0.0918577   0.100093
57.1147   7.31298   64.4277 0.0850048   0.104671
56.814   7.20066   64.0147 0.0852935   0.114965
55.4889   5.93973   61.4286 0.088031   0.108192
59.8983   6.52319   66.4215 0.0931303   0.106996
63.4533   7.2281   70.6814 0.0955142   0.108313
63.5714   6.7157   70.2871 0.095668   0.112632
69.9092   7.53745   77.4467 0.108051   0.121965
67.4226   5.96531   73.3879 0.110801   0.122323
74.3347   6.47192   80.8066 0.10782   0.13217
70.8218   4.57132   75.3931 0.108395   0.104527
52.6984   6.44858   59.1469 0.0845338   0.11626
62.6223   5.88396   68.5063 0.0939334   0.109232
61.821   4.78263   66.6037 0.0982222   0.0996381
60.7463   5.62489   66.3712 0.0998023   0.11558
67.0903   5.16162   72.2519 0.102493   0.120618
66.9757   4.84781   71.8235 0.103512   0.113887
65.4056   4.85105   70.2567 0.103643   0.113696
69.29   5.11609   74.4061 0.107705   0.119071
64.115   4.65161   68.7666 0.106374   0.0987603
66.4739   4.03031   70.5042 0.108766   0.114606
51.8904   3.14001   55.0304 0.0875344   0.107046
55.4967   5.03278   60.5294 0.0930008   0.120594
57.5292   5.42384   62.9531 0.0912438   0.116725
59.3342   3.49735   62.8315 0.0974502   0.0905266
57.6285   4.49487   62.1234 0.0984597   0.129785
62.7732   3.59524   66.3684 0.0993168   0.0946117
65.1326   5.52591   70.6585 0.105615   0.122526
66.9263   3.74438   70.6707 0.105601   0.102306
67.2564   3.67744   70.9338 0.101991   0.0986789
66.0521   3.21288   69.265 0.103395   0.0929473
49.4389   2.57985   52.0188 0.0820563   0.0781772
53.1172   3.34799   56.4652 0.0856014   0.0843243
57.3341   3.36852   60.7026 0.0910403   0.098977
56.8376   4.75737   61.595 0.091013   0.121277
53.6151   3.63852   57.2537 0.0921788   0.0906393
56.2541   2.64812   58.9022 0.0968689   0.095044
54.6019   4.26111   58.863 0.0933898   0.128476
56.0792   3.42345   59.5026 0.0953836   0.105121
58.7239   3.22734   61.9512 0.098475   0.104733
61.6004   3.13059   64.731 0.0989617   0.119185
50.0979   3.38629   53.4842 0.0853821   0.0920188
51.2055   3.08022   54.2858 0.0872029   0.0887671
55.3154   3.94951   59.2649 0.0892088   0.137295
54.8795   4.12499   59.0045 0.0921416   0.116966
55.4888   2.93361   58.4224 0.0934889   0.0959742
53.9195   3.59689   57.5163 0.0898059   0.109439
53.7581   3.46502   57.2232 0.0945448   0.108057
51.7003   3.59397   55.2943 0.0908192   0.102587
55.6303   3.70481   59.3351 0.0930895   0.106054
57.1801   2.82496   60.005 0.0932284   0.0987748
52.1221   3.17947   55.3016 0.0907655   0.112122
47.272   3.39911   50.6711 0.0800994   0.0978632
45.2946   2.99851   48.2931 0.0827021   0.0989093
44.8791   3.66997   48.5491 0.0828588   0.0941823
45.4443   3.64298   49.0873 0.0864727   0.105086
47.6283   4.34959   51.9779 0.0857137   0.113963
50.7296   3.68942   54.419 0.0921184   0.112826
48.083   2.87407   50.9571 0.0899926   0.121269
49.7467   2.59446   52.3412 0.0907898   0.111032
49.2625   3.40336   52.6659 0.0926393   0.122276
50.7516   3.40981   54.1614 0.0902572   0.115849
39.9897   3.5522   43.5419 0.0764378   0.116593
43.6326   3.38174   47.0143 0.0819513   0.107267
44.3824   4.98349   49.3659 0.0842171   0.143755
46.0334   2.45369   48.4871 0.0852312   0.104413
48.6348   2.11575   50.7505 0.0928942   0.0917897
50.988   1.69258   52.6806 0.0907206   0.101758
52.5408   3.09392   55.6348 0.0967603   0.102867
53.7629   2.6714   56.4343 0.0943706   0.1406
51.0127   3.15616   54.1689 0.0916891   0.152717
51.1674   2.9234   54.0908 0.0897044   0.123177
42.9207   1.98927   44.91 0.0778537   0.0939815
45.5426   3.22117   48.7638 0.081681   0.112892
46.5336   3.01884   49.5525 0.0860406   0.115664
45.1299   2.84116   47.971 0.0882995   0.136376
52.4273   2.04655   54.4739 0.0929288   0.119604
50.2711   2.90855   53.1797 0.0887138   0.154163
48.6844   1.97547   50.6599 0.0930987   0.116892
52.5669   1.69313   54.2601 0.0983356   0.0868271
52.3232   1.57517   53.8984 0.0972551   0.0958522
38.8695   1.67249   40.542 0.080905   0.113518
44.098   1.39485   45.4929 0.0882313   0.0942468
45.6201   1.38973   47.0098 0.0942564   0.0982637
46.384   1.55398   47.938 0.0974658   0.128783
50.0317   1.39093   51.4226 0.102057   0.0993523
53.4335   1.3128   54.7463 0.102141   0.105793
50.1446   1.73917   51.8838 0.104006   0.123054
51.2498   1.03783   52.2876 0.10621   0.0877043
39.7436   1.22873   40.9723 0.0902531   0.100013
46.0531   0.975395   47.0285 0.0960708   0.114304
47.8893   0.944828   48.8341 0.103419   0.134975
52.3205   0.529768   52.8503 0.109771   0.0892868
52.8865   1.21944   54.1059 0.113726   0.103929
54.6093   0.599457   55.2088 0.115589   0.0914426
55.8314   1.14983   56.9812 0.112715   0.111996
57.2747   0.976335   58.251 0.112259   0.089572
38.3194   0.980322   39.2997 0.0838988   0.0748337
42.3137   0.821212   43.1349 0.0924554   0.0758042
45.6008   0.799955   46.4008 0.097989   0.0759451
46.7211   0.820262   47.5414 0.10319   0.0839859
50.4947   0.878662   51.3734 0.105373   0.0834172
50.6566   0.681833   51.3384 0.109394   0.0834898
50.6282   0.510491   51.1387 0.111532   0.0758155
40.8346   1.0546   41.8892 0.0894464   0.149532
48.2256   0.573906   48.7995 0.10298   0.0989493
49.6376   0.730134   50.3677 0.104434   0.240703
54.959   0.480056   55.4391 0.119684   0.124152
58.7293   0.349487   59.0788 0.123511   0.0981016
62.3263   0.558931   62.8853 0.123549   0.0842609
60.8133   0.401997   61.2153 0.124626   0.0837493
40.3174   0.654574   40.9719 0.0840471   0.0785489
47.4992   0.650741   48.1499 0.0934043   0.107858
47.4316   0.532093   47.9637 0.0991539   0.154027
53.1099   0.699358   53.8093 0.106241   0.100869
50.2016   0.513846   50.7154 0.106052   0.1694
53.8189   0.520513   54.3394 0.108309   0.126954
58.0203   1.03999   59.0603 0.11784   0.143117
57.0347   0.288123   57.3228 0.121436   0.0714354
36.9472   0.369193   37.3164 0.0836314   0.0749088
38.581   0.509845   39.0908 0.0920714   0.102653
41.7277   0.297338   42.0251 0.0973961   0.0991128
54.2071   0.275419   54.4826 0.110672   0.0888448
52.4592   0.729979   53.1891 0.111917   0.117109
57.6969   0.514759   58.2117 0.118889   0.100278
56.2005   1.06148   57.262 0.116534   0.107582
58.0056   0.360199   58.3658 0.12477   0.0900496
41.2222   0.39714   41.6194 0.0928011   0.11456
43.4253   0.47481   43.9001 0.0960099   0.056525
48.3871   0.527562   48.9147 0.103354   0.0832993
49.4046   0.894249   50.2989 0.108582   0.109055
51.2107   1.22896   52.4396 0.113935   0.113351
46.4779   0.848236   47.3261 0.11726   0.147093
43.9995   0.820518   44.8201 0.112311   0.18935
41.9334   0.528927   42.4623 0.0917379   0.0598785
47.0631   1.89627   48.9594 0.101316   0.108981
58.5006   1.63474   60.1354 0.11476   0.126724
59.5621   1.42201   60.9841 0.120408   0.108001
63.0994   0.971131   64.0706 0.123241   0.0804121
64.5813   1.89473   66.476 0.126481   0.117442
60.2632   2.49627   62.7594 0.12679   0.121769
58.7088   2.06517   60.7739 0.129944   0.116021
47.0354   2.02124   49.0566 0.0940582   0.0915971
50.9195   2.29508   53.2146 0.0995882   0.0901211
52.102   1.94575   54.0478 0.101479   0.0996605
52.3174   1.2938   53.6112 0.106934   0.0744634
47.9977   1.69113   49.6888 0.102144   0.0779322
60.6819   1.28004   61.9619 0.115732   0.0843984
53.0714   1.93456   55.006 0.1124   0.117722
45.0197   1.2797   46.2994 0.109813   0.127545
54.2431   1.63263   55.8757 0.122618   0.0982035
45.9601   1.25037   47.2105 0.0887261   0.0716772
49.446   1.84818   51.2942 0.0955691   0.0822822
50.8878   2.06435   52.9522 0.0941321   0.0972222
53.4884   1.39398   54.8824 0.1014   0.0657538
56.9814   1.52019   58.5016 0.106111   0.0667782
61.8634   1.64124   63.5046 0.110068   0.0752237
65.2706   1.14623   66.4168 0.117112   0.0586806
67.8536   0.842098   68.6957 0.117075   0.0644228
70.0928   2.43427   72.5271 0.119074   0.115272
68.8413   1.26129   70.1026 0.125852   0.0863895
49.6442   1.37292   51.0172 0.0900657   0.0746154
53.47   1.37794   54.8479 0.0973952   0.0776306
47.2701   2.58264   49.8528 0.0934993   0.10372
56.4586   2.46327   58.9218 0.103451   0.0975552
58.0519   2.82598   60.8779 0.104976   0.0841065
58.3206   2.52533   60.846 0.107372   0.0990324
58.3251   3.07651   61.4016 0.102818   0.1067
56.209   3.41377   59.6228 0.104868   0.112542
58.583   3.48923   62.0723 0.109174   0.122001
45.3428   2.9669   48.3097 0.0824815   0.107757
46.9502   2.36584   49.3161 0.0853641   0.0978969
51.1422   2.43671   53.5789 0.0927328   0.084755
51.8733   1.73187   53.6052 0.0915277   0.0672572
51.1043   1.99991   53.1042 0.0927482   0.0790477
58.5223   2.08852   60.6109 0.101075   0.081371
50.7058   2.33245   53.0383 0.0938611   0.0904831
54.6302   2.05431   56.6845 0.0972991   0.108312
56.7254   1.75571   58.4811 0.0996698   0.104923
62.5914   2.4704   65.0618 0.10472   0.0946515
61.1569   2.4197   63.5766 0.108086   0.117254
50.5317   2.33546   52.8671 0.0820231   0.075663
54.0461   1.45639   55.5025 0.0863678   0.0522005
57.9829   3.27577   61.2586 0.0933201   0.0907136
65.4477   3.14022   68.5879 0.0984669   0.0910208
62.5049   2.41765   64.9225 0.0984225   0.0793538
63.9115   2.7669   66.6784 0.1012   0.0901269
60.0537   1.63856   61.6923 0.0976734   0.055396
60.0377   1.32387   61.3615 0.100407   0.0493547
66.2027   1.82466   68.0273 0.103523   0.0682116
61.0276   2.07502   63.1026 0.10054   0.086459
67.4437   0.986246   68.43 0.103404   0.0493946
66.228   1.10094   67.329 0.101861   0.0504595
45.7069   1.34508   47.052 0.0777416   0.0670304
47.9911   0.963364   48.9545 0.0801188   0.0570038
51.1892   0.738332   51.9276 0.083068   0.0555137
52.7131   2.1947   54.9078 0.0842417   0.0745961
55.4064   2.54288   57.9492 0.0880864   0.0937179
60.2593   1.89304   62.1523 0.0970203   0.0913041
65.2872   2.13772   67.4249 0.0974163   0.0791748
73.8228   2.01095   75.8337 0.108581   0.0776763
68.9309   2.58526   71.5162 0.108653   0.0963658
68.9812   1.68447   70.6656 0.108048   0.0648703
64.2755   1.35361   65.6291 0.106264   0.0709935
65.8997   1.95953   67.8592 0.107761   0.0780689
58.7836   2.30861   61.0922 0.0902142   0.0875579
59.0879   2.4091   61.497 0.0926142   0.09541
60.5126   1.48717   61.9997 0.099425   0.0712416
61.7132   1.13079   62.844 0.0955806   0.06259
66.721   1.6191   68.3401 0.100889   0.0679341
65.9643   1.68243   67.6467 0.103506   0.0715928
67.2425   2.54715   69.7897 0.104886   0.0888542
54.5726   2.61561   57.1882 0.0824515   0.0896139
61.2233   2.74237   63.9657 0.0879477   0.0950011
56.2266   2.49217   58.7187 0.0863364   0.092876
59.7928   2.33405   62.1268 0.0906226   0.0801162
67.6266   2.41603   70.0427 0.0999802   0.0936447
69.0726   2.5144   71.587 0.0959924   0.0817691
58.2067   2.38902   60.5957 0.0834944   0.0749692
65.0232   2.3649   67.3881 0.0860209   0.0760418
69.5656   1.83295   71.3985 0.091118   0.0688217
69.6398   1.9491   71.5889 0.0938015   0.0733203
70.4907   2.00676   72.4975 0.0918765   0.0839651
74.6516   3.35408   78.0057 0.0945356   0.104272
56.6275   2.40148   59.029 0.0775047   0.077467
58.1735   3.07078   61.2442 0.0842361   0.0798989
59.6037   2.92575   62.5294 0.0860851   0.121665
60.9618   4.00185   64.9636 0.0888612   0.110752
68.8508   2.89172   71.7425 0.0934556   0.0969293
67.6479   3.09611   70.744 0.0944895   0.109097
49.5135   2.46221   51.9757 0.0759643   0.0854934
56.0863   2.37117   58.4575 0.082242   0.0940939
58.1415   2.32467   60.4661 0.0877654   0.0874875
65.4641   2.16579   67.6298 0.0942607   0.0780933
66.4992   2.85826   69.3574 0.0990643   0.104109
62.0298   3.09632   65.1262 0.0924668   0.0879635
59.4129   3.16256   62.5754 0.0892443   0.0953536
61.2993   3.38983   64.6891 0.0904355   0.0991861
59.7364   2.66733   62.4037 0.0879684   0.0929384
60.0077   2.32784   62.3356 0.0910651   0.0850706
58.8163   2.75569   61.572 0.0876199   0.0823413
55.5783   2.66774   58.246 0.0836043   0.0800321
60.3957   3.14339   63.5391 0.0863965   0.0808179
63.7289   4.11303   67.8419 0.0907173   0.0973114
59.9809   2.4118   62.3927 0.087401   0.0950891
54.2525   3.8053   58.0577 0.0883983   0.0938526
51.0612   3.44192   54.5031 0.0799079   0.0882544
57.2861   2.03905   59.3252 0.0920682   0.0912035
59.7739   2.6494   62.4233 0.0931379   0.124841
46.1774   2.79428   48.9717 0.0783996   0.0925493
43.7969   2.74246   46.5394 0.072805   0.0867629
47.3864   3.78649   51.1729 0.0741915   0.0930257
47.1311   2.95051   50.0817 0.0746533   0.0794573
49.0664   4.48095   53.5474 0.0799729   0.0903137
46.8069   2.92035   49.7273 0.079137   0.0789997
40.6523   2.23937   42.8917 0.0695959   0.061185
52.425   2.37491   54.8 0.0817168   0.0653101
60.8006   3.08389   63.8845 0.0958244   0.0944048
61.7342   2.9081   64.6423 0.0923769   0.0774018
60.0124   2.81347   62.8259 0.0900411   0.0917436
58.8741   3.26168   62.1358 0.088466   0.0758529
49.7579   2.99137   52.7493 0.0752615   0.0730197
57.5266   3.12088   60.6475 0.0857113   0.0877474
59.5015   2.20181   61.7033 0.0900992   0.0873733
55.2148   2.1813   57.3961 0.0884538   0.0807889
50.7192   2.32423   53.0434 0.0826045   0.100507
50.2729   2.94116   53.2141 0.0779425   0.0980387
58.1636   3.22158   61.3851 0.0871669   0.10609
53.1502   1.85373   55.0039 0.084634   0.0826504
54.8427   2.67784   57.5206 0.088278   0.117707
45.7101   2.3457   48.0558 0.0767205   0.0888523
49.0627   3.8057   52.8684 0.0805774   0.147001
59.3025   2.30159   61.6041 0.0902969   0.0926813
53.1823   2.46553   55.6478 0.0883671   0.111227
45.3354   1.6494   46.9848 0.075854   0.0600995
53.6606   1.85925   55.5198 0.0854015   0.067746
59.0374   2.68135   61.7188 0.0941886   0.102342
54.9829   2.70441   57.6873 0.0913337   0.0945597
55.9353   3.27275   59.2081 0.093312   0.0944062
62.9608   1.90654   64.8673 0.095071   0.0693286
58.8053   2.30224   61.1076 0.0992495   0.0748698
58.9954   2.97073   61.9661 0.10049   0.0921706
59.4764   2.33108   61.8074 0.102032   0.0842559
56.4668   2.63805   59.1049 0.098845   0.0895266
45.9899   2.37698   48.3669 0.0849724   0.0952061
44.8848   1.79962   46.6844 0.0845925   0.0788156
48.1443   2.08479   50.2291 0.0894266   0.087596
49.8727   3.36794   53.2406 0.0908277   0.112949
51.0518   1.48658   52.5384 0.0924573   0.073959
56.7425   1.60983   58.3524 0.0986446   0.0717249
53.6682   2.8095   56.4777 0.0986548   0.0913659
56.0331   1.7921   57.8251 0.102499   0.099931
45.1939   2.6817   47.8756 0.0824062   0.0998504
47.2317   3.20392   50.4356 0.0853225   0.10609
48.2404   1.83807   50.0785 0.0851953   0.0885107
50.9236   1.9622   52.8858 0.0929262   0.0945638
56.3782   1.8006   58.1788 0.098254   0.0762966
55.6604   1.83967   57.5 0.0944135   0.0779012
40.9888   1.90762   42.8964 0.079838   0.0635874
42.4254   1.799   44.2244 0.0808155   0.0904019
42.3303   2.03741   44.3677 0.0860506   0.0973764
46.8917   3.00264   49.8943 0.0915496   0.108529
49.8662   2.3309   52.1971 0.0951646   0.0998958
40.2972   1.94717   42.2444 0.0727715   0.0718513
42.797   2.66097   45.4579 0.0753357   0.0982511
45.0841   2.00083   47.0849 0.0797243   0.0925833
50.3405   2.57465   52.9151 0.0850215   0.0860824
53.0296   3.00647   56.0361 0.0924756   0.0882814
44.7514   4.42776   49.1792 0.0760917   0.133333
49.0948   2.04002   51.1349 0.0808621   0.0816007
41.324   2.69464   44.0187 0.0774196   0.103375
44.732   1.89306   46.625 0.0819767   0.0996345
44.9054   2.24835   47.1538 0.0821541   0.0854887
40.4545   2.8125   43.267 0.0728603   0.0931292
44.5963   2.73085   47.3272 0.0799695   0.112227
51.6238   3.29213   54.9159 0.0900624   0.120151
49.649   2.28601   51.935 0.0865612   0.0879236
48.7926   2.89938   51.692 0.0871463   0.124132
49.0314   4.4577   53.4891 0.0913978   0.147081
45.9506   0.744111   46.6948 0.0885995   0.059688
48.2075   1.55285   49.7603 0.0899486   0.0881743
47.0676   2.73802   49.8056 0.0914696   0.133098
51.5046   1.9495   53.4541 0.0944229   0.09699
53.3759   1.88823   55.2642 0.0937616   0.127427
40.8251   2.78684   43.6119 0.077762   0.11396
42.5721   2.75971   45.3318 0.083688   0.153317
40.784   1.5623   42.3463 0.0848657   0.0881942
40.8286   2.66576   43.4944 0.0871104   0.122096
31.3106   1.81077   33.1214 0.0738516   0.0968327
36.5093   2.59111   39.1004 0.083689   0.109099
35.1091   1.42987   36.539 0.0843765   0.0723375
35.77   0.767321   36.5373 0.0862093   0.0875937
35.0932   1.85625   36.9494 0.0788256   0.109838
33.8296   1.24352   35.0731 0.0786212   0.126154
38.0687   2.48502   40.5537 0.0868015   0.109749
38.2946   1.12614   39.4208 0.0900344   0.0689477
36.0034   1.42628   37.4297 0.0819377   0.0867919
35.1226   1.34836   36.471 0.0865089   0.0842724
38.9275   2.20296   41.1305 0.0903191   0.119079
33.0318   1.52932   34.5611 0.0838697   0.10041
36.1637   2.14318   38.3069 0.0923014   0.142247
39.7465   2.14768   41.8942 0.0965726   0.119316
40.5474   2.30021   42.8476 0.0978224   0.107823
39.679   0.771065   40.4501 0.0966512   0.0771065
36.8452   0.984834   37.8301 0.0905925   0.0830583
34.8771   1.66405   36.5412 0.0839738   0.081173
37.389   2.13453   39.5236 0.0875328   0.128808
38.4794   2.16997   40.6493 0.095136   0.107959
37.9107   2.14835   40.0591 0.0972624   0.104515
35.8793   1.64312   37.5224 0.0940479   0.0795058
32.6447   0.90312   33.5478 0.08196   0.0617166
33.9123   1.50943   35.4217 0.0847504   0.0875031
40.0391   1.43481   41.4739 0.0967712   0.0819894
35.3545   1.07637   36.4309 0.0840174   0.075271
32.4985   2.15427   34.6527 0.0813275   0.113982
33.4662   1.36724   34.8335 0.0833322   0.0804258
31.4678   2.15909   33.6269 0.0778732   0.104625
35.2288   2.41067   37.6395 0.0826073   0.0998047
36.2197   1.33058   37.5503 0.0824863   0.0973594
40.2974   1.6882   41.9856 0.0842316   0.0806163
33.5394   1.98914   35.5285 0.0770024   0.08625
36.1286   1.83846   37.9671 0.0827626   0.0916175
35.0159   2.97017   37.9861 0.0798188   0.12828
33.3662   0.425667   33.7918 0.077338   0.0461011
32.1542   1.5722   33.7264 0.0800995   0.100049
33.3501   2.72779   36.0779 0.0773572   0.130996
32.713   1.60493   34.3179 0.0747604   0.111232
34.7166   2.41301   37.1296 0.080849   0.0857704
39.6712   2.69591   42.3671 0.0834304   0.11472
36.2179   2.16156   38.3795 0.0782849   0.0992191
34.9212   1.34088   36.2621 0.0710558   0.0723295
37.9293   2.10529   40.0345 0.0769356   0.0929608
40.5484   2.98423   43.5326 0.078314   0.107475
48.4321   2.55   50.9821 0.0840057   0.0910713
42.5127   1.84899   44.3616 0.0783932   0.0669923
45.4273   1.7064   47.1337 0.081183   0.0856053
46.3456   1.16669   47.5123 0.0836312   0.0627255
49.5139   3.12028   52.6342 0.0879987   0.122631
39.188   1.40222   40.5902 0.0748577   0.0661424
45.0557   1.68968   46.7454 0.0810686   0.0626863
40.0502   1.34336   41.3936 0.0757666   0.071582
46.161   2.77197   48.933 0.0822624   0.110458
52.1549   2.60999   54.7649 0.0918867   0.1044
60.8323   1.63727   62.4696 0.0979587   0.0759
51.9579   2.18045   54.1384 0.0916427   0.0935507
50.8071   2.97849   53.7856 0.092455   0.0988436
50.6109   2.30257   52.9134 0.0900389   0.110171
40.3988   2.78131   43.1801 0.0799976   0.0954372
43.6937   2.60004   46.2938 0.0785341   0.0885372
43.1225   2.22767   45.3501 0.0828853   0.0808104
44.7388   2.52545   47.2643 0.0858711   0.0816418
39.585   2.92609   42.5111 0.0760957   0.104255
44.7455   2.21045   46.9559 0.0811562   0.0928758
44.4944   1.39067   45.8851 0.0797391   0.0758546
48.6351   2.5051   51.1402 0.0843725   0.0881042
40.1668   3.93018   44.0969 0.074604   0.110897
41.1007   2.46978   43.5704 0.0773295   0.0927326
44.6304   5.22484   49.8553 0.0851238   0.137859
39.1952   2.77406   41.9693 0.0765232   0.0880656
39.8134   4.20941   44.0228 0.0759706   0.11754
38.6517   3.81543   42.4671 0.0740974   0.112771
36.6869   3.5114   40.1983 0.071946   0.0971239
42.3203   2.31881   44.6391 0.0747201   0.0812519
34.5981   3.35075   37.9489 0.0662969   0.10164
41.7363   2.68829   44.4246 0.0788594   0.083358
40.4684   2.51008   42.9785 0.0758491   0.0725134
45.4406   2.77029   48.2109 0.0807653   0.084589
44.0043   3.1453   47.1496 0.0776432   0.0925089
48.7927   3.30813   52.1008 0.0825595   0.0870559
45.4371   3.80872   49.2458 0.0813383   0.0961335
44.7915   2.98675   47.7783 0.0779842   0.0861562
49.3464   3.82278   53.1692 0.0839485   0.113039
43.0274   4.07173   47.0991 0.0739557   0.0911581
46.1253   2.19358   48.3189 0.0759505   0.0848705
44.9924   2.69556   47.688 0.0747861   0.0891662
42.6971   3.9057   46.6028 0.0721013   0.0940103
38.9473   2.84343   41.7907 0.0656388   0.0884621
36.9846   3.00401   39.9886 0.0633732   0.0909387
37.7938   3.27562   41.0694 0.0655329   0.0996927
38.9055   3.72243   42.6279 0.0710509   0.095447
41.9474   2.02791   43.9753 0.0762253   0.0831635
50.3469   3.60511   53.9521 0.0838766   0.0909807
53.5869   4.78809   58.375 0.0918948   0.113194
65.2211   4.62668   69.8477 0.0980319   0.099174
56.5069   4.88117   61.3881 0.0929529   0.116724
41.0235   4.73174   45.7552 0.0767976   0.100424
48.0403   3.89342   51.9337 0.0851275   0.104288
45.5512   2.87509   48.4263 0.0802311   0.0782339
38.3398   3.701   42.0408 0.0714362   0.0917604
44.7542   3.22642   47.9806 0.0803847   0.0896227
37.252   4.07617   41.3282 0.0705428   0.102397
35.5391   2.25994   37.799 0.0689987   0.0717834
35.7808   1.95522   37.736 0.0642384   0.0641865
34.7592   3.59019   38.3494 0.0657985   0.106009
32.7359   3.83956   36.5755 0.0641595   0.102887
35.907   4.61112   40.5181 0.0710325   0.118234
35.2928   3.46073   38.7535 0.066982   0.0957767
37.3027   3.3903   40.693 0.0701839   0.0834169
39.7491   3.09414   42.8432 0.0745621   0.082731
40.2659   2.292   42.5579 0.0762612   0.0861295
44.4364   2.00202   46.4384 0.0805372   0.0765104
39.4579   3.02623   42.4842 0.0718331   0.0824586
46.6107   2.21948   48.8302 0.0851182   0.0787049
42.5727   2.42015   44.9928 0.0804537   0.0901624
53.0329   1.958   54.9909 0.097201   0.0753077
54.0069   3.20934   57.2162 0.0945554   0.100711
50.8822   2.93219   53.8143 0.0934704   0.0817525
50.9266   2.43564   53.3623 0.096156   0.080963
37.5574   2.82314   40.3805 0.0845195   0.113753
35.2982   2.99702   38.2952 0.0817656   0.0985863
36.4476   2.41747   38.865 0.0869493   0.083887
35.7328   2.86207   38.5949 0.0880316   0.095114
34.0549   2.90756   36.9625 0.0875523   0.118193
30.3895   1.7885   32.178 0.0756774   0.0846292
31.1385   1.76855   32.9071 0.0795704   0.104033
33.0928   2.55246   35.6453 0.0811099   0.121546
30.0126   1.79355   31.8062 0.0774187   0.0787795
29.3136   2.33051   31.6441 0.0785327   0.0899812
31.0502   2.94102   33.9912 0.0829849   0.103801
29.3411   2.02733   31.3685 0.0804418   0.0821892
31.8399   2.99724   34.8371 0.0865605   0.11989
33.018   2.59642   35.6144 0.0866615   0.0885145
32.1951   1.1932   33.3883 0.0865847   0.0580164
33.9511   1.59911   35.5502 0.0906242   0.0666297
31.7506   2.45475   34.2054 0.0886393   0.087048
38.1733   2.15874   40.332 0.103227   0.0863495
28.9083   2.32609   31.2344 0.0864039   0.0998936
35.0656   3.17852   38.2441 0.0905463   0.101767
35.3404   2.14305   37.4834 0.0967266   0.103393
32.0598   2.37924   34.439 0.0915994   0.0926976
36.1216   2.89315   39.0148 0.092147   0.10559
33.6909   1.86284   35.5538 0.083476   0.0824265
31.6321   2.19126   33.8233 0.0869013   0.093911
36.2272   1.81839   38.0456 0.0914366   0.0783787
31.4406   1.57246   33.0131 0.083758   0.082761
29.4057   1.50827   30.914 0.0816258   0.0837926
31.0644   2.24989   33.3143 0.0797751   0.0910887
30.77   1.96111   32.7312 0.0793724   0.0926509
32.281   2.30411   34.5851 0.0824284   0.109938
30.1954   2.74007   32.9355 0.0799424   0.112827
31.7057   2.27545   33.9811 0.0810886   0.101131
29.9744   1.8505   31.8249 0.0808661   0.0885405
28.3196   2.26665   30.5863 0.07564   0.1095
30.4854   2.1319   32.6173 0.0771294   0.106595
30.3909   2.37668   32.7675 0.0803991   0.115936
29.256   2.34455   31.6006 0.0786029   0.112719
30.7288   2.10969   32.8385 0.083687   0.105485
33.0326   2.42427   35.4569 0.0862095   0.105403
35.9221   2.46974   38.3918 0.0882606   0.116375
32.5677   2.1881   34.7558 0.0825829   0.115163
34.1632   2.21755   36.3808 0.083502   0.115917
33.6034   2.25014   35.8536 0.0845902   0.117654
31.9381   2.17265   34.1108 0.0860479   0.115362
29.8047   1.72421   31.5289 0.0804289   0.0997476
28.9354   1.60574   30.5411 0.0796874   0.0996663
30.1909   2.4514   32.6423 0.0796841   0.112026
29.7893   2.22193   32.0113 0.0808394   0.117979
29.6754   2.13433   31.8097 0.0780041   0.117056
26.8971   1.85716   28.7543 0.0786465   0.101299
27.2374   2.12599   29.3634 0.0735284   0.116386
27.9036   1.84032   29.744 0.0781614   0.10224
28.808   1.84868   30.6567 0.0767957   0.0985965
33.7312   2.28609   36.0173 0.0799527   0.108861
30.5776   1.42748   32.0051 0.0794567   0.0839697
30.498   1.24008   31.7381 0.0804343   0.087535
