1367         1367
1271         572
1290         584
1273         561
1299         571
1306         577
1329         594
1361         583
1352         597
1366         577
1311         573
1294         559
1309         563
1292         575
1296         557
1239         568
1267         544
1288         584
1328         589
1367         600
1398         603
1363         599
1344         590
1376         596
1323         584
1334         589
1305         565
1273         566
1302         576
1325         595
1385         619
1378         587
1317         563
1339         589
1310         548
1337         546
1303         583
1292         584
1216         529
1264         570
1263         579
1271         596
1255         565
1253         577
1295         619
1301         602
1280         615
1285         598
1259         586
1263         573
1242         579
1237         560
1228         558
1301         574
1330         606
1313         578
1297         599
1322         583
1325         580
1334         597
1338         605
1317         583
1369         626
1349         609
1352         605
1337         600
1321         574
1346         592
1318         568
1346         591
1351         609
1360         619
1317         614
1375         621
1327         585
1344         610
1310         618
1290         600
1270         582
1277         540
1324         605
1334         605
1304         575
1273         581
1326         588
1308         608
1317         582
1365         618
1325         623
1327         609
1349         608
1353         621
1352         642
1394         667
1417         646
1369         639
1396         648
1372         631
1395         649
1408         643
1424         685
1398         649
1455         696
1435         677
1419         697
1421         698
1457         722
1433         703
1455         720
1488         720
1490         727
1445         720
1445         702
1476         717
1441         674
1494         695
1510         698
1444         649
1427         653
1448         687
1471         672
1513         681
1463         660
1432         684
1498         687
1474         684
1492         662
1509         654
1496         679
1484         650
1514         671
1513         666
1448         630
1486         643
1459         664
1425         664
1440         647
1427         608
1488         689
1422         653
1405         623
1404         666
1376         629
1329         608
1329         654
1326         647
1319         631
1339         643
1332         602
1298         611
1289         592
1265         596
1319         630
1300         608
1262         585
1297         632
1277         616
1308         633
1343         659
1299         638
1319         602
1363         620
1335         629
1334         624
1312         581
1298         580
1312         584
1292         587
1270         596
1307         622
1331         586
1305         587
1329         620
1346         595
1336         593
1339         600
1305         568
1302         569
1367         597
1350         613
1320         574
1318         590
1247         547
1291         541
1230         525
1260         555
1243         550
1279         534
1249         547
1278         531
1275         562
1253         523
1263         532
1213         527
1242         540
1241         523
1270         562
1248         543
1306         569
1255         556
1279         570
1223         551
1249         557
1187         540
1202         511
1250         564
1233         566
1200         522
1177         534
1175         538
1144         480
1159         499
1128         484
1103         475
1147         490
1104         523
1080         482
1060         482
1060         440
1080         479
1042         463
1041         476
1013         465
1024         472
1025         495
1065         510
1052         456
1029         457
1026         465
1006         452
1027         479
1045         463
1029         453
1028         456
1028         468
1001         475
1039         459
1001         475
1031         504
1014         487
1024         479
1041         508
1008         478
1032         499
978         473
1008         496
989         492
986         469
990         441
984         419
993         428
1053         489
1044         468
1073         485
1080         482
1056         464
1052         444
1070         452
1095         468
1090         455
1074         449
1059         396
1030         391
1051         457
1081         464
1136         509
1149         494
1246         512
1199         510
1151         475
1131         451
1076         500
1074         511
1094         513
1104         489
1059         469
1086         524
1045         472
1007         409
1054         442
1040         518
1045         517
1078         540
1065         527
1065         537
1084         562
1078         557
1077         579
1120         588
1091         547
1111         551
1079         549
1051         505
1022         545
1028         553
1018         543
1068         567
1062         536
1040         536
1051         549
1032         550
1060         551
1067         566
1045         551
1070         579
1037         540
1068         561
1042         569
1120         597
1088         565
1149         616
1108         625
1163         621
1212         664
1198         635
1158         631
1143         614
1123         597
1166         639
1102         607
1147         652
1186         650
1154         587
1160         599
1174         616
1165         625
1199         629
1153         621
1226         670
1210         679
1218         634
1225         638
1170         604
1203         611
1217         651
1244         638
1202         608
1255         645
1263         661
1256         637
1283         641
1248         661
1286         696
1258         651
1250         659
1239         676
1298         719
1294         697
1377         755
1393         763
1323         742
1336         767
1373         789
1337         730
1284         690
1261         692
1268         686
1362         736
1289         715
1274         651
1266         681
1267         662
1276         694
1317         671
1280         670
1283         665
1289         677
1298         679
1293         658
1266         671
1264         664
1319         699
1313         702
1294         686
1198         613
1256         639
1254         622
1270         641
1229         589
1265         601
1275         638
1279         631
1267         613
1228         591
1240         584
1283         641
1251         634
1302         668
1314         666
1335         665
1270         661
1265         671
1259         660
1241         624
1265         614
1237         645
1258         667
1215         628
1206         621
1221         595
1224         608
1232         656
1249         601
1249         597
1237         628
1251         626
1207         602
1209         599
1231         662
1178         592
1172         587
1130         582
1153         571
1152         541
1121         530
1107         538
1108         549
1146         552
1138         575
1118         544
1134         546
1149         548
1167         553
1142         566
1138         548
1184         573
1155         589
1109         513
1141         524
1106         491
1137         512
1110         524
1139         553
1133         568
1185         565
1189         592
1175         573
1164         588
1196         607
1101         533
1138         545
1129         546
1119         555
1136         557
1113         573
1120         573
1122         559
1109         536
1122         518
1092         535
1035         514
1129         545
1078         569
1058         525
1046         508
1006         480
934         468
898         423
892         436
884         416
896         414
907         445
902         430
875         438
886         425
906         439
834         406
856         431
806         393
807         391
825         411
844         414
815         410
845         406
822         415
835         427
813         404
818         389
799         381
816         398
816         400
840         413
865         420
833         399
841         401
848         404
871         426
901         439
940         478
938         435
886         436
936         438
920         431
894         401
930         431
936         437
913         429
981         475
1008         462
1051         491
1063         493
1075         517
1172         576
1114         542
1151         559
1178         554
1177         562
1127         523
1144         555
1138         528
1134         561
1138         567
1224         621
1147         566
1143         549
1144         562
1120         505
1197         556
1167         520
1183         521
1192         520
1199         551
1187         558
1212         576
1229         538
1161         531
1161         524
1189         512
1143         524
1153         521
1126         509
1233         566
1210         521
1204         529
1238         533
1265         562
1250         566
1279         591
1246         558
1259         574
1259         587
1263         581
1315         607
1270         601
1252         592
1292         593
1268         583
1262         576
1250         547
1226         550
1327         600
1280         583
1392         665
1309         607
1242         534
1233         564
1245         567
1204         536
1219         556
1171         528
1148         515
1174         557
1147         528
1140         510
1114         505
1170         526
1199         531
1219         533
1178         528
1169         551
1176         549
1167         547
1161         529
1125         545
1154         571
1147         544
1089         529
1044         444
1012         431
969         419
971         405
965         388
955         401
960         391
933         408
928         387
891         373
876         374
879         364
874         367
886         381
868         371
867         374
880         358
857         369
823         334
907         387
856         365
864         350
898         392
905         403
861         364
889         396
837         375
831         360
902         389
896         387
870         391
891         377
886         391
876         370
865         374
889         395
876         378
859         372
857         367
863         383
871         407
850         394
866         409
862         397
848         371
846         370
852         363
846         378
867         368
872         380
816         342
847         370
827         357
853         375
871         421
821         384
846         379
