3089       3089
2888       32
2865       30
2896       31
2905       29
2958       37
2958       41
2940       38
2919       41
2909       41
2923       42
2873       42
2921       32
3015       34
3015       37
2992       22
2991       28
2963       34
2971       29
2996       28
3035       26
3049       30
3032       29
2994       29
3032       34
2991       26
3026       22
2985       33
3084       28
3121       36
3167       29
3151       36
3136       33
3148       31
3157       30
3118       27
3089       36
3095       34
3094       34
3050       33
3019       31
2998       34
2937       35
2926       33
2932       28
2945       29
2916       34
2868       34
2844       26
2850       33
2837       36
2766       32
2731       42
2732       42
2808       38
2811       37
2790       38
2778       41
2793       44
2752       49
2738       50
2682       47
2730       43
2729       36
2743       44
2758       44
2738       49
2750       44
2764       39
2789       40
2738       65
2757       63
2753       68
2768       62
2710       56
2698       56
2716       50
2676       55
2726       53
2653       51
2702       53
2702       42
2666       43
2677       49
2701       48
2687       46
2593       41
2627       48
2643       65
2669       71
2644       69
2661       64
2632       51
2603       66
2611       54
2592       54
2589       51
2567       49
2562       52
2582       54
2569       52
2558       47
2525       58
2504       61
2441       60
2474       58
2443       61
2444       52
2411       60
2421       53
2413       52
2385       52
2368       66
2380       55
2363       55
2406       59
2392       51
2389       57
2395       62
2371       65
2349       64
2308       54
2314       49
2264       53
2267       56
2267       50
2283       51
2261       53
2414       52
2393       57
2386       69
2390       62
2361       54
2351       60
2300       66
2266       59
2265       61
2234       48
2204       48
2178       43
2177       55
2151       53
2098       48
2093       48
2032       42
1998       42
1965       42
1921       42
1901       47
1862       35
1844       29
1797       41
1797       46
1766       38
1712       34
1733       38
1706       45
1656       36
1610       37
1562       34
1568       33
1544       39
1470       34
1463       39
1425       40
1402       27
1373       33
1342       32
1314       30
1328       26
1332       36
1306       34
1326       28
1292       35
1322       30
1272       32
1261       32
1285       35
1250       34
1256       28
1227       28
1224       34
1225       30
1213       38
1196       34
1191       38
1203       32
1146       23
1140       23
1159       27
1159       29
1175       30
1141       31
1116       34
1098       23
1063       23
1023       16
1006       30
937       19
949       20
950       23
931       21
940       28
945       26
938       20
923       17
924       18
910       16
917       19
897       16
905       14
885       14
889       14
864       12
859       14
857       12
860       14
872       11
892       12
881       8
861       7
831       5
831       11
788       6
792       10
746       10
732       13
707       10
698       10
668       9
629       10
628       8
615       6
590       7
570       5
579       3
580       3
584       3
592       6
603       4
605       8
635       6
642       3
656       6
688       3
654       4
720       7
733       4
747       4
767       4
796       3
790       3
815       6
814       5
797       9
780       4
811       3
858       8
867       6
850       8
846       10
855       5
863       4
849       8
849       17
878       12
891       13
895       12
938       16
995       20
990       17
1003       22
1034       25
1016       19
1029       17
1056       21
1022       15
990       16
1027       10
1055       16
1034       17
986       22
987       21
1030       21
1062       22
1096       21
1116       19
1120       13
1124       21
1095       14
1121       18
1159       17
1222       24
1249       25
1291       33
1305       25
1263       28
1289       30
1249       28
1240       27
1241       24
1238       28
1218       25
1189       25
1186       25
1165       25
1123       18
1116       16
1118       26
1102       20
1139       30
1088       27
1097       36
1083       34
1054       30
1030       30
997       29
973       26
945       26
960       24
968       19
982       21
995       20
984       16
979       13
986       29
977       27
1008       20
1012       27
995       25
1000       26
1037       25
1053       19
1058       25
1074       26
1055       25
1076       20
1131       18
1099       23
1084       23
1086       28
1123       29
1084       28
1105       26
1129       29
1116       25
1072       30
1123       31
1133       31
1127       26
1100       26
1147       23
1125       32
1130       31
1119       38
1133       24
1202       36
1175       29
1201       28
1179       28
1169       25
1203       26
1173       27
1167       27
1167       35
1173       33
1177       34
1197       28
1187       27
1221       33
1157       33
1191       38
1151       42
1163       25
1193       40
1160       39
1162       22
1157       21
1112       30
1111       31
1076       40
1055       37
1106       49
1067       36
1110       36
1084       36
1120       32
1139       37
1187       30
1212       43
1198       40
1223       35
1204       25
1223       27
1188       23
1192       30
1168       30
1116       22
1156       22
1196       26
1169       25
1219       24
1159       22
1199       27
1192       27
1170       26
1159       28
1211       34
1203       27
1216       30
1171       32
1212       27
1195       29
1193       24
1149       22
1157       23
1167       29
1165       20
1173       22
1190       30
1158       17
1196       26
1148       30
1149       20
1136       20
1145       23
1152       23
1128       30
1144       19
1147       20
1127       27
1122       23
1137       27
1110       27
1104       21
1104       29
1149       34
1196       33
1200       25
1220       26
1200       19
1217       26
1156       30
1168       24
1169       27
1168       26
1177       23
1187       30
1190       12
1143       17
1137       20
1114       20
1142       14
1150       24
1051       18
1032       17
986       21
953       18
957       23
964       19
998       8
1027       16
1010       9
1016       22
1011       16
1023       16
1013       16
986       18
1000       15
954       15
982       18
908       21
896       10
920       11
907       20
934       16
949       20
1034       20
1029       20
1019       14
1025       17
1005       17
1036       14
1043       18
1026       17
1048       20
1036       24
1031       13
1021       20
999       23
1010       20
995       23
1003       9
1035       15
1050       20
1041       14
1048       28
1037       23
1030       21
1038       18
1075       22
1139       27
1182       28
1182       27
1216       19
1194       18
1160       25
1154       21
1198       26
1198       18
1176       25
1194       25
1207       21
1195       23
1234       30
1172       20
1129       29
1087       29
1102       27
1136       30
1137       28
1146       23
1169       18
1151       28
1167       35
1169       26
1228       37
1182       31
1175       35
1176       33
1172       36
1206       28
1171       32
1191       32
1195       34
1190       32
1170       34
1170       38
1177       39
1176       34
1156       33
1172       44
1157       25
1171       30
1141       41
1121       32
1149       33
1127       32
1147       39
1101       24
1157       39
1186       42
1192       46
1131       41
1133       47
1106       37
1088       36
1101       40
1060       36
1077       39
1073       31
1066       30
1067       33
1082       37
1067       39
1034       36
1022       40
1019       37
1048       26
1049       26
1096       36
1116       28
1103       26
1100       26
1118       31
1060       35
1074       30
982       24
975       30
1000       28
1026       30
1015       24
1034       21
1014       17
1028       21
1019       22
1022       25
1034       28
1015       24
975       25
979       29
966       20
953       24
966       28
951       25
949       23
944       31
923       20
926       25
961       27
955       22
963       23
937       23
939       19
965       18
964       24
958       21
946       20
929       24
921       22
911       20
910       20
905       20
905       20
909       20
916       20
916       23
926       21
897       19
923       19
914       19
918       18
909       17
909       16
916       21
914       18
915       18
907       18
917       18
915       18
912       18
921       21
916       17
909       14
