0  3075527
92  2986
71  2042
99  2350
93  3504
133  4424
137  4392
99  4443
99  3124
101  1777
78  4986
79  4924
120  2867
113  3522
98  5002
87  1976
84  2610
123  5103
122  2138
123  3955
89  2282
90  5423
118  2941
88  1969
96  3984
86  4350
88  4057
115  2491
122  2391
122  4234
130  3917
128  3090
98  6572
108  8648
120  3989
138  295897
134  4845
137  3732
106  4313
139  3361
139  1945
128  5969
125  2442
125  4006
129  2412
50  2969
87  2292
85  2789
84  1984
129  2827
126  2662
111  2539
82  343773
90  3041
90  4614
92  3742
124  3039
131  4250
131  3976
130  4702
123  3052
117  4438
154  4530
144  3447
144  4063
142  4756
140  4117
117  3137
116  4113
140  339693
140  4602
67  2498
129  4834
110  2580
131  5030
131  3650
99  3048
131  5199
131  3260
125  5315
133  4237
117  2041
52  2623
108  3180
110  6809
126  3133
130  353323
102  8005
99  2609
127  2805
128  3943
100  3391
72  3486
109  2544
107  4467
75  2883
103  2714
111  2673
107  2844
104  3958
43  6183
108  204039
51  2503
133  2726
131  4585
40  3102
130  3242
134  7989
129  1872
98  2032
108  4495
48  2610
131  3484
134  3549
129  2759
129  4068
126  215158
127  2769
126  2322
129  2631
112  4597
113  3689
112  4874
108  2080
113  4383
79  6861
39  2419
89  2232
87  3210
124  194956
95  2285
92  6131
123  2709
106  3895
88  4127
72  2091
20  2533
84  5579
86  3978
122  303630
106  2682
88  2655
115  3864
115  3482
106  4375
73  3872
75  2809
77  2955
93  2468
76  200930
71  2574
71  2845
70  2586
71  3844
95  2403
66  4128
31  2228
99  3717
67  3040
65  173126
19  5513
78  2765
101  6072
74  3058
47  4525
94  4122
87  6101
86  4598
88  3186
71  449155
43  2488
42  4043
63  2988
89  4191
74  2542
67  2115
60  2596
62  3773
83  3774
88  2936
78  295628
89  2372
52  4362
81  3396
74  4006
59  2386
85  3259
82  3308
58  3194
58  2327
56  448351
56  2720
35  3310
30  2613
61  2287
36  2593
58  2782
23  2895
54  3071
52  2027
52  287161
59  2640
53  2002
49  3641
50  2855
32  4678
54  2583
52  2896
49  3278
51  324506
51  1797
17  1982
11  1811
46  2698
41  2593
35  1951
68  2667
62  478069
30  2942
64  2303
33  2313
62  3189
43  4101
28  5158
47  2294
62  197336
62  6030
13  62628
41  2069
41  3498
40  1984
51  2575
41  174440
28  3149
41  2338
40  3368
55  2056
31  2767
43  2434
38  172298
41  2154
43  4384
16  3101
41  2376
47  3268
57  3604
63  2806
64  236398
30  2735
64  8003
64  2559
65  3343
44  3828
48  2824
63  1961
65  204370
66  4184
69  2889
15  7502
48  2186
29  3181
58  3489
66  393774
44  2857
36  2415
44  4264
14  3665
20  2185
45  2450
20  1820
12  194106
58  2327
50  3151
46  3165
19  2471
63  3212
67  21256
63  1842
60  1973
18  303387
15  2937
27  2658
62  2334
16  2113
39  3980
37  2842
74  2800
33  4997
40  2970
13  211435
13  2333
8  3028
53  3529
14  2368
17  2732
11  1838
74  4943
75  2663
15  348924
51  2695
71  2445
12  2910
19  2456
24  2972
7  2232
28  1995
70  2803
62  3008
52  3027
20  208521
51  4036
73  7459
24  2245
30  2477
64  3193
54  1906
45  4845
28  2193
58  4023
51  2992
49  3763
25  181939
60  2583
116  4008
73  2028
34  3128
53  2086
71  2105
31  3250
16  2365
50  3721
70  1765
54  2890
53  237149
75  3864
21  2298
22  2420
76  3039
72  3542
79  2742
82  595671
43  3059
82  4846
63  3163
56  1939
19  3126
44  220659
56  3079
56  1999
59  2576
32  2956
83  2276
59  190058
60  3225
59  2039
39  1993
71  4141
52  2768
57  319721
61  2621
81  2156
79  2782
61  2942
30  2590
99  2269
66  2418
37  2642
64  2571
69  2610
62  2898
20  3272
65  3497
88  2691
49  2803
23  211440
52  3172
32  4086
23  3107
75  308640
66  4685
78  3511
86  2074
40  4005
84  494383
67  10526
32  2226
20  3946
23  4067
15  2650
21  197732
81  2652
83  2532
82  2174
26  4727
25  438119
29  2506
83  2996
38  2920
18  197823
81  3990
27  2238
39  5232
79  540538
20  2810
19  2080
13  3488
60  4458
54  2638
31  2060
23  2308
28  2757
34  2462
85  313785
83  2419
54  3736
58  2714
27  3382
60  3572
29  6018
26  4441
91  606484
46  4286
65  3258
70  6171
11  2389
86  3739
27  256178
61  2033
67  2766
52  3520
55  2229
19  475638
53  3929
26  2815
50  2746
25  2530
51  246658
67  2527
41  4054
81  3566
19  2536
21  616845
64  4402
15  2028
12  5218
16  1956
60  2373
29  2244
80  2769
46  8958
31  3061
63  2394
25  495081
31  5127
58  1849
16  2922
53  198767
48  3126
9  2088
48  2744
40  493573
53  2268
25  2182
32  2524
10  228364
65  2596
16  9505
12  3067
29  2735
62  4028
13  2217
12  2125
29  2941
17  4949
11  2520
14  2754
46  4010
17  3079
12  588164
47  10291
44  2820
9  2227
18  2253
56  2170
50  2344
39  2724
24  2919
51  2926
34  630042
37  3874
34  2603
31  2271
67  3291
20  2782
41  446058
19  3781
53  9908
18  5456
37  274712
28  2462
31  3463
81  4024
91  669256
65  3129
67  3785
64  6583
19  244257
60  3023
50  4068
67  2438
57  4770
14  2644
18  2599
80  3424
85  5329
30  264912
22  3997
83  2326
93  3120
89  272594
69  2863
48  8187
15  2978
79  486014
52  2861
70  2827
80  2705
24  308618
44  3540
77  4235
27  2025
29  397657
64  3797
16  2604
38  2451
26  4285
26  3030
18  2751
56  4561
63  2299
28  828502
33  2997
46  2234
42  5537
36  4280
42  2812
79  2632
30  3185
23  6922
44  3516
26  569179
81  4064
53  2749
36  446784
51  3992
15  3395
26  2897
84  4574
15  3206
73  2854
80  925686
35  3749
84  5787
64  2453
15  2876
72  5886
42  7686
22  2211
46  2966
34  283016
64  2643
18  2900
52  2788
15  3444
61  5173
60  2582
48  849685
21  2910
65  2772
27  2947
24  2184
73  960636
74  2838
76  3485
13  2799
52  3259
55  2644
13  2586
29  6695
12  2634
8  2589
49  2717
22  6906
11  2219
11  699722
13  4376
48  1985
20  6547
17  3004
25  3850
14  4227
11  3752
15  2868
19  3974
12  2652
25  4009
16  4767
52  3299
19  10979
20  4387
48  2937
23  3462
59  3081
14  2955
14  2156
39  3274
17  7925
23  3624
24  4860
52  2679
20  4713
16  3326
17  5681
21  2351
30  3025
12  3154
56  3056
15  3834
53  2960
9  5481
16  3045
22  2594
17  5588
17  2603
