2528
2391
2337
2343
2365
2354
2390
2378
2376
2404
2408
2414
2409
2387
2415
2396
2410
2401
2411
2405
2389
2408
2388
2419
2418
2415
2453
2451
2466
2421
2420
2428
2392
2396
2379
2405
2435
2444
2439
2461
2460
2478
2474
2479
2448
2445
2452
2417
2404
2395
2389
2396
2442
2422
2480
2463
2478
2452
2499
2507
2522
2550
2504
2542
2523
2488
2495
2543
2535
2507
2468
2506
2468
2441
2439
2435
2413
2418
2427
2397
2364
2380
2369
2351
2340
2312
2288
2306
2313
2332
2332
2324
2307
2308
2348
2376
2401
2401
2410
2405
2385
2391
2378
2346
2369
2360
2351
2328
2335
2328
2308
2332
2330
2339
2310
2308
2280
2281
2230
2245
2265
2281
2261
2246
2226
2235
2220
2271
2251
2273
2264
2287
2245
2237
2229
2209
2223
2223
2241
2244
2253
2248
2251
2229
2249
2223
2209
2180
2158
2115
2134
2132
2151
2143
2124
2126
2159
2141
2125
2132
2160
2147
2136
2113
2121
2119
2135
2130
2144
2156
2143
2140
2092
2097
2104
2123
2103
2091
2064
2069
2075
2073
2112
2111
2098
2080
2081
2090
2094
2107
2091
2072
2079
2083
2057
2031
2038
2056
2057
2024
2026
2037
2025
2022
2002
2003
1985
2003
1978
1941
1981
1964
1924
1895
1887
1873
1880
1901
1894
1892
1904
1870
1881
1905
1896
1900
1899
1925
1927
1925
1956
1957
1918
1934
1931
1921
1946
1957
1958
1934
1925
1910
1895
1901
1903
1897
1865
1888
1874
1862
1839
1812
1816
1824
1860
1913
1939
1935
1947
1898
1911
1941
1939
1931
1931
1926
1947
1929
1913
1893
1854
1834
1815
1833
1836
1844
1839
1831
1842
1829
1849
1845
1806
1788
1765
1776
1773
1758
1737
1737
1720
1706
1701
1666
1657
1628
1606
1574
1618
1596
1589
1574
1576
1565
1538
1526
1525
1531
1513
1510
1509
1510
1512
1478
1440
1426
1400
1375
1357
1333
1352
1342
1343
1329
1340
1351
1341
1300
1295
1282
1269
1229
1209
1216
1214
1187
1197
1208
1219
1248
1253
1239
1243
1250
1256
1241
1225
1212
1227
1220
1187
1198
1186
1194
1191
1172
1188
1168
1160
1175
1144
1135
1144
1157
1156
1176
1164
1188
1172
1177
1155
1164
1165
1158
1158
1146
1139
1147
1172
1163
1168
1164
1167
1153
1140
1143
1129
1107
1062
1043
1023
1004
1011
997
981
956
928
927
931
930
921
931
912
917
924
924
934
932
921
913
910
908
891
905
889
913
924
919
895
904
909
887
882
889
898
904
908
907
917
911
917
912
927
927
939
954
958
951
949
941
929
949
942
943
942
935
931
920
915
917
910
895
918
928
888
909
902
880
875
865
852
840
852
861
868
888
891
860
846
819
814
799
784
787
799
816
828
835
835
815
819
847
879
889
900
891
916
942
941
924
934
951
937
966
974
1003
981
995
994
983
1011
1007
993
1007
1012
1043
1062
1052
1057
1024
1016
1041
1055
1055
1069
1055
1052
1059
1038
1075
1059
1036
1053
1103
1157
1166
1184
1154
1155
1167
1128
1086
1097
1108
1119
1100
1132
1164
1194
1232
1216
1209
1229
1209
1218
1240
1219
1252
1257
1287
1276
1288
1246
1227
1256
1230
1242
1277
1306
1316
1309
1293
1295
1299
1341
1345
1331
1335
1340
1388
1411
1427
1436
1421
1393
1395
1374
1365
1364
1346
1396
1439
1493
1502
1494
1524
1510
1513
1515
1525
1541
1526
1513
1513
1487
1494
1456
1441
1469
1502
1503
1513
1514
1485
1506
1459
1457
1460
1466
1462
1450
1474
1475
1418
1426
1424
1400
1383
1365
1363
1340
1326
1325
1302
1307
1309
1306
1276
1271
1278
1281
1312
1304
1272
1264
1240
1247
1244
1230
1205
1225
1227
1260
1299
1312
1307
1308
1325
1318
1306
1292
1271
1250
1268
1277
1284
1270
1309
1278
1276
1344
1332
1344
1349
1425
1391
1434
1458
1428
1386
1383
1353
1376
1359
1388
1402
1414
1475
1406
1383
1363
1353
1431
1435
1428
1400
1431
1405
1470
1491
1518
1526
1504
1505
1491
1463
1462
1493
1460
1473
1454
1459
1404
1384
1415
1429
1382
1378
1381
1442
1476
1498
1462
1469
1518
1551
1547
1515
1487
1493
1462
1460
1486
1513
1541
1532
1484
1533
1546
1554
1553
1553
1553
1554
1520
1514
1541
1503
1510
1499
1491
1426
1369
1417
1397
1358
1325
1411
1437
1382
1399
1419
1455
1440
1409
1400
1365
1372
1374
1386
1367
1382
1356
1339
1325
1338
1349
1352
1388
1415
1428
1472
1440
1448
1458
1469
1444
1433
1458
1495
1466
1510
1446
1485
1475
1477
1505
1479
1472
1483
1496
1477
1419
1515
1469
1463
1452
1460
1488
1463
1416
1468
1471
1424
1432
1411
1470
1497
1492
1477
1428
1435
1436
1409
1391
1411
1421
1419
1464
1467
1451
1404
1420
1370
1411
1422
1453
1391
1449
1451
1390
1399
1428
1384
1425
1449
1465
1460
1411
1433
1417
1456
1383
1360
1457
1450
1367
1302
1290
1268
1294
1345
1389
1401
1375
1361
1328
1326
1303
1320
1359
1408
1423
1352
1349
1345
1313
1339
1282
1300
1309
1329
1295
1325
1292
1342
1349
1318
1360
1366
1396
1398
1418
1397
1337
1283
1307
1370
1341
1340
1364
1353
1331
1325
1304
1352
1335
1278
1240
1327
1293
1240
1252
1243
1283
1243
1208
1243
1205
1176
1188
1110
1113
1078
1104
1111
1114
1142
1164
1124
1092
1130
1161
1152
1160
1210
1265
1225
1159
1155
1163
1114
1116
1126
1174
1211
1170
1128
1135
1098
1097
1085
1086
1090
1085
1107
1099
1103
1085
1092
1082
1126
1157
1121
1137
1168
1111
1120
1122
1125
1134
1157
1197
1140
1129
1171
1181
1196
1204
1277
1237
1232
1215
1172
1162
1218
1189
1174
1172
1192
1228
1241
1173
1167
1157
1128
1160
1179
1209
1201
1240
1218
1238
1166
1147
1149
1148
1144
1241
1252
1252
1265
1310
1316
1377
1401
1392
1410
1440
1452
1443
1493
1402
1377
1375
1309
1347
1347
1366
1366
1387
1368
1345
1410
1457
1419
1389
1359
1379
1345
1360
1386
1339
1318
1293
1302
1328
1351
1439
1393
1301
1291
1313
1325
1387
1372
1288
1257
1338
1399
1334
1370
1371
1389
1441
1374
1353
1341
1339
1271
1347
1378
1385
1403
1399
1478
1469
1445
1456
1454
1469
1535
1500
1446
1479
1326
1371
1388
1389
1374
1440
1366
1422
1390
1415
1477
1444
1403
1384
1421
1422
1372
1380
1376
1425
1416
1402
1409
1454
1409
1488
1355
1437
1407
1394
1395
1390
1324
1343
1326
1362
1370
1361
1367
1356
1362
1363
1350
1341
1343
1317
1295
1298
1308
1332
1314
1324
1325
1346
1334
1306
1292
1247
1191
1172
1220
1209
1226
1260
1308
1240
1318
1314
1324
1335
1313
1291
1219
1287
1269
1255
1240
1240
1205
1159
1197
1174
1210
1214
1224
1238
1239
1226
1229
1236
1216
1213
1201
1213
1213
1219
1195
1174
1152
1147
1149
1146
1152
1155
1149
1121
1091
1060
1060
1085
1092
1094
1096
1087
1079
1097
1123
1120
1114
1121
1120
1102
1072
1048
1044
1037
1047
1044
1049
1044
1046
1041
1054
1049
1063
1070
1077
1086
1085
1092
1088
1084
1090
1098
1094
1110
1105
1109
1105
1105
1108
1104
1093
1082
1082
1093
1109
1114
1117
1117
1107
1116
1107
1112
1113
1112
1101
1115
1112
1107
1105
1104
1107
1114
1106
1109
1112
1109
1104
1110
1105
1113
1106
1111
1111
1105
1113
1118
1114
1112
1108
1106
1114
