0.0390549 0.695016
0.0385975 0.703471
0.0382158 0.711596
0.038874 0.737943
0.0380149 0.729387
0.0376192 0.73407
0.0371953 0.713808
0.0376586 0.731287
0.0368861 0.720118
0.037398 0.715058
0.0376954 0.723007
0.0376201 0.718724
0.0379594 0.728933
0.0376695 0.731043
0.0385877 0.735818
0.0382459 0.737479
0.0386305 0.740664
0.0378626 0.732195
0.0391788 0.751141
0.0394723 0.755094
0.0377465 0.73085
0.038284 0.737126
0.0377674 0.729062
0.0372142 0.70773
0.0376049 0.710091
0.0370519 0.689855
0.0371637 0.677945
0.0385291 0.69849
0.0385704 0.690592
0.0386092 0.702189
0.0384131 0.693388
0.0395409 0.713756
0.0390098 0.712793
0.0385731 0.704925
0.0390477 0.720471
0.0388733 0.708108
0.0398734 0.719096
0.041056 0.74509
0.0404324 0.739237
0.0394225 0.724502
0.0408599 0.754878
0.0407766 0.752623
0.0403867 0.742926
0.0403444 0.741025
0.0386902 0.723039
0.0399781 0.746421
0.0403509 0.754078
0.0408589 0.769963
0.0393077 0.745424
0.0393515 0.754071
0.0379361 0.728757
0.0383092 0.730801
0.0378424 0.710483
0.0395724 0.748968
0.0386134 0.71371
0.039015 0.728786
0.0386754 0.7159
0.0393186 0.736134
0.0384354 0.702281
0.0389934 0.717591
0.0397273 0.723236
0.0393466 0.709412
0.0390746 0.715655
0.0383361 0.698269
0.0386342 0.709473
0.0381435 0.708199
0.0383215 0.708617
0.0378979 0.685411
0.0380988 0.691519
0.0376932 0.692461
0.0390484 0.72893
0.0387117 0.705507
0.0381409 0.709887
0.037529 0.709545
0.0377031 0.712587
0.0368726 0.698973
0.03684 0.700373
0.0382444 0.728288
0.0365169 0.694273
0.0372708 0.719232
0.0373593 0.728426
0.0373384 0.726891
0.037961 0.739975
0.0379028 0.743513
0.0371923 0.73547
0.0373894 0.751298
0.0373747 0.757867
0.037226 0.749783
0.0375119 0.748811
0.0372535 0.737993
0.0369612 0.73542
0.0366886 0.733219
0.0359826 0.722583
0.0352673 0.710572
0.0356665 0.703152
0.0365513 0.715488
0.0352954 0.684298
0.0357151 0.692212
0.0360517 0.695021
0.0358047 0.693971
0.0359819 0.700629
0.0361301 0.702217
0.0363385 0.708158
0.0370688 0.736147
0.0358147 0.704517
0.0360899 0.711017
0.0369885 0.732029
0.0381321 0.765034
0.0382529 0.761028
0.0382112 0.764175
0.0378063 0.758666
0.0378441 0.752144
0.0377293 0.749356
0.0382839 0.761864
0.038041 0.766667
0.0376042 0.756499
0.0375037 0.767544
0.0372042 0.758878
0.0377217 0.790583
0.037572 0.778619
0.037272 0.76777
0.0379487 0.777291
0.0373377 0.770898
0.0386457 0.801425
0.0386771 0.809075
0.0386467 0.808054
0.038431 0.805405
0.0391767 0.807133
0.0378781 0.78765
0.0387249 0.796304
0.0375203 0.774735
0.036931 0.755575
0.0375664 0.780846
0.0376596 0.783192
0.0386056 0.804845
0.0382053 0.804889
0.038362 0.79982
0.0382961 0.797121
0.0380364 0.793842
0.0376818 0.785205
0.0379944 0.791389
0.0381425 0.793594
0.0385028 0.797423
0.0380481 0.797219
0.0377132 0.781681
0.0384254 0.809267
0.0388308 0.822091
0.0375958 0.80367
0.0382038 0.824374
0.0386404 0.8487
0.0382641 0.838332
0.0380337 0.833959
0.0370402 0.807996
0.0378296 0.824078
0.0369159 0.813089
0.0361968 0.797742
0.0364807 0.789717
0.037341 0.815974
0.036214 0.795294
0.037707 0.821295
0.0375615 0.816667
0.0374549 0.817885
0.0372221 0.816011
0.0372435 0.822054
0.0371491 0.816124
0.0374052 0.825861
0.0363368 0.795785
0.0370205 0.816432
0.0373688 0.817164
0.0369224 0.801948
0.0367948 0.800747
0.0372932 0.816355
0.0370473 0.828394
0.0381155 0.854554
0.03862 0.859791
0.0379509 0.838907
0.0373846 0.831669
0.0381025 0.857006
0.0373919 0.850775
0.0371333 0.842436
0.0372643 0.842892
0.0372807 0.841775
0.0381735 0.847064
0.0393026 0.87352
0.0376706 0.840801
0.0378875 0.854327
0.0392324 0.88419
0.038287 0.859809
0.0388747 0.865807
0.0376728 0.835311
0.0381967 0.859397
0.0381863 0.865348
0.0389633 0.876383
0.0387229 0.869899
0.0385723 0.87895
0.038785 0.899064
0.0382734 0.879293
0.0392558 0.896887
0.0387874 0.881381
0.0391157 0.905632
0.0391462 0.910661
0.0383809 0.880216
0.0390427 0.904691
0.0393345 0.917903
0.0396807 0.928571
0.039569 0.929606
0.0392616 0.928967
0.0396605 0.928607
0.0386023 0.922649
0.0388364 0.946419
0.0389638 0.930843
0.039051 0.93279
0.0392676 0.963098
0.039219 0.974142
0.0392863 0.982512
0.0392439 0.988788
0.0402295 1.00691
0.03878 0.963177
0.0401331 0.999472
0.0388176 0.964059
0.0397496 0.980567
0.0409226 1.02941
0.0393923 0.985646
0.0391564 0.972703
0.0390981 0.973101
0.0400941 0.995789
0.0400747 0.994734
0.0388298 0.948052
0.0396335 0.965231
0.0393356 0.965714
0.0397529 0.960634
0.0395307 0.955544
0.0396239 0.97341
0.0389736 0.958118
0.0384451 0.934231
0.0386671 0.948985
0.0379771 0.923433
0.0380888 0.915687
0.0386447 0.93667
0.038132 0.929679
0.0387428 0.952208
0.0395228 0.97644
0.0402371 1.00317
0.0388628 0.967912
0.0388012 0.960589
0.0389429 0.969425
0.0391531 0.986595
0.039472 0.991525
0.0399099 1.01121
0.0395438 1.00376
0.0392752 1.00544
0.0405693 1.06181
0.0399033 1.03634
0.0403375 1.04331
0.0403718 1.02043
0.0401635 0.991113
0.0398531 0.979371
0.0402225 0.986563
0.0395637 0.959425
0.0396033 0.986828
0.0395561 0.981162
0.0404115 0.985574
0.0398642 0.974729
0.0385679 0.946142
0.0385717 0.948731
0.0394445 0.970405
0.039724 0.964047
0.039342 0.962157
0.0384347 0.948772
0.0390804 0.975172
0.0386405 0.985437
0.0384077 0.988004
0.0380654 0.991736
0.0378439 0.980906
0.0379531 0.982026
0.0378087 0.966377
0.039537 1.02338
0.0368807 0.954123
0.0371795 0.95494
0.0376106 0.975943
0.0371515 0.949162
0.0366415 0.944715
0.0376136 0.990033
0.0373976 0.990492
0.0362 0.972805
0.0364077 0.980856
0.035966 0.958263
0.0360928 0.978385
0.0355082 0.970639
0.0361208 0.988486
0.0360762 0.993605
0.0346291 0.970692
0.0360262 1.00882
0.0358239 1.03001
0.0362783 1.04526
0.0356195 1.0473
0.0365647 1.08904
0.0357531 1.08577
0.0349937 1.0377
0.0355475 1.07331
0.0353479 1.06482
0.0354271 1.07497
0.0345067 1.04188
0.0350428 1.06581
0.0356532 1.11053
0.0361042 1.13565
0.0364339 1.13705
0.0353718 1.09863
0.0357862 1.12756
0.0365935 1.16358
0.0371211 1.18091
0.0368391 1.16887
0.0357188 1.1336
0.0367156 1.1908
0.0366105 1.22292
0.037324 1.25316
0.0374195 1.28643
0.037915 1.32145
0.0370101 1.31024
0.0378153 1.36759
0.0373746 1.32544
0.0365836 1.30477
0.0377662 1.34698
0.0376209 1.36117
0.0379818 1.35896
0.0385421 1.37602
0.0376728 1.35347
0.0370463 1.37385
0.0377311 1.38842
0.0370148 1.39314
0.0377967 1.4405
0.0373609 1.46705
0.0379744 1.50786
0.0371293 1.47039
0.0374067 1.47858
0.0367826 1.49284
0.0377237 1.51629
0.0381425 1.5149
0.0376312 1.48564
0.0388048 1.5016
0.0391673 1.49561
0.0387965 1.50282
0.0386009 1.4996
0.0395487 1.52
0.0383898 1.45939
0.0394339 1.52216
0.0386992 1.51347
0.0387027 1.53795
0.0395402 1.55012
0.0396252 1.55656
0.038916 1.56782
0.0394041 1.57429
0.0389654 1.57251
0.0399205 1.61474
0.0392837 1.57851
0.0402721 1.657
0.0406384 1.63973
0.0403449 1.65839
0.0402976 1.67155
0.0393517 1.60766
0.0396604 1.66171
0.0402902 1.6978
0.0401292 1.68269
0.0393268 1.63181
0.0389418 1.61851
0.0391058 1.60204
0.0392984 1.62457
0.0391916 1.5867
0.0387431 1.59386
0.0375282 1.52421
0.0387524 1.60606
0.0392561 1.62113
0.0390769 1.60601
0.0381152 1.58636
0.0391225 1.62781
0.0396231 1.6623
0.039079 1.64355
0.0390993 1.63644
0.0390352 1.60324
0.0392695 1.62511
0.0396949 1.63099
0.0398225 1.63402
0.039075 1.60583
0.039076 1.62706
0.0395606 1.67105
0.0392676 1.64917
0.0381097 1.62356
0.0391467 1.69738
0.039292 1.77684
0.0388233 1.80441
0.0397476 1.87195
0.0396378 1.89243
0.0392512 1.86647
0.039272 1.89368
0.0394937 1.9368
0.0397499 1.99477
0.0409839 2.12392
0.0396594 2.05502
0.0399191 2.05585
0.0405596 2.09785
0.0410072 2.14658
0.0407142 2.10634
0.0393983 2.07346
0.0410762 2.14613
0.0400544 2.07359
0.0403407 2.09632
0.0383727 1.97323
0.0401385 2.06438
0.0394531 2.05537
0.040555 2.12267
0.0405603 2.13846
0.0405954 2.14758
0.0403104 2.16274
0.0394931 2.09724
0.0393592 2.12261
0.0390783 2.0471
0.0394047 2.0487
0.0399507 2.08161
0.0398234 2.12626
0.039598 2.09624
0.0386715 2.0341
0.0384728 2.06652
0.0394503 2.13832
0.0397948 2.14623
0.0393254 2.0902
0.0398203 2.10841
0.0391422 2.05837
0.0390563 2.05513
0.0396982 2.06543
0.0389235 2.03842
0.0392817 2.0349
0.0397633 2.07785
0.0386549 1.97411
0.0388214 1.98706
0.0385126 1.94782
0.0396406 1.96541
0.0385096 1.8977
0.0397389 1.97792
0.039868 1.99895
0.0392837 1.97237
0.0399855 2.0226
0.0409291 2.03688
0.0405874 2.02442
0.0411032 2.05302
0.0402427 2.00637
0.0408644 2.04064
0.0408623 2.04619
0.0413421 2.1
0.0409631 2.0918
0.0412174 2.09706
0.0418533 2.13626
0.0412694 2.15196
0.0417586 2.12418
0.0418994 2.10129
0.0410918 2.14977
0.0411822 2.10781
0.0410705 2.11308
0.0410759 2.17955
0.0407824 2.15886
0.0407124 2.18035
0.0409308 2.23592
0.0409898 2.2619
0.0412424 2.25352
0.0409266 2.19977
0.0412442 2.19816
0.0400224 2.09685
0.0417115 2.17621
0.0420964 2.27326
0.0407881 2.23168
0.0398947 2.25763
0.039555 2.2715
0.0408556 2.36421
0.0410997 2.42347
0.0393391 2.32656
0.0405959 2.3567
0.0402644 2.27696
0.041248 2.30556
0.0406572 2.26707
0.0419503 2.31737
0.0423222 2.40614
0.0409817 2.32234
0.0413678 2.26092
0.041588 2.17975
0.0407162 2.11024
0.0410681 2.09
0.0415539 2.13692
0.0412142 2.06332
0.041263 2.00318
0.0402969 1.96174
0.0410622 2.02165
0.0410605 1.99143
0.0409033 1.9674
0.0405623 1.96478
0.0411783 1.93478
0.0416858 1.96099
0.0414906 1.88933
0.0405066 1.87462
0.0402917 1.83819
0.0402682 1.84306
0.0395948 1.83723
0.0396536 1.79822
0.0395277 1.78848
0.041674 1.91944
0.0408372 1.86395
0.042454 1.90711
0.0441099 1.93001
0.0436333 1.87853
0.0422698 1.84601
0.042801 1.84579
0.0427975 1.92188
0.0419132 1.89665
0.0429595 1.90586
0.0422266 1.86161
0.0422105 1.84834
0.0408388 1.76707
0.0404372 1.78483
0.0418647 1.85837
0.0417575 1.8272
0.0409566 1.81985
0.040127 1.71628
0.0389933 1.70444
0.0395627 1.76062
0.0377391 1.66952
0.0374668 1.5748
0.0376491 1.50821
0.0374547 1.48971
0.0380863 1.4772
0.0393484 1.55719
0.0388655 1.53766
0.0393093 1.53728
0.0416031 1.6445
0.0417727 1.72284
0.0413725 1.68824
0.0406403 1.65433
0.0425358 1.7185
0.0417027 1.71
0.0415809 1.65989
0.0408136 1.58247
0.0388802 1.47487
0.0393235 1.43425
0.0389066 1.44326
0.0394912 1.47146
0.0387456 1.42148
0.039253 1.46733
0.0383041 1.40558
0.0403422 1.43387
0.0402584 1.45693
0.0386465 1.36741
0.0406647 1.43278
0.0388017 1.32945
0.0397765 1.35031
0.0420127 1.41382
0.0411302 1.4382
0.0405541 1.44825
0.0377781 1.35589
0.0378548 1.3813
0.0371836 1.33897
0.0384393 1.35082
0.0366298 1.27029
0.0373187 1.28267
0.0369211 1.2796
0.0383947 1.35035
0.0380704 1.32973
0.038172 1.33872
0.0372372 1.27442
0.0374959 1.28253
0.0371717 1.29001
0.0381612 1.32509
0.0374928 1.3097
0.0370175 1.26225
0.0379667 1.27356
0.0368365 1.22985
0.0372053 1.23189
0.03732 1.25123
0.0376948 1.29218
0.0377355 1.2853
0.0377125 1.31077
0.0371147 1.29597
0.0371016 1.29472
0.037356 1.32764
0.0371226 1.26648
0.0357591 1.18833
0.0356709 1.13999
0.0355235 1.13316
0.0357405 1.1419
0.0352914 1.10302
0.0343772 1.09338
0.0342391 1.08262
0.0349259 1.09967
0.0350189 1.09443
0.0346139 1.06944
0.0351579 1.09436
0.0349796 1.09914
0.0349483 1.09319
0.0350836 1.11836
0.0349999 1.11847
0.034914 1.1408
0.0342816 1.13393
0.0356748 1.16406
0.0360124 1.14048
0.0356314 1.12309
0.0346034 1.09187
0.0356152 1.11955
0.0356692 1.14276
0.0354563 1.11155
0.0355999 1.15764
0.034615 1.13384
0.0343458 1.12534
0.035278 1.14461
0.0347589 1.13406
0.0343706 1.13655
0.0348769 1.13026
0.0355692 1.15186
0.0352319 1.18477
0.0338591 1.13043
0.0347987 1.17345
0.0357987 1.21143
0.035922 1.23283
0.0344229 1.20586
0.0351177 1.22157
0.0353735 1.25896
0.0356774 1.27526
0.0359487 1.28528
0.0354329 1.28495
0.0363026 1.30834
0.0364838 1.31169
0.0376224 1.35605
0.0379428 1.40439
0.0379465 1.40677
0.0383337 1.41628
0.0374997 1.38486
0.0380615 1.375
0.036676 1.33896
0.0380072 1.40645
0.0371389 1.38924
0.0371379 1.41935
0.0371311 1.40658
0.0361471 1.37379
0.03627 1.39675
0.0366912 1.44149
0.0364252 1.40571
0.0366027 1.40913
0.0368181 1.37937
0.0370363 1.34103
0.0369184 1.32622
0.035584 1.28386
0.0361369 1.30275
0.0361873 1.28679
0.0363966 1.30804
0.0364098 1.30704
0.0366026 1.34056
0.0367224 1.3572
0.0363381 1.368
0.0375498 1.39669
0.0363285 1.34143
0.0374522 1.36604
0.0379168 1.40394
0.03868 1.39419
0.0379959 1.39984
0.0381789 1.40047
0.0383955 1.34821
0.0392733 1.38438
0.0385073 1.34896
0.0379661 1.32394
0.0377863 1.25053
0.0381982 1.28756
0.0380777 1.25314
0.0387972 1.25309
0.0386906 1.27381
0.0391267 1.3189
0.0384305 1.3073
0.0386335 1.34146
0.0389332 1.32195
0.0396676 1.36645
0.0391901 1.32205
0.039513 1.31954
0.0390392 1.2942
0.0394244 1.25559
0.03917 1.30228
0.039048 1.32755
0.0391254 1.35216
0.0380839 1.32446
0.0384664 1.26555
0.0392541 1.28502
0.0385327 1.26891
0.0378844 1.27143
0.0370551 1.22362
0.0373362 1.24698
0.038024 1.21429
0.0374447 1.17505
0.03691 1.13439
0.0378968 1.1671
0.0388039 1.20878
0.0401047 1.24186
0.0392391 1.23273
0.0397804 1.27273
0.0406528 1.30164
0.0412157 1.29069
0.0415676 1.32945
0.0403142 1.28581
0.0396731 1.28198
0.0404587 1.30089
0.040523 1.35328
0.0404981 1.36994
0.0402084 1.33074
0.0396508 1.30301
0.0396103 1.34443
0.038788 1.3164
0.0386001 1.31137
0.0382853 1.24549
0.0382862 1.21748
0.0387926 1.21228
0.0382182 1.22709
0.0381793 1.21852
0.04026 1.24045
0.0381767 1.1599
0.0382673 1.16548
0.0380175 1.17822
0.0388063 1.21991
0.0379005 1.19558
0.0382159 1.22777
0.0374025 1.20205
0.038609 1.21332
0.0384401 1.18771
0.038482 1.17132
0.0391083 1.18864
0.0399546 1.25741
0.0392931 1.20091
0.0394287 1.1947
0.0392458 1.18275
0.0388102 1.1745
0.0392743 1.18352
0.0388683 1.17386
0.0382971 1.16409
0.0383986 1.18882
0.0383985 1.19089
0.0381947 1.16483
0.0381883 1.19095
0.0386207 1.19934
0.0388603 1.21014
0.0384189 1.20993
0.0394919 1.29734
0.0397663 1.36231
0.0406074 1.34368
0.040205 1.34789
0.0401607 1.38365
0.0403335 1.42038
0.0395231 1.30617
0.037313 1.21294
0.0384213 1.30246
0.0383748 1.28878
0.0386086 1.27343
0.0392069 1.26117
0.0390526 1.26875
0.0377028 1.25195
0.0385358 1.28286
0.0375766 1.28498
0.0384038 1.30466
0.0393533 1.34279
0.0389014 1.30808
0.0390741 1.33358
0.0398337 1.34515
0.0389412 1.33776
0.0393358 1.36221
0.039339 1.37811
0.0387387 1.34604
0.038385 1.33062
0.0377938 1.29142
0.0382101 1.28026
0.0381184 1.253
0.0391236 1.28291
0.0388225 1.23098
0.0386772 1.25
0.0405002 1.3018
0.0397138 1.26406
0.0402456 1.27161
0.0402656 1.30194
0.0405995 1.32519
0.0415119 1.33333
0.0423785 1.31906
0.0400189 1.26808
0.0399443 1.23377
0.0397435 1.28147
0.0399631 1.2532
0.0384846 1.21627
0.03873 1.21733
0.0386015 1.19136
0.0385811 1.22515
0.0391814 1.24864
0.0388114 1.23129
0.0381565 1.19652
0.0385157 1.22275
0.0386578 1.27061
0.0368545 1.14521
0.0372042 1.18993
0.0374883 1.20096
0.0373824 1.20661
0.0381555 1.22192
0.0381914 1.20228
0.0377205 1.20711
0.0374632 1.23941
0.0363997 1.16281
0.0380801 1.2087
0.0380293 1.24508
0.0378901 1.23603
0.0376631 1.24592
0.0378884 1.20204
0.0372458 1.16099
0.036975 1.15483
0.0369579 1.17062
0.0373636 1.22269
0.0366327 1.19721
0.0365721 1.19499
0.0347566 1.15259
0.036325 1.21711
0.0363563 1.20836
0.036376 1.20197
0.0360849 1.20085
0.0349822 1.13183
0.0355481 1.14042
0.0350435 1.14059
0.0349928 1.16952
0.0334896 1.11197
0.032621 1.11533
0.0335488 1.11836
0.0336093 1.11041
0.0341857 1.10599
0.0340669 1.15744
0.0338667 1.10145
0.0342347 1.10544
0.0339096 1.13885
0.0332378 1.11079
0.0337564 1.10644
0.0334798 1.13945
0.034438 1.13614
0.0345896 1.12491
0.0339369 1.08737
0.0334738 1.08288
0.0332103 1.10914
0.0336484 1.10049
0.0344106 1.13691
0.0341302 1.10508
0.035166 1.1974
0.0349633 1.21029
0.0355341 1.1455
0.0350896 1.15379
0.0349078 1.20995
0.0350595 1.27189
0.0339644 1.24186
0.0348941 1.2989
0.0356008 1.29907
0.0350714 1.2342
0.0340466 1.15695
0.0332521 1.11991
0.0334794 1.14473
0.0338811 1.17855
0.0349073 1.23193
0.0344872 1.22549
0.0349614 1.24866
0.0342247 1.2197
0.0348354 1.20309
0.0352489 1.17188
0.0347353 1.14336
0.0343239 1.19009
0.0349055 1.21572
0.0350814 1.22602
0.0345431 1.23229
0.035619 1.24645
0.035876 1.31045
0.0356436 1.28846
0.0368462 1.31092
0.0355705 1.24981
0.0357761 1.29266
0.0356067 1.25736
0.0342524 1.24226
0.0347645 1.21759
0.0346918 1.2046
0.0340398 1.21244
0.0324906 1.13015
0.0318301 1.0959
0.0326904 1.10602
0.0322546 1.08727
0.0329819 1.09873
0.0330652 1.11525
0.0329882 1.16754
0.0334357 1.23071
0.0326808 1.17904
0.0325438 1.12117
0.0325415 1.15735
0.0309222 1.09328
0.0315193 1.09384
0.0314078 1.09904
0.0320022 1.13974
0.0310774 1.10415
0.032256 1.17101
0.0314696 1.09615
0.03215 1.13558
0.0326467 1.20423
0.0312639 1.19355
0.0313259 1.11756
0.0300715 1.10209
0.0304884 1.16532
0.0320121 1.20367
0.0317454 1.20515
0.0309676 1.1403
0.0316492 1.19791
0.0316508 1.23179
0.0323123 1.22124
0.0315687 1.23568
0.0314989 1.25765
0.0309285 1.2298
0.0303699 1.28919
0.0289385 1.22642
0.0293326 1.28386
0.0267793 1.14855
0.0277257 1.18542
0.0278546 1.1939
0.0279224 1.16025
0.0274725 1.12113
0.0270536 1.14858
0.0277795 1.21337
0.0283522 1.2
0.0284008 1.1671
0.0279939 1.17101
0.0279541 1.14655
0.0276817 1.10413
0.0273018 1.03794
0.0267455 1.05224
0.0262562 1.0811
0.0260214 1.07532
0.0259395 1.07309
0.0247495 1.06194
0.0241786 1.03853
0.0247736 1.05417
0.0262731 1.07496
0.0256667 1.01569
0.0249708 1.02308
0.0250298 1.06206
0.025313 1.07048
0.0245172 1.0765
0.0246153 1.08204
0.0235211 1.04516
0.0247854 1.10313
0.0245847 1.08624
0.0249184 1.10415
0.0251294 1.09214
0.0259191 1.1374
0.0247353 1.08432
0.0244741 1.08848
0.0239461 1.05861
0.0246806 1.09797
0.024764 1.06217
0.0240548 1.00519
0.0234651 1.00714
0.0236641 0.998241
0.0232025 0.952911
0.023878 1.0306
0.0242132 1.03661
0.0249651 1.06774
0.0250989 1.07111
0.0253526 1.07143
0.0262871 1.08557
0.0261636 1.05096
0.0267334 1.12895
0.0269447 1.15146
0.0274443 1.14005
0.0264348 1.07367
0.0264412 1.06689
0.0259672 1.02907
0.0265321 0.998434
0.0262181 1.00485
0.0259224 1.00487
0.0259778 1.02716
0.0268065 1.093
0.0269527 1.1136
0.0276015 1.08539
0.0277795 1.12279
0.0279608 1.14566
0.0287346 1.17662
0.0278391 1.12081
0.0274849 1.06759
0.0282054 1.08944
0.0275884 1.12788
0.0285602 1.17823
0.0283921 1.17286
0.0278206 1.16755
0.027805 1.12672
0.0290945 1.162
0.029119 1.1373
0.0291651 1.14654
0.0282387 1.07742
0.028006 1.08292
0.0277813 1.06139
0.0280805 1.13379
0.0295471 1.21447
0.0289772 1.18625
0.0300786 1.22735
0.0307531 1.25262
0.0325496 1.22482
0.0328459 1.22524
0.0329543 1.22923
0.0338658 1.25692
0.0327844 1.17176
0.0339409 1.20973
0.0353228 1.20044
0.0357204 1.19343
0.0347363 1.16739
0.0355961 1.18227
0.0349567 1.1375
0.0362215 1.16804
0.0353713 1.15107
0.0340006 1.06832
0.0348914 1.16548
0.0350384 1.19535
0.0338393 1.15273
0.0348046 1.24217
0.0339477 1.19228
0.0335784 1.17298
0.0333626 1.16691
0.0330279 1.1347
0.0339213 1.15501
0.0340612 1.17325
0.0343919 1.20372
0.0344212 1.14894
0.0362391 1.16953
0.0361985 1.20226
0.0347326 1.17711
0.0350512 1.21413
0.0342397 1.16244
0.0343099 1.19554
0.0337122 1.15588
0.0336853 1.13709
0.0330744 1.16057
0.0344438 1.22458
0.0355646 1.28616
0.0356875 1.2788
0.0352012 1.24548
0.0354058 1.22576
0.0361948 1.17582
0.0364785 1.22254
0.0369216 1.31975
0.0372079 1.33695
0.036168 1.29018
0.0362378 1.28377
0.0359294 1.21269
0.0369936 1.26531
0.0361556 1.32453
0.0363807 1.35402
0.0365724 1.28774
0.0360859 1.2173
0.035143 1.23838
0.0360514 1.23504
0.0348496 1.19475
0.0353692 1.20158
0.0356975 1.16308
0.0345192 1.18777
0.0345467 1.19882
0.0345805 1.21029
0.0341911 1.19866
0.0343485 1.26987
0.0340506 1.18411
0.0356991 1.22061
0.0359677 1.21877
0.036015 1.21026
0.0359342 1.20157
0.0364442 1.15697
0.0358795 1.15112
0.0365652 1.1917
0.0362434 1.17445
0.0360117 1.16575
0.0368841 1.17359
0.0367408 1.12508
0.037982 1.178
0.0380838 1.24689
0.0384102 1.2265
0.0391302 1.38839
0.0385247 1.31656
0.0384142 1.2817
0.0389141 1.30238
0.0385476 1.31659
0.0390176 1.26875
0.0394189 1.35066
0.039174 1.282
0.0393488 1.32158
0.0406202 1.33852
0.0399863 1.26473
0.0401827 1.28532
0.0406917 1.35353
0.0402888 1.35477
0.0397889 1.30542
0.039971 1.31646
0.0397006 1.34913
0.039418 1.33696
0.0393199 1.33285
0.0388466 1.27719
0.0382715 1.26342
0.0385877 1.29173
0.0398806 1.32718
0.0386212 1.23521
0.038976 1.29879
0.0406544 1.26747
0.0386037 1.32546
0.0395199 1.28323
0.0413325 1.35892
0.0423364 1.40961
0.0406904 1.35197
0.039777 1.3295
0.0376331 1.321
0.0377943 1.32688
0.0383715 1.3356
0.0391312 1.32673
0.0385901 1.29781
0.0382351 1.30272
0.0369675 1.25238
0.0374174 1.28171
0.0376032 1.28414
0.0373532 1.27146
0.0364826 1.26
0.0363621 1.26324
0.0378486 1.3105
0.0363398 1.28246
0.0363223 1.30811
0.0367099 1.30971
0.0363229 1.28746
0.0359863 1.25225
0.0357513 1.25951
0.0355166 1.25529
0.0352468 1.23774
0.0348119 1.20579
0.0364758 1.27211
0.0356684 1.27642
0.0347596 1.24303
0.0368078 1.3737
0.0365099 1.42149
0.0375615 1.48464
0.0363186 1.38279
0.0373524 1.43342
0.0378475 1.42904
0.036743 1.35556
0.0376303 1.33257
0.0369 1.38306
0.0370904 1.30804
0.0365055 1.28919
0.0366261 1.26662
0.0361876 1.25993
0.0351993 1.25133
0.0353301 1.26956
0.0356884 1.3708
0.0359842 1.30614
0.0352556 1.29787
0.0359041 1.34024
0.0349118 1.31935
0.0343239 1.29758
0.0334841 1.30207
0.0328845 1.32959
0.0321347 1.26399
0.0317261 1.27002
0.0306547 1.1876
0.0298937 1.15568
0.0298555 1.15114
0.0298806 1.14459
0.0293614 1.12107
0.0299738 1.14763
0.029613 1.13751
0.0301028 1.14644
0.0299489 1.16118
0.0302729 1.18054
0.029976 1.17485
0.0293957 1.15004
0.0291053 1.1352
0.0287316 1.11403
0.0282426 1.11297
0.0273546 1.09966
0.0270834 1.11632
0.0274674 1.13165
0.0271127 1.11662
0.0270367 1.11518
0.027575 1.13108
0.0270658 1.11082
0.027743 1.13838
0.0273346 1.15076
0.0274007 1.19523
0.026808 1.19528
0.02627 1.18113
0.0268758 1.17327
0.0270117 1.17582
0.0267473 1.15996
0.0261498 1.13504
0.0270953 1.19319
0.0273958 1.20575
0.0270191 1.17229
0.0277222 1.17275
0.0280167 1.19821
0.027459 1.17504
0.0277312 1.1793
0.0273892 1.16607
0.0275968 1.19147
0.0275438 1.22015
0.0281622 1.27576
0.0279112 1.26916
0.0279551 1.29219
0.027949 1.27316
0.0268905 1.22893
0.0275062 1.25262
0.0277661 1.26916
0.0269558 1.23231
0.0264955 1.21518
0.0274021 1.24194
0.0261412 1.19066
0.0264906 1.18909
0.0278783 1.25234
0.0269612 1.1922
0.0274105 1.20442
0.0274525 1.21198
0.0273596 1.2033
0.0275459 1.21324
0.0273378 1.20849
0.0276013 1.2156
0.0276619 1.20765
0.0271229 1.1883
0.0272761 1.17838
0.027769 1.19548
0.0274318 1.17583
0.0275784 1.18914
0.0279347 1.20362
0.0278515 1.19404
0.0272975 1.18116
0.0271285 1.18298
0.0267422 1.18207
0.0266708 1.18022
0.0265633 1.16011
0.0271081 1.16501
0.0262965 1.12478
0.0268947 1.14593
0.0267716 1.1513
0.0269295 1.15989
0.0262212 1.12455
0.0269017 1.15808
0.0268524 1.15108
0.0257637 1.10782
0.0267292 1.14748
0.0273424 1.18347
0.0257073 1.10673
0.0266114 1.13759
0.02603 1.12376
0.0264873 1.13665
0.02598 1.12862
0.0259966 1.11924
0.0258263 1.10682
0.0254246 1.10036
0.0261123 1.12985
0.0258461 1.11601
0.0261971 1.13616
0.0257814 1.11775
0.0251659 1.08288
0.0263522 1.13756
0.0253664 1.09793
0.0262635 1.13472
0.0252703 1.08551
0.025618 1.10621
0.0263081 1.13665
0.0257135 1.11231
0.0263621 1.12612
0.0262242 1.12298
0.0251231 1.08273
0.0263114 1.13267
0.0257593 1.11121
0.0258269 1.10682
