3.42863
3.81644
3.77322
3.82183
3.79911
3.68172
3.79911
3.66812
3.71279
3.72088
3.5929
3.58567
3.6125
3.56874
3.60858
3.53928
3.62923
3.75943
3.66883
3.62685
3.70023
3.82601
3.91385
3.69713
3.57289
3.52263
3.49592
3.38997
3.47411
3.41413
3.50345
3.62785
3.62122
3.58017
3.59638
3.55186
3.66746
3.61321
3.60915
3.57934
3.52619
3.64348
3.52259
3.58609
3.60781
3.58629
3.57562
3.51924
3.50072
3.5482
3.61702
3.59125
3.55197
3.53309
3.4779
3.46801
3.50642
3.46349
3.38514
3.30698
3.36668
3.38114
3.55064
3.4503
3.46225
3.48217
3.47285
3.52537
3.62942
3.49698
3.49426
3.50683
3.40097
3.49376
3.51256
3.6097
3.59424
3.54874
3.73853
3.70217
3.8928
3.87333
3.91594
3.8795
4.01544
3.94706
3.96242
3.87521
4.01254
3.84942
3.86797
3.78998
3.87454
4.1513
4.08013
4.11885
3.95005
4.16449
4.06273
4.08039
4.17096
4.22391
4.12593
4.28985
4.26542
4.08463
4.19355
4.32718
4.2068
4.02835
4.17512
4.24963
4.13909
4.17356
4.19207
4.3582
4.43515
4.55843
4.27945
4.53231
4.56063
4.69465
4.76953
4.75964
4.82659
4.75417
4.63001
4.71256
4.47915
4.57093
4.38838
4.46772
4.60055
4.58837
4.77984
4.75265
4.65763
5.20702
4.6891
4.65492
4.91223
4.84648
4.69429
4.71474
4.66918
4.95154
4.80981
4.97221
4.94941
5.02128
5.00917
4.90509
4.99813
5.15902
4.97297
5.05316
5.20855
5.22452
5.26302
5.17157
5.61107
5.49269
5.8533
5.2046
5.13967
5.08556
5.19243
5.12326
5.04008
4.75765
4.9201
5.05093
5.16735
5.18953
5.0878
5.01372
5.04441
5.20472
5.15621
5.10361
4.98817
5.01575
5.13557
5.24492
5.01586
5.06452
4.92482
5.03595
5.22112
4.95087
5.1272
4.99274
5.02337
4.91689
5.02109
5.2948
4.88706
5.17259
4.86626
5.07787
5.07582
5.03196
5.01682
5.16733
5.07843
5.15367
5.19231
5.45783
5.35941
5.40338
5.31251
5.33774
5.16
5.38836
5.61586
5.34104
5.67157
5.65553
5.4609
5.52873
5.40774
5.61771
5.4121
5.49516
5.49613
5.20369
5.18861
5.43337
5.42085
5.50259
5.26183
5.41285
5.61961
5.57893
5.48518
5.56384
5.57781
5.58462
5.48322
5.50071
5.65785
5.70963
5.84515
5.63684
5.82643
5.82666
5.92087
5.61055
6.11189
6.14085
6.13797
6.54024
6.3607
6.00859
6.13679
5.77556
5.57385
5.6188
5.69537
5.62003
5.35207
5.21531
5.18189
4.96772
5.39121
5.33724
5.35726
5.43173
5.39275
5.34379
5.70544
5.76199
5.78972
6.01105
5.8915
6.09635
6.111
5.9247
5.94908
5.82047
5.92482
5.81992
5.9594
5.96364
6.06675
6.04514
6.21799
6.33264
6.36778
6.33897
6.35705
6.52683
6.32725
6.76906
6.43803
6.84485
7.07169
7.28354
6.40463
6.49232
6.70895
6.63808
6.78431
6.86123
7.02812
6.60713
7.14816
7.47192
7.48477
7.84571
7.43079
7.51564
7.7827
7.54698
8.22523
7.8407
8.1809
8.55602
8.49139
8.96868
8.92304
8.52158
8.77973
9.12725
8.96585
8.6666
8.68756
8.59424
8.10591
9.07743
9.52737
9.5194
9.55773
9.9356
9.5701
9.72873
9.51618
9.79514
10.526
9.22761
9.83415
10.1396
10.2348
10.451
9.59154
10.5472
10.8822
10.7207
11.979
11.1561
11.2805
10.339
10.6437
10.4834
10.8087
10.5958
10.7657
11.107
11.1725
11.0545
11.1627
11.6979
11.4977
11.179
11.8144
11.6002
11.5511
11.6581
11.7303
11.1256
11.1043
11.568
10.8465
10.6601
12.0922
11.2267
11.9649
11.6291
12.5318
11.7718
11.6559
12.4483
11.9098
11.721
12.45
12.9188
13.1169
13.1536
13.5518
13.851
14.4822
14.9345
15.5376
15.4231
15.2682
16.2794
17.2179
17.0021
16.938
16.8259
17.697
17.2946
17.4656
17.7131
17.5085
16.9403
17.6851
18.0094
16.6067
16.4133
17.201
16.9431
17.8364
18.0431
17.9677
18.6839
18.0538
18.2678
17.8936
17.2655
17.9361
22.7005
18.1196
17.7947
18.6322
18.4544
17.3888
18.3137
18.1243
18.4206
17.8149
18.3714
17.8064
18.2609
18.0174
17.0097
17.75
17.4712
17.5272
19.2263
18.9803
19.3111
20.1355
20.1902
19.5019
19.1614
19.4517
20.8634
21.6052
22.799
22.4504
22.1172
21.916
23.8653
24.5294
25.605
25.6052
24.4849
25.7486
26.0913
26.1698
26.2127
26.4882
26.6412
25.9457
25.7479
27.0651
27.0555
27.7463
28.8306
27.8333
28.666
27.3184
27.4704
27.7121
26.4235
28.0143
26.4246
26.4272
26.747
26.1484
25.1443
25.3242
24.2417
25.0097
24.9778
27.3986
23.7512
23.4249
23.7102
27.1714
22.6538
22.6538
22.5042
21.8766
22.6744
22.4142
20.0482
20.3935
21.2306
19.9287
19.0935
21.3486
22.2631
22.5838
19.0838
18.8226
18.5782
18.5199
17.3474
18.9816
16.3848
16.558
15.858
14.7796
14.1318
15.2557
13.5783
13.3778
13.4373
13.2084
13.2152
12.5712
11.9571
11.7687
11.8238
11.3479
11.3583
11.1691
10.8634
10.5075
10.1683
9.56894
9.55463
9.57894
9.6784
9.59862
9.56078
8.67274
8.55469
9.10568
8.82041
8.68416
8.47184
8.20813
8.18656
7.86133
7.97765
8.09303
8.28285
7.75775
8.15755
7.6272
7.89765
7.27714
8.43844
7.88199
8.26174
8.13217
8.21839
8.08232
8.23819
8.2308
8.57585
8.38555
8.40103
8.15265
8.17351
8.03074
7.9605
7.82674
8.09564
7.88174
7.98044
7.81511
7.87577
7.63812
7.80186
7.53099
7.50989
7.39322
7.31842
7.345
7.06333
7.17643
6.80147
6.73925
6.88901
6.89963
6.63477
6.95401
6.56395
6.50744
6.5531
6.51441
6.6116
6.65392
6.50753
6.5544
6.35674
6.57578
6.6215
6.71017
6.92513
6.95776
7.07223
6.9994
6.94372
8.81277
7.14258
6.97262
6.96115
6.97524
7.02851
7.01324
7.02647
6.97406
6.8484
6.81222
6.92801
7.02977
6.85431
8.1023
6.75669
6.69582
6.92137
6.63185
6.89161
7.14012
7.1818
9.16138
7.45657
7.4416
7.61063
7.87647
7.64197
7.84588
7.92417
7.97162
8.07785
8.26876
8.08019
8.19547
8.04164
8.01478
8.18488
8.03269
8.15389
8.04944
8.03856
8.23882
8.2482
8.1146
8.06378
8.70277
7.90904
7.81518
7.54974
7.37088
7.13389
7.1129
7.18408
7.29125
7.02433
6.79969
6.58543
6.50492
6.24851
6.30481
6.26081
6.30268
6.33934
6.35558
6.11174
6.08517
5.97035
5.94237
5.96515
6.03103
6.10619
6.07771
6.01351
6.16275
5.99267
5.86561
5.79329
5.71106
5.6834
5.72903
5.70262
5.63272
5.68879
5.60426
5.74876
5.7024
5.74023
5.69226
5.66495
5.68342
5.9542
5.72633
5.69098
5.84641
5.77765
5.68329
5.77178
5.80931
5.86203
5.84281
5.86102
5.87613
5.8681
5.89954
5.85632
5.72154
6.00628
5.69558
5.80751
5.7082
5.6881
5.86
5.72804
5.74023
5.76024
5.72747
5.78551
5.72102
5.71801
5.82328
6.10188
5.75112
5.78104
5.76726
5.78033
5.66368
5.70973
5.74962
5.77893
5.77531
5.61912
5.68048
5.93227
5.88239
5.93848
5.94358
5.89277
5.9424
5.72749
5.75544
5.98875
5.86489
5.88886
5.94854
5.97224
5.89069
6.10671
6.46517
6.29549
6.86507
7.11029
7.48485
7.49493
7.60054
7.7267
7.62798
7.63876
7.64003
7.48436
7.43416
7.45053
7.07103
7.00301
6.58338
6.78285
6.83557
6.69418
6.58309
6.45489
6.36719
6.3137
6.23461
6.12921
6.13823
6.126
6.17916
6.15201
6.15678
6.10899
6.14221
6.21189
6.17179
5.98656
5.87451
5.91529
5.97194
5.98945
5.88218
5.82492
6.01508
6.06336
5.98968
5.85264
5.7426
5.87993
6.01092
6.04175
6.11922
5.92978
5.98463
6.03503
6.00808
6.15364
6.14494
6.02279
6.01146
5.98839
6.38336
6.37182
6.17595
6.10888
6.09267
6.27072
6.11372
6.26218
6.11477
6.26327
6.4984
6.36508
6.33273
6.42182
6.1073
6.19919
6.28117
6.2386
6.1798
6.23651
6.40149
6.66275
6.49199
6.56204
6.48606
6.54848
6.70917
6.65876
6.71121
6.61436
6.56471
6.71498
6.91332
6.96066
6.91826
7.08059
7.09681
7.15258
7.5273
7.40693
7.29044
7.65697
8.89003
8.44279
8.92075
8.98718
8.95395
8.91049
9.07982
9.08401
9.07962
9.24571
8.89287
8.54245
8.5112
8.04632
7.9802
7.58973
7.50066
7.47973
7.26968
7.20323
7.0825
7.25008
7.2011
7.31118
7.24619
7.35032
7.58394
7.3639
7.19322
7.36082
7.27533
7.24286
6.9809
6.96066
6.9474
7.09416
7.00017
7.13458
6.98164
7.09375
7.2466
7.16413
7.57912
7.21143
7.33725
7.18213
7.43779
7.40397
7.44996
7.64466
8.20437
8.73768
9.21565
9.89694
10.3209
10.5861
10.986
10.254
10.2405
10.3678
9.38245
9.87157
9.67722
8.84229
8.62898
8.73284
8.39168
8.16533
8.03025
8.03422
7.98152
8.09639
8.08093
7.9143
8.15901
8.14354
8.28535
8.3288
8.9236
8.88674
9.31908
9.41083
9.44402
9.51175
10.094
9.60759
9.65143
9.57785
9.91972
9.88629
9.69198
9.37932
9.42703
9.226
9.14081
9.12247
8.92789
8.78253
8.24164
8.19618
8.24677
7.85556
7.7406
7.92312
7.70469
7.88096
7.86623
8.05507
7.71978
7.83184
7.55652
7.66288
7.80172
7.76216
7.87968
7.61279
7.52154
7.76002
7.68434
7.93708
9.15757
8.09933
7.90267
7.91457
8.00495
8.18155
7.90008
8.23704
8.56525
8.11561
9.01597
8.88772
8.7136
9.35213
10.1824
10.3942
10.4501
11.414
10.1899
9.99283
9.36755
9.00078
9.10153
8.26225
8.0626
7.12742
7.48019
7.3995
7.0415
7.02548
7.1358
7.12407
7.47091
6.90345
7.12381
6.90705
6.7805
6.82096
6.73877
6.74891
6.67719
6.79738
6.7582
6.86768
6.90393
6.85324
6.75627
6.67767
6.6204
6.51583
6.74655
6.88585
6.87532
7.14246
7.94958
7.74385
8.35687
8.81469
9.1951
8.6349
8.88112
8.65388
8.23938
8.07113
7.59461
7.15608
7.18839
7.00482
6.98631
6.80342
6.78443
6.6706
6.6962
6.42907
6.38305
6.35465
6.3573
6.23227
6.2449
6.20822
6.40789
6.35559
6.23487
6.06021
6.07735
6.23033
6.12211
6.13495
6.01265
6.06294
5.82061
5.94704
5.82448
5.89282
6.01354
6.03962
5.97437
5.95225
5.83763
5.94018
5.93473
5.78874
6.0347
5.89677
5.88395
5.84407
5.99673
6.06263
6.15094
5.98898
6.06272
5.99543
5.98787
6.05253
6.04046
6.08458
6.13092
6.31848
6.23562
5.98073
6.24449
6.09908
6.08896
6.35429
6.39532
6.46852
6.79824
6.93553
7.05536
8.14829
8.21629
8.2624
8.21765
8.4329
8.48573
8.40431
8.43826
8.32794
8.40709
8.41227
8.535
8.60666
8.37296
8.60606
8.39883
8.73862
8.89395
8.88159
8.75878
8.9736
9.13453
8.86444
8.93545
9.14571
9.29637
9.5744
9.33459
8.9835
13.8206
8.47972
7.9235
7.36001
7.26039
6.87637
7.13972
6.95513
7.18581
7.13315
7.10247
7.21113
7.6393
8.08001
8.55417
9.31209
8.99247
9.57813
10.1446
10.0224
10.2413
9.97756
10.1263
9.51866
9.80788
10.4273
9.26409
9.47635
9.73805
8.96014
9.49038
9.21235
9.22774
9.04409
9.27468
9.26464
9.20213
9.88438
9.70771
10.021
9.70859
10.1202
10.6894
9.9863
10.4183
14.3121
10.6349
10.8139
10.4689
10.5604
10.3937
10.775
10.2987
10.9324
10.8031
10.6982
10.7659
11.2406
10.625
10.6449
10.4262
10.2349
10.2238
10.0992
10.1265
10.294
10.2329
10.195
10.4319
10.2175
10.7641
10.4491
10.4307
10.3984
10.9111
11.0139
10.4888
10.4587
10.8628
10.45
10.7768
11.0362
11.0816
10.6986
11.0234
10.7319
11.041
11.1564
10.8719
15.3871
10.9058
10.9378
10.9127
11.0378
10.837
11.1205
10.8153
10.9775
10.8095
10.656
10.766
10.9323
11.0637
10.762
10.8152
10.9913
10.6758
10.9313
10.9537
10.7299
11.0268
10.7388
11.054
10.968
10.7311
10.8471
10.8147
10.9396
10.632
10.5679
10.9082
10.8865
10.9696
10.7562
10.5263
11.3867
10.7574
10.7813
10.6676
10.8981
10.82
10.7416
