7668
7366
7265
7331
7299
7326
7407
7340
7416
7416
7476
7454
7497
7507
7483
7352
7432
7478
7483
7444
7436
7447
7413
7517
7475
7529
7610
7587
7562
7540
7616
7612
7585
7571
7439
7598
7599
7735
7774
7819
7767
7883
7791
7792
7830
7835
7795
7758
7708
7645
7635
7596
7671
7608
7697
7725
7671
7669
7668
7762
7751
7736
7769
7824
7708
7599
7656
7691
7639
7570
7514
7581
7513
7537
7572
7607
7608
7606
7605
7513
7460
7511
7510
7332
7344
7270
7248
7204
7295
7331
7235
7213
7168
7123
7080
7139
7111
7110
7193
7226
7117
7126
7048
7013
6987
7002
7008
7066
7102
7075
7094
7140
7145
7243
7135
7124
7104
7110
7029
6963
6953
6973
6883
6796
6825
6827
6833
6889
6883
6916
6911
6863
6820
6777
6782
6793
6786
6706
6799
6769
6803
6793
6791
6735
6808
6795
6895
6862
6830
6799
6780
6759
6725
6731
6779
6804
6839
6811
6747
6759
6824
6854
6859
6802
6723
6701
6715
6814
6819
6900
6856
6780
6745
6794
6772
6876
6814
6862
6822
6776
6857
6778
6801
6777
6768
6743
6685
6723
6634
6661
6710
6718
6695
6706
6625
6612
6623
6644
6693
6658
6651
6544
6568
6576
6597
6592
6626
6563
6640
6637
6643
6604
6575
6522
6523
6496
6487
6493
6552
6536
6477
6461
6433
6527
6447
6464
6460
6484
6445
6450
6431
6515
6439
6515
6524
6539
6588
6525
6514
6412
6370
6386
6347
6382
6401
6448
6372
6385
6363
6365
6318
6344
6229
6251
6271
6313
6437
6441
6384
6366
6426
6492
6508
6481
6451
6428
6423
6449
6362
6349
6293
6254
6255
6145
6094
6119
6056
6021
6102
6036
6036
6007
5936
5884
5903
5898
5954
5812
5712
5663
5616
5528
5508
5465
5436
5390
5382
5374
5449
5412
5397
5381
5392
5427
5365
5274
5271
5227
5163
5101
5104
5110
5123
5077
5006
4941
4948
4855
4807
4742
4725
4772
4751
4724
4727
4801
4752
4684
4650
4666
4623
4550
4496
4532
4491
4464
4443
4473
4471
4461
4482
4415
4447
4457
4447
4401
4347
4327
4386
4355
4358
4359
4323
4311
4330
4306
4296
4233
4363
4311
4307
4306
4345
4318
4366
4442
4387
4355
4312
4351
4342
4312
4290
4313
4262
4257
4228
4211
4238
4243
4223
4205
4233
4265
4192
4179
4102
4048
3997
3950
3937
3900
3907
3911
3906
3882
3804
3834
3845
3838
3831
3873
3832
3797
3807
3749
3767
3760
3712
3702
3690
3760
3742
3721
3668
3667
3666
3697
3679
3727
3683
3667
3622
3584
3610
3614
3628
3668
3652
3659
3631
3619
3565
3558
3530
3511
3568
3526
3500
3456
3498
3478
3468
3501
3491
3515
3460
3427
3417
3455
3375
3333
3368
3421
3347
3347
3374
3398
3485
3481
3442
3420
3524
3508
3445
3433
3401
3359
3362
3335
3407
3398
3430
3380
3358
3350
3378
3403
3387
3377
3424
3427
3464
3497
3629
3660
3701
3763
3712
3696
3754
3779
3708
3779
3808
3825
3832
3873
3915
3942
4005
4003
4003
3997
4047
4143
4139
4067
4065
4033
4063
4125
4237
4211
4330
4324
4336
4336
4336
4330
4395
4372
4479
4416
4464
4448
4428
4404
4394
4491
4383
4418
4470
4342
4373
4477
4393
4396
4320
4383
4494
4533
4421
4385
4393
4356
4291
4215
4181
4148
4285
4344
4309
4235
4211
4130
4235
4318
4349
4263
4301
4398
4310
4299
4366
4372
4419
4445
4464
4488
4514
4585
4605
4572
4574
4741
4666
4659
4674
4586
4586
4712
4761
4697
4654
4794
4758
4830
4923
4871
4915
4796
4763
4818
4878
4836
4861
4835
4947
4945
4955
4973
4951
4969
4928
4972
4956
4964
4960
4987
5014
5046
5135
5047
5115
5116
5098
4968
5076
5034
5010
5085
4986
5132
5132
5021
4887
4765
4796
4772
4729
4663
4683
4668
4665
4747
4688
4618
4608
4628
4687
4637
4679
4676
4692
4708
4702
4680
4710
4748
4795
4806
4687
4673
4736
4767
4876
4922
4868
4723
4785
4794
4857
4897
4873
4706
4714
4653
4710
4778
4798
4820
4751
4811
4846
4825
4868
4957
4907
4936
4824
4814
4945
5079
5092
5177
5069
5076
4992
5040
5007
5084
5037
5058
5100
4953
5067
5196
5346
5097
5035
4992
5050
4981
5063
5122
5197
5159
5207
5240
5294
5348
5219
4992
5216
5163
5201
5141
5192
5233
5167
5116
5079
5099
5047
5134
5155
5208
5289
5257
5265
5257
5272
5283
5313
5313
5190
5085
5058
5116
5200
5172
5006
5071
5190
5160
5233
5112
5014
5026
4977
5112
5102
5182
5090
5111
5010
5130
5036
5007
5187
5150
5170
5040
5055
5128
5076
5141
5243
5258
5160
5208
5191
5043
5061
5228
5168
5285
5093
5201
5237
5386
5249
5244
5351
5419
5450
5304
5219
5196
5098
5175
5065
5088
4959
5053
5005
5094
4937
4967
5046
5101
5152
4852
4983
5034
5005
5005
5044
5022
4940
5017
5036
5016
5095
5100
5076
4968
5021
5043
4985
4955
4999
4997
4959
5017
4954
4832
4922
4948
4902
4830
4903
4829
4995
4689
4726
4775
4689
4731
4941
4932
4796
4700
4851
4836
4706
4682
4760
4752
4903
4881
4870
4823
4783
4886
4688
4763
4770
4836
4855
4854
4888
4836
4748
4819
4778
4875
4788
4865
4706
4766
4609
4709
4770
4905
4897
4904
5090
4923
4875
4964
4833
4863
4631
4684
4679
4724
4729
4883
4947
4932
4870
4860
4722
4591
4569
4642
4667
4721
4610
4603
4643
4622
4523
4407
4415
4465
4351
4221
4284
4145
4154
4138
4061
4125
4240
4117
4104
4244
4115
4070
4148
4215
4001
4167
4145
4089
3996
4066
4190
4079
4022
4027
3987
4024
4015
4003
3992
3807
3835
3802
3764
3818
3835
3940
3898
3911
3822
3788
3815
3839
3933
3979
3872
3910
3890
3871
3853
3855
3917
3958
4106
4068
3795
3841
3954
3997
4036
4204
4059
4019
4029
3931
4078
4116
3978
4022
4033
4098
4050
4067
3985
4097
4138
4080
4144
4211
4201
4191
4346
4345
4452
4366
4413
4376
4391
4342
4484
4438
4547
4563
4680
4733
4856
4855
4732
4847
4869
4921
4904
4838
4769
4716
4686
4605
4545
4582
4644
4590
4829
4698
4720
4884
4943
4996
4899
4973
4921
4920
4835
4857
4853
4751
4758
4772
4820
4837
5083
4997
4978
4874
4724
4822
4825
4773
4882
4733
4906
5021
4896
4886
4869
5041
4908
5029
4957
5101
5023
4872
4947
4896
5145
4961
4823
4980
5074
5029
5138
5100
5010
5055
5005
5051
5137
4980
5094
5176
5183
5069
4890
5006
4964
5129
5113
5123
4939
5091
5051
5016
4963
4812
4768
4802
4962
5058
5089
5015
5134
4869
4854
4947
5106
5125
5031
5034
5209
5057
5082
5026
4991
4917
4847
4849
4928
4919
4942
4859
4873
4958
4976
4921
4908
4857
4763
4641
4710
4683
4691
4674
4580
4523
4519
4609
4672
4626
4665
4652
4632
4693
4724
4815
4809
4785
4766
4820
4691
4601
4631
4594
4590
4668
4674
4531
4459
4428
4350
4342
4274
4236
4306
4337
4252
4285
4345
4301
4329
4322
4300
4275
4285
4287
4257
4228
4256
4209
4168
4103
4099
4040
4004
4034
3994
4011
4027
4055
4083
4124
4106
4040
4044
4143
4138
4045
4110
4046
4058
4071
4079
4086
4099
4127
4151
4129
4114
4061
4047
4094
4082
4080
4087
4084
4096
4082
4098
4088
4050
4057
4047
4023
4049
4033
4002
3986
3981
4013
4010
4010
4014
4017
4045
4041
4020
4013
4031
4005
3998
4026
4023
4025
4058
4017
4045
4050
4023
4021
4020
4002
4007
3990
3987
3994
3999
3995
3976
3968
3977
3965
3988
3985
3978
3997
3986
3973
3992
3978
3995
3971
