1124         1124
1105         520
1118         534
1152         554
1140         554
1143         562
1143         586
1145         554
1145         542
1091         528
1148         551
1136         555
1155         573
1155         573
1150         554
1144         568
1153         548
1117         535
1155         548
1132         542
1127         545
1132         550
1133         541
1120         532
1144         536
1117         539
1127         549
1132         531
1102         515
1125         529
1174         559
1137         556
1182         511
1156         512
1154         513
1148         485
1157         501
1186         515
1201         538
1223         548
1183         546
1201         531
1209         547
1234         549
1186         654
1206         673
1226         650
1236         674
1215         647
1187         631
1246         678
1226         662
1214         650
1240         644
1213         620
1202         638
1209         633
1236         624
1205         615
1202         615
1220         667
1186         648
1252         670
1250         656
1223         672
1241         673
1205         674
1272         724
1213         672
1225         694
1234         703
1230         699
1208         682
1224         673
1260         691
1264         718
1294         712
1256         685
1229         664
1213         682
1220         681
1193         659
1177         676
1225         688
1230         712
1202         674
1220         679
1180         692
1192         666
1178         664
1170         688
1170         698
1135         661
1192         695
1195         713
1167         696
1192         697
1160         673
1189         676
1174         695
1185         659
1197         663
1197         650
1229         670
1265         701
1240         679
1252         668
1261         676
1262         687
1251         675
1263         700
1254         705
1281         705
1287         692
1264         679
1276         708
1297         718
1279         687
1262         684
1269         694
1280         696
1275         724
1267         695
1282         686
1258         716
1287         707
1277         711
1268         699
1235         669
1232         677
1252         712
1268         722
1283         739
1329         723
1283         719
1270         744
1255         743
1286         765
1294         775
1301         749
1286         736
1286         757
1347         749
1360         728
1291         716
1274         674
1297         669
1320         632
1371         710
1340         716
1311         685
1350         681
1301         668
1347         702
1322         687
1312         695
1331         645
1320         640
1363         668
1348         684
1368         658
1342         662
1334         644
1409         704
1384         679
1394         681
1424         716
1432         719
1424         701
1426         733
1370         675
1401         715
1410         686
1410         720
1418         745
1405         742
1408         684
1474         745
1477         745
1499         771
1425         720
1469         756
1424         727
1431         722
1411         737
1431         741
1421         748
1421         727
1437         747
1505         796
1439         745
1438         740
1459         755
1447         770
1438         724
1462         768
1458         777
1505         777
1434         753
1465         787
1426         742
1425         768
1395         745
1382         704
1417         745
1340         709
1348         736
1331         716
1264         667
1209         675
1281         675
1265         643
1299         676
1272         647
1248         638
1229         653
1232         583
1231         571
1290         600
1246         574
1245         568
1271         589
1298         605
1292         603
1234         563
1254         577
1245         572
1256         569
1159         527
1172         525
1180         520
1140         478
1121         464
1187         528
1160         536
1155         545
1143         534
1104         518
1114         515
1115         541
1165         552
1118         521
1088         507
1112         500
1081         488
1088         485
1095         515
1138         541
1106         509
1126         524
1090         492
1113         522
1111         493
1110         495
1104         517
1113         512
1099         505
1095         517
1102         525
1052         496
1099         530
1059         508
1041         499
1024         507
1011         507
1035         503
1031         510
992         503
1002         501
1036         505
989         470
998         497
976         468
1000         494
1009         501
961         481
938         458
957         466
944         490
947         463
969         478
1002         496
983         476
980         473
993         467
980         452
1006         472
1058         490
1018         506
1023         491
1068         487
1031         522
1068         488
1066         493
1110         515
1141         560
1135         557
1135         556
1116         543
1147         541
1132         539
1111         519
1112         517
1120         510
1071         505
1070         534
1068         522
1089         521
1050         528
1078         495
1062         518
1049         502
1030         517
1047         515
1005         495
977         496
989         495
957         503
948         467
957         475
946         459
968         469
933         461
925         454
940         465
951         464
909         443
905         436
853         401
870         427
859         421
877         434
881         424
923         457
896         418
890         424
875         410
854         413
852         415
836         386
826         391
849         390
888         429
938         444
931         424
907         446
897         415
883         428
873         410
887         411
913         426
874         422
892         427
842         391
879         386
906         379
917         410
906         382
928         411
905         431
927         412
914         400
859         352
911         392
874         371
845         364
869         366
882         400
918         422
904         402
915         396
931         422
921         414
928         398
941         411
944         426
964         392
937         400
1001         425
970         430
1030         440
1060         492
1026         472
1052         482
1068         482
1056         486
1053         449
1086         470
1107         466
1088         462
1101         416
1082         436
1081         450
1093         427
1146         447
1159         468
1148         463
1149         451
1192         494
1168         467
1130         487
1127         469
1122         469
1110         457
1110         453
1134         442
1222         492
1166         447
1168         472
1150         468
1159         485
1208         497
1184         495
1159         472
1176         476
1179         461
1163         478
1155         478
1198         479
1143         481
1152         467
1172         479
1204         515
1233         526
1195         512
1148         505
1138         489
1224         474
1161         461
1177         468
1188         500
1239         493
1255         489
1221         509
1295         549
1282         523
1237         489
1242         463
1226         475
1191         477
1265         509
1200         494
1199         505
1189         507
1135         443
1173         499
1159         494
1144         462
1073         442
1128         487
1150         491
1164         472
1181         493
1184         518
1226         531
1198         504
1197         515
1197         511
1209         515
1197         519
1204         516
1214         533
1187         504
1235         508
1209         519
1162         475
1243         510
1203         503
1180         501
1196         525
1208         532
1227         529
1194         503
1186         503
1191         513
1179         535
1244         551
1204         545
1208         537
1242         540
1221         529
1211         509
1232         530
1213         528
1200         493
1234         506
1223         502
1189         501
1160         498
1170         486
1144         466
1148         496
1123         489
1083         479
1166         533
1156         511
1153         516
1154         531
1191         526
1224         517
1204         548
1198         542
1204         544
1236         583
1248         576
1246         564
1204         519
1197         542
1214         507
1231         542
1259         569
1237         522
1324         573
1293         568
1308         572
1305         607
1337         605
1363         606
1368         627
1378         622
1385         632
1342         577
1322         596
1389         638
1356         594
1375         592
1425         602
1363         555
1384         572
1418         595
1403         593
1359         568
1386         615
1370         594
1409         565
1405         586
1387         586
1444         626
1456         616
1432         595
1450         593
1416         607
1414         573
1394         584
1401         615
1413         625
1385         592
1327         565
1324         587
1341         568
1313         562
1340         571
1274         522
1259         521
1319         512
1320         579
1336         562
1300         550
1313         517
1309         516
1306         535
1291         531
1308         529
1233         501
1202         481
1217         504
1174         475
1213         535
1192         502
1222         525
1200         520
1177         518
1153         465
1199         512
1188         490
1151         464
1160         488
1161         476
1136         474
1151         453
1175         476
1170         491
1158         514
1149         500
1135         460
1104         467
1118         450
1107         469
1121         470
1164         477
1179         486
1104         473
1100         441
1097         462
1087         457
1088         458
1076         466
1024         419
1060         467
1115         481
1080         447
1073         484
1053         460
1071         465
1067         445
1034         443
1019         427
1057         470
1086         470
1068         467
1058         440
1101         476
1097         497
1070         473
1045         472
1089         481
1104         466
1128         468
1069         440
1108         453
1085         449
1104         474
1096         458
1109         440
1065         442
1087         444
1072         448
1053         428
1015         413
1000         401
997         399
1025         422
1018         412
1047         414
985         385
1013         394
973         405
975         389
1008         389
990         392
942         377
898         358
934         338
912         348
938         341
898         323
911         318
901         355
864         327
910         310
903         324
882         337
876         312
893         331
865         313
884         346
855         313
854         317
871         320
884         342
864         307
887         366
844         324
833         317
849         319
837         312
839         303
854         338
871         314
932         352
929         344
894         319
884         313
880         297
816         294
873         292
898         302
874         290
852         277
913         323
891         300
899         328
910         305
869         326
859         317
846         309
852         333
815         322
818         324
772         261
819         275
791         285
786         263
759         255
785         288
799         301
779         281
816         280
778         279
790         286
825         271
844         309
806         274
847         286
898         346
866         302
880         309
872         338
864         330
913         351
912         361
872         343
883         353
951         371
965         386
958         376
951         381
973         391
973         410
977         420
996         423
988         418
946         397
968         376
964         398
1061         450
1016         425
1085         461
1050         432
1144         485
1090         449
1158         478
1103         459
1084         423
1140         475
1128         484
1189         511
1200         523
1221         503
1190         487
1195         486
1233         483
1239         482
1205         463
1212         476
1158         447
1128         478
1151         452
1128         436
1160         465
1181         462
1180         461
1150         431
1213         476
1194         476
1191         499
1169         523
1199         532
1156         510
1193         524
1178         523
1193         517
1178         521
1180         512
1195         544
1184         532
1207         488
1206         513
1161         501
1158         483
1224         513
1241         535
1277         531
1217         517
1268         522
1248         541
1218         500
1249         509
1229         485
1208         494
1201         494
1213         486
1200         496
1187         486
1155         506
1196         488
1172         484
1178         491
1155         481
1163         483
1194         499
1235         508
1238         508
1245         520
1198         508
1210         483
1209         494
1203         521
1183         489
1202         523
1169         490
1181         509
1163         504
1219         516
1271         556
1212         510
1222         542
1229         551
1196         555
1199         555
1192         542
1205         518
1268         565
1237         551
1280         577
1274         582
1291         583
1270         575
1298         585
1230         543
1288         559
1324         556
1312         549
1338         564
1377         590
1395         610
1364         590
1357         598
1396         577
1400         624
1432         626
1376         586
1379         581
1358         569
1405         608
1412         609
1368         625
1412         612
1355         578
1323         575
1346         629
1364         578
1294         569
1356         573
1321         576
1331         560
1318         536
1313         529
1309         526
1281         518
1280         534
1274         530
1254         513
1225         526
1228         519
1198         478
1210         518
1194         490
1224         469
1194         490
1183         466
1151         470
1143         438
1179         460
1190         489
1168         470
1150         457
1181         459
1180         473
1158         458
1127         460
1134         443
1096         465
1129         480
1091         464
1111         463
1090         473
1125         489
1071         439
1063         458
1096         468
1104         459
1071         466
1102         453
1091         435
1039         439
1109         467
1061         434
1059         453
1097         462
1076         446
1079         437
1071         448
1097         448
1073         471
1070         454
1103         464
1074         447
1091         468
1043         437
1035         433
1019         406
982         405
959         393
1031         413
970         389
979         406
973         407
1012         399
1003         407
982         408
980         393
979         388
961         398
927         356
906         356
918         354
883         351
879         348
887         331
851         320
888         332
839         301
860         326
912         362
828         329
793         287
840         304
816         318
877         348
928         323
894         309
901         305
898         315
908         306
940         317
880         316
910         310
891         310
875         293
857         302
891         301
888         323
872         319
862         306
873         300
850         288
862         297
885         294
864         285
896         306
911         318
839         296
890         309
914         310
874         298
893         311
872         307
873         286
900         305
896         300
909         314
923         328
851         310
888         329
866         321
893         327
862         318
821         317
865         361
877         319
863         345
895         369
908         364
903         377
922         389
948         385
972         398
951         417
965         415
997         401
1003         430
996         431
1018         428
978         424
1013         446
980         428
915         422
957         417
1007         446
1057         454
1095         490
1075         476
1145         493
1122         480
1133         503
1136         497
1109         484
1149         474
1134         444
1127         445
1121         459
1222         494
1225         501
1202         480
1198         469
1149         473
1148         486
1218         482
1195         512
1184         498
1182         505
1184         492
1144         501
1178         520
1252         549
1253         558
1182         541
1227         557
1141         521
1173         501
1203         495
1193         529
1220         523
1259         527
1247         507
1225         525
1239         531
1276         570
1238         548
1205         526
1206         505
1189         479
1156         460
1170         477
1174         489
1142         473
1197         533
1167         482
1192         506
1235         505
1218         504
1188         479
1199         481
1199         498
1209         522
1224         526
1187         498
1211         523
1201         504
1197         520
1198         517
1230         528
1240         539
1228         532
1203         505
1219         536
1195         522
1220         540
1224         544
1234         553
1175         521
1159         496
1175         516
1165         515
1199         513
1223         545
1245         558
1250         552
1205         556
1172         558
1209         526
1288         589
1271         576
1317         564
1369         567
1336         579
1304         584
1324         552
1347         557
1307         540
1282         536
1349         545
1359         533
1325         504
1325         535
1339         537
1356         553
1380         555
1397         555
1374         553
1398         559
1390         563
1419         582
1374         580
1423         557
1371         531
1395         583
1363         522
1392         566
1411         555
1395         580
1390         617
1363         579
1378         594
1271         533
1373         564
1334         547
1310         527
1226         516
1274         521
1253         543
1276         536
1312         510
1232         517
1186         490
1232         520
1214         478
1186         450
1206         486
1165         453
1173         483
1137         448
1187         505
1144         474
1169         456
1217         479
1198         468
1205         484
1178         477
1203         482
1184         488
1182         482
1171         483
1164         428
1153         433
1161         470
1206         482
1179         478
1139         483
1135         452
1127         456
1111         452
1114         440
1115         448
1061         418
1089         426
1048         416
1048         391
1043         407
1030         409
1068         418
1084         447
1110         451
1104         440
1050         403
1089         431
1125         455
1113         426
1087         416
1078         412
1057         391
1061         436
1059         414
1046         421
1022         400
968         367
911         340
971         372
947         371
900         354
926         377
881         351
916         330
906         346
894         357
873         322
873         317
882         311
871         311
856         321
894         345
848         314
857         314
842         325
834         308
848         308
870         309
850         292
805         297
802         313
808         309
813         308
883         329
924         304
923         332
901         303
859         294
900         301
828         277
856         293
811         263
826         255
836         272
890         310
845         283
855         283
914         306
924         333
906         309
927         322
948         332
977         361
1015         371
976         369
997         375
1029         394
991         374
1008         385
1007         361
997         391
1011         405
988         386
994         393
1070         413
1026         418
1020         392
1000         368
1017         413
1048         413
1100         432
1096         432
1138         473
1173         470
1126         456
1140         427
1104         430
1115         459
1092         440
1148         433
1115         415
1140         418
1180         448
1182         424
1159         449
1169         433
1140         448
1172         449
1145         452
1158         465
1162         491
1187         478
1204         504
1187         510
1114         449
1196         524
1249         509
1214         484
1192         460
1207         477
1234         483
1259         481
1279         494
1235         451
1231         445
1262         465
1243         486
1262         490
1259         494
1244         486
1218         479
1225         486
1222         462
1166         461
1167         462
1178         443
1195         457
1203         438
1183         430
1223         462
1229         483
1193         498
1199         467
1192         461
1183         477
1174         466
1234         467
1250         499
1248         531
1274         492
1210         492
1215         493
1242         483
1201         488
1180         463
1242         518
1294         531
1242         509
1196         509
1210         511
1200         504
1244         496
1258         530
1267         549
1278         533
1307         537
1351         526
1316         483
1321         524
1353         545
1346         521
1365         533
1353         539
1384         531
1395         570
1412         555
1414         578
1445         558
1388         548
1421         542
1326         504
1367         563
1407         569
1370         530
1303         517
1330         515
1292         489
1383         539
1316         513
1375         534
1332         517
1312         482
1280         493
1240         482
1280         508
1229         488
1253         501
1218         496
1191         488
1204         499
1262         519
1234         503
1229         519
1137         477
1186         462
1139         444
1180         454
1119         415
1147         423
1183         474
1160         476
1117         434
1131         424
1164         433
1148         424
1142         449
1137         443
1128         433
1140         415
1140         424
1110         410
1114         450
1127         467
1116         440
1155         455
1149         417
1166         450
1147         439
1163         447
1144         428
1132         428
1100         412
1083         392
1100         398
1099         425
1074         407
1104         433
1135         430
1096         410
1099         443
1055         413
1073         409
1056         430
1067         409
1057         394
1063         390
1100         399
1059         401
1075         425
1084         414
1065         410
1002         386
1020         394
1056         398
1024         396
975         376
990         378
973         358
955         385
943         365
910         337
930         354
945         353
946         344
913         341
936         334
925         345
925         325
946         355
910         335
887         341
915         338
910         335
889         309
889         327
916         345
890         354
860         337
910         370
860         316
849         338
855         301
861         316
919         348
950         336
945         350
998         372
960         344
908         322
863         281
897         292
867         305
892         287
880         292
929         327
972         327
977         333
914         310
881         290
900         322
918         324
961         334
1037         386
1036         355
1030         373
1065         398
1060         388
1055         387
1051         388
1058         378
1071         384
1042         380
1135         428
1096         406
1154         420
1153         408
1125         435
1144         456
1151         462
1146         447
1182         445
1176         472
1169         466
1161         439
1153         442
1185         447
1156         458
1172         462
1224         482
1192         481
1181         487
1193         484
1213         508
1230         544
1171         483
1182         500
1150         485
1224         510
1211         544
1212         500
1242         518
1201         518
1257         531
1262         519
1237         511
1191         497
1212         500
1219         498
1209         511
1228         521
1159         502
1158         470
1121         444
1176         471
1150         459
1149         473
1158         462
1204         497
1209         476
1183         466
1201         475
1176         462
1195         485
1209         499
1180         493
1161         462
1250         521
1222         492
1233         529
1216         498
1223         499
1183         482
1227         504
1205         512
1150         483
1169         462
1129         468
1131         447
1128         477
1128         482
1107         468
1052         467
1087         487
1151         505
1168         522
1213         520
1127         524
1151         524
1153         533
1186         554
1153         525
1215         535
1245         556
1231         520
1195         529
1268         556
1252         576
1333         570
1330         577
1293         567
1335         607
1310         542
1329         571
1313         539
1357         550
1326         563
1325         480
1300         484
1335         511
1390         540
1471         609
1431         579
1423         564
1400         572
1447         572
1399         537
1410         517
1389         581
1394         552
1414         527
1386         534
1402         550
1404         565
1447         585
1408         575
1412         594
1452         596
1416         570
1406         576
1370         593
1386         569
1307         517
1263         519
1301         549
1244         506
1255         496
1189         472
1194         487
1313         538
1279         504
1243         449
1264         459
1247         453
1262         478
1181         453
1177         468
1153         429
1155         457
1162         454
1163         434
1146         409
1131         417
1108         404
1147         422
1150         444
1150         434
1145         444
1131         434
1153         446
1184         464
1087         411
1127         433
1120         437
1141         444
1145         459
1107         433
1088         407
1145         489
1101         434
1117         465
1065         452
1039         414
1036         384
1051         417
1043         419
1088         415
1012         418
1063         423
1095         424
1064         416
1104         455
1135         473
1118         467
1166         467
1148         465
1137         452
1085         451
1108         467
1071         421
1039         423
1083         464
1093         482
1094         454
1069         433
1012         418
1010         425
1014         408
958         389
1008         417
980         391
931         389
964         407
976         422
975         421
968         401
963         404
971         372
945         390
934         389
967         374
974         382
920         383
925         345
913         371
897         367
873         333
860         326
848         333
834         307
849         308
817         286
849         307
839         347
808         315
798         293
833         298
798         312
799         317
846         336
881         346
830         331
876         353
842         308
874         328
856         319
865         306
858         312
850         301
839         298
840         303
890         342
839         318
865         322
885         327
898         337
880         308
864         297
884         312
887         319
871         304
882         304
914         331
849         312
876         335
883         311
884         324
874         291
904         325
901         291
861         300
829         261
814         287
825         308
818         293
863         302
829         299
823         288
807         281
819         279
866         315
854         313
900         340
887         336
850         320
891         333
897         331
864         313
904         360
921         362
894         340
899         335
914         389
955         374
958         391
990         403
1032         407
1026         429
1017         409
1055         408
1056         425
1076         441
1095         427
1082         429
1053         396
1104         418
1141         446
1114         395
1144         420
1143         459
1203         464
1169         468
1116         450
1172         473
1141         457
1157         502
1168         466
1155         506
1116         467
1169         486
1137         452
1126         448
1179         475
1153         458
1166         477
1169         473
1222         483
1218         518
1154         484
1119         494
1177         504
1172         498
1182         510
1197         508
1176         490
1172         517
1224         540
1153         503
1222         532
1231         532
1274         531
1282         520
1254         509
1251         508
1252         523
1201         493
1192         479
1242         498
1120         426
1114         458
1104         444
1082         414
1103         445
1102         471
1129         472
1142         455
1151         490
1199         504
1212         512
1183         496
1152         478
1199         499
1192         507
1209         505
1232         521
1255         537
1229         508
1211         511
1205         481
1236         510
1198         495
1157         471
1159         491
1161         478
1191         489
1178         505
1222         508
1161         500
1142         484
1160         504
1140         480
1155         490
1153         501
1147         502
1206         537
1232         513
1235         523
1303         566
1294         523
1314         553
1295         568
1291         580
1310         569
1313         569
1254         545
1295         575
1343         557
1342         588
1386         575
1362         576
1340         558
1339         579
1374         548
1371         561
1360         543
1347         553
1329         518
1359         548
1398         560
1400         558
1428         569
1380         557
1419         593
1391         554
1449         579
1444         570
1465         618
1481         634
1392         603
1409         599
1383         579
1409         553
1407         570
1373         565
1334         548
1307         549
1351         571
1299         511
1317         530
1307         490
1373         506
1330         508
1303         512
1304         508
1300         506
1258         475
1281         479
1285         494
1327         506
1235         477
1237         493
1214         447
1249         487
1222         447
1182         451
1182         437
1176         436
1200         429
1136         453
1179         442
1193         460
1206         477
1191         453
1197         500
1200         481
1196         450
1193         450
1176         439
1143         435
1125         425
1103         375
1114         407
1073         388
1046         384
1092         414
1079         380
1132         399
1116         417
1152         405
1104         420
1096         418
1113         418
1127         404
1111         411
1130         423
1186         453
1099         390
1126         430
1119         411
1107         413
1090         417
1177         432
1208         464
1198         439
1172         447
1176         437
1153         420
1106         421
1100         390
1085         422
1080         411
1057         422
1060         416
1112         437
1082         420
1084         413
1084         431
1099         449
1094         451
1099         447
1095         443
1071         419
1059         417
1047         433
1039         406
1049         420
1055         417
1011         387
1031         370
1048         391
1038         374
1041         377
999         353
995         348
1003         345
1011         363
1025         367
1005         335
974         339
984         333
988         366
980         354
978         348
990         370
999         356
974         336
1009         356
943         317
954         319
938         330
917         327
910         324
947         317
928         334
923         330
923         317
919         330
920         323
942         326
907         314
945         342
950         346
946         340
999         362
963         329
941         352
945         339
940         330
990         361
961         346
967         354
986         358
974         347
970         349
969         362
974         363
991         361
986         345
992         379
977         350
966         360
1012         386
1010         375
985         357
1029         381
1005         375
1015         379
1006         382
1011         384
1005         367
1001         405
990         376
994         376
974         351
992         366
991         380
1008         383
991         367
1008         372
