5224       5224
5160       4353
5323       4396
5390       4403
5420       4434
5398       4411
5397       4426
5435       4444
5406       4435
5320       4390
5335       4412
5327       4458
5304       4453
5348       4440
5360       4449
5351       4431
5303       4417
5304       4414
5316       4408
5314       4418
5297       4429
5301       4398
5304       4396
5303       4393
5266       4380
5297       4396
5315       4406
5321       4411
5295       4383
5396       4430
5390       4446
5455       4462
5471       4096
5512       4183
5661       4399
5684       4256
5663       4331
5613       4278
5727       4366
5671       4291
5738       4317
5737       4321
5758       4304
5648       4165
5785       4886
5759       4834
5659       4743
5657       4736
5543       4592
5533       4582
5720       4725
5791       4784
5751       4663
5784       4630
5735       4591
5725       4591
5770       4627
5698       4529
5805       4617
5780       4606
5758       4954
5808       4968
5738       4915
5741       4868
5856       4873
5754       4753
5726       4723
5743       4704
5628       4624
5646       4844
5665       4830
5648       4815
5643       4810
5622       4795
5629       4767
5696       4790
5688       4663
5774       4760
5706       4728
5874       5070
5834       5013
5853       4983
5803       4914
5765       4929
5805       4941
5764       4885
5771       4890
5702       4790
5708       4799
5719       4753
5713       4913
5683       4854
5523       4663
5502       4674
5538       4679
5530       4646
5554       4679
5412       4545
5527       4676
5441       4536
5427       4640
5332       4550
5396       4526
5481       4533
5451       4471
5420       4423
5410       4416
5325       4313
5308       4362
5367       4624
5382       4664
5402       4667
5397       4622
5425       4653
5405       4606
5419       4626
5383       4591
5442       4609
5351       4630
5387       4644
5260       4556
5346       4607
5288       4592
5211       4461
5258       4507
5279       4524
5338       4546
5400       4589
5388       4553
5428       4652
5513       4693
5646       4742
5663       4765
5688       4769
5751       4805
5818       4945
5815       4919
5900       4976
5857       4973
5927       5106
5997       5147
6146       5299
6006       5099
6000       5182
6002       5152
5861       5048
5973       5119
5924       5053
5878       4998
5790       4852
5696       4781
5786       4904
5889       5008
5771       4929
5780       4866
5798       4896
5738       4909
5753       4871
5746       4799
5698       4798
5764       4846
5876       4981
5891       5012
5967       5068
6067       5138
5994       5109
5990       5059
6078       5123
6073       5192
6105       5253
6086       5211
6047       5189
6200       5284
6020       5120
6045       5137
6115       5174
6114       5180
6100       5142
6133       5148
6127       5117
6158       5293
6158       5280
6143       5261
6055       5153
6094       5162
6081       5219
6099       5106
6063       5109
6006       5049
6116       5134
6059       5039
6031       4976
6081       5186
6046       5160
6038       5123
6015       5091
5940       4959
6006       5087
5986       5063
5961       5034
5858       4935
5843       4901
5887       4919
5870       5009
5920       5005
6054       5117
6034       5075
6049       5144
6074       5162
6057       5039
5902       4916
5871       4933
5738       4811
5767       4842
5800       4688
5725       4647
5637       4636
5416       4491
5215       4279
5339       4361
5406       4365
5649       4609
5702       4730
5898       4881
5807       4782
5899       4887
5919       4888
5726       4697
5555       4566
5358       4339
5305       4259
5051       4112
5101       4159
5207       4248
5047       4134
5251       4322
5342       4418
5368       4488
5414       4528
5410       4535
5392       4494
5312       4446
5331       4448
5185       4318
5219       4329
5008       4125
4992       4113
4925       4046
4952       4041
4760       3847
4751       3894
4720       3870
4676       3841
4607       3766
4630       3775
4658       3855
4664       3856
4623       3837
4677       3879
4632       3850
4547       3793
4583       3837
4592       3868
4609       3857
4604       3832
4623       3855
4603       3882
4603       3825
4596       3820
4589       3847
4567       3831
4544       3777
4547       3785
4586       3824
4611       3861
4580       3846
4483       3774
4628       3909
4489       3769
4558       3857
4455       3760
4619       3872
4826       4047
5004       4240
5183       4409
5196       4408
5034       4276
4991       4202
4868       4073
4837       3968
4922       4122
4827       3977
4929       4115
5013       4134
5054       4286
5072       4301
4998       4218
5075       4294
5136       4331
5179       4352
5159       4361
5193       4361
5201       4356
5201       4394
5136       4342
5138       4374
5114       4361
5131       4383
5247       4462
5221       4454
5261       4432
5199       4336
5175       4323
5148       4365
5051       4297
4897       4134
4767       4010
4796       4031
4611       3866
4637       3896
4508       3822
4464       3736
4327       3648
4316       3605
4312       3645
4231       3544
4276       3604
4205       3541
4207       3546
4199       3505
4209       3538
4176       3509
4194       3528
4187       3479
4164       3523
4141       3484
4235       3537
4188       3522
4272       3608
4158       3480
4326       3659
4402       3718
4637       3868
4743       4065
4746       4050
4696       3988
4769       4003
4713       3977
4734       3995
4666       3967
4727       4001
4754       4040
4749       3995
4646       3911
4693       3966
4674       3980
4704       4023
4789       4075
4722       4054
4710       4075
4727       4046
4701       4010
4791       4110
4658       3999
4626       3975
4650       3964
4683       4025
4693       4009
4538       3904
4502       3901
4409       3815
4494       3773
4671       3903
4538       3884
4493       3800
4532       3786
4569       3800
4408       3682
4586       3869
4541       3816
4627       3866
4698       3976
4763       4002
4849       4111
4746       4029
4734       4048
4714       4028
4845       4093
4934       4144
4880       4034
4909       4056
4770       3960
4643       3859
4603       3802
4502       3729
4496       3736
4514       3801
4551       3837
4693       3950
4866       4099
4897       4091
4828       3991
4816       4099
4760       4001
4911       4117
4857       4109
4900       4142
4819       4057
4879       4164
4880       4185
4928       4189
4969       4204
4929       4182
5027       4302
4958       4210
5062       4269
4969       4195
5184       4371
5163       4339
5199       4419
5169       4390
5143       4388
5039       4323
5019       4285
5024       4289
5135       4337
5207       4473
5068       4350
5112       4395
5070       4380
5103       4392
5071       4342
5059       4313
5171       4426
5189       4390
5154       4421
5061       4325
5180       4366
5137       4361
5150       4382
5014       4266
5072       4296
5199       4428
5108       4371
5034       4205
5014       4247
4840       4056
4817       4062
4878       4121
4751       3999
4602       3921
4578       3864
4699       4001
4688       3933
4632       3857
4606       3855
4571       3880
4457       3824
4457       3823
4526       3888
4552       3872
4569       3924
4699       4002
4718       4018
4719       4003
4783       4021
4621       3902
4684       4007
4664       4000
4719       4012
4652       3965
4701       3945
4810       4040
4827       4053
4923       4159
4968       4140
5013       4182
4894       4128
4871       4143
4845       4122
5009       4268
5037       4274
5098       4309
4993       4214
5054       4291
5046       4244
4956       4190
4925       4206
4736       4044
4667       3969
4861       4137
4854       4155
4853       4174
4911       4201
4980       4240
4897       4126
4885       4207
4920       4199
5071       4292
5075       4334
5045       4323
5094       4346
5193       4443
5374       4602
5534       4694
5605       4729
5708       4809
5712       4784
5772       4802
5641       4716
5609       4686
5658       4666
5804       4804
5743       4738
5658       4641
5665       4649
5694       4728
5791       4835
5832       4848
5731       4754
5793       4801
5647       4671
5778       4866
5834       4798
5852       4796
5986       4942
6007       4939
6086       5011
6107       5034
6156       5061
6180       5121
6175       5057
6066       5030
6070       4996
6098       5002
6009       4936
6146       5051
6151       5063
6133       5060
6115       4991
5986       4982
6080       5076
6144       5081
6169       5089
6091       4983
6102       4967
6063       5035
6072       5008
6014       4970
5993       4884
5770       4705
5693       4663
5685       4673
5752       4710
5707       4645
5642       4627
5470       4472
5472       4449
5535       4539
5455       4463
5617       4621
5674       4648
5655       4673
5870       4837
5780       4808
5716       4764
5487       4517
5193       4248
5143       4251
5080       4139
5077       4102
5147       4199
5124       4206
5255       4317
5325       4424
5207       4290
5049       4186
4942       4065
4977       4082
4855       4008
4716       3837
4658       3793
4728       3883
4731       3906
4663       3802
4750       3892
4755       3928
4685       3887
4684       3863
4748       3945
4772       3915
4817       3978
4786       3981
4705       3904
4756       3922
4754       3921
4680       3864
4760       3950
4741       3866
4653       3864
4624       3854
4725       3902
4764       4001
4841       4018
4850       4057
4989       4194
5086       4236
5125       4279
5393       4511
5475       4612
5484       4648
5519       4710
5416       4558
5270       4471
4991       4191
4958       4147
4819       4027
4793       4023
4890       4137
4864       4065
4944       4175
5012       4216
5148       4334
5139       4333
4971       4179
4870       4132
4791       4053
4802       4080
4818       4080
4730       3982
4733       3990
4764       4042
4849       4090
4750       3992
4673       3960
4573       3855
4588       3886
4480       3722
4282       3559
4267       3559
4252       3523
4184       3495
4155       3453
4233       3545
4139       3469
4133       3437
3981       3290
4008       3311
4063       3368
4153       3433
3992       3285
4116       3426
4177       3481
4164       3504
4296       3619
4408       3720
4578       3919
4578       3918
4639       3948
4617       3959
4645       3969
4535       3858
4585       3880
4578       3872
4459       3724
4436       3680
4325       3609
4450       3671
4523       3712
4428       3587
4449       3583
4341       3562
4329       3589
4208       3509
4180       3521
4222       3544
4170       3501
4193       3530
4249       3585
4276       3587
4302       3605
4388       3652
4326       3622
4243       3564
4175       3502
4235       3565
4181       3577
4108       3499
4049       3449
4079       3490
3934       3373
3918       3333
4011       3472
3949       3356
3879       3279
3934       3377
3919       3339
3922       3366
4009       3389
3996       3385
4035       3427
4137       3496
4187       3560
4226       3552
4280       3601
4275       3659
4347       3714
4505       3807
4439       3801
4596       3911
4518       3834
4498       3805
4420       3746
4466       3868
4517       3874
4376       3771
4346       3747
4535       3864
4496       3848
4494       3829
4508       3783
4482       3788
4277       3633
4262       3615
4115       3458
4224       3558
4369       3708
4439       3765
4580       3886
4766       4025
4803       4050
4689       3970
4687       3989
4586       3888
4596       3819
4775       3944
4867       4161
4796       4089
4892       4163
4926       4162
4879       4088
4994       4221
5012       4204
5051       4242
4885       4133
4903       4148
4919       4085
5075       4236
4968       4230
4919       4204
4828       4160
4865       4182
4926       4214
4845       4111
4924       4195
4825       4111
4859       4144
4862       4113
4866       4119
5011       4304
4937       4211
5029       4271
5077       4391
5003       4358
4999       4247
5035       4284
4945       4230
5020       4322
5034       4320
4975       4232
5051       4297
5057       4326
5121       4329
4848       4114
5067       4280
5094       4325
5096       4355
5131       4330
5162       4405
5027       4265
5106       4297
5000       4232
4969       4207
4871       4149
5013       4237
5087       4281
4943       4174
4970       4206
4748       4053
4815       4084
4986       4228
5033       4261
5018       4206
4944       4236
4762       4097
4808       4127
4829       4112
4851       4157
4846       4117
4892       4168
4903       4160
4901       4205
4907       4167
5066       4280
5172       4363
5267       4473
5363       4549
5385       4566
5415       4582
5354       4520
5433       4593
5414       4536
5369       4480
5442       4582
5578       4665
5769       4861
6008       5004
5998       4938
6045       4947
5943       4812
5912       4846
5744       4608
5744       4590
5765       4638
5962       4800
5923       4729
6030       4858
6005       4815
5908       4757
5737       4634
5888       4788
6000       4852
6053       4950
6070       4971
6091       5040
6082       4976
5968       4886
5955       4894
5918       4893
5921       4902
6119       5070
6130       5076
6164       5064
6142       5039
6077       5024
5988       4935
5960       4946
5940       4907
5909       4886
5789       4773
5755       4774
5791       4788
5757       4737
5826       4791
5508       4470
5250       4226
5256       4219
5231       4231
5287       4290
5222       4242
5155       4154
5083       4147
4854       3936
4823       3887
4844       3961
4682       3809
4762       3843
4715       3875
4740       3916
4687       3829
4689       3850
4693       3823
4797       3915
4780       3888
4812       3923
4878       4014
5010       4114
5073       4234
5098       4266
5213       4393
5245       4410
5125       4292
5185       4335
5092       4304
5040       4251
4824       4044
4882       4092
4841       4078
4846       4052
4887       4105
4781       4025
4893       4131
4914       4121
4923       4091
4887       4114
4976       4193
5016       4266
4925       4160
4888       4096
4823       4057
4737       3961
4570       3863
4552       3807
4498       3786
4596       3850
4651       3901
4659       3912
4702       3953
4616       3911
4627       3922
4447       3734
4288       3572
4140       3402
4056       3380
4065       3372
3992       3317
3994       3346
4027       3279
3976       3284
4029       3351
4116       3417
4124       3460
4153       3498
4393       3708
4492       3774
4693       3955
4695       3909
4585       3773
4475       3609
4477       3665
4549       3701
4566       3750
4515       3785
4402       3690
4406       3688
4399       3719
4424       3703
4480       3744
4365       3653
4431       3683
4446       3707
4488       3732
4344       3635
4306       3586
4297       3626
4334       3621
4401       3695
4398       3656
4487       3769
4446       3704
4461       3765
4612       3866
4568       3810
4535       3800
4605       3852
4653       3904
4589       3824
4520       3774
4512       3729
4419       3682
4500       3740
4420       3677
4429       3691
4428       3713
4375       3655
4305       3607
4253       3594
4327       3640
4285       3663
4229       3618
4249       3645
4260       3638
4345       3678
4355       3704
4323       3693
4443       3793
4418       3746
4427       3819
4307       3724
4412       3809
4403       3827
4431       3808
4508       3893
4522       3894
4446       3856
4623       3955
4637       3962
4304       3691
4378       3690
4393       3697
4181       3485
4346       3601
4483       3798
4532       3861
4517       3824
4585       3885
4689       3953
4597       3833
4701       3944
4802       4076
4703       3976
4665       3987
4625       3960
4664       4044
4784       4100
4719       4085
4744       4065
4582       3950
4602       4011
4716       4072
4651       3988
4681       4015
4676       4023
4849       4181
4840       4235
4940       4261
4957       4288
4955       4303
4887       4172
4944       4308
5030       4357
5099       4414
5150       4446
5158       4411
5078       4356
4954       4216
4996       4299
5006       4275
5015       4275
4943       4199
4980       4232
4932       4200
4920       4214
4966       4235
4904       4160
4846       4133
4904       4217
4942       4192
4960       4227
4905       4158
4853       4139
4816       4142
4693       4004
4661       4030
4797       4080
4906       4123
4846       4122
4915       4198
4811       4101
4781       4083
4849       4129
4975       4246
5046       4264
5047       4246
4964       4189
4909       4157
4942       4204
4983       4249
5064       4250
5001       4245
5041       4286
5116       4341
4924       4234
4880       4191
4717       4023
5002       4193
5202       4361
5426       4549
5353       4527
5359       4572
5490       4665
5550       4654
5677       4559
5584       4479
5489       4495
5477       4541
5564       4399
5727       4485
5815       4526
5856       4620
5887       4662
5938       4738
5949       4770
5979       4801
6005       4831
6051       4821
6143       4950
6097       4900
6120       4936
6084       4886
6147       5003
6141       5021
6123       4973
6090       4956
6047       4878
6053       4963
6134       5035
6190       5074
6150       5077
6133       5047
6088       4970
6144       5005
6127       4981
6033       4920
6035       4966
6243       5116
6191       5080
6118       4965
6102       4988
6255       5092
6242       5046
6018       4899
5843       4729
5844       4748
5888       4735
5679       4583
5300       4226
5129       3986
5341       4230
5459       4376
5549       4493
5584       4555
5429       4406
5371       4278
5313       4295
5150       4133
4962       4026
4993       4033
4914       3970
5026       4073
5078       4131
5273       4285
5296       4319
5346       4402
5479       4554
5494       4595
5535       4659
5567       4661
5514       4566
5259       4379
5193       4273
5139       4225
5000       4108
4917       4041
4787       3904
4744       3928
4850       4007
4867       4047
4858       4024
4895       4038
4885       4062
4787       3937
4689       3875
4870       3987
4751       3914
4834       3993
4840       3977
4888       4007
4779       3996
4823       3975
4814       4042
4836       4020
4786       4023
4848       4121
4823       4048
4851       4083
4672       3935
4570       3839
4510       3771
4421       3701
4308       3555
4287       3550
4159       3423
4330       3591
4307       3523
4290       3548
4244       3518
4197       3495
4143       3485
4142       3446
4074       3375
4015       3311
3952       3273
4150       3415
4215       3493
4323       3595
4494       3774
4595       3888
4693       3951
4739       3917
4806       3852
4611       3673
4630       3462
4468       3704
4384       3367
4396       3626
4383       3645
4359       3651
4256       3566
4058       3398
4218       3562
4213       3565
4068       3485
4053       3500
4234       3598
4244       3623
4378       3662
4464       3742
4338       3665
4437       3794
4378       3752
4306       3718
4453       3806
4505       3827
4548       3887
4471       3800
4504       3785
4485       3812
4395       3698
4458       3807
4520       3818
4556       3816
4547       3795
4711       3932
4663       3923
4584       3863
4522       3758
4434       3708
4461       3699
4286       3517
4317       3538
4478       3730
4625       3883
4629       3910
4840       4071
4744       3961
4766       3922
4788       4012
4764       3960
4757       3950
4864       4066
4776       3987
4882       4037
4812       4025
4830       4043
4756       4030
4740       4084
4831       4133
4881       4160
4818       4120
4718       4040
4659       4016
4706       4035
4750       4090
4882       4187
5052       4294
4994       4319
5063       4340
5088       4409
5094       4360
5126       4374
5179       4391
5097       4344
5190       4440
5112       4329
5069       4291
4982       4233
4980       4205
4951       4218
4964       4180
4958       4147
4853       4050
4977       4173
5132       4319
5102       4208
5053       4200
4932       4071
5002       4146
4886       4042
4851       4064
4864       4066
4874       4043
4814       3991
4729       3980
4691       3911
4803       3991
4873       4026
4936       4064
4909       4079
4839       4050
5117       4253
5106       4244
5111       4226
5081       4244
5137       4314
5174       4325
5484       4525
5502       4546
5359       4459
5384       4474
5498       4564
5597       4647
5616       4628
5669       4613
5858       4758
5784       4630
5760       4612
5648       4511
5944       4774
5993       4797
6069       4785
6015       4693
5999       4773
5953       4765
5995       4781
6131       4890
6022       4806
6131       4977
5937       4833
6068       4947
6059       4959
6125       5031
6133       5030
6150       5039
6244       5104
6208       5039
6289       5135
6182       5049
6089       5007
6019       4931
6128       5034
6051       4952
6008       4915
6038       4948
6071       4951
6039       4962
6084       5005
6149       5043
5965       4840
5783       4820
5621       4639
5657       4705
5519       4564
5230       4295
4861       3945
4884       3913
5106       4094
5387       4375
5314       4323
5377       4382
5259       4277
5013       4005
4910       3952
4861       3911
5052       4106
5101       4146
5285       4369
5406       4433
5436       4469
5488       4547
5422       4420
5488       4516
5400       4482
5558       4609
5611       4659
5696       4710
5633       4668
5733       4759
5668       4746
5570       4626
5373       4482
5334       4455
5176       4300
5037       4177
5014       4155
4941       4101
4934       4046
4855       4048
4788       3959
4769       3953
4830       3986
4842       4052
4900       4117
4893       4078
4964       4160
4791       3977
4837       4050
4734       3888
4590       3788
4661       3853
4462       3667
4493       3734
4564       3752
4464       3686
4410       3636
4392       3659
4317       3543
4365       3588
4265       3533
4263       3541
4164       3398
4240       3513
4211       3450
4153       3404
4158       3434
4055       3353
4087       3343
4001       3287
4079       3356
4017       3304
3961       3250
4008       3271
4083       3350
4259       3570
4465       3707
4618       3868
4604       3849
4680       3949
4810       4029
4710       3973
4632       3861
4649       3906
4595       3830
4592       3805
4642       3845
4822       3957
4774       3875
4775       3832
4692       3770
4650       3852
4522       3721
4551       3840
4365       3671
4471       3750
4560       3847
4424       3739
4351       3633
4367       3596
4280       3508
4192       3389
4224       3463
4217       3508
4396       3660
4506       3764
4564       3777
4508       3742
4515       3703
4454       3637
4444       3649
4439       3673
4502       3697
4503       3705
4410       3618
4404       3621
4385       3605
4459       3742
4625       3871
4617       3879
4648       3966
4666       4013
4777       4088
4968       4222
4915       4168
4830       4124
4866       4166
4839       4150
4826       4072
4855       4060
4722       3979
4832       4101
4692       3973
4760       4025
4839       4059
4797       4095
4881       4157
4814       4089
4874       4178
4786       4018
4848       4025
5142       4378
5092       4406
5074       4334
5020       4295
4973       4268
4986       4251
4977       4275
5015       4286
4938       4174
4931       4177
4908       4170
4814       4096
4780       4010
4797       4013
4671       3877
4671       3952
4688       3916
4778       3993
4944       4139
4664       3935
4726       3993
4624       3898
4762       4037
4881       4064
4869       4046
4810       4101
4703       4004
4700       3988
4802       4059
4880       4135
4927       4142
4930       4167
4893       4153
4788       4076
4812       4129
4813       4070
4875       4111
4807       4041
4738       4017
4705       4044
4810       4134
4805       4128
4872       4205
4731       4021
4867       4106
5017       4234
5115       4291
5007       4174
5005       4173
5034       4291
5175       4385
5168       4357
5391       4549
5420       4539
5542       4669
5502       4586
5564       4567
5498       4465
5527       4570
5397       4433
5577       4539
5587       4593
5723       4626
5940       4723
5933       4675
5898       4717
5966       4809
5907       4765
5830       4763
5897       4811
5845       4720
6041       4801
6211       4970
6091       4848
6169       4880
6189       4906
6055       4876
6099       4867
6084       4858
6013       4851
6075       4918
6168       5004
6251       5082
6391       5187
6137       4960
6106       4980
6046       4893
5984       4808
5940       4852
5870       4777
6121       4833
6047       4799
6031       4845
6074       4950
5933       4809
5804       4720
5818       4779
5794       4720
5782       4701
5500       4379
5278       4121
5341       4169
5279       4134
5196       4102
5162       4091
5252       4134
5105       4048
5132       4119
5272       4181
5297       4232
5325       4303
5237       4201
5157       4150
5196       4217
5093       4141
5082       4163
4856       3922
4783       3876
4726       3839
4588       3725
4714       3872
4650       3786
4599       3792
4630       3764
4619       3794
4614       3783
4547       3658
4621       3727
4663       3811
4619       3769
4688       3852
4746       3925
4821       3967
4886       4028
5008       4140
5116       4248
5056       4216
5134       4313
5120       4279
5226       4323
5384       4527
5438       4596
5635       4694
5527       4609
5414       4536
5332       4427
5155       4342
4951       4099
4784       3960
4791       3995
4722       3950
4730       3920
4641       3843
4844       3995
4801       3947
4788       4039
4772       3975
4722       3901
4774       3980
4705       3922
4809       4007
4878       4087
4866       4049
4855       4030
4809       3959
4836       3967
4801       3946
4751       3918
4778       3976
4682       3887
4614       3799
4589       3768
4427       3670
4271       3494
4156       3413
3953       3201
3934       3149
3939       3189
3948       3217
3990       3290
3964       3237
3871       3151
4021       3294
4228       3489
4446       3696
4485       3721
4508       3782
4389       3697
4364       3680
4295       3590
4266       3566
4246       3511
4252       3543
4153       3472
4258       3504
4114       3429
4160       3485
4142       3492
4106       3421
4209       3511
4266       3539
4274       3564
4234       3496
4293       3542
4366       3605
4457       3717
4350       3599
4358       3657
4375       3640
4363       3668
4416       3725
4392       3639
4475       3696
4399       3609
4329       3641
4204       3548
4244       3534
4142       3494
4129       3468
4269       3577
4140       3493
4070       3453
4039       3407
4236       3582
4192       3526
4220       3569
4291       3616
4211       3549
4246       3576
4314       3665
4273       3598
4281       3570
4301       3625
4204       3563
4330       3622
4385       3650
4390       3617
4201       3479
4205       3516
4229       3492
4228       3470
4152       3410
4202       3480
4031       3297
4151       3416
4227       3526
4240       3521
4358       3610
4500       3712
4595       3803
4590       3845
4643       3859
4693       3873
4759       3931
4727       3871
4648       3829
4753       3897
4741       3922
4692       3882
4692       3893
4696       3942
4635       3861
4541       3763
4825       3995
4738       3982
4921       4147
4916       4066
4967       4164
4925       4124
4954       4169
5082       4265
4983       4149
4875       4108
4833       4080
4733       4006
4869       4132
4867       4129
4939       4140
4818       4025
4854       4072
4925       4146
4836       4069
4860       4139
4820       4059
4862       4100
5085       4278
5039       4259
5125       4317
5055       4222
5020       4187
5063       4267
4989       4178
5021       4224
5023       4262
5066       4236
5058       4199
4980       4163
4913       4094
5003       4111
4770       3945
4552       3777
4582       3787
4551       3819
4540       3802
4455       3748
4343       3660
4372       3697
4507       3772
4592       3864
4559       3828
4595       3859
4901       4055
4961       4048
5000       4134
4903       4054
4938       4077
4904       4020
5008       4182
4768       3984
4833       3976
4936       4118
4842       4086
4890       4082
4781       4028
4840       4047
5115       4231
5290       4400
5208       4379
5366       4444
5409       4547
5435       4566
5368       4499
5313       4446
5410       4565
5415       4588
5480       4628
5405       4533
5512       4616
5630       4717
5622       4626
5783       4752
5895       4841
5945       4925
5994       4915
5904       4848
5975       4814
5869       4697
5890       4711
5869       4683
5965       4710
5838       4671
5761       4627
5622       4502
5669       4581
5730       4586
6018       4873
6044       4911
6087       4944
6006       4862
6068       4932
6076       4942
6087       4899
6115       4972
6078       4941
6127       5027
6090       4959
6115       4997
6200       5043
6098       5001
6034       4934
6184       5094
6040       4886
6067       4879
6192       5014
6169       4973
6050       4948
5912       4785
5824       4747
5916       4783
5693       4584
5787       4635
5605       4453
5509       4351
5580       4451
5698       4500
5622       4484
5736       4616
5575       4514
5377       4335
5361       4238
5190       4095
5250       4131
5232       4177
5467       4409
5495       4391
5573       4551
5474       4415
5508       4471
5471       4389
5269       4260
5000       4022
4827       3823
4849       3888
4765       3839
4801       3820
4780       3882
4774       3892
4880       3964
4949       4054
5117       4193
5188       4242
5211       4264
5118       4158
5006       4088
4849       3932
4703       3767
4620       3773
4708       3795
4827       3930
4931       4007
5247       4264
5524       4539
5588       4620
5545       4630
5514       4544
5440       4545
5491       4608
5407       4497
5307       4418
5221       4344
5365       4457
5416       4493
5484       4567
5552       4641
5576       4653
5533       4631
5524       4585
5312       4400
5153       4279
4936       4121
4759       3972
4731       3960
4884       4065
4883       4077
4783       3947
4742       3920
4815       3939
4763       3903
4785       3954
4912       4094
4945       4087
5064       4228
5036       4183
4981       4127
5029       4154
5005       4136
5046       4174
4960       4123
4978       4143
4903       4062
4925       4082
4878       4028
4873       4025
4881       4015
4830       3920
4851       3984
4857       3956
4815       3937
4799       3922
4789       3927
4891       4016
4843       3976
4831       3979
4809       3969
4839       3984
4835       3981
4820       3982
4604       3755
4736       3894
4719       3856
4612       3797
4475       3671
4408       3606
4335       3532
4333       3503
4381       3573
4541       3714
4683       3827
4525       3690
4531       3713
4706       3872
4521       3707
4646       3800
4831       3963
4764       3918
4720       3891
4776       3966
4765       3919
4816       3947
4831       3991
4861       4016
4830       3962
4871       4024
4791       3931
4807       3962
4827       3981
4810       3962
4811       3977
4828       3975
4761       3926
4810       3980
4827       3964
4914       4027
4827       3981
4823       3960
4851       4013
4901       4035
4882       4027
4848       3990
4850       4000
4838       3968
4853       4005
4855       4042
4822       3983
4832       3991
4867       4039
4843       4000
4881       4016
4888       4026
