1662
1600
1582
1637
1638
1641
1628
1652
1623
1635
1663
1650
1664
1658
1691
1680
1695
1667
1712
1728
1642
1673
1672
1617
1608
1577
1575
1624
1628
1621
1603
1652
1632
1621
1634
1622
1665
1723
1706
1701
1752
1772
1753
1737
1672
1735
1749
1771
1719
1709
1666
1662
1635
1711
1687
1710
1697
1705
1666
1717
1744
1714
1694
1688
1702
1673
1670
1668
1664
1645
1699
1673
1660
1644
1635
1628
1605
1671
1596
1644
1636
1645
1669
1666
1616
1653
1645
1628
1641
1605
1609
1597
1580
1552
1557
1595
1551
1580
1575
1580
1584
1581
1565
1618
1580
1586
1619
1668
1659
1676
1661
1653
1638
1686
1666
1651
1646
1621
1658
1662
1637
1666
1640
1691
1682
1689
1661
1730
1669
1706
1646
1632
1642
1659
1695
1673
1653
1665
1668
1642
1658
1677
1691
1660
1649
1668
1699
1644
1668
1670
1680
1638
1634
1647
1618
1588
1593
1612
1574
1617
1645
1645
1627
1638
1626
1650
1598
1625
1631
1615
1612
1621
1611
1653
1681
1666
1617
1680
1631
1615
1630
1620
1676
1711
1623
1661
1722
1675
1674
1634
1667
1672
1676
1679
1682
1688
1663
1716
1671
1667
1709
1668
1688
1697
1710
1724
1694
1742
1695
1707
1691
1674
1716
1712
1716
1708
1749
1695
1746
1680
1737
1786
1714
1733
1702
1751
1753
1683
1727
1728
1724
1729
1723
1719
1668
1691
1662
1661
1699
1675
1699
1714
1757
1718
1693
1711
1697
1738
1775
1721
1714
1796
1731
1741
1747
1737
1760
1777
1710
1728
1725
1752
1726
1672
1694
1745
1724
1720
1665
1709
1680
1682
1668
1659
1667
1636
1730
1605
1613
1631
1610
1618
1660
1628
1591
1619
1558
1570
1561
1577
1583
1532
1573
1569
1592
1543
1634
1591
1547
1571
1549
1520
1496
1527
1583
1620
1607
1537
1579
1617
1641
1609
1582
1616
1634
1647
1668
1665
1621
1668
1659
1604
1658
1669
1652
1692
1647
1659
1652
1637
1670
1639
1667
1637
1650
1611
1634
1681
1668
1714
1731
1719
1703
1732
1673
1713
1699
1698
1719
1721
1708
1720
1698
1742
1736
1780
1788
1772
1769
1731
1728
1739
1763
1720
1706
1704
1706
1725
1692
1643
1702
1695
1696
1671
1705
1747
1685
1716
1722
1713
1722
1730
1715
1703
1732
1710
1686
1696
1704
1713
1736
1754
1735
1702
1739
1745
1786
1749
1752
1785
1812
1806
1729
1809
1738
1781
1677
1754
1718
1764
1781
1771
1742
1737
1706
1702
1715
1707
1694
1709
1680
1664
1698
1736
1715
1723
1696
1695
1732
1670
1693
1726
1659
1643
1639
1694
1670
1700
1732
1703
1708
1767
1731
1750
1710
1759
1742
1758
1746
1766
1813
1766
1806
1791
1764
1777
1767
1782
1754
1745
1762
1766
1784
1775
1787
1762
1805
1832
1776
1740
1738
1761
1759
1729
1752
1736
1769
1758
1791
1824
1782
1800
1802
1765
1769
1796
1788
1773
1748
1767
1758
1771
1750
1766
1821
1787
1733
1752
1738
1709
1717
1706
1803
1785
1844
1923
1885
1849
1859
1871
1839
1905
1882
1863
1809
1800
1861
1831
1803
1763
1698
1729
1667
1644
1679
1657
1669
1705
1688
1724
1775
1789
1741
1718
1801
1759
1759
1733
1647
1666
1658
1687
1642
1680
1631
1697
1680
1639
1704
1642
1626
1736
1700
1678
1586
1602
1585
1625
1557
1595
1576
1637
1632
1654
1616
1644
1643
1701
1670
1674
1732
1696
1702
1705
1713
1706
1719
1687
1681
1687
1679
1628
1619
1625
1633
1601
1582
1566
1590
1599
1578
1602
1585
1570
1577
1588
1557
1532
1605
1599
1574
1535
1567
1558
1574
1582
1538
1540
1575
1549
1547
1551
1586
1570
1510
1552
1569
1607
1542
1566
1577
1590
1593
1558
1604
1602
1645
1688
1697
1700
1668
1704
1645
1691
1663
1647
1642
1584
1609
1615
1602
1615
1600
1614
1592
1563
1578
1572
1597
1579
1600
1598
1585
1648
1595
1636
1662
1694
1652
1659
1686
1723
1691
1663
1663
1657
1677
1673
1702
1690
1675
1674
1701
1721
1707
1715
1717
1708
1711
1704
1699
1662
1687
1712
1664
1665
1631
1618
1659
1647
1604
1675
1699
1748
1708
1746
1781
1802
1810
1756
1737
1791
1769
1802
1771
1723
1733
1675
1702
1662
1687
1683
1665
1666
1755
1682
1682
1662
1683
1675
1674
1641
1682
1683
1703
1700
1758
1707
1735
1705
1715
1722
1699
1683
1693
1675
1675
1677
1687
1698
1705
1725
1750
1782
1732
1733
1722
1700
1598
1667
1663
1662
1706
1686
1632
1681
1622
1651
1706
1694
1690
1705
1694
1705
1678
1656
1658
1627
1658
1654
1720
1688
1684
1754
1702
1737
1768
1763
1814
1846
1757
1763
1745
1755
1671
1685
1691
1709
1743
1727
1687
1716
1689
1650
1649
1655
1651
1689
1696
1657
1653
1605
1665
1646
1659
1647
1649
1626
1606
1629
1623
1591
1609
1518
1581
1582
1595
1608
1567
1561
1544
1528
1457
1431
1463
1468
1501
1516
1496
1513
1495
1479
1494
1494
1525
1540
1507
1480
1472
1471
1525
1509
1553
1557
1572
1582
1573
1587
1521
1568
1585
1551
1533
1501
1482
1504
1528
1509
1529
1534
1554
1555
1517
1501
1526
1539
1514
1556
1562
1564
1597
1554
1573
1541
1501
1525
1512
1498
1432
1384
1425
1412
1450
1453
1445
1471
1433
1447
1459
1366
1398
1395
1408
1366
1411
1391
1413
1447
1384
1399
1346
1359
1415
1421
1390
1407
1403
1428
1392
1399
1376
1349
1283
1303
1183
1235
1244
1234
1230
1220
1248
1260
1268
1273
1236
1255
1219
1207
1176
1159
1177
1103
1073
1102
1176
1148
1130
1125
1155
1122
1111
1067
1143
1131
1138
1149
1183
1138
1122
1096
1110
1130
1105
1066
1053
1058
1076
1096
1117
1130
1147
1190
1180
1197
1222
1253
1185
1202
1168
1200
1188
1179
1185
1222
1229
1268
1277
1282
1295
1241
1217
1262
1236
1289
1276
1237
1223
1279
1282
1273
1243
1213
1229
1225
1300
1275
1307
1322
1415
1428
1445
1498
1445
1512
1558
1569
1522
1577
1526
1590
1538
1459
1513
1518
1454
1486
1475
1446
1467
1440
1489
1480
1504
1529
1582
1597
1534
1547
1514
1500
1477
1471
1441
1503
1546
1553
1548
1567
1581
1593
1598
1621
1594
1603
1579
1640
1623
1606
1632
1608
1569
1589
1547
1568
1577
1528
1519
1522
1512
1515
1498
1583
1580
1585
1569
1601
1578
1618
1593
1599
1622
1627
1640
1694
1705
1757
1693
1684
1694
1709
1742
1723
1703
1729
1773
1763
1754
1791
1788
1735
1755
1728
1742
1715
1707
1690
1719
1767
1685
1737
1761
1687
1723
1782
1838
1764
1731
1629
1659
1662
1692
1677
1651
1613
1627
1626
1631
1604
1579
1647
1567
1565
1591
1577
1563
1544
1551
1529
1499
1556
1561
1494
1598
1583
1631
1577
1615
1629
1598
1603
1583
1599
1568
1540
1540
1506
1501
1544
1531
1508
1538
1516
1488
1443
1415
1401
1378
1341
1303
1307
1304
1273
1298
1293
1297
1292
1317
1318
1277
1262
1264
1230
1188
1188
1204
1182
1185
1209
1177
1192
1195
1184
1175
1162
1159
1191
1164
1154
1199
1205
1206
1221
1256
1222
1239
1222
1235
1224
1242
1227
1241
1242
1203
1229
1229
1215
1193
1245
1189
1194
1255
1204
1228
1225
1220
1236
1218
1246
1243
1210
1233
1229
1225
1220
1229
1225
1217
1208
1202
1203
1181
1197
1169
1188
1207
1207
1172
1199
1184
1147
1193
1209
1154
1183
1155
1185
1159
1143
1142
1127
1176
1166
1170
1135
1118
1162
1142
1171
1125
1141
1154
1159
1158
1156
1125
1175
1128
1146
