14200
13735
13549
13551
13575
13627
13715
13759
13786
13720
13900
13890
13920
13951
13857
13704
13729
13732
13764
13690
13693
13698
13677
13882
13813
13823
14001
14016
13944
13956
13924
13824
13912
14030
13796
13892
13927
14077
14072
14248
14275
14345
14279
14356
14330
14291
14248
14194
14240
14337
14302
14196
14169
14116
14175
14144
14250
14235
14361
14436
14380
14263
14315
14350
14334
14263
14232
14266
14101
14004
13939
13867
13994
13923
13934
13878
13881
13847
13881
13831
13661
13669
13622
13479
13376
13248
13381
13447
13516
13585
13394
13358
13376
13421
13483
13368
13300
13191
13153
13202
13200
13221
13209
13155
13120
13010
13011
13136
13293
13216
13215
13351
13283
13373
13284
13349
13175
13099
13197
13188
13231
13214
13160
13088
13130
13108
13057
13126
13105
13159
13179
13270
13168
13033
12961
12994
12924
12971
13026
12989
13085
13098
13129
13093
13141
13112
13165
13116
12989
12904
12927
12961
13066
12922
12985
13126
13148
13066
13022
13010
13095
13050
13023
13051
13095
12976
13097
13103
13020
13032
12999
12998
13050
13133
13087
13198
13109
13100
13009
12990
13021
13013
13016
12999
13063
13110
13011
13181
13103
13050
13099
13079
13042
13151
13158
13048
12952
12809
12876
12860
12920
12795
12912
12996
13008
13041
12890
12819
12916
12834
12885
12906
12855
12908
12924
12803
12844
12990
13038
12979
12899
12904
12908
12988
12863
12891
12913
13053
12964
12944
12951
13039
12942
12987
12964
12912
13049
13008
12970
12933
12953
12881
12780
12836
12789
12854
12776
12811
12756
12797
12865
12807
12718
12666
12826
12895
13029
12908
13032
12890
12934
12840
12861
12892
12848
12808
12761
12853
12781
12822
12740
12672
12634
12494
12415
12418
12290
12281
12299
12075
12062
12054
11979
11953
11893
11885
11778
11733
11613
11680
11587
11541
11423
11354
11234
11083
11161
11081
11031
11103
10995
11000
10875
11003
10962
10858
10727
10683
10661
10706
10764
10777
10631
10629
10555
10491
10441
10333
10299
10172
10216
10222
10212
10149
10156
10196
10132
10035
10064
10050
10011
9923
9909
9889
9803
9716
9769
9807
9786
9726
9884
9689
9631
9588
9654
9608
9640
9678
9797
9738
9625
9628
9498
9467
9619
9577
9576
9535
9531
9472
9499
9507
9512
9531
9485
9454
9442
9463
9433
9423
9355
9310
9314
9361
9308
9317
9391
9284
9318
9317
9210
9248
9245
9260
9168
9281
9171
9114
9075
9135
9086
9148
9186
9065
9053
9007
8922
8940
8887
8815
8837
8823
8820
8671
8791
8779
8727
8764
8649
8551
8603
8602
8699
8630
8475
8550
8470
8521
8569
8544
8463
8447
8460
8394
8329
8273
8173
8271
8259
8310
8168
8123
8024
7981
7983
7956
8006
7825
7655
7691
7611
7658
7613
7638
7582
7507
7445
7499
7463
7483
7386
7399
7362
7365
7331
7387
7402
7450
7582
7584
7526
7572
7729
7772
7745
7706
7584
7530
7487
7405
7422
7349
7412
7378
7350
7327
7392
7386
7379
7435
7518
7553
7539
7615
7629
7619
7724
7949
7894
7877
7903
7799
7898
8014
8057
8086
8065
8010
8108
8294
8386
8322
8322
8421
8380
8531
8529
8501
8438
8490
8611
8675
8800
8753
8894
8955
9140
9067
8910
8874
8998
9064
9193
9206
9121
9069
9112
9100
8960
9059
9046
9158
9261
9190
9092
9003
8956
8635
8760
8814
8679
8677
8698
8725
8709
8674
8549
8434
8532
8484
8471
8499
8586
8388
8162
8102
8211
8392
8404
8324
8495
8476
8330
8164
8509
8424
8506
8506
8464
8642
8705
8848
8751
8891
8810
8989
8995
9104
9064
9126
9124
9124
9281
9285
9294
9356
9418
9382
9318
9476
9477
9213
9338
9463
9652
9746
9592
9532
9737
9716
9654
9661
9656
9655
9748
9780
9805
9551
9631
9818
9791
9857
10001
9941
10180
10195
10169
10016
10096
10172
10266
10198
10225
10124
10187
10158
9998
9993
9884
9846
9826
9879
9664
9575
9658
9568
9585
9466
9579
9569
9466
9375
9549
9737
9610
9558
9475
9447
9625
9610
9519
9573
9519
9455
9539
9620
9794
9538
9653
9685
9705
9705
9675
9542
9526
9504
9702
9706
9478
9651
9710
9641
9803
9914
9828
9851
9866
9858
9800
10022
9911
9814
9891
10004
10062
10040
10150
10171
10094
10109
10080
10183
10076
10226
10183
10093
10133
10156
10025
10195
10138
10183
10075
10167
10036
10008
9886
10152
10280
10101
10209
10164
10245
10149
10226
10138
10187
10211
10166
10120
10078
10001
10081
10212
10082
9925
9864
9865
9927
10003
9996
9984
10027
10037
10024
10004
9982
9983
10100
9985
10125
10033
10100
10326
10134
10322
10180
10047
10382
10234
10132
10120
10285
10590
10202
10113
10060
10186
10159
10162
10309
10191
10346
10182
10351
10235
10406
10310
10383
10330
10387
10657
10535
10288
10133
10287
10337
10539
10539
10423
10411
10531
10508
10389
10481
10461
10352
10422
10080
10176
10171
9909
9943
10025
10138
10025
9800
9844
10177
9825
9926
10256
10059
10133
10014
10275
10257
10223
10293
10428
10291
10082
10141
10231
10258
10249
10272
10260
10193
10203
10100
10067
10145
9896
10028
9942
9819
9705
9641
9653
9469
9622
9589
9601
9630
9606
9787
9997
9788
9724
9799
9806
9804
9590
9735
9762
9729
9559
9763
9695
9684
9755
9686
9697
9642
9754
9507
9616
9608
9751
9725
9804
9904
9894
9889
9891
9749
9876
9617
9721
9614
9673
9737
9920
9814
9731
9791
9653
9900
9962
9762
9680
9594
9548
9546
9464
9569
9536
9567
9372
9454
9382
9386
9454
9367
9421
9476
9263
9312
9326
9195
9138
9072
9148
9251
9031
8973
8926
8774
8649
8693
8587
8462
8265
8423
8443
8481
8368
8325
8264
8368
8402
8276
8499
8402
8268
8395
8333
8381
8110
8045
8060
8087
8041
7843
7865
7825
7776
7818
7832
7888
7998
7786
7784
7763
7907
7897
7848
7809
7891
7939
7912
7829
7660
7673
7710
7596
7580
7608
7607
7699
7708
7937
8047
7834
7913
7679
7823
7775
7888
8025
7919
8094
7957
8079
8119
8079
8151
7979
8125
8165
8271
8200
8313
8502
8332
8420
8500
8581
8719
8662
8633
8861
8998
8939
9065
9097
8983
9198
9003
9168
9493
9209
9521
9610
9769
9653
9843
9747
9808
9761
9685
9679
9504
9441
9458
9563
9504
9495
9607
9593
9596
9770
9864
9918
10191
10202
10189
10064
10011
9808
9726
9712
9720
9670
9771
9862
10104
9895
10153
9958
9867
9954
10058
10055
9841
9938
9843
9975
9823
10055
9929
10077
10042
9806
9976
9841
9839
10066
9870
9826
10191
10104
9977
10148
10052
10418
10054
10264
10086
10226
10324
10104
10263
10118
10069
10069
10019
10070
10143
10147
9883
9986
9897
9853
9925
9942
9864
9839
9746
9640
9729
9659
9746
9724
9837
9786
9923
9876
9927
9790
10110
10145
10258
10320
10221
10180
10098
10333
10153
10117
10157
10232
10033
10090
10261
10147
10176
10073
9889
9886
9938
9827
9762
9865
9717
9880
9769
9717
9681
9679
9683
9459
9548
9525
9409
9424
9427
9621
9557
9594
9695
9639
9544
9693
9776
9728
9654
9660
9415
9434
9394
9342
9191
9003
9097
9035
9009
8981
9024
8987
8986
8931
8828
8820
8749
8786
8768
8835
8690
8650
8692
8644
8630
8642
8591
8595
8579
8517
8504
8465
8501
8367
8378
8332
8329
8275
8274
8141
8081
8187
8231
8161
8065
8211
8164
8137
8071
8137
8167
8158
8153
8129
8141
8108
8122
8135
8223
8203
8138
8185
8078
8136
8227
8175
8152
8143
8152
8226
8195
8181
8161
8074
8126
8108
8172
8131
8134
8092
8149
8115
8119
8126
8120
8137
8143
8196
8139
8146
8111
8150
8131
8111
8108
8113
8142
8125
8197
8145
8134
8151
8181
8182
8149
8128
8167
8159
8124
8147
8152
8174
8145
8162
8158
8139
8122
8148
8139
