0.0368653 0.117042
0.0366468 0.116491
0.0362869 0.116761
0.0367296 0.120803
0.0360285 0.120663
0.0356576 0.120423
0.0354344 0.118702
0.0357073 0.120067
0.0349228 0.117728
0.0355057 0.119169
0.0359459 0.11964
0.0357112 0.11879
0.0358992 0.11954
0.0357243 0.118845
0.0366517 0.122032
0.0362945 0.122592
0.0366114 0.123461
0.0358325 0.121395
0.0369579 0.124382
0.0374878 0.126224
0.0354185 0.119915
0.0360048 0.122135
0.0362163 0.122249
0.0350767 0.116482
0.0351337 0.116412
0.0350032 0.114085
0.035128 0.112492
0.0364763 0.115868
0.0368093 0.116753
0.036749 0.116151
0.0366333 0.115125
0.0376233 0.119502
0.0372773 0.117309
0.0369627 0.115538
0.0371575 0.11844
0.036956 0.116758
0.0378409 0.119552
0.0387609 0.122398
0.0381741 0.121234
0.0375414 0.119385
0.0384607 0.122732
0.0386646 0.123527
0.0384472 0.122768
0.0380646 0.120995
0.0364699 0.116678
0.0379318 0.121405
0.0380855 0.122754
0.0388062 0.124771
0.0376462 0.120716
0.0371594 0.119202
0.0362426 0.116487
0.0362914 0.117075
0.0355837 0.115393
0.0372418 0.12121
0.0367362 0.119012
0.0370989 0.120899
0.0369347 0.119088
0.0370596 0.119775
0.0364153 0.116009
0.03715 0.118939
0.0379188 0.12128
0.0372034 0.120171
0.0368589 0.118337
0.0363887 0.117631
0.0366652 0.118739
0.0361472 0.117297
0.0361206 0.117341
0.0362081 0.116921
0.0360947 0.118006
0.035647 0.117466
0.036798 0.121888
0.0365555 0.120646
0.0360658 0.118622
0.0355544 0.118078
0.0353896 0.117339
0.0352129 0.117308
0.0349224 0.115626
0.036219 0.120676
0.0345215 0.114977
0.03548 0.118863
0.0354274 0.119757
0.0354388 0.120345
0.0360763 0.122522
0.0360606 0.1236
0.0348441 0.120813
0.0355171 0.124774
0.0353885 0.122936
0.0349754 0.121068
0.0354711 0.121412
0.0346555 0.118145
0.0345977 0.120128
0.0343057 0.119554
0.0340407 0.118122
0.0333119 0.11564
0.0335676 0.115479
0.0342165 0.119315
0.0332533 0.116617
0.0338932 0.119779
0.0338266 0.119745
0.0338308 0.119679
0.0340448 0.12
0.0339496 0.119582
0.0336842 0.11848
0.0346482 0.122995
0.0338402 0.120427
0.0340438 0.121906
0.0347201 0.124433
0.0356266 0.126979
0.0356223 0.124803
0.0359194 0.126816
0.0357936 0.125691
0.0355874 0.123811
0.0353131 0.123316
0.0361469 0.126075
0.0357051 0.125414
0.0354855 0.12368
0.0351965 0.124934
0.0347578 0.12375
0.0353956 0.125635
0.0356576 0.126024
0.0350093 0.123725
0.035577 0.126078
0.035054 0.12462
0.0362207 0.129202
0.0360295 0.128104
0.0360528 0.128853
0.035604 0.127211
0.0368941 0.131799
0.0355773 0.127356
0.0364188 0.129645
0.0351289 0.124896
0.0348078 0.122984
0.0351042 0.124696
0.0355894 0.127292
0.0363976 0.130777
0.0358682 0.128752
0.035569 0.127902
0.0359006 0.128363
0.0355787 0.128052
0.0350256 0.126415
0.0352369 0.12671
0.0357729 0.128035
0.0361913 0.128799
0.0354542 0.126785
0.0352924 0.125485
0.0355279 0.127212
0.0362384 0.129054
0.0351966 0.125343
0.0357349 0.128416
0.0358531 0.129417
0.0358492 0.129961
0.0349343 0.126379
0.0347467 0.125057
0.0351908 0.127457
0.0345056 0.124605
0.0338139 0.120981
0.0340029 0.121159
0.0343564 0.123374
0.0336447 0.120872
0.0347212 0.124289
0.034939 0.12562
0.0350045 0.126054
0.0346591 0.124933
0.0350464 0.125508
0.0348172 0.12417
0.0351925 0.127158
0.034103 0.122013
0.0345099 0.124017
0.0346984 0.125269
0.0344042 0.123926
0.0344879 0.12401
0.0345107 0.124711
0.0343497 0.123448
0.0350554 0.125866
0.0357896 0.128448
0.0354137 0.126231
0.0344659 0.12335
0.0356363 0.128244
0.034638 0.125375
0.0343128 0.124326
0.034641 0.125182
0.034518 0.124491
0.0356763 0.128765
0.0363648 0.131626
0.0345554 0.124244
0.0353269 0.126697
0.0366243 0.13235
0.0355951 0.127077
0.0357876 0.127757
0.0348817 0.125211
0.0353358 0.127262
0.0355178 0.127839
0.0357295 0.128508
0.035779 0.127671
0.035788 0.127831
0.0357491 0.129368
0.0354207 0.128397
0.0364316 0.133968
0.0356412 0.129776
0.0354477 0.129627
0.0361563 0.132276
0.0356098 0.130363
0.0358638 0.130731
0.035844 0.130579
0.0363845 0.131458
0.0365293 0.132198
0.0359531 0.13142
0.0370512 0.135892
0.0357542 0.131233
0.0359891 0.133006
0.0356157 0.131238
0.0355633 0.129707
0.0362591 0.133489
0.0362689 0.132631
0.0362561 0.132776
0.0360825 0.133406
0.0370559 0.136173
0.0357965 0.130485
0.0369016 0.133916
0.0356438 0.12944
0.0368798 0.134662
0.0378558 0.138407
0.0363097 0.132786
0.036528 0.133431
0.0359588 0.132317
0.0369956 0.135831
0.0370825 0.135755
0.0357006 0.128936
0.0366955 0.133215
0.0364626 0.133498
0.0363544 0.133117
0.0364414 0.132602
0.0364564 0.133132
0.0360536 0.132363
0.0354441 0.128664
0.0357672 0.130963
0.0350241 0.127366
0.0352063 0.127691
0.0356985 0.130995
0.035431 0.129514
0.0358091 0.131167
0.0362069 0.133064
0.0370761 0.13748
0.0361928 0.133842
0.035833 0.132379
0.0361344 0.13311
0.0360007 0.132827
0.0365433 0.135665
0.0372883 0.13915
0.0362988 0.134485
0.0363036 0.13323
0.0377684 0.140236
0.0365846 0.136106
0.0367773 0.137455
0.037041 0.136208
0.0366719 0.134703
0.0368286 0.135083
0.0373374 0.137667
0.0360965 0.131215
0.0364257 0.134057
0.0362768 0.133369
0.036885 0.136449
0.0362796 0.134204
0.0351807 0.129693
0.0355628 0.131849
0.0367314 0.136243
0.0363682 0.135099
0.0363544 0.133821
0.0351466 0.130271
0.0360754 0.133287
0.0354214 0.131868
0.0355542 0.132734
0.0351758 0.132025
0.0348164 0.132784
0.0349901 0.134273
0.0346038 0.131744
0.0362281 0.140765
0.0337817 0.13069
0.0339887 0.131149
0.0342546 0.135072
0.0339777 0.133477
0.0339246 0.134229
0.0348271 0.138576
0.0342744 0.1362
0.0334546 0.133776
0.0337503 0.136222
0.0328831 0.132281
0.0328418 0.133811
0.0327893 0.134418
0.0330781 0.135017
0.0333277 0.136619
0.0319533 0.132744
0.0329252 0.137705
0.0326548 0.138189
0.0332484 0.141713
0.0321264 0.139222
0.0340786 0.146403
0.0332026 0.143579
0.0321541 0.140241
0.032505 0.141493
0.0322641 0.140882
0.0317116 0.138182
0.0313423 0.137563
0.0319858 0.13878
0.0329579 0.144408
0.0336707 0.149199
0.0336756 0.149809
0.0322242 0.143873
0.0330342 0.14811
0.0335798 0.151037
0.0340838 0.152453
0.0334741 0.149299
0.0328775 0.14881
0.0336106 0.152037
0.0338807 0.154808
0.0342996 0.156992
0.0345606 0.159755
0.0346334 0.161134
0.0336321 0.157394
0.0344892 0.16398
0.034505 0.162392
0.0334097 0.156916
0.034505 0.162358
0.0346086 0.16445
0.0343358 0.162662
0.0349587 0.165947
0.0340669 0.162554
0.0343215 0.165321
0.0345614 0.164149
0.0338223 0.162886
0.0344174 0.166817
0.0338476 0.165172
0.0346124 0.168231
0.0338874 0.165537
0.0342814 0.168316
0.0333292 0.165809
0.0338344 0.167264
0.0349284 0.171408
0.0345571 0.170448
0.0353745 0.176229
0.0360708 0.175132
0.0357106 0.177418
0.0351496 0.176825
0.0359262 0.180642
0.0349218 0.173296
0.0356289 0.178289
0.0353494 0.176245
0.0351349 0.175449
0.0356004 0.175462
0.0357781 0.17673
0.0356026 0.177455
0.0358117 0.178646
0.0353529 0.178774
0.0359309 0.184008
0.0361659 0.180476
0.036789 0.185862
0.0371764 0.186717
0.0367818 0.185842
0.0366351 0.185605
0.0359419 0.182749
0.0359214 0.181914
0.0362171 0.182918
0.0366284 0.185345
0.0357024 0.180464
0.0353861 0.179863
0.0352379 0.180241
0.035318 0.180682
0.0357461 0.182289
0.0349652 0.17937
0.0342613 0.174361
0.0354428 0.181935
0.0351215 0.182062
0.0352929 0.182091
0.0345519 0.178507
0.035255 0.183176
0.0362178 0.187507
0.0350385 0.179427
0.0356261 0.184834
0.0356573 0.184804
0.0354614 0.183857
0.0357454 0.186971
0.0360913 0.187067
0.0356415 0.185506
0.0353451 0.183909
0.0358392 0.188918
0.0354926 0.184247
0.0349466 0.18384
0.0351999 0.186087
0.0353468 0.187769
0.0352143 0.187521
0.0358989 0.191063
0.0364809 0.191736
0.0359757 0.188874
0.0352666 0.187755
0.0360265 0.192091
0.0362507 0.193738
0.0369948 0.200179
0.0362938 0.195638
0.0364173 0.197142
0.036981 0.202496
0.0374566 0.205047
0.0373758 0.204692
0.0359019 0.196032
0.0376326 0.208626
0.0361985 0.197702
0.0369717 0.20287
0.0347961 0.192162
0.0364627 0.200137
0.0356757 0.198636
0.0367799 0.206292
0.036994 0.207021
0.0367321 0.205882
0.0363 0.200253
0.0360224 0.201275
0.0354501 0.201298
0.0354628 0.199064
0.0355676 0.202479
0.0354959 0.200329
0.0352953 0.197689
0.035573 0.200023
0.0350131 0.198511
0.0348023 0.196993
0.0353787 0.200709
0.036078 0.206814
0.0358097 0.205907
0.03586 0.208268
0.0353908 0.207513
0.0353899 0.204933
0.0361798 0.209711
0.0348672 0.200963
0.0355105 0.207272
0.0360892 0.212483
0.0349168 0.206755
0.0344828 0.205864
0.0343743 0.205311
0.0356774 0.212921
0.0352641 0.208594
0.0357782 0.217252
0.0362745 0.226257
0.035929 0.221428
0.0362148 0.224412
0.0372832 0.230739
0.0367041 0.227374
0.0370081 0.229118
0.0362711 0.225534
0.0375534 0.234315
0.0372357 0.233983
0.0374792 0.234431
0.0372337 0.233954
0.0377254 0.236002
0.0389231 0.245464
0.0377117 0.238681
0.038556 0.245314
0.038352 0.243177
0.0378525 0.240622
0.0380807 0.240558
0.0379616 0.238719
0.0380525 0.239195
0.0377578 0.231337
0.0375543 0.23009
0.0377423 0.234122
0.0379891 0.233228
0.0382095 0.230819
0.0382568 0.228384
0.0385279 0.23073
0.0377917 0.228653
0.0387173 0.238001
0.0393437 0.243293
0.0382759 0.237211
0.0374548 0.234976
0.0370924 0.234169
0.0379821 0.239624
0.037934 0.237318
0.0370664 0.234345
0.0376653 0.238367
0.0375213 0.236932
0.0381078 0.239313
0.0376486 0.238018
0.0387076 0.242716
0.0392494 0.245326
0.038297 0.237031
0.0387873 0.238316
0.039017 0.239024
0.038215 0.231779
0.0385286 0.231878
0.0391047 0.235726
0.0389034 0.231486
0.0386738 0.223047
0.0380762 0.221434
0.0387559 0.224324
0.0387216 0.222447
0.0386327 0.22708
0.0384801 0.221575
0.0388209 0.220364
0.0396663 0.226015
0.0390337 0.220999
0.0380829 0.214879
0.0385301 0.218727
0.0381232 0.214356
0.0373887 0.206053
0.0373683 0.204746
0.0373648 0.204999
0.0393333 0.216655
0.038758 0.21197
0.0404857 0.220048
0.0420548 0.225413
0.0411285 0.221011
0.0401642 0.217504
0.0407006 0.220313
0.0406024 0.220377
0.0399227 0.213564
0.0411785 0.219597
0.0403923 0.213864
0.0402515 0.212841
0.0390418 0.203396
0.038586 0.201005
0.0397718 0.203611
0.0394247 0.201941
0.0390192 0.202357
0.0382753 0.19867
0.0365972 0.188709
0.0374251 0.190755
0.0357158 0.181334
0.0353898 0.178579
0.0361736 0.184081
0.0356682 0.18271
0.036281 0.183165
0.0372588 0.187363
0.0368688 0.188393
0.0377177 0.190308
0.0397376 0.196219
0.039869 0.195348
0.0387967 0.187993
0.0379937 0.186942
0.03973 0.198086
0.0388927 0.195379
0.0388223 0.196405
0.038306 0.200695
0.0362719 0.188014
0.0369926 0.189017
0.0366774 0.191036
0.0373726 0.194422
0.0363323 0.188779
0.0370959 0.19255
0.0364258 0.187278
0.0384337 0.195642
0.0379996 0.196514
0.0369377 0.194332
0.0383905 0.199719
0.0371788 0.193541
0.0374534 0.191949
0.0399733 0.204259
0.0389364 0.197997
0.0382084 0.200048
0.0350916 0.194315
0.0356166 0.197729
0.0353779 0.193034
0.0361304 0.193637
0.0343004 0.185269
0.0351903 0.191615
0.0346633 0.185521
0.0359117 0.193134
0.036009 0.195918
0.0362386 0.202597
0.0351396 0.189917
0.0356724 0.195157
0.0355128 0.193158
0.0366405 0.199976
0.0356122 0.197306
0.0353112 0.193705
0.0365432 0.198966
0.0355541 0.191682
0.0357458 0.194492
0.035733 0.191767
0.0358076 0.194438
0.0358388 0.189788
0.0359338 0.191106
0.0353335 0.185303
0.0352529 0.185459
0.035192 0.184856
0.0351881 0.18402
0.0339861 0.178431
0.0338724 0.174442
0.0338619 0.175013
0.0341589 0.175705
0.0335555 0.17112
0.0328932 0.167976
0.0326849 0.166915
0.0332796 0.170637
0.0335009 0.168742
0.0330949 0.166508
0.0336781 0.173885
0.0332843 0.169737
0.0331147 0.165909
0.0332091 0.163386
0.0332037 0.162939
0.0326566 0.162323
0.032073 0.160722
0.033411 0.164835
0.0335354 0.164574
0.0331452 0.163041
0.0320741 0.158886
0.0328374 0.162283
0.0326522 0.161367
0.0332678 0.161469
0.0332695 0.161759
0.0321495 0.156859
0.0321235 0.16124
0.033041 0.163534
0.0323998 0.157771
0.0321963 0.158002
0.0323915 0.15735
0.0331252 0.158584
0.0328493 0.157932
0.0316489 0.14833
0.0322406 0.152231
0.0330295 0.154292
0.0337875 0.160443
0.032178 0.152734
0.0329608 0.153952
0.0329909 0.153614
0.0334751 0.155913
0.0335489 0.155795
0.0329171 0.153892
0.0339759 0.157456
0.0339572 0.157708
0.0348524 0.164533
0.0356622 0.168918
0.0359458 0.171692
0.0359203 0.172659
0.0351802 0.169754
0.035876 0.172487
0.0344813 0.170219
0.0358506 0.176606
0.0351029 0.172189
0.0346708 0.172136
0.0346779 0.171309
0.0334149 0.167336
0.0338908 0.167972
0.0340265 0.168774
0.033801 0.169237
0.034107 0.172267
0.0337959 0.167557
0.0342217 0.165759
0.0336725 0.165661
0.0330647 0.163528
0.0333756 0.166544
0.0332705 0.166402
0.0336253 0.165922
0.0335879 0.164308
0.033719 0.168085
0.0339271 0.166928
0.0335926 0.166509
0.034851 0.174299
0.0337416 0.167208
0.0348448 0.170062
0.0352529 0.169696
0.0358041 0.177605
0.0349844 0.171139
0.0353475 0.171296
0.0356305 0.173725
0.0366019 0.177537
0.0358232 0.17478
0.0352592 0.174282
0.0351742 0.174575
0.0352396 0.174348
0.0354448 0.172851
0.0354112 0.172368
0.0361121 0.179574
0.0360664 0.175111
0.0355031 0.172503
0.0355256 0.173633
0.0363159 0.173518
0.036656 0.173593
0.0363571 0.173687
0.0365243 0.174094
0.0365405 0.174032
0.0362479 0.17326
0.0365091 0.174592
0.0361392 0.170026
0.0359584 0.171426
0.0352238 0.16935
0.0357385 0.170559
0.036342 0.171132
0.0352744 0.165375
0.0353503 0.165837
0.0344282 0.16069
0.0343824 0.15908
0.0352454 0.164355
0.0351218 0.162924
0.034294 0.159127
0.0355611 0.16449
0.036172 0.168619
0.0374112 0.170937
0.0363629 0.167731
0.0372099 0.172991
0.0379477 0.175762
0.0384394 0.177432
0.0386537 0.180549
0.0372673 0.172241
0.0368704 0.171336
0.038091 0.175881
0.0376239 0.175583
0.0384132 0.17724
0.0377266 0.176465
0.0365825 0.172162
0.0368473 0.175298
0.0357097 0.164992
0.0361927 0.165564
0.0353279 0.164538
0.0358585 0.165246
0.0358497 0.165584
0.0353728 0.162518
0.0354408 0.164154
0.0374208 0.171621
0.0356054 0.16591
0.0356077 0.165112
0.0353054 0.162766
0.0359032 0.165552
0.035482 0.165514
0.0355482 0.166104
0.0348882 0.164084
0.0359248 0.166849
0.035914 0.164806
0.0362286 0.168915
0.036415 0.171285
0.0375553 0.178224
0.0363292 0.173036
0.0369495 0.174776
0.0363029 0.170449
0.0364065 0.171569
0.0367047 0.172476
0.0361289 0.169443
0.0355348 0.16768
0.0358892 0.168895
0.0355755 0.167433
0.0355506 0.167802
0.0356915 0.167986
0.0358814 0.16703
0.0362852 0.170055
0.0362342 0.168395
0.0367256 0.171933
0.037223 0.173267
0.0379068 0.172574
0.036862 0.17091
0.036925 0.167894
0.0367784 0.169155
0.036345 0.169205
0.034103 0.15392
0.0354817 0.162888
0.0352899 0.164133
0.0354009 0.164229
0.0363505 0.165873
0.0359304 0.159207
0.0347833 0.159969
0.0359795 0.166222
0.0346507 0.161233
0.0353163 0.162085
0.0362809 0.16793
0.0362555 0.166699
0.0361204 0.163934
0.0364137 0.167304
0.0362718 0.163735
0.0366753 0.167452
0.0360356 0.16211
0.035509 0.161798
0.0353518 0.159331
0.0351275 0.157808
0.0355603 0.159684
0.0354692 0.160116
0.0366441 0.165592
0.0360699 0.158394
0.0360947 0.159848
0.0375798 0.17049
0.0365644 0.167966
0.0373179 0.168854
0.0377762 0.171036
0.0375826 0.167283
0.0386286 0.172123
0.0395636 0.177108
0.0377403 0.168764
0.0377193 0.167411
0.0373406 0.166064
0.0376012 0.168929
0.0357517 0.159431
0.0362078 0.161074
0.0363257 0.16335
0.0363084 0.16398
0.0370812 0.172917
0.0366301 0.169713
0.0358822 0.165864
0.0365262 0.173176
0.0361253 0.169868
0.0349858 0.164589
0.0350233 0.162655
0.0352353 0.165087
0.0351516 0.168469
0.0360505 0.171577
0.0361343 0.16665
0.0353102 0.168651
0.0352092 0.166532
0.0341504 0.156494
0.0355739 0.165523
0.0352093 0.16244
0.0354298 0.165668
0.0352013 0.160292
0.035269 0.160768
0.0347622 0.159053
0.0343779 0.156028
0.0347461 0.156214
0.0346403 0.157711
0.0338331 0.157806
0.0342137 0.158663
0.0324144 0.148373
0.0338406 0.154124
0.0336453 0.154357
0.0338879 0.155276
0.0339828 0.156725
0.0330194 0.153733
0.0330896 0.152994
0.0326165 0.152871
0.0324844 0.151783
0.0308223 0.143618
0.030487 0.144604
0.031028 0.145892
0.031173 0.147656
0.0318589 0.152867
0.0320142 0.156208
0.0316775 0.155171
0.0322299 0.156739
0.0319642 0.157884
0.031583 0.15371
0.0318604 0.155804
0.0316619 0.155609
0.0323738 0.158359
0.0326174 0.160316
0.0320461 0.15398
0.0312685 0.148044
0.0311752 0.150388
0.0313159 0.151275
0.0325139 0.155628
0.0319412 0.153885
0.0329067 0.158405
0.0330104 0.162357
0.0333999 0.161479
0.0331177 0.162057
0.0331416 0.161682
0.0335497 0.166022
0.0321918 0.155792
0.0331648 0.161733
0.0334996 0.163672
0.0326932 0.158995
0.032428 0.15827
0.0317652 0.15479
0.031461 0.153703
0.0317019 0.154193
0.0325279 0.160724
0.0319466 0.156926
0.0327865 0.159138
0.0325566 0.157317
0.0330526 0.159794
0.0331521 0.158609
0.032311 0.15317
0.0319464 0.151708
0.0324005 0.154313
0.0326648 0.155596
0.0322512 0.155298
0.0331275 0.157554
0.0332723 0.162421
0.0332031 0.160889
0.0342036 0.166112
0.033203 0.160653
0.0335452 0.161549
0.0328473 0.155343
0.031962 0.152945
0.0323704 0.156716
0.0322017 0.154428
0.0318419 0.155185
0.030204 0.144646
0.0293569 0.138928
0.030095 0.145974
0.0298944 0.145868
0.0306256 0.151136
0.0307683 0.152178
0.0304621 0.151372
0.0310777 0.155431
0.030321 0.149754
0.0306004 0.151741
0.030532 0.152503
0.0287724 0.145753
0.029475 0.147874
0.0294074 0.148689
0.0296346 0.150011
0.0289572 0.144489
0.0297328 0.150635
0.0294803 0.147649
0.0299003 0.149114
0.0306354 0.156213
0.0291768 0.148625
0.0294992 0.150011
0.0283571 0.146384
0.028622 0.14872
0.0299992 0.155974
0.0300645 0.155335
0.029377 0.150254
0.0298542 0.155797
0.029789 0.156358
0.0303384 0.159982
0.0294516 0.158651
0.0297444 0.161753
0.0290768 0.158288
0.0285799 0.157098
0.0271529 0.151619
0.0275686 0.157653
0.0249394 0.140449
0.0259546 0.146275
0.0260066 0.146681
0.0259549 0.147467
0.0258528 0.147748
0.0255278 0.147628
0.026123 0.14914
0.0262922 0.149964
0.0265289 0.153214
0.0263752 0.149782
0.0259272 0.147108
0.0259598 0.15179
0.0252978 0.145205
0.0250016 0.144846
0.024603 0.140317
0.0242403 0.14291
0.0244277 0.146302
0.0230372 0.136849
0.0223444 0.132682
0.0229588 0.137048
0.0244389 0.149943
0.0239147 0.145963
0.0235402 0.144409
0.0234688 0.144676
0.024033 0.147736
0.0232438 0.143258
0.023003 0.140847
0.0221007 0.133408
0.0236206 0.146802
0.0234584 0.145298
0.0236409 0.146593
0.0238525 0.145314
0.0244958 0.149804
0.0235075 0.145005
0.0232231 0.14368
0.0226751 0.138892
0.0230228 0.139816
0.0233655 0.142821
0.0228277 0.141142
0.0221267 0.139164
0.021917 0.137234
0.0220307 0.137224
0.0224069 0.141654
0.0228267 0.144591
0.0232379 0.146819
0.0235001 0.148547
0.0238998 0.14898
0.0248715 0.154385
0.0245017 0.148671
0.0248175 0.148751
0.0252871 0.155987
0.0257152 0.158347
0.0246618 0.154317
0.0248697 0.153649
0.0244428 0.150225
0.0249325 0.15213
0.025029 0.148037
0.0246565 0.148882
0.0246341 0.146405
0.0255403 0.153575
0.0255642 0.152123
0.0264442 0.156177
0.0265406 0.158064
0.0266163 0.157281
0.0269371 0.162301
0.0258085 0.152738
0.025464 0.149051
0.0262785 0.152581
0.0257275 0.150732
0.0267261 0.155058
0.0266522 0.150082
0.0260866 0.148464
0.0259715 0.145249
0.0271095 0.150471
0.0270961 0.1494
0.0269031 0.146003
0.0262214 0.1435
0.0256975 0.140507
0.0259376 0.138698
0.0259666 0.136141
0.0275202 0.14543
0.0270557 0.140651
0.0278405 0.143674
0.0283035 0.147167
0.0302331 0.153838
0.030507 0.158614
0.0308794 0.157613
0.0318439 0.1578
0.030803 0.156912
0.0321805 0.158807
0.0332253 0.162123
0.0334463 0.16061
0.0324631 0.157671
0.0336097 0.160215
0.0324888 0.156561
0.033881 0.162113
0.0326664 0.157566
0.0310115 0.150645
0.0322244 0.156318
0.0322259 0.159722
0.0309559 0.154009
0.0317128 0.157116
0.0310926 0.15424
0.0306434 0.152146
0.0306231 0.154502
0.0306122 0.149891
0.0314533 0.155217
0.0313254 0.154231
0.0318712 0.153941
0.032425 0.155008
0.0335575 0.159508
0.0338075 0.156707
0.0325172 0.150363
0.0327914 0.15183
0.0322773 0.150437
0.0319319 0.149835
0.0316105 0.150591
0.0313706 0.151244
0.0305958 0.148373
0.0319991 0.15463
0.0329799 0.159876
0.0332072 0.15894
0.0328711 0.156966
0.0334393 0.155087
0.0337402 0.159778
0.0340421 0.156899
0.0342749 0.160474
0.0348655 0.164285
0.0339604 0.160137
0.0340788 0.159376
0.0336552 0.157036
0.0348766 0.16665
0.0343361 0.163313
0.0342584 0.163162
0.0345741 0.163609
0.0340044 0.163697
0.0333185 0.156042
0.0337826 0.160036
0.0328499 0.153518
0.0331578 0.156144
0.0335182 0.16082
0.0322485 0.153168
0.0322821 0.154354
0.0323589 0.154691
0.0321463 0.150209
0.0321738 0.153495
0.0319138 0.152453
0.0335275 0.155333
0.0335892 0.156374
0.0335379 0.158865
0.0334599 0.154612
0.0340421 0.159272
0.0334018 0.151469
0.0342811 0.160931
0.0336801 0.155203
0.033903 0.158537
0.0346263 0.158615
0.0345399 0.157594
0.0351562 0.162312
0.0356992 0.165059
0.0360191 0.168512
0.0372783 0.174496
0.0360481 0.16814
0.0362884 0.168081
0.0363504 0.168222
0.0363393 0.168491
0.0371349 0.171676
0.0367166 0.17434
0.0365012 0.170539
0.03695 0.174699
0.0379268 0.179945
0.037654 0.177632
0.0378907 0.176423
0.0382889 0.181569
0.0383477 0.181726
0.0371194 0.178022
0.0373794 0.182054
0.0369649 0.177613
0.0371357 0.18035
0.0366751 0.17597
0.036347 0.175545
0.0360772 0.1718
0.0365558 0.175659
0.0376013 0.178071
0.0361479 0.170616
0.0369221 0.174977
0.0378579 0.179877
0.0361761 0.166864
0.0368312 0.169837
0.0384143 0.173718
0.0394921 0.178101
0.0379583 0.172586
0.0371651 0.170039
0.0349608 0.161319
0.035094 0.160554
0.035925 0.163695
0.0365498 0.167243
0.0363184 0.165108
0.0355107 0.161357
0.0347554 0.160769
0.0349442 0.161249
0.0348665 0.158464
0.0350775 0.160737
0.0343307 0.157626
0.0338101 0.156756
0.0353327 0.166549
0.0336266 0.158507
0.0334638 0.157476
0.0342755 0.161901
0.0339366 0.161545
0.0336447 0.158439
0.0332737 0.158897
0.0330661 0.156984
0.032783 0.156516
0.0320669 0.154266
0.033344 0.160727
0.0333248 0.161277
0.0322574 0.154291
0.0342522 0.16894
0.0340569 0.165794
0.0351259 0.171234
0.0338703 0.167605
0.0347207 0.171371
0.0350972 0.172802
0.0342955 0.166095
0.0345035 0.16773
0.0339634 0.164999
0.0343089 0.16493
0.0336987 0.162672
0.0335337 0.161358
0.0330316 0.158878
0.0321699 0.154051
0.0322594 0.154297
0.0328868 0.159934
0.0326683 0.158489
0.0321844 0.16017
0.0327297 0.163027
0.0322684 0.16138
0.0316609 0.159281
0.0307126 0.157001
0.0301147 0.15717
0.0296853 0.154007
0.0292513 0.152518
0.0285483 0.148851
0.027704 0.145084
0.0276345 0.144836
0.0274324 0.145098
0.0268435 0.141665
0.0275877 0.145336
0.0273281 0.146466
0.0274835 0.147052
0.0273341 0.147674
0.0277743 0.149898
0.027945 0.150319
0.0268424 0.144539
0.0266099 0.145224
0.0266898 0.146127
0.0260637 0.141509
0.0251173 0.137436
0.0249679 0.137659
0.0254277 0.13932
0.0249251 0.137586
0.0250201 0.137871
0.0255349 0.140926
0.0247743 0.138194
0.0252206 0.140169
0.0252707 0.14117
0.0248166 0.139278
0.0248131 0.140433
0.0243356 0.138697
0.0244103 0.139102
0.0250063 0.142994
0.02448 0.140665
0.0242122 0.139473
0.0249969 0.147279
0.0253231 0.149115
0.0252957 0.147307
0.0256496 0.148342
0.0261743 0.153903
0.0255873 0.151519
0.0259449 0.150895
0.0255825 0.149682
0.0259149 0.151776
0.0257294 0.151654
0.0261089 0.152636
0.0257936 0.150239
0.0258364 0.152121
0.0259914 0.152337
0.0251716 0.147989
0.0256812 0.150964
0.0257027 0.151579
0.0253691 0.149594
0.0249498 0.14665
0.0260275 0.151405
0.0248542 0.144947
0.0249869 0.146719
0.0260638 0.153329
0.025239 0.149047
0.0256909 0.150934
0.0255256 0.1489
0.0253528 0.149235
0.0257479 0.151619
0.0253692 0.149576
0.025913 0.152846
0.0258856 0.151106
0.0251978 0.147651
0.025672 0.150715
0.0257852 0.150594
0.0257272 0.151722
0.0255551 0.150135
0.0257587 0.151579
0.0257353 0.149902
0.0254299 0.149674
0.0253 0.148512
0.0250919 0.148542
0.0250865 0.147625
0.0246957 0.145533
0.0250649 0.147432
0.0244904 0.143859
0.0249135 0.146305
0.0250857 0.148335
0.0252738 0.148225
0.0244447 0.142997
0.0251163 0.147315
0.0247885 0.145347
0.0239237 0.141413
0.0249472 0.14638
0.0253199 0.14869
0.0240007 0.142276
0.0248435 0.145905
0.0241228 0.142364
0.0249526 0.145542
0.0241222 0.142646
0.0239342 0.139441
0.0238747 0.140209
0.0235002 0.138554
0.0244684 0.144277
0.0242462 0.142525
0.0242804 0.142997
0.0236641 0.139281
0.0233661 0.137549
0.0243122 0.14228
0.0236664 0.139968
0.0244626 0.144141
0.0235331 0.138088
0.0237402 0.139966
0.0241201 0.141179
0.0240332 0.142296
0.0241961 0.141877
0.0241846 0.141701
0.023436 0.138223
0.0245929 0.144669
0.0235924 0.138439
0.0239609 0.140804
