45083
43660
43597
44569
45464
46021
45944
46265
46474
46049
46264
46204
46352
46411
46137
46288
46297
46522
46323
46095
46360
46466
46167
46099
45768
45053
44836
44522
44228
44110
43758
43909
43780
43855
43975
43890
44000
44452
44690
45310
45553
45830
45595
45633
45846
45740
45923
45637
45662
45991
45968
45796
45948
45943
45922
46093
45946
46007
45750
46218
45993
46071
45959
46388
46420
46283
46234
46067
46101
46147
46171
45766
46027
46239
46200
46233
45959
46136
46232
46336
46179
46418
46263
46200
46378
46541
46484
46547
46263
46313
46506
46552
46415
46590
46384
46615
46642
46617
46561
46703
46527
46569
46461
46698
46690
46587
46630
46819
46572
46660
46405
46449
46385
46643
46660
46526
46766
46637
46842
46610
46759
46828
46785
46686
46684
46848
46652
46891
46912
46844
46856
46886
46775
46615
46569
46643
46473
46378
46882
46880
47053
46879
46724
46821
46724
46949
46884
46709
46677
46579
46863
46888
47026
46802
46891
46963
46849
46920
46783
46571
47082
46994
46943
46738
46701
46885
46858
47088
47005
46942
46741
46971
46900
47154
46969
47044
46916
47143
47087
47067
47054
46932
46978
47051
46968
47018
47018
47057
46776
46844
47176
47075
46908
46927
46999
47218
46950
47102
46884
47027
47267
46841
47067
47344
46998
47195
47117
47016
47407
47431
47479
47071
47326
47203
47330
47336
47199
47351
47315
47133
47099
47179
47205
47443
47332
47330
47273
47142
47063
47391
47422
47446
47262
47679
47060
47278
47453
47179
47593
47275
47446
47339
47389
47468
47247
47351
47138
47560
47602
47412
47213
47553
47315
47339
47164
47366
47789
47593
47373
47439
47551
47499
47575
47526
47634
47507
47404
47312
47373
47373
47429
47308
47419
47650
47642
47278
47753
47511
47457
47614
47384
47694
47664
47499
47557
47970
47380
47805
47607
47675
47498
47945
47775
48048
47882
48029
47948
47918
48112
48331
48010
47932
47731
47740
48031
48113
47720
47697
47799
48154
48146
48067
48118
48080
48228
48018
48263
48075
48198
48363
48080
48010
48051
48225
48113
48400
48346
48337
47799
48400
48522
48423
48162
48307
48131
48336
48294
48127
48268
48453
47989
48137
48450
48210
47907
48079
48063
48328
48286
48102
47974
48029
48030
48482
48001
48384
48095
48176
48287
48161
48105
48016
48132
48176
48211
48357
48304
48257
48391
47955
48021
48261
48055
48362
48362
48236
48090
48167
48293
48306
48174
47934
48118
48182
48327
48179
48245
48182
48208
48645
48358
48080
48227
48261
48270
48137
48277
48190
48109
48268
48376
48320
48159
48070
48013
48172
48195
48104
48156
47961
48143
48214
47989
48220
48124
47994
48218
48090
47995
48042
47982
47813
47995
48118
47892
48048
47922
47895
47872
47896
47676
47826
47513
47647
47681
47481
47357
47515
47747
47399
47163
47394
47161
47287
47145
46840
46783
46906
46893
46812
46579
46829
46841
46699
46602
46664
46547
46830
46454
46466
46685
46487
46690
46397
46382
46624
46620
46564
46400
46456
46856
46364
46370
46646
46515
46267
46421
46695
46270
46472
46531
46407
46185
46186
45914
45928
45960
45845
45908
45593
45401
45842
45478
45491
45908
45781
45506
45471
45589
45709
45948
45658
45839
46055
45547
45726
45832
46036
45675
46081
46064
46262
46593
46284
46335
46649
46792
46443
46208
46061
46397
46199
46674
46454
46415
46456
46002
45761
45784
45708
44668
44872
44875
45218
45331
45227
45309
45241
45407
45036
45205
45140
45194
45288
44776
44154
44211
44372
44386
44165
43414
43429
43661
43917
45196
44979
44802
44976
45393
45325
45466
45584
45322
45642
45988
46086
46265
46424
46894
47407
47396
47702
47614
47715
47839
47602
47838
47745
47684
47937
47715
47902
47797
47989
47806
47712
48095
47912
47777
47730
47681
47568
47620
47411
47487
47826
47678
47766
48038
47681
47488
47858
47720
47715
47313
47551
47839
47940
47668
47809
48049
47883
47879
47794
47711
48138
47503
47562
47921
47511
47801
47498
47483
47331
47210
47177
47199
47333
47210
47327
47413
47497
47707
47168
47375
47504
47350
47404
47476
47463
47395
47351
47343
47163
47279
47271
47280
47249
47494
47011
47451
47101
47183
47287
47271
46951
47145
47313
47221
46934
47319
47074
47204
47165
47279
47021
47313
47245
47131
46858
47179
47121
46839
46950
46951
46955
46989
47120
46865
47151
47249
47184
47204
47108
47173
47100
47374
47059
47070
46894
46772
47102
46970
46724
46971
46923
46933
46879
46826
47119
47111
47019
47018
46911
46943
47099
47032
46906
47026
47045
47046
46946
47070
47008
46899
47240
47237
47075
46876
47207
47091
47036
46820
46862
47007
46684
46811
46987
46956
46966
47107
46915
47026
47362
47173
47083
47116
46986
47016
46796
47055
46970
47014
47010
46986
46933
46821
46774
46858
46982
47124
46948
46932
46924
46919
46721
46810
46749
47022
46724
46788
46823
46703
46489
46565
46636
46900
46317
46625
46632
46938
46798
46655
46674
46548
46546
46802
46910
46960
46659
46555
46740
46732
46674
46739
46537
46551
47069
47005
47147
47015
46980
46754
47162
47083
46970
46968
46851
46936
46927
46948
46998
46804
46749
46825
46788
46755
46775
46716
46883
46853
47025
47028
46831
46719
47020
47067
47318
47457
47175
47338
47038
47271
46938
47151
47092
47114
47354
47226
46944
46771
46829
46892
47186
47106
47214
47026
47332
47217
46973
46903
47243
47194
47167
47066
47769
47463
47303
47248
47279
47314
47441
47274
47253
47106
47442
46975
47235
46635
47118
47016
46905
46950
46985
47098
47115
46944
46970
46946
47104
46691
46803
46892
46914
46962
47111
46954
47045
47411
47144
47350
47233
47346
47224
47436
47333
47261
47287
47786
47476
47430
47437
47512
47173
47456
47184
47257
47233
47435
47425
47466
47481
47168
47265
47316
47129
47098
47069
47264
47034
47323
47201
47251
47264
47435
47583
47834
47544
47577
47791
47774
47923
47797
48265
47672
48344
48186
48277
47799
47813
48183
47879
48021
47999
48120
48004
48003
47936
48059
48271
48298
48279
48390
48213
48137
48171
48294
48410
48314
48335
48213
48362
48406
48177
48045
48024
48021
48014
48068
48085
47992
47846
48160
48232
48325
48726
48050
48332
47785
48130
47465
47817
48104
47846
48075
47950
48115
48166
48075
48085
47793
48024
48042
48230
47876
47419
47090
47179
47313
47318
47404
47203
47383
47176
47238
47125
46946
46708
46803
46809
46795
47042
46911
46985
46892
46911
46884
46921
46970
46929
47082
47047
46952
47105
46970
46858
47439
47188
47905
47040
47340
47246
47190
47155
47143
47238
47175
47177
46906
46975
46725
46891
47098
46970
46877
46767
47093
46861
46858
46795
46623
46493
46937
47038
46917
47023
47268
46879
47203
47288
47091
47036
47093
47289
47049
47382
47054
47035
47035
47088
46939
47215
47039
47260
46892
47030
47243
47198
47298
47164
46843
47105
46649
47452
47336
47132
46965
46406
46602
47029
46910
46927
46656
46793
46748
46821
46291
46776
46626
46741
46951
46747
46909
46762
46964
46844
47024
46993
46614
47045
46516
46633
46781
46389
46541
46472
46576
46595
47273
46263
46293
46175
46493
46410
46560
46635
46497
46722
46702
46614
46600
46767
46418
46469
46456
46403
46906
46640
46746
46665
46842
46315
46654
46481
46433
46560
46514
46414
46595
46459
46609
46606
46530
45924
46622
46814
46529
46949
46865
46855
46991
46981
46998
46984
46987
47195
47109
46973
47033
47296
47535
47423
47050
47314
47192
47267
47418
47164
47574
47426
47359
47192
47298
47581
47350
47422
47362
47347
47509
47263
47288
47710
47354
47749
47480
47628
47549
47662
47966
47585
47676
47603
47986
47758
47755
47767
47656
47572
47570
47570
48033
47785
47792
47856
47816
47893
47816
47834
47839
47785
48151
47704
47799
47991
48121
48004
48011
48084
48019
48020
48029
47663
47615
47740
47712
47600
47857
47747
47904
47954
47822
47756
47733
47685
48115
47757
47945
47738
47764
47944
47821
47749
48082
47618
47880
47490
48047
47756
47833
47957
48062
48090
48187
47963
47847
47795
48254
47869
47805
48062
47844
48225
47859
47799
48003
47778
47812
47828
