44988      6003
43578      5738
43516      5655
44477      5690
45377      5662
45934      5681
45866      5758
46178      5735
46386      5759
45965      5814
46186      5838
46119      5861
46260      5877
46324      5869
46051      5846
46201      5795
46207      5768
46431      5815
46224      5813
46007      5797
46256      5807
46364      5832
46098      5772
46004      5877
45659      5890
44964      5866
44748      5901
44434      5909
44153      6022
44031      6071
43683      6027
43828      5952
43707      6015
43787      6023
43895      5948
43809      6013
43914      6073
44354      6106
44593      6069
45228      6123
45448      6166
45737      6215
45510      6229
45533      6187
45748      6150
45650      6154
45823      6174
45547      6093
45589      6076
45894      6045
45893      6001
45707      6032
45848      6114
45840      6066
45839      6164
46008      6095
45869      6137
45907      6100
45661      6227
46136      6199
45913      6197
45976      6138
45861      6171
46301      6134
46332      6145
46194      6045
46136      6013
45992      5986
46012      6079
46056      6043
46071      6050
45671      5928
45935      5941
46151      6003
46097      5988
46159      6004
45874      5967
46046      6013
46143      5958
46256      5902
46093      5859
46333      5871
46179      5814
46118      5759
46273      5708
46457      5690
46395      5654
46446      5656
46172      5630
46197      5658
46400      5629
46445      5619
46328      5674
46502      5661
46290      5725
46510      5724
46550      5730
46535      5669
46461      5734
46614      5679
46440      5614
46471      5624
46342      5521
46589      5563
46601      5525
46495      5507
46528      5544
46706      5560
46454      5585
46557      5539
46315      5538
46348      5520
46277      5521
46547      5564
46555      5513
46431      5528
46662      5484
46527      5477
46737      5435
46524      5438
46657      5489
46721      5512
46682      5434
46577      5472
46565      5411
46731      5417
46525      5445
46788      5439
46808      5460
46740      5511
46748      5555
46790      5567
46664      5459
46522      5431
46470      5381
46538      5365
46348      5401
46271      5361
46771      5447
46760      5453
46928      5443
46772      5443
46620      5469
46704      5445
46615      5452
46818      5424
46767      5467
46601      5442
46566      5392
46454      5303
46754      5373
46748      5326
46922      5325
46683      5321
46782      5328
46855      5353
46737      5349
46785      5336
46667      5277
46437      5317
46963      5348
46883      5364
46827      5339
46639      5301
46596      5305
46785      5311
46757      5320
46974      5357
46884      5375
46828      5393
46637      5344
46845      5314
46778      5262
47015      5289
46841      5223
46929      5267
46784      5233
47031      5315
46962      5245
46939      5274
46935      5300
46807      5224
46865      5282
46918      5303
46827      5312
46902      5308
46900      5277
46935      5286
46637      5269
46718      5284
47046      5224
46954      5214
46762      5244
46794      5239
46873      5279
47080      5228
46821      5169
46974      5182
46742      5193
46861      5155
47131      5149
46716      5096
46923      5156
47185      5127
46849      5087
47057      5095
46967      5091
46898      5045
47277      5089
47301      5092
47326      5089
46913      5092
47189      5037
47069      4978
47192      4998
47192      4937
47055      4904
47215      4962
47168      4957
46989      4967
46969      4937
47040      4946
47065      4935
47323      5021
47189      4967
47189      5009
47137      5037
47000      5052
46930      5006
47260      4984
47267      5032
47305      5078
47118      5017
47545      5032
46924      5024
47146      4900
47318      4925
47048      4881
47458      4876
47152      4889
47312      4865
47188      4758
47245      4757
47346      4803
47112      4794
47223      4831
46995      4765
47426      4836
47482      4768
47264      4701
47078      4690
47425      4750
47164      4719
47177      4762
47013      4844
47207      4925
47650      4994
47461      4917
47215      4921
47294      4863
47401      4898
47338      4943
47411      4932
47371      4911
47496      4897
47383      4896
47251      4887
47176      4891
47223      4855
47236      4759
47282      4769
47178      4726
47287      4747
47511      4715
47506      4648
47132      4677
47601      4619
47369      4560
47311      4569
47460      4543
47239      4572
47569      4554
47536      4515
47356      4469
47431      4445
47847      4476
47239      4480
47655      4452
47482      4465
47535      4441
47372      4480
47821      4412
47632      4396
47901      4380
47742      4273
47867      4178
47833      4130
47800      4090
47980      4128
48189      4090
47867      4087
47760      4029
47585      4025
47599      4033
47906      4013
48000      3986
47593      3997
47552      3988
47672      3970
48014      3889
48005      3928
47911      3935
47986      3876
47936      3888
48101      3803
47878      3799
48130      3764
47923      3708
48041      3662
48208      3544
47947      3592
47863      3572
47900      3556
48085      3498
47944      3471
48233      3525
48178      3517
48210      3479
47653      3466
48251      3459
48364      3473
48259      3438
48006      3424
48156      3460
47986      3392
48175      3403
48113      3349
47978      3380
48125      3400
48293      3414
47846      3441
47994      3416
48289      3451
48042      3425
47747      3374
47903      3337
47908      3298
48162      3278
48103      3329
47924      3254
47821      3198
47863      3171
47863      3170
48296      3185
47857      3236
48222      3201
47935      3251
48011      3249
48117      3310
48003      3245
47932      3168
47828      3154
47970      3172
48008      3136
48046      3134
48177      3161
48119      3141
48097      3174
48215      3160
47804      3152
47868      3178
48069      3178
47880      3167
48196      3151
48182      3106
48078      3099
47903      3053
48006      3083
48136      3130
48129      3121
47991      3052
47762      3071
47959      3054
48009      3051
48154      3028
48004      3077
48098      3042
47999      2995
48025      2938
48476      2911
48179      2888
47934      2907
48075      2899
48075      2857
48109      2860
47975      2828
48092      2748
48034      2767
47947      2766
48102      2759
48211      2780
48165      2782
47997      2738
47911      2720
47835      2738
48016      2708
48029      2730
47934      2700
47981      2677
47787      2658
47978      2665
48035      2687
47804      2703
48059      2724
47943      2695
47827      2694
48040      2752
47884      2746
47786      2760
47856      2784
47813      2798
47644      2800
47807      2755
47946      2742
47730      2738
47865      2732
47749      2727
47726      2730
47710      2684
47709      2680
47503      2614
47657      2604
47342      2611
47448      2625
47491      2668
47300      2669
47209      2697
47334      2731
47582      2675
47246      2658
46992      2695
47228      2688
46985      2662
47101      2686
46965      2692
46691      2687
46620      2651
46732      2623
46725      2634
46655      2581
46448      2559
46669      2552
46697      2547
46540      2572
46457      2560
46525      2562
46408      2550
46694      2506
46319      2550
46325      2564
46542      2550
46353      2578
46554      2599
46278      2584
46261      2600
46524      2594
46486      2487
46441      2478
46288      2444
46347      2379
46745      2398
46236      2384
46229      2408
46544      2432
46384      2440
46145      2459
46281      2477
46560      2504
46126      2519
46335      2581
46411      2632
46292      2620
46071      2635
46075      2722
45802      2722
45820      2722
45858      2733
45731      2803
45810      2801
45492      2789
45299      2758
45742      2762
45387      2769
45388      2812
45819      2876
45673      2905
45400      2880
45394      2881
45495      2910
45612      2967
45847      3010
45563      2985
45736      2970
45963      3008
45461      2992
45636      3054
45722      3124
45943      3156
45583      3103
45984      3074
45976      3101
46183      3066
46511      3129
46197      3096
46255      3170
46566      3204
46698      3174
46339      3228
46122      3235
45979      3245
46290      3256
46104      3256
46583      3295
46361      3330
46349      3359
46376      3316
45922      3220
45669      3241
45696      3251
45638      3318
44588      3153
44790      3194
44764      3290
45103      3227
45209      3215
45105      3278
45189      3259
45132      3265
45293      3305
44935      3282
45108      3220
45048      3265
45089      3265
45194      3352
44695      3397
44073      3407
44115      3356
44299      3329
44289      3244
44096      3169
43317      3320
43344      3322
43569      3320
43818      3288
45079      3241
44882      3165
44724      3074
44876      3254
45291      3220
45232      3206
45367      3265
45475      3312
45232      3286
45557      3247
45895      3364
46005      3426
46191      3387
46356      3491
46809      3527
47329      3566
47331      3607
47643      3674
47547      3600
47642      3584
47752      3522
47515      3553
47756      3508
47663      3470
47599      3485
47837      3525
47626      3595
47820      3681
47714      3642
47912      3625
47733      3608
47632      3657
48026      3666
47840      3674
47701      3669
47660      3667
47611      3663
47500      3694
47542      3802
47327      3817
47401      3851
47743      3845
47574      3923
47664      3826
47933      3967
47567      3966
47374      3901
47741      3909
47592      3990
47576      3944
47213      3888
47444      3848
47725      3764
47837      3692
47565      3770
47700      3844
47948      3793
47768      3762
47766      3737
47684      3693
47609      3702
48019      3677
47376      3676
47464      3736
47817      3789
47412      3768
47691      3822
47397      3873
47373      3783
47216      3660
47104      3686
47062      3648
47073      3590
47229      3591
47119      3494
47217      3414
47307      3469
47397      3476
47606      3448
47070      3409
47282      3426
47391      3406
47238      3376
47279      3357
47367      3343
47341      3343
47275      3391
47237      3417
47205      3487
47035      3480
47131      3461
47156      3519
47154      3567
47116      3583
47367      3528
46883      3476
47319      3560
46974      3501
47058      3460
47164      3495
47153      3485
46833      3482
47024      3460
47182      3448
47084      3527
46806      3583
47193      3634
46953      3624
47082      3594
47042      3583
47160      3646
46887      3662
47193      3633
47091      3580
47014      3598
46720      3625
47046      3707
46980      3771
46721      3797
46814      3807
46823      3707
46820      3787
46876      3729
46976      3785
46745      3743
47019      3806
47105      3735
47054      3682
47080      3762
46976      3758
47025      3760
46985      3847
47254      3906
46925      3876
46944      3821
46789      3846
46654      3925
46996      3900
46851      3897
46603      3813
46841      3774
46807      3757
46811      3911
46754      3925
46695      3835
46981      3884
46984      3847
46912      3839
46887      3822
46817      3741
46831      3831
46960      3799
46907      3811
46767      3746
46917      3995
46911      4109
46936      3985
46813      3979
46941      3893
46884      3939
46771      3863
47123      3905
47116      3805
46952      3905
46745      3882
47097      3816
46970      3808
46922      3835
46699      3779
46748      3760
46905      3731
46563      3731
46703      3771
46853      3913
46844      3885
46833      3911
46998      3921
46799      3905
46902      3890
47236      3933
47059      3912
46955      3836
46996      3750
46873      3681
46892      3746
46680      3778
46956      3803
46845      3857
46899      3842
46888      3772
46835      3854
46787      3906
46661      3855
46631      3983
46713      3974
46849      3806
46984      3876
46803      3894
46803      3889
46783      3879
46787      3889
46606      3859
46678      3944
46610      3900
46883      3898
46605      3737
46655      3853
46669      3874
46583      3817
46370      3818
46417      3907
46491      3991
46763      4015
46198      3929
46506      4004
46513      3831
46826      3818
46674      3855
46539      3869
46543      3892
46407      3982
46415      3949
46690      3866
46774      3900
46830      4014
46533      3961
46453      3973
46640      4045
46624      3886
46568      3910
46616      4069
46424      3904
46449      3949
46966      3928
46910      3811
47048      3969
46912      4010
46890      3900
46640      3869
47077      3737
46984      3704
46868      3887
46867      3913
46756      3769
46843      3792
46818      3829
46846      3747
46896      3809
46691      3802
46622      3821
46714      3787
46677      3930
46637      3866
46663      3893
46599      3940
46783      3944
46730      3910
46898      3890
46921      3876
46725      3791
46607      3877
46897      3891
46954      3823
47222      3798
47367      3772
47063      3767
47227      3758
46924      3726
47149      3769
46841      3726
47036      3770
46981      3825
47008      3775
47260      3679
47126      3634
46853      3681
46683      3656
46754      3652
46806      3518
47103      3575
47012      3659
47124      3651
46940      3656
47231      3586
47124      3583
46867      3634
46817      3804
47143      3713
47091      3837
47078      3752
46969      3651
47678      3624
47382      3635
47234      3547
47167      3538
47200      3506
47218      3598
47332      3589
47200      3524
47185      3572
47014      3575
47342      3595
46867      3501
47119      3507
46537      3549
47042      3640
46935      3623
46810      3689
46840      3712
46877      3672
46984      3709
47005      3736
46840      3669
46857      3618
46828      3565
46993      3550
46572      3580
46696      3609
46791      3644
46789      3385
46858      3521
47002      3570
46841      3618
46945      3607
47306      3664
47031      3712
47231      3820
47125      3538
47238      3564
47119      3374
47320      3519
47225      3527
47153      3518
47198      3512
47693      3584
47377      3582
47336      3503
47345      3382
47403      3399
47076      3478
47340      3459
47093      3492
47154      3428
47141      3445
47339      3515
47341      3471
47387      3558
47395      3545
47076      3461
47188      3486
47243      3391
47047      3288
47013      3255
46979      3282
47167      3273
46954      3284
47238      3222
47119      3120
47169      3099
47183      3141
47350      3048
47501      3094
47748      3122
47453      3106
47502      3130
47720      3064
47697      2998
47827      3043
47710      3116
48189      3140
47578      3018
48263      2968
48092      3040
48195      3095
47722      3059
47730      3036
48112      2997
47799      2910
47935      2973
47914      3012
48034      3010
47922      2874
47936      2874
47863      2857
47999      2915
48211      3081
48222      3054
48212      3059
48335      2913
48160      2867
48077      2847
48111      2883
48227      2850
48352      2858
48255      2856
48275      2882
48135      2972
48296      3102
48348      3081
48114      2996
47963      2868
47969      2907
47952      2908
47949      3077
47987      3029
48010      3049
47924      3056
47780      3114
48082      3098
48142      3077
48247      2914
48644      2988
47967      3014
48258      2991
47714      2991
48055      3146
47410      3121
47758      3204
48041      3193
47787      3179
48010      3214
47896      3009
48057      3109
48103      3073
47991      3042
47990      3133
47699      3164
47934      3173
47955      3100
48144      3027
47795      3077
47339      3050
47006      3092
47088      3173
47220      3183
47214      3140
47311      3191
47097      3275
47298      3239
47079      3220
47145      3227
47037      3182
46844      3211
46597      3271
46698      3420
46703      3430
46701      3379
46950      3439
46821      3593
46905      3538
46797      3565
46808      3637
46781      3614
46831      3710
46858      3642
46823      3624
46959      3732
46911      3690
46831      3601
46977      3603
46839      3518
46718      3500
47308      3560
47054      3570
47778      3560
46930      3596
47227      3579
47121      3633
47075      3516
47064      3642
47021      3683
47129      3846
47074      3697
47074      3779
46817      3756
46867      3637
46630      3636
46786      3545
46985      3712
46859      3506
46760      3471
46655      3624
46987      3676
46772      3825
46747      3684
46685      3643
46504      3682
46388      3553
46837      3697
46940      3699
46814      3732
46927      3604
47185      3569
46783      3496
47112      3635
47193      3609
47008      3746
46933      3553
47002      3667
47188      3678
46950      3679
47278      3755
46951      3581
46934      3635
46942      3742
46989      3583
46842      3669
47116      3819
46931      3727
47147      3777
46780      3702
46921      3881
47130      3764
47094      3796
47181      3844
47068      3885
46741      3982
47005      3809
46522      3977
47343      3736
47227      3838
47048      3855
46853      4032
46311      3881
46487      3786
46929      3685
46825      3791
46805      3713
46536      3910
46685      3920
46627      3755
46716      3791
46189      3769
46668      3864
46539      3871
46621      3872
46834      3864
46624      3816
46806      3849
46643      3835
46851      3855
46745      3869
46932      3800
46890      3765
46503      3580
46952      3646
46391      3631
46524      3731
46660      3754
46259      3768
46414      3774
46350      3732
46459      3785
46475      3865
47150      3879
46154      3864
46178      3802
46074      3782
46371      3811
46311      3764
46449      3634
46512      3546
46395      3614
46625      3596
46587      3680
46501      3683
46478      3684
46638      3714
46309      3737
46362      3713
46351      3675
46292      3588
46795      3573
46529      3470
46622      3496
46524      3553
46736      3530
46203      3585
46539      3558
46371      3406
46324      3498
46450      3482
46396      3446
46291      3630
46485      3397
46319      3393
46477      3398
46481      3436
46404      3473
45787      3551
46480      3575
46677      3559
46391      3576
46822      3481
46715      3498
46716      3484
46847      3439
46861      3376
46877      3371
46858      3396
46861      3378
47083      3369
46996      3336
46877      3347
46933      3320
47194      3258
47422      3183
47307      3268
46941      3291
47209      3269
47072      3242
47147      3274
47303      3323
47071      3299
47456      3290
47311      3284
47265      3328
47092      3293
47195      3256
47483      3306
47256      3293
47321      3261
47269      3236
47253      3175
47403      3146
47147      3104
47193      3087
47590      3145
47262      3139
47659      3191
47366      3129
47535      3121
47444      3058
47572      3071
47868      3052
47489      3090
47596      3197
47507      3123
47900      3218
47671      3168
47672      3096
47683      3063
47578      3043
47488      3025
47475      3043
47472      3073
47934      3062
47694      3077
47712      3052
47771      3025
47720      3044
47819      3027
47744      3019
47770      3025
47779      3048
47715      3059
48066      3109
47624      3020
47719      3045
47901      3049
48027      3020
47920      3031
47919      3036
48005      3052
47936      3061
47930      3061
47954      3055
47571      3065
47536      3040
47646      3059
47611      3059
47502      3068
47770      3052
47662      3062
47827      3049
47880      3039
47735      3029
47661      3017
47649      3021
47593      3029
48036      3039
47680      3019
47862      3032
47655      3030
47668      3013
47858      3029
47738      3024
47655      2990
48002      2997
47536      2998
47791      3014
47419      3019
47960      3016
47660      3039
47742      3012
47867      3019
47985      3029
48015      3028
48097      3028
47864      3024
47763      3031
47700      3025
48174      3035
47785      3001
47724      3021
47974      3028
47742      3010
48146      3032
47758      3024
47704      3012
47924      3027
47698      3016
47711      3030
47741      3027
