0.0390549 0.292687
0.0385975 0.293133
0.0382158 0.294076
0.038874 0.303866
0.0380149 0.304663
0.0376192 0.304172
0.0371953 0.296283
0.0376586 0.303226
0.0368861 0.2971
0.037398 0.295666
0.0376954 0.298219
0.0376201 0.296025
0.0379594 0.298792
0.0376695 0.297325
0.0385877 0.303969
0.0382459 0.304918
0.0386305 0.309466
0.0378626 0.302322
0.0391788 0.311543
0.0394723 0.313265
0.0377465 0.300672
0.038284 0.304355
0.0377674 0.301629
0.0372142 0.291305
0.0376049 0.291511
0.0370519 0.28401
0.0371637 0.281817
0.0385291 0.289728
0.0385704 0.282796
0.0386092 0.28002
0.0384131 0.278414
0.0395409 0.291163
0.0390098 0.283458
0.0385731 0.280425
0.0390477 0.288164
0.0388733 0.28322
0.0398734 0.288325
0.041056 0.298231
0.0404324 0.297084
0.0394225 0.291197
0.0408599 0.301168
0.0407766 0.30008
0.0403867 0.295071
0.0403444 0.296913
0.0386902 0.287805
0.0399781 0.296555
0.0403509 0.299482
0.0408589 0.305432
0.0393077 0.294931
0.0393515 0.298759
0.0379361 0.290118
0.0383092 0.290285
0.0378424 0.283775
0.0395724 0.299044
0.0386134 0.287151
0.039015 0.294504
0.0386754 0.289066
0.0393186 0.295902
0.0384354 0.281837
0.0389934 0.290208
0.0397273 0.294336
0.0393466 0.294721
0.0390746 0.290391
0.0383361 0.289371
0.0386342 0.291294
0.0381435 0.291481
0.0383215 0.29403
0.0378979 0.291179
0.0380988 0.28837
0.0376932 0.287275
0.0390484 0.297355
0.0387117 0.298246
0.0381409 0.2949
0.037529 0.288522
0.0377031 0.290247
0.0368726 0.283478
0.03684 0.283224
0.0382444 0.292865
0.0365169 0.282813
0.0372708 0.292104
0.0373593 0.293907
0.0373384 0.294669
0.037961 0.301514
0.0379028 0.303525
0.0371923 0.301507
0.0373894 0.305272
0.0373747 0.306686
0.037226 0.305693
0.0375119 0.307638
0.0372535 0.304171
0.0369612 0.304672
0.0366886 0.303257
0.0359826 0.293796
0.0352673 0.289701
0.0356665 0.288384
0.0365513 0.296995
0.0352954 0.286736
0.0357151 0.293173
0.0360517 0.292117
0.0358047 0.29389
0.0359819 0.297649
0.0361301 0.298542
0.0363385 0.305017
0.0370688 0.310444
0.0358147 0.302081
0.0360899 0.304703
0.0369885 0.310426
0.0381321 0.320324
0.0382529 0.318174
0.0382112 0.321177
0.0378063 0.316179
0.0378441 0.317754
0.0377293 0.316247
0.0382839 0.320273
0.038041 0.321241
0.0376042 0.315847
0.0375037 0.31911
0.0372042 0.316049
0.0377217 0.324379
0.037572 0.321442
0.037272 0.316815
0.0379487 0.321662
0.0373377 0.320758
0.0386457 0.328947
0.0386771 0.332841
0.0386467 0.333395
0.038431 0.328375
0.0391767 0.33701
0.0378781 0.324725
0.0387249 0.328434
0.0375203 0.315752
0.036931 0.310401
0.0375664 0.321121
0.0376596 0.322593
0.0386056 0.333395
0.0382053 0.331407
0.038362 0.329198
0.0382961 0.330535
0.0380364 0.326602
0.0376818 0.323125
0.0379944 0.327577
0.0381425 0.32776
0.0385028 0.328214
0.0380481 0.326354
0.0377132 0.32245
0.0384254 0.331674
0.0388308 0.332175
0.0375958 0.32194
0.0382038 0.329933
0.0386404 0.338488
0.0382641 0.332961
0.0380337 0.333834
0.0370402 0.326385
0.0378296 0.331892
0.0369159 0.324137
0.0361968 0.316832
0.0364807 0.318751
0.037341 0.327399
0.036214 0.320258
0.037707 0.329321
0.0375615 0.329843
0.0374549 0.327368
0.0372221 0.326466
0.0372435 0.327674
0.0371491 0.326296
0.0374052 0.329505
0.0363368 0.319361
0.0370205 0.324622
0.0373688 0.325953
0.0369224 0.320601
0.0367948 0.321108
0.0372932 0.328754
0.0370473 0.329342
0.0381155 0.338816
0.03862 0.346353
0.0379509 0.338143
0.0373846 0.334225
0.0381025 0.337159
0.0373919 0.334795
0.0371333 0.330489
0.0372643 0.33
0.0372807 0.334035
0.0381735 0.338697
0.0393026 0.347728
0.0376706 0.332078
0.0378875 0.334778
0.0392324 0.348683
0.038287 0.339955
0.0388747 0.344088
0.0376728 0.333081
0.0381967 0.343989
0.0381863 0.343882
0.0389633 0.347445
0.0387229 0.345868
0.0385723 0.342489
0.038785 0.349273
0.0382734 0.346682
0.0392558 0.355847
0.0387874 0.349124
0.0391157 0.355577
0.0391462 0.358322
0.0383809 0.351845
0.0390427 0.355314
0.0393345 0.362005
0.0396807 0.365441
0.039569 0.365456
0.0392616 0.362208
0.0396605 0.368682
0.0386023 0.358617
0.0388364 0.360762
0.0389638 0.36235
0.039051 0.35978
0.0392676 0.367878
0.039219 0.370832
0.0392863 0.370948
0.0392439 0.375127
0.0402295 0.386011
0.03878 0.369004
0.0401331 0.381884
0.0388176 0.367224
0.0397496 0.378165
0.0409226 0.389203
0.0393923 0.375684
0.0391564 0.36905
0.0390981 0.371452
0.0400941 0.37772
0.0400747 0.375025
0.0388298 0.361243
0.0396335 0.371554
0.0393356 0.372994
0.0397529 0.37341
0.0395307 0.368255
0.0396239 0.372135
0.0389736 0.368243
0.0384451 0.359076
0.0386671 0.372041
0.0379771 0.364873
0.0380888 0.367138
0.0386447 0.376128
0.038132 0.367764
0.0387428 0.376773
0.0395228 0.391971
0.0402371 0.399622
0.0388628 0.383094
0.0388012 0.38131
0.0389429 0.380667
0.0391531 0.386149
0.039472 0.387097
0.0399099 0.397441
0.0395438 0.397575
0.0392752 0.394243
0.0405693 0.405053
0.0399033 0.398813
0.0403375 0.399622
0.0403718 0.391825
0.0401635 0.384975
0.0398531 0.380256
0.0402225 0.388245
0.0395637 0.379598
0.0396033 0.385153
0.0395561 0.382809
0.0404115 0.387012
0.0398642 0.383212
0.0385679 0.372022
0.0385717 0.374107
0.0394445 0.38174
0.039724 0.38408
0.039342 0.379472
0.0384347 0.373841
0.0390804 0.387897
0.0386405 0.383099
0.0384077 0.383411
0.0380654 0.379187
0.0378439 0.381336
0.0379531 0.387909
0.0378087 0.381013
0.039537 0.407447
0.0368807 0.383114
0.0371795 0.384986
0.0376106 0.392912
0.0371515 0.383858
0.0366415 0.38274
0.0376136 0.396013
0.0373976 0.396286
0.0362 0.386277
0.0364077 0.389187
0.035966 0.379241
0.0360928 0.386343
0.0355082 0.377604
0.0361208 0.386625
0.0360762 0.381473
0.0346291 0.37534
0.0360262 0.390355
0.0358239 0.391781
0.0362783 0.405336
0.0356195 0.40809
0.0365647 0.423487
0.0357531 0.417848
0.0349937 0.406734
0.0355475 0.418826
0.0353479 0.413996
0.0354271 0.419955
0.0345067 0.40795
0.0350428 0.413588
0.0356532 0.425617
0.0361042 0.434772
0.0364339 0.433825
0.0353718 0.421765
0.0357862 0.429723
0.0365935 0.451787
0.0371211 0.453666
0.0368391 0.448539
0.0357188 0.442208
0.0367156 0.452675
0.0366105 0.463055
0.037324 0.470387
0.0374195 0.47848
0.037915 0.490022
0.0370101 0.485527
0.0378153 0.514391
0.0373746 0.498886
0.0365836 0.490202
0.0377662 0.508718
0.0376209 0.517153
0.0379818 0.524633
0.0385421 0.527376
0.0376728 0.516065
0.0370463 0.513366
0.0377311 0.518754
0.0370148 0.516334
0.0377967 0.526346
0.0373609 0.524433
0.0379744 0.532418
0.0371293 0.516763
0.0374067 0.529186
0.0367826 0.520717
0.0377237 0.541953
0.0381425 0.54142
0.0376312 0.532647
0.0388048 0.548916
0.0391673 0.544609
0.0387965 0.545082
0.0386009 0.540133
0.0395487 0.554745
0.0383898 0.543272
0.0394339 0.566077
0.0386992 0.562159
0.0387027 0.568639
0.0395402 0.571343
0.0396252 0.583589
0.038916 0.581926
0.0394041 0.594765
0.0389654 0.588328
0.0399205 0.605338
0.0392837 0.580964
0.0402721 0.606685
0.0406384 0.5992
0.0403449 0.596183
0.0402976 0.585801
0.0393517 0.582126
0.0396604 0.600063
0.0402902 0.61097
0.0401292 0.606873
0.0393268 0.602041
0.0389418 0.597001
0.0391058 0.596014
0.0392984 0.602038
0.0391916 0.593888
0.0387431 0.591139
0.0375282 0.569162
0.0387524 0.5837
0.0392561 0.59377
0.0390769 0.59078
0.0381152 0.58299
0.0391225 0.60689
0.0396231 0.614714
0.039079 0.613167
0.0390993 0.608823
0.0390352 0.60032
0.0392695 0.605575
0.0396949 0.624181
0.0398225 0.619342
0.039075 0.613621
0.039076 0.61488
0.0395606 0.629128
0.0392676 0.61261
0.0381097 0.602564
0.0391467 0.627379
0.039292 0.642274
0.0388233 0.646513
0.0397476 0.663089
0.0396378 0.653595
0.0392512 0.650914
0.039272 0.660833
0.0394937 0.664336
0.0397499 0.674328
0.0409839 0.717249
0.0396594 0.688471
0.0399191 0.691974
0.0405596 0.70714
0.0410072 0.711151
0.0407142 0.704889
0.0393983 0.69065
0.0410762 0.723529
0.0400544 0.699781
0.0403407 0.715288
0.0383727 0.675092
0.0401385 0.712593
0.0394531 0.707135
0.040555 0.72912
0.0405603 0.730206
0.0405954 0.725716
0.0403104 0.712912
0.0394931 0.696769
0.0393592 0.700186
0.0390783 0.693764
0.0394047 0.687863
0.0399507 0.69665
0.0398234 0.689493
0.039598 0.680675
0.0386715 0.660829
0.0384728 0.654643
0.0394503 0.684574
0.0397948 0.695842
0.0393254 0.685537
0.0398203 0.697657
0.0391422 0.685369
0.0390563 0.682784
0.0396982 0.705663
0.0389235 0.69291
0.0392817 0.713849
0.0397633 0.727727
0.0386549 0.700881
0.0388214 0.701714
0.0385126 0.685532
0.0396406 0.70251
0.0385096 0.674082
0.0397389 0.688759
0.039868 0.709159
0.0392837 0.698269
0.0399855 0.697217
0.0409291 0.719122
0.0405874 0.716379
0.0411032 0.720774
0.0402427 0.70208
0.0408644 0.710086
0.0408623 0.718597
0.0413421 0.736561
0.0409631 0.726651
0.0412174 0.74506
0.0418533 0.759672
0.0412694 0.754702
0.0417586 0.765607
0.0418994 0.758165
0.0410918 0.745703
0.0411822 0.747853
0.0410705 0.747451
0.0410759 0.765363
0.0407824 0.740784
0.0407124 0.735569
0.0409308 0.747059
0.0409898 0.737005
0.0412424 0.738746
0.0409266 0.732972
0.0412442 0.733846
0.0400224 0.71781
0.0417115 0.779654
0.0420964 0.788943
0.0407881 0.772504
0.0398947 0.777217
0.039555 0.771059
0.0408556 0.792366
0.0410997 0.789037
0.0393391 0.752878
0.0405959 0.771721
0.0402644 0.755592
0.041248 0.77069
0.0406572 0.75599
0.0419503 0.768162
0.0423222 0.759783
0.0409817 0.722644
0.0413678 0.730916
0.041588 0.727135
0.0407162 0.689199
0.0410681 0.691036
0.0415539 0.699486
0.0412142 0.691548
0.041263 0.673207
0.0402969 0.65905
0.0410622 0.669774
0.0410605 0.674402
0.0409033 0.677408
0.0405623 0.664861
0.0411783 0.664652
0.0416858 0.664117
0.0414906 0.652324
0.0405066 0.638542
0.0402917 0.634849
0.0402682 0.629553
0.0395948 0.608696
0.0396536 0.603987
0.0395277 0.60335
0.041674 0.641751
0.0408372 0.624003
0.042454 0.645053
0.0441099 0.659136
0.0436333 0.638604
0.0422698 0.615336
0.042801 0.628746
0.0427975 0.640208
0.0419132 0.621412
0.0429595 0.647097
0.0422266 0.627677
0.0422105 0.629845
0.0408388 0.595899
0.0404372 0.587703
0.0418647 0.615942
0.0417575 0.599442
0.0409566 0.583926
0.040127 0.568567
0.0389933 0.554361
0.0395627 0.560197
0.0377391 0.533536
0.0374668 0.521622
0.0376491 0.5195
0.0374547 0.523824
0.0380863 0.543168
0.0393484 0.554458
0.0388655 0.546293
0.0393093 0.540687
0.0416031 0.588329
0.0417727 0.585786
0.0413725 0.562918
0.0406403 0.56802
0.0425358 0.598134
0.0417027 0.573825
0.0415809 0.576557
0.0408136 0.564165
0.0388802 0.532829
0.0393235 0.538391
0.0389066 0.545031
0.0394912 0.54487
0.0387456 0.535069
0.039253 0.529236
0.0383041 0.503974
0.0403422 0.521867
0.0402584 0.529201
0.0386465 0.514269
0.0406647 0.555179
0.0388017 0.539918
0.0397765 0.518976
0.0420127 0.548164
0.0411302 0.539759
0.0405541 0.54045
0.0377781 0.525455
0.0378548 0.536809
0.0371836 0.540989
0.0384393 0.530117
0.0366298 0.515217
0.0373187 0.526513
0.0369211 0.513017
0.0383947 0.527174
0.0380704 0.524041
0.038172 0.535571
0.0372372 0.508026
0.0374959 0.503503
0.0371717 0.506938
0.0381612 0.506732
0.0374928 0.49759
0.0370175 0.491307
0.0379667 0.498198
0.0368365 0.477681
0.0372053 0.491389
0.03732 0.496094
0.0376948 0.511073
0.0377355 0.504644
0.0377125 0.513398
0.0371147 0.509798
0.0371016 0.506743
0.037356 0.50695
0.0371226 0.491794
0.0357591 0.464548
0.0356709 0.467326
0.0355235 0.469517
0.0357405 0.472838
0.0352914 0.459666
0.0343772 0.450355
0.0342391 0.445836
0.0349259 0.454075
0.0350189 0.45514
0.0346139 0.449904
0.0351579 0.452084
0.0349796 0.437401
0.0349483 0.433325
0.0350836 0.431836
0.0349999 0.43459
0.034914 0.4234
0.0342816 0.427078
0.0356748 0.431056
0.0360124 0.431921
0.0356314 0.43271
0.0346034 0.422614
0.0356152 0.424812
0.0356692 0.430274
0.0354563 0.430556
0.0355999 0.438929
0.034615 0.438895
0.0343458 0.445016
0.035278 0.445093
0.0347589 0.431322
0.0343706 0.434485
0.0348769 0.44285
0.0355692 0.454643
0.0352319 0.454915
0.0338591 0.43544
0.0347987 0.454447
0.0357987 0.461371
0.035922 0.45637
0.0344229 0.434415
0.0351177 0.441879
0.0353735 0.441392
0.0356774 0.436612
0.0359487 0.450172
0.0354329 0.457104
0.0363026 0.463918
0.0364838 0.470669
0.0376224 0.493315
0.0379428 0.499025
0.0379465 0.511734
0.0383337 0.53017
0.0374997 0.511387
0.0380615 0.518987
0.036676 0.50638
0.0380072 0.524787
0.0371389 0.512551
0.0371379 0.516735
0.0371311 0.51955
0.0361471 0.509085
0.03627 0.51391
0.0366912 0.519593
0.0364252 0.507815
0.0366027 0.505999
0.0368181 0.498423
0.0370363 0.500575
0.0369184 0.502745
0.035584 0.47684
0.0361369 0.477712
0.0361873 0.475858
0.0363966 0.488662
0.0364098 0.491082
0.0366026 0.486517
0.0367224 0.492716
0.0363381 0.49422
0.0375498 0.506724
0.0363285 0.491535
0.0374522 0.503734
0.0379168 0.515318
0.03868 0.529292
0.0379959 0.50723
0.0381789 0.498744
0.0383955 0.498624
0.0392733 0.50883
0.0385073 0.504452
0.0379661 0.498465
0.0377863 0.488755
0.0381982 0.489077
0.0380777 0.494633
0.0387972 0.510335
0.0386906 0.505559
0.0391267 0.504276
0.0384305 0.487726
0.0386335 0.481305
0.0389332 0.479062
0.0396676 0.487786
0.0391901 0.495009
0.039513 0.488513
0.0390392 0.490748
0.0394244 0.4893
0.03917 0.48918
0.039048 0.482396
0.0391254 0.49344
0.0380839 0.486692
0.0384664 0.481393
0.0392541 0.490687
0.0385327 0.481915
0.0378844 0.462698
0.0370551 0.448285
0.0373362 0.452012
0.038024 0.467155
0.0374447 0.455538
0.03691 0.438726
0.0378968 0.456667
0.0388039 0.466513
0.0401047 0.490165
0.0392391 0.487016
0.0397804 0.495608
0.0406528 0.486576
0.0412157 0.490955
0.0415676 0.506128
0.0403142 0.487642
0.0396731 0.484533
0.0404587 0.4944
0.040523 0.497122
0.0404981 0.506816
0.0402084 0.491517
0.0396508 0.490129
0.0396103 0.487536
0.038788 0.48425
0.0386001 0.453317
0.0382853 0.437089
0.0382862 0.450941
0.0387926 0.456396
0.0382182 0.460827
0.0381793 0.45443
0.04026 0.487445
0.0381767 0.460691
0.0382673 0.47385
0.0380175 0.457106
0.0388063 0.467285
0.0379005 0.467767
0.0382159 0.471376
0.0374025 0.457627
0.038609 0.47711
0.0384401 0.477926
0.038482 0.483784
0.0391083 0.488073
0.0399546 0.494829
0.0392931 0.470483
0.0394287 0.475418
0.0392458 0.469957
0.0388102 0.465187
0.0392743 0.470679
0.0388683 0.468638
0.0382971 0.459954
0.0383986 0.461912
0.0383985 0.470021
0.0381947 0.478667
0.0381883 0.486281
0.0386207 0.483449
0.0388603 0.480148
0.0384189 0.474362
0.0394919 0.479647
0.0397663 0.485424
0.0406074 0.504772
0.040205 0.488583
0.0401607 0.481055
0.0403335 0.488197
0.0395231 0.462717
0.037313 0.438601
0.0384213 0.472937
0.0383748 0.46517
0.0386086 0.464047
0.0392069 0.471844
0.0390526 0.470998
0.0377028 0.453587
0.0385358 0.465406
0.0375766 0.444726
0.0384038 0.458974
0.0393533 0.47332
0.0389014 0.485149
0.0390741 0.473138
0.0398337 0.479866
0.0389412 0.475242
0.0393358 0.477737
0.039339 0.467366
0.0387387 0.451265
0.038385 0.447073
0.0377938 0.444388
0.0382101 0.443806
0.0381184 0.462803
0.0391236 0.479832
0.0388225 0.470039
0.0386772 0.465236
0.0405002 0.484327
0.0397138 0.462833
0.0402456 0.473031
0.0402656 0.486291
0.0405995 0.486923
0.0415119 0.484305
0.0423785 0.497854
0.0400189 0.467908
0.0399443 0.460569
0.0397435 0.47684
0.0399631 0.475959
0.0384846 0.440895
0.03873 0.460553
0.0386015 0.454039
0.0385811 0.461303
0.0391814 0.482288
0.0388114 0.460066
0.0381565 0.446384
0.0385157 0.463077
0.0386578 0.466012
0.0368545 0.464276
0.0372042 0.471922
0.0374883 0.45202
0.0373824 0.447738
0.0381555 0.473335
0.0381914 0.471783
0.0377205 0.461217
0.0374632 0.468375
0.0363997 0.448149
0.0380801 0.467649
0.0380293 0.464015
0.0378901 0.467388
0.0376631 0.447328
0.0378884 0.457062
0.0372458 0.446442
0.036975 0.43731
0.0369579 0.438387
0.0373636 0.446547
0.0366327 0.441645
0.0365721 0.442724
0.0347566 0.428383
0.036325 0.436678
0.0363563 0.438191
0.036376 0.44677
0.0360849 0.448657
0.0349822 0.43929
0.0355481 0.44412
0.0350435 0.440394
0.0349928 0.440687
0.0334896 0.418944
0.032621 0.410091
0.0335488 0.418568
0.0336093 0.41281
0.0341857 0.425695
0.0340669 0.437619
0.0338667 0.439185
0.0342347 0.435751
0.0339096 0.432987
0.0332378 0.42552
0.0337564 0.449119
0.0334798 0.441119
0.034438 0.442471
0.0345896 0.446453
0.0339369 0.435722
0.0334738 0.440881
0.0332103 0.436785
0.0336484 0.433957
0.0344106 0.423502
0.0341302 0.433342
0.035166 0.431587
0.0349633 0.438699
0.0355341 0.457135
0.0350896 0.461645
0.0349078 0.455021
0.0350595 0.466873
0.0339644 0.452798
0.0348941 0.469766
0.0356008 0.467204
0.0350714 0.462524
0.0340466 0.456016
0.0332521 0.43925
0.0334794 0.44028
0.0338811 0.446175
0.0349073 0.467295
0.0344872 0.463359
0.0349614 0.458439
0.0342247 0.442308
0.0348354 0.451283
0.0352489 0.447276
0.0347353 0.438308
0.0343239 0.438181
0.0349055 0.442168
0.0350814 0.441381
0.0345431 0.440992
0.035619 0.461305
0.035876 0.471248
0.0356436 0.471831
0.0368462 0.47933
0.0355705 0.460238
0.0357761 0.459385
0.0356067 0.492171
0.0342524 0.455836
0.0347645 0.457703
0.0346918 0.449143
0.0340398 0.443027
0.0324906 0.419487
0.0318301 0.403287
0.0326904 0.404188
0.0322546 0.429621
0.0329819 0.437149
0.0330652 0.461766
0.0329882 0.443592
0.0334357 0.447689
0.0326808 0.438033
0.0325438 0.437358
0.0325415 0.433036
0.0309222 0.408989
0.0315193 0.425921
0.0314078 0.439681
0.0320022 0.446308
0.0310774 0.420644
0.032256 0.441457
0.0314696 0.424399
0.03215 0.44224
0.0326467 0.446734
0.0312639 0.421053
0.0313259 0.427254
0.0300715 0.400506
0.0304884 0.407616
0.0320121 0.435423
0.0317454 0.429719
0.0309676 0.431436
0.0316492 0.452859
0.0316508 0.457143
0.0323123 0.462523
0.0315687 0.454934
0.0314989 0.450365
0.0309285 0.453445
0.0303699 0.458654
0.0289385 0.440465
0.0293326 0.440624
0.0267793 0.41601
0.0277257 0.425663
0.0278546 0.426009
0.0279224 0.426594
0.0274725 0.416933
0.0270536 0.421345
0.0277795 0.441961
0.0283522 0.445613
0.0284008 0.434852
0.0279939 0.429618
0.0279541 0.440689
0.0276817 0.450135
0.0273018 0.431908
0.0267455 0.416478
0.0262562 0.409611
0.0260214 0.409091
0.0259395 0.416416
0.0247495 0.406529
0.0241786 0.389842
0.0247736 0.39409
0.0262731 0.419269
0.0256667 0.427975
0.0249708 0.416493
0.0250298 0.419321
0.025313 0.41681
0.0245172 0.383642
0.0246153 0.388671
0.0235211 0.370709
0.0247854 0.41126
0.0245847 0.412975
0.0249184 0.420794
0.0251294 0.419355
0.0259191 0.438596
0.0247353 0.418474
0.0244741 0.413515
0.0239461 0.40111
0.0246806 0.399731
0.024764 0.385558
0.0240548 0.377475
0.0234651 0.376836
0.0236641 0.395746
0.0232025 0.382869
0.023878 0.393741
0.0242132 0.377316
0.0249651 0.39551
0.0250989 0.395212
0.0253526 0.397579
0.0262871 0.40334
0.0261636 0.406068
0.0267334 0.418265
0.0269447 0.446122
0.0274443 0.446787
0.0264348 0.420703
0.0264412 0.426613
0.0259672 0.414243
0.0265321 0.405277
0.0262181 0.39827
0.0259224 0.386392
0.0259778 0.390855
0.0268065 0.402957
0.0269527 0.402614
0.0276015 0.439349
0.0277795 0.429399
0.0279608 0.437683
0.0287346 0.45332
0.0278391 0.426428
0.0274849 0.414349
0.0282054 0.426095
0.0275884 0.426774
0.0285602 0.454245
0.0283921 0.441014
0.0278206 0.431803
0.027805 0.422704
0.0290945 0.431768
0.029119 0.431982
0.0291651 0.438535
0.0282387 0.418678
0.028006 0.402748
0.0277813 0.405681
0.0280805 0.410559
0.0295471 0.43167
0.0289772 0.428347
0.0300786 0.438804
0.0307531 0.438092
0.0325496 0.444444
0.0328459 0.44723
0.0329543 0.45546
0.0338658 0.462344
0.0327844 0.42722
0.0339409 0.449972
0.0353228 0.463675
0.0357204 0.45972
0.0347363 0.44964
0.0355961 0.449326
0.0349567 0.449753
0.0362215 0.467991
0.0353713 0.44507
0.0340006 0.432249
0.0348914 0.453763
0.0350384 0.456842
0.0338393 0.45054
0.0348046 0.464571
0.0339477 0.451124
0.0335784 0.442577
0.0333626 0.447753
0.0330279 0.431034
0.0339213 0.447611
0.0340612 0.441784
0.0343919 0.460466
0.0344212 0.444811
0.0362391 0.462666
0.0361985 0.443578
0.0347326 0.44225
0.0350512 0.436623
0.0342397 0.426784
0.0343099 0.442123
0.0337122 0.432343
0.0336853 0.44457
0.0330744 0.418642
0.0344438 0.460354
0.0355646 0.479113
0.0356875 0.459437
0.0352012 0.449946
0.0354058 0.432941
0.0361948 0.459283
0.0364785 0.467472
0.0369216 0.466323
0.0372079 0.485787
0.036168 0.458209
0.0362378 0.459854
0.0359294 0.450697
0.0369936 0.481687
0.0361556 0.478005
0.0363807 0.486842
0.0365724 0.474003
0.0360859 0.471876
0.035143 0.441004
0.0360514 0.476217
0.0348496 0.446687
0.0353692 0.453779
0.0356975 0.455559
0.0345192 0.43462
0.0345467 0.452946
0.0345805 0.446492
0.0341911 0.428915
0.0343485 0.45046
0.0340506 0.434723
0.0356991 0.440429
0.0359677 0.452911
0.036015 0.449563
0.0359342 0.454079
0.0364442 0.440608
0.0358795 0.449256
0.0365652 0.453635
0.0362434 0.444849
0.0360117 0.436293
0.0368841 0.432948
0.0367408 0.4534
0.037982 0.444305
0.0380838 0.482602
0.0384102 0.472642
0.0391302 0.477562
0.0385247 0.447669
0.0384142 0.458387
0.0389141 0.477813
0.0385476 0.490909
0.0390176 0.481931
0.0394189 0.496903
0.039174 0.46624
0.0393488 0.468622
0.0406202 0.504394
0.0399863 0.492746
0.0401827 0.492438
0.0406917 0.49146
0.0402888 0.484371
0.0397889 0.479081
0.039971 0.484472
0.0397006 0.485063
0.039418 0.479345
0.0393199 0.478227
0.0388466 0.472114
0.0382715 0.462393
0.0385877 0.476579
0.0398806 0.49668
0.0386212 0.501676
0.038976 0.50192
0.0406544 0.519416
0.0386037 0.481372
0.0395199 0.491209
0.0413325 0.507431
0.0423364 0.520668
0.0406904 0.505359
0.039777 0.488243
0.0376331 0.452523
0.0377943 0.459397
0.0383715 0.458333
0.0391312 0.475276
0.0385901 0.470122
0.0382351 0.465232
0.0369675 0.454835
0.0374174 0.478261
0.0376032 0.493232
0.0373532 0.479524
0.0364826 0.473026
0.0363621 0.460326
0.0378486 0.477871
0.0363398 0.458469
0.0363223 0.456112
0.0367099 0.45491
0.0363229 0.453542
0.0359863 0.453878
0.0357513 0.46126
0.0355166 0.465155
0.0352468 0.472622
0.0348119 0.464245
0.0364758 0.477625
0.0356684 0.472238
0.0347596 0.447978
0.0368078 0.48145
0.0365099 0.497064
0.0375615 0.497427
0.0363186 0.484492
0.0373524 0.502902
0.0378475 0.482645
0.036743 0.502797
0.0376303 0.513705
0.0369 0.504709
0.0370904 0.501746
0.0365055 0.487763
0.0366261 0.472261
0.0361876 0.47049
0.0351993 0.461647
0.0353301 0.458333
0.0356884 0.480034
0.0359842 0.48056
0.0352556 0.472732
0.0359041 0.489096
0.0349118 0.484597
0.0343239 0.477306
0.0334841 0.462014
0.0328845 0.456187
0.0321347 0.449095
0.0317261 0.446942
0.0306547 0.42934
0.0298937 0.42259
0.0298555 0.432474
0.0298806 0.445177
0.0293614 0.425031
0.0299738 0.42753
0.029613 0.427654
0.0301028 0.437076
0.0299489 0.431277
0.0302729 0.430936
0.029976 0.427705
0.0293957 0.424012
0.0291053 0.419306
0.0287316 0.408053
0.0282426 0.403887
0.0273546 0.396499
0.0270834 0.38899
0.0274674 0.394169
0.0271127 0.393438
0.0270367 0.394932
0.027575 0.410394
0.0270658 0.407819
0.027743 0.421392
0.0273346 0.417881
0.0274007 0.414626
0.026808 0.403632
0.02627 0.392354
0.0268758 0.406839
0.0270117 0.411407
0.0267473 0.414977
0.0261498 0.40508
0.0270953 0.424967
0.0273958 0.421036
0.0270191 0.402252
0.0277222 0.42171
0.0280167 0.417029
0.027459 0.413194
0.0277312 0.427003
0.0273892 0.426379
0.0275968 0.431482
0.0275438 0.432397
0.0281622 0.439369
0.0279112 0.431175
0.0279551 0.437622
0.027949 0.433214
0.0268905 0.42038
0.0275062 0.43438
0.0277661 0.435283
0.0269558 0.425834
0.0264955 0.419013
0.0274021 0.432727
0.0261412 0.409777
0.0264906 0.413207
0.0278783 0.431007
0.0269612 0.425166
0.0274105 0.429557
0.0274525 0.431289
0.0273596 0.435099
0.0275459 0.4355
0.0273378 0.431489
0.0276013 0.434142
0.0276619 0.433192
0.0271229 0.424698
0.0272761 0.428151
0.027769 0.430995
0.0274318 0.428947
0.0275784 0.429552
0.0279347 0.434783
0.0278515 0.431226
0.0272975 0.427261
0.0271285 0.422273
0.0267422 0.419482
0.0266708 0.420204
0.0265633 0.41862
0.0271081 0.42824
0.0262965 0.414763
0.0268947 0.422582
0.0267716 0.423166
0.0269295 0.425306
0.0262212 0.413918
0.0269017 0.423102
0.0268524 0.424826
0.0257637 0.407065
0.0267292 0.421958
0.0273424 0.435786
0.0257073 0.411745
0.0266114 0.421948
0.02603 0.412741
0.0264873 0.416032
0.02598 0.41313
0.0259966 0.4077
0.0258263 0.409363
0.0254246 0.403114
0.0261123 0.413668
0.0258461 0.409841
0.0261971 0.416116
0.0257814 0.408069
0.0251659 0.396569
0.0263522 0.415537
0.0253664 0.402636
0.0262635 0.418194
0.0252703 0.399206
0.025618 0.405878
0.0263081 0.417276
0.0257135 0.408311
0.0263621 0.416336
0.0262242 0.415339
0.0251231 0.397754
0.0263114 0.416114
0.0257593 0.405611
0.0258269 0.407334
