61.243   1.54618   62.7892 0.10409   0.0702807
62.4661   1.98879   64.4549 0.110494   0.0764919
63.4734   1.51346   64.9869 0.111611   0.0702846
62.4058   1.99025   64.396 0.108274   0.0839768
65.652   1.4545   67.1065 0.111482   0.0732131
64.7708   1.30181   66.0726 0.111642   0.0666455
68.2099   1.43063   69.6406 0.113696   0.0750329
63.9392   1.58853   65.5278 0.108969   0.0769886
62.3189   1.34932   63.6682 0.108835   0.0715188
64.3362   1.31674   65.6529 0.115381   0.0812801
66.8971   1.14259   68.0397 0.119232   0.0814194
69.8308   0.697995   70.5288 0.12053   0.0876144
69.9403   0.971797   70.9121 0.123679   0.119975
71.5221   1.14005   72.6621 0.126134   0.16057
67.4127   1.54619   68.9589 0.12408   0.139716
72.6404   1.74234   74.3828 0.123764   0.146945
70.6517   1.29909   71.9508 0.120245   0.0934594
74.9053   0.792629   75.6979 0.124352   0.0846223
73.8731   2.00169   75.8748 0.122788   0.15517
75.6435   1.81284   77.4564 0.126136   0.145415
74.2522   2.15458   76.4068 0.126408   0.141439
73.6089   1.92364   75.5325 0.124053   0.138391
72.8907   1.65655   74.5473 0.125927   0.162939
73.1113   1.54195   74.6532 0.125169   0.162882
70.7979   1.3243   72.1222 0.124578   0.180587
69.866   1.1443   71.0103 0.124494   0.157473
72.0168   1.46051   73.4773 0.124303   0.14654
72.3259   0.910648   73.2366 0.121952   0.0889884
74.9741   0.95806   75.9321 0.121619   0.0876275
70.832   0.708895   71.5409 0.120943   0.12889
70.0872   1.03207   71.1193 0.124187   0.15878
70.4919   1.94323   72.4351 0.119437   0.169467
68.3471   1.34412   69.6913 0.124057   0.148248
69.6878   1.29225   70.9801 0.128008   0.162207
61.4809   0.172564   61.6535 0.10147   0.0848676
57.699   0.150126   57.8491 0.0980497   0.0577407
56.3634   0.146228   56.5096 0.104364   0.0674899
62.3824   0.108486   62.4909 0.108315   0.0678038
69.3281   0.120445   69.4485 0.117306   0.0401484
68.0159   0.13318   68.1491 0.115897   0.0347426
66.1944   0.138391   66.3328 0.114888   0.0403081
66.0245   0.537488   66.562 0.113321   0.150698
68.5325   0.22008   68.7526 0.111146   0.0733599
70.8411   0.175945   71.017 0.113159   0.0879726
73.1253   0.610745   73.736 0.117527   0.181409
70.8698   0.0415449   70.9113 0.117101   0.0415449
70.7351   0.216817   70.9519 0.116373   0.0542042
70.0503   0.271855   70.3222 0.120121   0.0728182
69.9986   0.258231   70.2568 0.120972   0.0640243
66.3993   0.286419   66.6857 0.116266   0.0965459
68.215   0.475356   68.6903 0.121766   0.116754
55.7854   0.483913   56.2693 0.0945302   0.117076
64.1166   0.343546   64.4602 0.101665   0.098156
66.095   0.540735   66.6357 0.108858   0.135184
65.9323   0.443071   66.3753 0.106388   0.201396
64.2755   0.273626   64.5491 0.105635   0.141531
64.4786   0.217826   64.6964 0.107584   0.148518
68.1324   0.427145   68.5595 0.110838   0.142382
68.8417   0.313088   69.1548 0.111316   0.156544
65.518   0.27791   65.7959 0.112982   0.134473
72.4501   0.301583   72.7517 0.112739   0.153347
72.0137   0.633993   72.6477 0.114897   0.125959
71.2668   0.367961   71.6348 0.115207   0.0721492
71.8264   0.365916   72.1923 0.1164   0.0560076
67.8578   0.324728   68.1825 0.114657   0.0936716
72.7005   0.632119   73.3326 0.117867   0.132612
65.8256   0.47535   66.3009 0.113538   0.112287
73.3972   0.560116   73.9573 0.118759   0.127299
56.4696   0.738319   57.2079 0.0941578   0.107522
55.8774   0.583978   56.4614 0.0905876   0.117579
55.0285   0.592969   55.6215 0.0927186   0.0999387
60.8031   0.486273   61.2894 0.0989527   0.0771861
59.2323   0.489314   59.7216 0.102242   0.0889661
60.8317   0.975602   61.8073 0.105215   0.136131
65.393   0.450139   65.8431 0.106764   0.11069
60.7059   0.846637   61.5526 0.101918   0.121527
62.2984   0.902258   63.2007 0.10577   0.130447
57.1811   0.408232   57.5894 0.106133   0.110333
64.7633   0.534298   65.2976 0.10948   0.129964
67.4434   0.446094   67.8895 0.112219   0.0760387
65.8637   0.432187   66.2959 0.1128   0.0913071
66.4107   0.305457   66.7162 0.1128   0.0939868
65.6503   0.570949   66.2212 0.112524   0.0951582
67.9274   0.860071   68.7875 0.111436   0.107063
67.0553   1.55174   68.6071 0.115116   0.185467
55.6404   1.24782   56.8882 0.0878394   0.138135
59.3873   1.29445   60.6818 0.0947217   0.141728
60.3013   0.766066   61.0674 0.0978917   0.122245
58.3416   1.48738   59.829 0.095862   0.151259
60.6099   0.675701   61.2856 0.096135   0.0673456
63.8048   1.27745   65.0822 0.100686   0.113383
68.9169   0.761569   69.6785 0.10643   0.100206
65.9656   1.34479   67.3104 0.103077   0.162023
66.6232   0.893325   67.5165 0.104638   0.127618
66.8149   0.959212   67.7741 0.103675   0.159869
68.9612   1.48743   70.4486 0.109404   0.186707
69.8019   0.94852   70.7504 0.108427   0.177848
75.4033   0.767231   76.1705 0.117147   0.0917009
81.348   0.295687   81.6437 0.114082   0.0583593
75.6038   0.464116   76.0679 0.117604   0.0898289
62.9476   0.378183   63.3258 0.0895711   0.0522834
65.4212   0.519492   65.9407 0.0953292   0.064667
68.2867   0.712422   68.9991 0.0986375   0.0763309
66.6027   0.780837   67.3835 0.100054   0.0783449
69.6679   0.711021   70.3789 0.101562   0.0748444
65.9509   0.477076   66.428 0.0980975   0.0733964
68.4321   0.769088   69.2012 0.0966965   0.0766533
67.3957   0.682508   68.0782 0.0995408   0.0961279
72.3951   1.45217   73.8473 0.102523   0.106516
71.5689   0.736382   72.3053 0.102436   0.0818203
73.5734   0.310599   73.884 0.107276   0.0523481
75.1387   0.520572   75.6592 0.105789   0.0676068
69.7018   0.703898   70.4057 0.106654   0.0776358
73.227   0.822569   74.0495 0.107156   0.0583382
75.0032   1.69791   76.7011 0.10909   0.113954
74.7315   0.991656   75.7231 0.11037   0.0893383
58.8265   0.965373   59.7919 0.0909735   0.107264
62.7521   1.15768   63.9098 0.0923006   0.116155
59.5541   1.12047   60.6746 0.0928888   0.125426
66.2562   1.1439   67.4001 0.0942121   0.100636
62.4104   0.737665   63.1481 0.0966006   0.0816603
59.3593   0.733148   60.0924 0.0905327   0.101826
67.7506   2.05626   69.8069 0.100826   0.174663
63.3129   0.71196   64.0249 0.0943186   0.0886258
62.8408   1.35932   64.2001 0.0960722   0.149925
64.1023   0.986825   65.0892 0.0941436   0.0993448
66.0594   0.395836   66.4552 0.0956504   0.0776149
62.241   0.354415   62.5954 0.0928924   0.0629139
55.469   1.58402   57.053 0.0825022   0.107029
57.0623   1.51403   58.5764 0.0853205   0.124783
55.3125   1.30564   56.6181 0.0887984   0.100177
57.6687   1.19276   58.8615 0.0890683   0.102825
60.3357   1.4683   61.804 0.0959792   0.123733
60.479   1.34483   61.8238 0.0943608   0.121521
64.982   0.73134   65.7133 0.102738   0.08126
65.8438   1.72714   67.571 0.10722   0.151504
72.9855   1.90307   74.8886 0.107279   0.183576
67.1277   1.24749   68.3752 0.106417   0.126435
69.2109   1.08367   70.2946 0.109079   0.134339
56.5943   1.05745   57.6518 0.0862762   0.123438
57.586   1.35041   58.9365 0.0894795   0.12861
59.7251   1.59164   61.3167 0.0965384   0.125987
64.2124   2.44938   66.6618 0.100594   0.163656
61.5331   1.89654   63.4297 0.10226   0.136442
63.9065   1.62353   65.5301 0.102705   0.127502
66.1233   1.58079   67.7041 0.103339   0.128519
67.3964   1.34397   68.7404 0.105494   0.116867
67.4573   1.25121   68.7086 0.107428   0.141646
67.4133   1.04185   68.4551 0.104684   0.14674
48.2321   1.25257   49.4847 0.0837314   0.126522
51.8225   0.680714   52.5032 0.0891647   0.0972448
55.7712   0.969118   56.7403 0.0954061   0.137139
58.9883   1.10228   60.0906 0.097625   0.158222
60.7722   0.717343   61.4896 0.0999817   0.102478
64.8356   1.01156   65.8472 0.104607   0.114516
66.9837   0.673055   67.6568 0.10292   0.0862891
66.7294   1.02514   67.7545 0.103346   0.121498
64.2216   0.744159   64.9658 0.102427   0.124027
67.7326   1.05976   68.7924 0.106788   0.149453
50.9177   0.73109   51.6488 0.0828379   0.107513
50.2819   0.463947   50.7458 0.0891959   0.091527
50.4039   0.746822   51.1507 0.0882369   0.196532
48.7557   0.842505   49.5982 0.0886413   0.156988
51.8036   0.252534   52.0562 0.0930158   0.116554
51.9052   0.392856   52.298 0.0935509   0.0801746
51.502   0.258966   51.761 0.0956457   0.0853734
49.9322   0.243245   50.1755 0.0937049   0.0752305
55.4255   0.302571   55.7281 0.0973896   0.104736
47.8641   0.0207442   47.8849 0.0858858   0.0200751
48.5536   0.330525   48.8841 0.0848839   0.168063
52.1173   0.103976   52.2212 0.0902516   0.094524
54.2538   0.111913   54.3658 0.0915162   0.0569048
53.0221   0.446943   53.469 0.0909157   0.21283
50.171   0.481262   50.6523 0.0905342   0.164067
53.8444   0.441716   54.2861 0.0918168   0.147239
52.4125   0.0911517   52.5036 0.0914969   0.248596
54.0237   0.0173545   54.0411 0.0912872   0.0179529
54.3123   0.127965   54.4403 0.0913836   0.132378
50.652   0.125473   50.7775 0.0912375   0.125473
45.2803   0.0178477   45.2982 0.0835379   0.0184631
43.0298   0.330547   43.3604 0.0836884   0.119475
44.7112   0.154397   44.8656 0.0844033   0.0964982
48.0054   0.0194894   48.0248 0.091317   0.0365425
46.2897   0.256091   46.5458 0.0892876   0.130216
49.5834   0.0799782   49.6633 0.091963   0.130873
50.1691   0.155191   50.3243 0.0918344   0.155191
49.4937   0.00748557   49.5012 0.0902786   0.0561418
46.9674   0.0331058   47.0005 0.0874897   0.0320378
48.8383   0.0482244   48.8865 0.0902852   0.0482244
39.9205   0   39.9205 0.0758272   -nan
43.8726   0.0968132   43.9695 0.0820254   0.0528072
41.7298   0   41.7298 0.0825244   -nan
44.9375   0.0193948   44.9569 0.0844532   0.0415604
47.8704   0   47.8704 0.0935944   -nan
50.3046   0.272568   50.5771 0.0884502   0.272568
50.3829   0.0741258   50.457 0.092457   0.0741258
53.9885   0   53.9885 0.0945729   -nan
48.8275   0.0125069   48.84 0.0918328   0.125069
50.7099   0   50.7099 0.0923957   -nan
40.1885   0.104812   40.2933 0.077574   0.209623
42.9754   0.475848   43.4513 0.079999   0.237924
42.6839   0.489965   43.1739 0.0846567   0.198635
44.169   0.0773494   44.2464 0.0839662   0.0483434
49.8776   0.0160912   49.8937 0.0887608   0.0689622
45.8267   0.0866268   45.9133 0.0894877   0.0838324
48.1204   0.0689337   48.1894 0.0924445   0.121648
49.2346   0.229368   49.4639 0.0938576   0.229368
51.2818   0.243206   51.525 0.0960393   0.173718
40.3753   0.00754981   40.3829 0.0805091   0.00754981
44.9182   0.0317826   44.95 0.0867816   0.0317826
44.6042   0.0836229   44.6878 0.0892144   0.044798
47.8494   0.0277247   47.8771 0.0936143   0.0259919
51.6763   0.147248   51.8236 0.0997131   0.147248
52.5204   0.165296   52.6857 0.10014   0.165296
53.2194   0   53.2194 0.103904   -nan
51.3538   0.103847   51.4576 0.107002   0.0865389
40.1146   0.255537   40.3701 0.0859107   0.123647
46.6582   0.00959509   46.6678 0.0931921   0.287853
45.6977   0   45.6977 0.0974295   -nan
51.6802   0.00917816   51.6894 0.108739   0.275345
53.963   0   53.963 0.111902   -nan
55.7839   0.019192   55.8031 0.112415   0.575761
54.8023   0   54.8023 0.112762   -nan
58.1558   0.00318839   58.159 0.111367   0.0956516
38.9078   0.401189   39.309 0.0821071   0.135232
38.8902   0.113305   39.0035 0.0860084   0.113305
44.2741   0.126593   44.4007 0.0973628   0.126593
47.6727   0.177632   47.8504 0.102247   0.203008
49.4637   0.204928   49.6686 0.102445   0.204928
53.3712   0.191205   53.5624 0.108995   0.191205
53.1012   0.19913   53.3003 0.110077   0.186684
43.5742   0.203468   43.7776 0.0889359   0.203468
48.9452   0.600782   49.546 0.0980669   0.204812
53.5038   0.293854   53.7976 0.104547   0.152804
54.7061   0.326798   55.0329 0.108962   0.163399
55.9886   0.287212   56.2758 0.116911   0.15525
62.1974   0.189967   62.3873 0.122059   0.189967
57.9488   0   57.9488 0.121681   -nan
40.5812   0.171223   40.7524 0.0876294   0.177128
43.7181   0.186173   43.9042 0.0963424   0.167556
43.7984   0.192973   43.9914 0.0989216   0.098179
50.7483   0.380564   51.1289 0.108669   0.126855
49.5387   0.19974   49.7384 0.116205   0.176693
51.7955   0.398622   52.1941 0.11402   0.259971
56.0754   0.180876   56.2563 0.122195   0.187113
56.8755   0.326588   57.2021 0.121691   0.186622
34.6747   0.312007   34.9867 0.0849315   0.156004
40.608   0.159611   40.7676 0.0930239   0.165115
43.2332   0.301005   43.5342 0.102912   0.20067
51.0349   0.061625   51.0966 0.113782   0.0577735
49.0061   0.243579   49.2496 0.111142   0.158856
54.9314   0.184674   55.1161 0.117158   0.0865657
53.8763   0.114456   53.9908 0.117875   0.152607
56.1695   0.17502   56.3445 0.12564   0.181055
39.2024   0.130602   39.333 0.0906343   0.130602
41.4208   0.108027   41.5288 0.0937688   0.101275
45.3413   0.300498   45.6418 0.101435   0.150249
49.8181   0.382931   50.2011 0.109933   0.19471
51.6921   0.2402   51.9323 0.113768   0.1201
46.5786   0.184169   46.7627 0.116855   0.108334
45.5255   0.117877   45.6433 0.115802   0.117877
43.1219   0.248276   43.3701 0.0917942   0.124138
48.7722   0.479529   49.2518 0.102563   0.163476
57.5172   0.177041   57.6943 0.11539   0.191795
58.3081   0.138015   58.4461 0.119642   0.146641
62.7324   0.258181   62.9906 0.122631   0.116182
65.0318   0.119409   65.1512 0.126398   0.0675901
58.8735   0.0427969   58.9163 0.123347   0.0802442
56.6155   0.156252   56.7717 0.126157   0.119487
47.0138   0.194066   47.2079 0.0927417   0.0986778
51.7389   0.00117978   51.7401 0.102479   0.0188764
51.8457   0.197818   52.0435 0.103484   0.0957183
53.4729   0.407326   53.8802 0.108084   0.207115
49.4055   0.283097   49.6886 0.102964   0.265404
60.6769   0.362666   61.0395 0.11926   0.271999
53.2444   0.125234   53.3696 0.113867   0.221001
47.3001   0.56062   47.8607 0.113953   0.143137
51.4918   0.130582   51.6223 0.121668   0.0914072
44.8312   0.296013   45.1272 0.0878699   0.0975866
48.3837   0.524876   48.9086 0.0961074   0.167513
51.8554   0.31582   52.1713 0.0956155   0.0853567
56.2102   0.454893   56.665 0.105493   0.129969
59.421   0.116637   59.5376 0.10978   0.0583184
60.6695   0.120803   60.7903 0.1116   0.0755022
64.5173   0.30076   64.818 0.118284   0.180456
69.399   0.0463449   69.4453 0.122325   0.0463449
72.5913   0.0716947   72.663 0.126521   0.0716947
67.2473   0.029556   67.2768 0.124532   0.0886681
46.4763   0.0124307   46.4888 0.0857181   0.0120297
49.0222   0.224933   49.2471 0.0919618   0.0926197
50.239   0.357817   50.5968 0.0941275   0.0941622
54.2042   0.518284   54.7225 0.100259   0.127298
57.8982   0.615831   58.514 0.106411   0.155252
55.9362   0.372733   56.3089 0.105007   0.0890108
57.4163   0.346271   57.7625 0.105804   0.118047
59.0615   0.803292   59.8648 0.107898   0.121428
58.2171   0.416908   58.634 0.110679   0.104227
45.5266   0.24707   45.7736 0.0805827   0.112305
49.0242   0.071009   49.0953 0.0883497   0.0511265
51.37   0.133334   51.5033 0.0932728   0.0761909
52.0003   0.111753   52.1121 0.0933579   0.0957887
50.2457   0.236862   50.4826 0.0929549   0.123168
56.2935   0.22034   56.5139 0.0945117   0.0927748
52.2022   0.134299   52.3365 0.0936026   0.0671494
51.7349   0.0111687   51.7461 0.0955517   0.0115538
55.6622   0.0458177   55.7081 0.0997263   0.0482292
62.1919   0.0749951   62.2669 0.106905   0.0999935
59.9536   0   59.9536 0.106733   -nan
50.7503   0.00218956   50.7525 0.0812823   0.00227377
51.245   0   51.245 0.0862614   -nan
55.9107   0.0397306   55.9504 0.0905338   0.397306
62.6518   0.00416596   62.656 0.0980722   0.00568086
66.1004   0   66.1004 0.103363   -nan
62.7562   0   62.7562 0.0999568   -nan
60.1838   0.0626349   60.2464 0.0973323   0.0626349
61.4056   0   61.4056 0.100642   -nan
65.4062   0.00968367   65.4159 0.101536   0.29051
59.73   0.196066   59.9261 0.0999573   0.220574
63.9649   0.0683569   64.0333 0.102843   0.157747
64.8014   0   64.8014 0.100582   -nan
51.0786   0.0700873   51.1487 0.0786753   0.116812
51.0177   0.116289   51.134 0.0787513   0.116289
53.4368   0.123299   53.5601 0.0851634   0.123299
51.9729   0.167124   52.14 0.0830591   0.0835618
56.3669   0.138421   56.5053 0.0878399   0.143194
58.7249   0.139822   58.8647 0.0943423   0.139822
64.0796   0.179188   64.2588 0.0958232   0.0895942
73.6448   0.0460127   73.6909 0.107999   0.0445284
71.4372   0.0127818   71.45 0.104808   0.0123695
69.5447   0.240375   69.7851 0.104847   0.0848384
64.7806   0.0260335   64.8066 0.104919   0.0260335
64.1561   0.0642679   64.2204 0.105036   0.0316071
60.8829   0.343063   61.226 0.0899495   0.098018
61.0694   0.183128   61.2525 0.0901926   0.0713485
61.7388   0.0659885   61.8048 0.0956251   0.0329942
62.8149   0.116396   62.9313 0.0952607   0.0563206
71.1648   0.431354   71.5961 0.102656   0.143785
69.7926   0.301587   70.0942 0.104464   0.282738
67.5843   0.305826   67.8901 0.103949   0.295961
55.2397   0.349591   55.5893 0.0823941   0.145663
59.7682   0.0471226   59.8153 0.0873761   0.0543723
58.5418   0.119162   58.6609 0.0866259   0.060591
59.8738   0.0820492   59.9559 0.0905898   0.0794025
67.6871   0.0593934   67.7465 0.0967973   0.0593934
68.2006   0.0541818   68.2548 0.0966836   0.052434
60.3826   0.011815   60.3944 0.0823399   0.0354449
66.1223   0.0258873   66.1482 0.08654   0.02678
73.0062   0.057728   73.0639 0.0914941   0.028864
69.9628   0.0788952   70.0417 0.0911891   0.0394476
73.4911   0.127322   73.6184 0.0959518   0.076393
76.0183   0.123748   76.1421 0.095273   0.0618741
55.4197   0   55.4197 0.0756376   -nan
58.7052   0.000795179   58.706 0.0832225   0.0238554
58.6   0.168922   58.7689 0.0829206   0.0844609
57.9227   0   57.9227 0.0855201   -nan
66.295   0.00144704   66.2965 0.090869   0.0434111
61.8969   0.0608972   61.9578 0.0912309   0.0608972
54.1635   0.00129933   54.1648 0.0786042   0.0389799
57.4823   0   57.4823 0.0834947   -nan
61.096   0   61.096 0.0869034   -nan
70.6376   0   70.6376 0.0990941   -nan
71.1545   0   71.1545 0.097179   -nan
62.627   0   62.627 0.0920218   -nan
62.9159   0   62.9159 0.0910302   -nan
64.1222   0   64.1222 0.0899281   -nan
62.3501   0   62.3501 0.0872151   -nan
62.3461   0   62.3461 0.087955   -nan
60.2797   0   60.2797 0.0872503   -nan
55.4634   0   55.4634 0.0813365   -nan
60.3866   0.0429109   60.4295 0.0841273   0.0443906
63.1522   0   63.1522 0.086835   -nan
64.3201   0.00567237   64.3257 0.0877291   0.0680684
55.6537   0   55.6537 0.0867978   -nan
52.8562   0.310188   53.1664 0.0821919   0.109478
56.5933   0.0134326   56.6067 0.0880486   0.214922
51.2829   0   51.2829 0.0790509   -nan
46.1288   0   46.1288 0.0755507   -nan
44.576   0.146581   44.7226 0.0698547   0.0732906
49.3877   0.00373192   49.3915 0.0735224   0.00393924
48.9522   0.0703383   49.0225 0.0761817   0.0351692
53.2307   0.0609113   53.2916 0.0819801   0.0304556
50.6807   0.0985346   50.7793 0.0803181   0.0328449
43.0206   0.0552829   43.0759 0.0704294   0.0276415
52.6889   0.015971   52.7049 0.0804084   0.015971
57.989   0.022016   58.011 0.089101   0.0207929
60.7143   0.0366115   60.7509 0.0875267   0.037874
59.9021   0.0140368   59.9161 0.0864671   0.0134265
58.4016   0.084971   58.4866 0.0859605   0.0439505
50.5553   0.0170161   50.5723 0.0772229   0.0510484
57.7725   0.109347   57.8818 0.0880142   0.0372773
59.7367   0.0240363   59.7607 0.0910342   0.0240363
57.9872   0.0373171   58.0246 0.0910522   0.0186585
52.4221   0.182429   52.6045 0.0815823   0.0897192
50.2213   0   50.2213 0.081216   -nan
59.6775   0.0208748   59.6983 0.0899796   0.0208748
52.9383   0   52.9383 0.0849505   -nan
54.7121   0.0910542   54.8032 0.0886936   0.0455271
46.5735   0.158614   46.7321 0.0744977   0.0793068
49.0196   0.131977   49.1516 0.0817903   0.0659885
58.5049   0.541424   59.0463 0.0902157   0.135356
56.2824   0   56.2824 0.0883971   -nan
49.1151   0.0754275   49.1905 0.0769587   0.0754275
54.0557   0.139695   54.1954 0.0854546   0.0710315
58.9258   0.138966   59.0648 0.0914051   0.138966
57.552   0.0150662   57.5671 0.0946969   0.0150662
60.2118   0   60.2118 0.0951682   -nan
66.0625   0.0208581   66.0834 0.100613   0.0347634
64.6468   0.229958   64.8767 0.0996303   0.104526
63.8075   0.0338702   63.8414 0.102639   0.127013
64.4141   0.0177564   64.4318 0.104943   0.0197294
62.5091   0.165021   62.6741 0.101707   0.154707
51.3283   0.00539563   51.3337 0.0868989   0.00558169
50.5196   0.300014   50.8196 0.0884315   0.150007
50.2206   0   50.2206 0.0896102   -nan
49.8583   0.0649055   49.9232 0.0902322   0.0224673
55.7601   0   55.7601 0.0955965   -nan
59.3917   0.158699   59.5504 0.100471   0.158699
57.022   0   57.022 0.103092   -nan
60.3549   0.0299729   60.3849 0.103965   0.0149865
47.8247   0   47.8247 0.0812654   -nan
49.2929   0.00889139   49.3018 0.0825362   0.00889139
51.1698   0   51.1698 0.0862751   -nan
53.1155   0   53.1155 0.091024   -nan
59.0319   0.00897077   59.0409 0.0998003   0.00897077
59.106   0.00517673   59.1111 0.0979734   0.00517673
44.8618   0.0377028   44.8995 0.0814189   0.0754057
44.0893   0.0745791   44.1639 0.0831351   0.0372896
45.7685   0.000735712   45.7692 0.0852934   0.0220714
46.5579   0.00312658   46.5611 0.0874492   0.0468987
45.4987   0   45.4987 0.0855078   -nan
41.1279   0   41.1279 0.0757719   -nan
42.6421   0.0158779   42.658 0.0775029   0.0158779
46.2807   0   46.2807 0.0797394   -nan
51.7947   0   51.7947 0.0863965   -nan
54.3248   0.0240226   54.3488 0.0935123   0.0295663
48.4529   0.00787776   48.4608 0.082263   0.126044
47.0032   0.141426   47.1446 0.0789416   0.141426
43.9674   0   43.9674 0.0832491   -nan
44.846   0.016641   44.8626 0.0811267   0.016641
43.9925   0   43.9925 0.0804201   -nan
43.1847   0.0409673   43.2256 0.0755928   0.0409673
45.8507   0.399886   46.2506 0.0794961   0.413675
49.8021   0.00778309   49.8099 0.084682   0.00778309
49.0617   0.345738   49.4075 0.0827953   0.181968
51.7207   0.452558   52.1733 0.0924135   0.226279
49.6049   0.0382723   49.6432 0.0885328   0.0382723
48.9783   0.04519   49.0235 0.0881857   0.22595
47.837   0.190706   48.0277 0.0857805   0.133051
46.0212   0.00667789   46.0279 0.0891769   0.0143098
50.1191   0   50.1191 0.09201   -nan
50.4212   0   50.4212 0.0899308   -nan
40.8439   0   40.8439 0.0774348   -nan
46.7535   0.495435   47.2489 0.086768   0.247718
43.1154   0.0285753   43.1439 0.0844158   0.0285753
38.5231   0   38.5231 0.0826793   -nan
30.1307   0.0663698   30.197 0.0701179   0.232294
35.1965   0   35.1965 0.0804307   -nan
35.5725   0.166793   35.7393 0.0855107   0.154879
38.1212   0   38.1212 0.0864427   -nan
32.4213   0   32.4213 0.0748933   -nan
34.7796   0   34.7796 0.0788414   -nan
36.2093   0.195541   36.4048 0.0827263   0.0977703
35.8758   0   35.8758 0.0875969   -nan
36.3251   0.00210592   36.3272 0.0802352   0.0631777
35.5896   0.0299533   35.6196 0.0857581   0.0299533
35.4095   0.0813826   35.4909 0.0852655   0.113936
36.724   0.0769332   36.8009 0.0896436   0.0461599
38.5789   0.0397673   38.6187 0.0957055   0.0411386
39.4039   0   39.4039 0.0954552   -nan
41.7678   0   41.7678 0.0991716   -nan
40.2267   0   40.2267 0.0961902   -nan
38.8249   0   38.8249 0.0907125   -nan
35.6691   0   35.6691 0.0845639   -nan
35.9227   0   35.9227 0.0833474   -nan
37.7045   0.048186   37.7527 0.0917942   0.064248
39.392   0.0936179   39.4857 0.0946599   0.109221
36.1702   0.0160029   36.1862 0.0884751   0.0160029
32.8707   0.088973   32.9597 0.0806973   0.100095
36.0031   0.00430862   36.0074 0.0874216   0.0258517
36.9384   0   36.9384 0.0870367   -nan
37.4321   0   37.4321 0.0857454   -nan
35.7993   0   35.7993 0.084333   -nan
36.8987   0.243459   37.1421 0.0833084   0.127022
32.3077   0.00129375   32.309 0.0780065   0.00133836
33.9358   0   33.9358 0.0837162   -nan
35.1596   0   35.1596 0.0817032   -nan
40.1481   0.0868772   40.2349 0.0840856   0.0554535
33.9587   0   33.9587 0.0748924   -nan
35.7519   0.00612017   35.758 0.0804921   0.183605
38.197   0.0426434   38.2397 0.0840974   0.106609
31.6715   0.00663105   31.6782 0.072189   0.172407
35.2606   0.20137   35.4619 0.0812143   0.20137
31.5133   0.22057   31.7339 0.0750496   0.110285
32.5772   0   32.5772 0.0759435   -nan
35.4246   0   35.4246 0.0813656   -nan
36.331   0.450664   36.7817 0.0821703   0.286786
34.0226   0.0220003   34.0446 0.0717424   0.0111866
34.3141   0.0125733   34.3267 0.0717718   0.0117875
40.3844   0.0259052   40.4103 0.0788978   0.0259052
44.4652   0.00452018   44.4697 0.0853971   0.0723229
46.886   0.338299   47.2243 0.0814765   0.177204
46.0027   0.160102   46.1628 0.0877914   0.160102
46.6682   0.500887   47.1691 0.0871218   0.265176
43.5802   0.122217   43.7024 0.0819408   0.122217
41.603   0.0204348   41.6235 0.0763919   0.0340579
45.1586   0.134361   45.293 0.0857876   0.0671807
47.2512   0.2449   47.4961 0.090404   0.0638869
38.172   0.567296   38.7393 0.0745158   0.0956117
44.2519   0.028593   44.2805 0.0798819   0.028593
47.2281   0.148638   47.3768 0.0884854   0.0833821
53.6446   0.136676   53.7813 0.0943409   0.0697922
50.9797   0.0172825   50.997 0.0909319   0.0172825
53.6124   0.107297   53.7197 0.0925628   0.107297
42.247   0   42.247 0.077741   -nan
45.5563   0   45.5563 0.0835949   -nan
46.4114   0.09492   46.5064 0.0795473   0.0502517
45.0667   0.104719   45.1714 0.0811829   0.104719
45.08   0.288401   45.3684 0.0796889   0.0994486
44.4612   0.38329   44.8445 0.0807846   0.194893
48.7059   0.125803   48.8317 0.0865832   0.0639678
44.4517   0   44.4517 0.0793026   -nan
41.3966   0.29693   41.6935 0.0768358   0.0937673
44.8812   0.0150574   44.8962 0.0795336   0.0150574
45.0646   0   45.0646 0.0844698   -nan
46.3886   0.208579   46.5972 0.0853673   0.195543
38.8181   0   38.8181 0.0726478   -nan
39.8181   0.00471479   39.8228 0.0748649   0.0471479
41.3286   0   41.3286 0.0781669   -nan
37.4659   0.360628   37.8265 0.0719483   0.103036
37.1816   0.398997   37.5806 0.0675893   0.140823
38.1574   0.0919184   38.2493 0.0692721   0.0919184
40.48   0.118429   40.5984 0.0722796   0.113046
46.0415   0.352692   46.3941 0.0804686   0.12448
41.0665   0.214924   41.2814 0.0734971   0.0716413
38.6144   0.179409   38.7938 0.0686276   0.060475
40.5351   0.448604   40.9837 0.0722508   0.0909332
44.6565   0.140644   44.7972 0.0774977   0.135435
45.1543   0.202485   45.3568 0.0766287   0.101242
43.6471   0.271511   43.9186 0.0750843   0.271511
46.078   0.287114   46.3651 0.0769016   0.263187
49.8586   0.0751396   49.9337 0.0812823   0.0751396
42.992   0.208132   43.2001 0.0719833   0.195889
42.5066   0.352737   42.8593 0.0738389   0.0881844
42.6849   0.0613804   42.7463 0.0685224   0.0306902
37.7202   0.0902676   37.8105 0.0651814   0.0415231
40.3386   0.180732   40.5194 0.0669089   0.062561
38.9473   0.419942   39.3673 0.0682773   0.0864587
43.2687   0.0417027   43.3104 0.0749111   0.0208514
46.8041   0.124329   46.9284 0.0755853   0.0621643
67.0825   0.157197   67.2397 0.111222   0.122264
59.6157   0.00562049   59.6213 0.0933197   0.0843074
51.0467   0.0444106   51.0911 0.0823284   0.0413478
45.5799   0.0457377   45.6256 0.0799881   0.0490046
42.8382   0.0338261   42.872 0.0774185   0.202957
39.7455   0.132759   39.8782 0.0728149   0.0681735
40.2147   0.00574013   40.2205 0.0757489   0.00574013
43.035   0.122978   43.158 0.0790877   0.0717371
35.7953   0.501263   36.2966 0.071348   0.168965
37.3956   0.093471   37.4891 0.0734255   0.0459694
34.9812   0.0265119   35.0077 0.0672413   0.013256
36.4113   0.0573433   36.4686 0.0700756   0.0286716
29.8038   0.325135   30.129 0.0586621   0.106294
33.0954   0.288241   33.3836 0.0670723   0.149458
34.032   0.0114871   34.0435 0.0656651   0.0114871
34.7566   0.095428   34.852 0.0662661   0.0485227
37.9595   0.00419779   37.9637 0.0703867   0.0139926
40.3725   0.134157   40.5067 0.0754814   0.0706088
41.4106   0.178268   41.5889 0.0791222   0.101868
32.7261   0.238745   32.9648 0.0660733   0.0930174
37.5282   0.256941   37.7851 0.0728844   0.0928704
43.2103   0.283434   43.4937 0.082557   0.134969
47.1474   0.441887   47.5893 0.0904651   0.112344
50.6682   0.646743   51.315 0.0936624   0.22048
50.2638   0   50.2638 0.0966105   -nan
54.9557   0.426309   55.382 0.106883   0.170524
34.8374   0.160827   34.9982 0.0811367   0.102655
35.0697   0.178104   35.2478 0.0818556   0.102752
37.419   0.133283   37.5523 0.0899206   0.0666413
35.9838   0.285827   36.2696 0.0859094   0.142914
36.7332   0.0765465   36.8098 0.0859458   0.0765465
32.7452   0.028332   32.7736 0.0769684   0.0266654
30.022   0   30.022 0.0740066   -nan
32.6134   0   32.6134 0.0803945   -nan
30.6028   0.00794793   30.6107 0.0785567   0.0635835
28.2933   0   28.2933 0.0749186   -nan
28.2735   0   28.2735 0.0749628   -nan
26.8299   0   26.8299 0.073542   -nan
27.0769   0.0380574   27.1149 0.0757607   0.0317145
27.9034   0.0228184   27.9263 0.0777977   0.0228184
30.2748   0.0131515   30.288 0.0835168   0.0526059
30.461   0.219391   30.6804 0.0835312   0.119668
31.3585   0.152779   31.5113 0.0842216   0.101853
35.2889   0.0381906   35.3271 0.092988   0.042434
26.8707   0   26.8707 0.0825774   -nan
34.7539   0   34.7539 0.0892499   -nan
31.2526   0.371558   31.6242 0.0865724   0.371558
31.9759   0   31.9759 0.0888218   -nan
32.8353   0.0131692   32.8484 0.0879752   0.0141099
31.9695   0.0928399   32.0624 0.08715   0.111408
32.5446   0.00915506   32.5537 0.0891089   0.164791
33.0507   0.034409   33.0851 0.0898227   0.034409
30.8717   0.148781   31.0204 0.0884153   0.0743905
26.9137   0.212685   27.1264 0.0760035   0.0797568
29.6932   0.0639003   29.7571 0.0814181   0.0639003
27.2933   0.053458   27.3467 0.0737656   0.053458
27.1784   0.0732829   27.2517 0.0763296   0.0732829
27.2483   0.0768425   27.3251 0.072304   0.0768425
28.8088   0.0630744   28.8718 0.0764527   0.0630744
28.9827   0.327676   29.3104 0.0781205   0.109225
28.8144   0.385595   29.1999 0.0759271   0.128532
28.8611   0.252252   29.1134 0.0765141   0.126126
31.0658   0.34943   31.4153 0.0794523   0.116477
28.7602   0.354307   29.1145 0.0778988   0.0885767
29.8023   0.361223   30.1635 0.0802215   0.120408
30.4476   0.208702   30.6563 0.0816507   0.104351
31.4176   0.257103   31.6747 0.0819233   0.0934918
27.1462   0.225689   27.3719 0.0785027   0.112844
33.5447   0.361562   33.9063 0.0822847   0.120521
31.6062   0.357876   31.964 0.0801896   0.119292
31.1205   0.245667   31.3661 0.0805484   0.0870718
29.7744   0.315674   30.0901 0.0760106   0.110486
28.885   0.324486   29.2095 0.0730218   0.108162
27.6178   0.375982   27.9937 0.0723357   0.125327
27.7191   0.363255   28.0823 0.0722478   0.0990694
26.1948   0.35397   26.5488 0.0699462   0.11799
25.8114   0.338761   26.1502 0.0713812   0.11292
25.3615   0.19238   25.5539 0.0694202   0.09619
26.3811   0.245079   26.6261 0.0713644   0.122539
28.6928   0.373396   29.0662 0.0757067   0.124465
28.7869   0.368488   29.1554 0.0722926   0.122829
26.7923   0.366248   27.1585 0.0699538   0.122083
29.2013   0.350808   29.5521 0.0736121   0.116936
