1367         1367
1271         574
1290         588
1273         565
1299         568
1306         576
1329         588
1361         580
1352         599
1366         586
1311         572
1294         557
1309         561
1292         579
1296         565
1239         567
1267         543
1288         586
1328         587
1367         602
1398         601
1363         599
1344         587
1376         593
1323         578
1334         584
1305         568
1273         561
1302         579
1325         593
1385         616
1378         585
1317         564
1339         590
1310         550
1337         544
1303         605
1292         588
1216         540
1264         575
1263         591
1271         586
1255         576
1253         582
1295         616
1301         626
1280         622
1285         605
1259         607
1263         583
1242         578
1237         571
1228         560
1301         590
1330         630
1313         607
1297         619
1322         608
1325         599
1334         614
1338         618
1317         579
1369         642
1349         626
1352         618
1337         617
1321         591
1346         616
1318         579
1346         618
1351         599
1360         616
1317         593
1375         614
1327         579
1344         578
1310         612
1290         595
1270         589
1277         538
1324         591
1334         601
1304         583
1273         588
1326         583
1308         609
1317         582
1365         633
1325         626
1327         616
1349         608
1353         630
1352         633
1394         647
1417         639
1369         636
1396         644
1372         630
1395         643
1408         643
1424         713
1398         642
1455         702
1435         686
1419         692
1421         665
1457         685
1433         672
1455         707
1488         677
1490         706
1445         698
1445         685
1476         710
1441         653
1494         683
1510         687
1444         677
1427         646
1448         679
1471         641
1513         703
1463         646
1432         655
1498         671
1474         671
1492         654
1509         680
1496         690
1484         670
1514         672
1513         668
1448         622
1486         647
1459         628
1425         640
1440         632
1427         614
1488         680
1422         630
1405         634
1404         655
1376         643
1329         618
1329         638
1326         601
1319         622
1339         639
1332         638
1298         627
1289         643
1265         576
1319         581
1300         584
1262         604
1297         607
1277         619
1308         650
1343         645
1299         627
1319         634
1363         614
1335         563
1334         571
1312         550
1298         556
1312         554
1292         538
1270         532
1307         569
1331         557
1305         572
1329         577
1346         592
1336         583
1339         554
1305         586
1302         572
1367         591
1350         594
1320         555
1318         542
1247         514
1291         529
1230         525
1260         518
1243         539
1279         546
1249         548
1278         536
1275         540
1253         526
1263         534
1213         505
1242         532
1241         511
1270         568
1248         544
1306         570
1255         531
1279         548
1223         518
1249         537
1187         504
1202         526
1250         561
1233         512
1200         520
1177         524
1175         533
1144         501
1159         517
1128         499
1103         511
1147         518
1104         524
1080         512
1060         479
1060         466
1080         500
1042         469
1041         475
1013         482
1024         496
1025         486
1065         522
1052         473
1029         452
1026         454
1006         466
1027         482
1045         489
1029         482
1028         489
1028         499
1001         511
1039         502
1001         478
1031         509
1014         476
1024         463
1041         453
1008         442
1032         467
978         426
1008         454
989         458
986         467
990         408
984         436
993         420
1053         448
1044         440
1073         468
1080         457
1056         447
1052         432
1070         441
1095         447
1090         453
1074         454
1059         398
1030         393
1051         469
1081         475
1136         498
1149         487
1246         511
1199         514
1151         477
1131         448
1076         506
1074         504
1094         501
1104         494
1059         479
1086         508
1045         467
1007         415
1054         423
1040         510
1045         503
1078         542
1065         532
1065         541
1084         543
1078         545
1077         567
1120         573
1091         540
1111         542
1079         533
1051         533
1022         540
1028         544
1018         532
1068         542
1062         547
1040         526
1051         564
1032         554
1060         550
1067         557
1045         540
1070         595
1037         557
1068         541
1042         558
1120         581
1088         561
1149         624
1108         594
1163         617
1212         638
1198         639
1158         627
1143         618
1123         610
1166         644
1102         597
1147         621
1186         644
1154         649
1160         647
1174         627
1165         625
1199         641
1153         622
1226         668
1210         681
1218         681
1225         663
1170         617
1203         610
1217         676
1244         677
1202         645
1255         659
1263         693
1256         668
1283         650
1248         670
1286         684
1258         675
1250         660
1239         699
1298         705
1294         733
1377         764
1393         797
1323         767
1336         765
1373         797
1337         732
1284         705
1261         706
1268         677
1362         729
1289         678
1274         689
1266         688
1267         703
1276         712
1317         732
1280         680
1283         691
1289         713
1298         714
1293         708
1266         690
1264         681
1319         717
1313         727
1294         733
1198         641
1256         643
1254         642
1270         648
1229         610
1265         638
1275         671
1279         642
1267         649
1228         631
1240         610
1283         655
1251         650
1302         693
1314         692
1335         679
1270         654
1265         656
1259         656
1241         636
1265         642
1237         618
1258         663
1215         623
1206         616
1221         625
1224         599
1232         648
1249         636
1249         638
1237         632
1251         644
1207         607
1209         632
1231         656
1178         648
1172         621
1130         613
1153         614
1152         590
1121         571
1107         560
1108         552
1146         583
1138         591
1118         553
1134         580
1149         588
1167         597
1142         593
1138         583
1184         591
1155         603
1109         551
1141         530
1106         536
1137         532
1110         532
1139         542
1133         550
1185         580
1189         599
1175         580
1164         589
1196         595
1101         528
1138         552
1129         547
1119         571
1136         576
1113         588
1120         592
1122         559
1109         560
1122         555
1092         557
1035         516
1129         544
1078         560
1058         527
1046         538
1006         510
934         465
898         429
892         437
884         416
896         441
907         432
902         441
875         437
886         409
906         452
834         415
856         415
806         409
807         403
825         412
844         421
815         418
845         428
822         421
835         431
813         410
818         416
799         408
816         407
816         411
840         424
865         436
833         424
841         442
848         414
871         405
901         430
940         477
938         453
886         444
936         454
920         438
894         434
930         419
936         428
913         435
981         442
1008         474
1051         478
1063         511
1075         520
1172         575
1114         524
1151         535
1178         531
1177         544
1127         526
1144         522
1138         512
1134         553
1138         533
1224         568
1147         560
1143         579
1144         543
1120         544
1197         583
1167         555
1183         565
1192         550
1199         562
1187         560
1212         538
1229         564
1161         533
1161         543
1189         534
1143         531
1153         528
1126         520
1233         550
1210         550
1204         560
1238         572
1265         558
1250         562
1279         561
1246         576
1259         589
1259         581
1263         599
1315         613
1270         597
1252         575
1292         622
1268         578
1262         602
1250         570
1226         577
1327         619
1280         603
1392         638
1309         620
1242         569
1233         553
1245         545
1204         530
1219         544
1171         501
1148         509
1174         520
1147         519
1140         508
1114         493
1170         518
1199         524
1219         539
1178         534
1169         523
1176         495
1167         514
1161         523
1125         521
1154         540
1147         520
1089         514
1044         429
1012         428
969         416
971         418
965         427
955         425
960         405
933         405
928         389
891         377
876         377
879         364
874         357
886         358
868         362
867         364
880         372
857         379
823         325
907         389
856         361
864         360
898         373
905         366
861         365
889         367
837         349
831         354
902         364
896         370
870         356
891         376
886         376
876         371
865         379
889         377
876         391
859         369
857         371
863         372
871         383
850         345
866         407
862         394
848         386
846         391
852         395
846         381
867         383
872         374
816         361
847         365
827         369
853         379
871         398
821         383
846         396
