2386       2386
2223       24
2208       22
2241       26
2247       21
2286       23
2268       19
2245       19
2223       19
2234       20
2257       18
2237       16
2290       14
2344       7
2331       8
2337       7
2315       11
2307       11
2312       13
2313       9
2325       12
2343       12
2347       15
2344       13
2351       10
2323       9
2334       7
2369       7
2412       9
2391       10
2448       10
2447       5
2404       6
2423       11
2411       9
2414       7
2347       2
2413       2
2394       2
2379       1
2362       3
2338       3
2314       3
2240       3
2262       3
2267       2
2236       3
2206       1
2182       4
2220       3
2183       4
2112       2
2100       4
2071       4
2135       3
2107       4
2116       2
2140       1
2126       1
2123       3
2082       2
2059       2
2085       1
2088       5
2131       5
2146       6
2124       3
2090       4
2095       4
2137       4
2113       6
2113       4
2102       5
2098       6
2050       5
2041       7
2023       4
2053       6
2074       6
2029       3
2057       4
2061       5
2052       4
2051       3
2065       6
2088       8
2022       8
2022       9
2036       9
2020       6
2029       9
2013       10
2016       11
1960       7
2004       8
1980       7
1991       6
1975       7
1959       5
1967       8
1940       5
1941       5
1893       7
1893       8
1877       9
1928       9
1876       9
1864       6
1855       10
1868       7
1854       13
1829       9
1772       5
1816       7
1780       9
1799       14
1806       14
1826       11
1806       9
1807       9
1785       8
1744       11
1736       9
1722       7
1716       11
1710       8
1710       9
1712       9
1798       5
1770       5
1768       14
1812       12
1789       13
1780       11
1765       11
1733       11
1721       9
1657       11
1664       10
1653       9
1671       8
1625       8
1574       10
1587       12
1558       14
1506       13
1467       12
1451       12
1416       11
1401       8
1395       7
1394       9
1354       7
1348       7
1317       6
1308       7
1284       8
1243       7
1234       8
1176       6
1171       7
1144       6
1108       5
1100       3
1071       5
1054       2
1019       4
1001       3
998       3
1006       2
1015       1
996       1
1002       1
984       1
989       2
962       2
974       3
995       0
965       0
955       0
952       1
929       0
924       2
909       1
898       0
909       1
918       0
879       1
863       0
887       1
877       1
911       0
883       1
878       0
833       0
806       0
775       1
770       1
707       0
713       0
709       0
690       0
701       2
711       2
723       1
718       0
701       1
683       0
688       1
693       1
701       1
682       1
675       1
655       1
666       1
645       1
655       0
645       1
640       2
643       0
653       0
618       0
641       0
610       0
601       0
569       0
559       2
544       1
542       1
511       0
460       1
472       1
478       1
459       1
441       2
440       1
446       2
438       1
445       1
442       0
434       0
459       1
477       1
482       3
486       1
482       1
507       0
529       1
524       2
536       0
555       1
561       1
586       1
600       2
576       0
549       0
588       1
624       1
624       2
605       1
599       2
593       1
619       1
614       2
629       2
643       0
655       0
661       2
706       1
712       0
730       1
752       1
778       0
772       2
769       1
788       1
800       1
763       0
769       3
757       1
768       3
760       3
788       3
790       3
813       2
817       1
825       1
829       1
805       1
821       0
810       1
870       2
917       3
971       4
980       3
979       4
934       2
916       6
933       4
911       2
888       1
915       1
879       1
876       1
878       2
845       2
805       0
795       0
762       0
769       0
798       0
769       0
747       0
762       0
724       0
699       0
687       1
666       0
662       0
667       0
673       0
679       0
710       0
695       1
714       1
724       2
706       0
700       1
726       2
727       1
705       1
722       2
762       1
737       2
761       3
738       2
774       2
766       2
774       3
793       1
809       1
801       2
766       0
781       1
790       1
807       1
811       1
804       0
792       0
804       2
771       2
807       1
807       2
802       0
830       0
808       2
826       0
837       0
841       1
825       0
832       0
835       0
835       0
813       0
839       0
845       0
835       0
826       0
838       0
843       0
838       0
837       0
835       0
834       0
823       0
808       2
829       0
825       0
803       0
782       2
755       0
738       2
789       2
760       3
776       2
772       1
769       1
794       0
812       1
818       1
837       0
875       2
857       1
851       2
833       2
833       0
824       1
814       0
808       2
821       2
819       2
848       4
818       0
808       1
836       1
821       1
843       1
822       0
833       0
826       2
841       0
844       0
824       1
821       0
821       2
819       0
814       2
810       0
832       1
814       0
816       2
809       0
820       1
793       0
820       0
808       1
777       1
827       0
811       2
774       0
784       0
777       0
808       0
754       1
758       0
790       0
807       0
805       0
866       1
891       0
852       1
877       0
813       1
835       0
854       1
822       1
824       2
846       1
849       0
825       1
834       0
809       0
827       0
782       0
753       2
707       1
684       0
644       0
677       0
709       1
718       0
704       0
713       0
707       2
684       0
727       0
706       1
699       0
712       1
678       0
673       0
663       0
672       0
668       0
687       0
654       0
662       0
721       0
708       1
702       0
684       0
721       0
758       0
760       0
728       1
732       0
758       0
736       0
730       1
682       0
710       0
676       0
706       0
754       1
728       2
722       0
738       0
732       1
696       1
754       1
747       1
821       0
810       1
817       1
862       1
848       1
835       0
839       2
861       3
867       5
871       1
845       1
859       1
878       1
886       1
823       0
796       0
766       1
746       1
789       2
813       1
827       1
799       0
819       3
813       1
830       0
815       1
822       0
791       0
814       0
837       3
857       2
809       1
847       1
861       2
851       3
858       2
829       4
836       1
830       2
839       1
803       1
810       1
812       1
835       4
789       2
798       2
812       2
820       4
833       2
833       2
864       1
836       0
814       1
773       0
746       0
767       1
775       1
764       1
774       2
779       2
772       2
800       2
764       3
755       1
765       1
735       1
739       0
741       1
765       1
784       2
790       2
803       2
770       3
773       2
747       0
738       2
693       1
693       1
707       2
734       2
734       1
748       1
739       0
757       0
743       0
709       0
706       0
695       0
673       1
651       1
659       0
661       1
657       1
651       0
646       0
659       0
641       1
636       0
665       0
667       0
678       0
653       1
660       2
660       2
664       1
665       1
659       1
642       1
631       1
645       3
639       3
630       2
635       3
637       4
648       3
643       2
634       2
629       2
644       3
643       3
635       2
625       2
633       3
640       3
644       3
632       3
627       3
631       2
635       2
637       3
647       3
634       3
626       3
