0  1191638
115  2723
102  3228
102  2334
82  2658
98  3894
99  5349
95  2656
94  2865
77  3264
72  2664
45  1834
67  3128
101  4650
104  2766
101  2534
102  2637
42  2083
70  2587
71  2163
112  3075
96  4554
71  2444
70  2335
69  2817
71  3047
67  2436
69  1564
109  2762
111  3418
92  2009
76  3638
69  2273
76  5713
71  1988
74  327293
70  1757
70  3446
68  2953
101  2530
107  2364
94  2120
95  4766
69  1724
71  2849
66  2214
91  2925
73  2585
67  4147
66  2722
64  2601
62  2750
60  347845
32  3835
71  2268
75  3310
70  2491
72  2369
73  2118
72  1649
71  3804
68  2742
71  3591
72  2604
71  3230
70  1950
69  2502
69  2393
68  2213
101  186925
93  2328
103  2545
100  2629
101  4342
98  2212
91  2225
68  3369
69  3478
28  2751
67  2688
44  1992
69  3614
68  2945
38  1834
70  2383
72  10988
71  350474
72  5462
71  8708
72  2600
73  3621
72  3085
101  2381
100  2305
99  2557
95  4249
106  2423
105  2183
106  2128
107  3453
108  3047
105  219338
106  2988
106  2648
72  1693
107  4464
107  2835
106  3942
105  2610
71  4206
84  3830
74  3087
87  1846
70  2451
98  2386
102  2939
113  3060
112  362186
111  2170
106  2990
107  4402
107  4307
110  2970
69  4137
52  2860
68  2394
73  2997
71  2949
73  2390
112  212395
106  2845
105  2023
72  2771
72  2851
71  2826
70  1798
69  6468
68  2090
71  2905
68  2280
68  224280
64  2969
63  2677
64  2226
63  2647
61  2183
97  2826
96  2153
97  8315
92  4111
94  225727
86  3199
89  2960
67  2632
56  3289
59  2013
88  3007
57  2908
31  2593
31  2498
22  462234
79  2921
75  4615
56  4294
64  2470
53  5115
54  2484
57  2792
51  1795
16  287193
76  2219
52  1834
63  2167
55  2635
56  2090
55  2327
85  3590
85  2774
88  2241
84  2630
69  262952
50  1986
73  3030
77  4065
73  2620
50  4726
30  2705
52  2376
50  2156
52  2100
50  287748
51  2054
49  3425
50  2769
52  3396
51  2730
50  2609
69  2482
69  3208
67  2681
71  380136
69  2071
70  4640
68  2685
67  2276
70  2361
68  4034
67  3852
47  4103
45  308252
45  2808
45  2558
46  2026
60  2206
18  2081
35  2717
44  2099
42  493855
40  2635
41  2876
41  3402
41  4169
56  1927
56  3511
40  2471
57  173048
56  2556
55  4575
55  3202
11  5362
55  3197
39  2522
39  175857
26  2567
51  2960
23  6707
52  3178
24  2780
37  2044
42  204093
53  2427
17  2293
51  4620
55  3301
41  2397
53  2333
53  3492
13  369982
37  3064
36  2694
36  2979
36  2546
57  2976
36  2464
20  2244
51  256109
53  2247
54  2667
55  2327
55  2678
20  3382
53  3197
52  200062
55  3431
40  2486
26  2843
32  1976
19  3430
57  3249
40  3480
18  182534
46  2841
23  3277
43  2613
59  2182
56  2666
18  2400
58  2564
16  4900
19  207711
59  8659
55  2312
63  3372
12  2334
24  2492
47  4546
21  3017
11  3461
10  3748
14  190179
63  2173
31  4085
59  2247
22  1803
44  2341
23  2549
43  3762
25  4564
11  658799
43  3160
25  2503
7  2750
9  1249
26  3399
17  2415
20  3350
44  2237
29  2826
7  4941
15  186579
42  3076
44  3662
65  3553
61  3043
13  2559
58  2590
36  3935
43  2699
58  3300
18  2915
57  2747
41  221405
42  2122
42  4019
20  2208
44  3046
45  1822
47  2301
19  2289
47  2645
65  2701
65  3112
66  3694
66  197521
32  3292
54  2580
53  2338
49  3220
70  7276
50  2288
50  175973
47  2711
56  2247
51  2337
48  2375
50  1833
52  181669
50  2221
56  2101
64  2511
42  2852
24  2974
51  185266
53  2019
51  2298
50  2355
51  3276
55  2462
52  249790
50  2387
53  4627
73  2162
12  2699
50  1616
53  2323
32  2314
62  3136
73  2251
61  6007
31  2558
53  3422
78  3045
75  2259
31  2551
26  192025
30  2518
29  9536
53  4490
48  205397
27  2851
32  2827
21  1979
38  2258
60  173671
51  2843
50  1954
45  2515
79  5263
59  2486
82  451287
18  2859
80  2170
74  2659
20  2558
73  494895
70  2159
72  3754
76  2221
59  201312
52  3545
17  4931
77  2407
52  322566
28  2464
76  2341
25  3542
22  1917
31  2051
10  2560
50  3043
27  2691
26  2346
74  715310
73  2698
19  2656
70  2269
23  2693
19  3325
74  3678
43  2828
73  922993
72  2099
50  2360
45  2180
49  16487
12  1922
13  579852
48  2353
16  1791
53  2683
71  3576
72  244509
37  3968
71  2134
74  6832
65  3843
27  829458
29  3256
22  2048
13  2728
32  3721
52  225716
44  3895
54  3548
48  2132
52  1994
7  2872
47  2333
20  2948
48  3493
48  1736
24  2302
51  605386
24  3938
15  3717
11  2654
31  581452
15  4267
9  2575
20  5982
10  301565
40  3117
43  1931
58  3575
19  916289
59  2719
10  2679
15  4386
6  2021
40  1977
9  2964
39  2466
9  1820
12  7729
15  3154
9  3005
14  2773
13  4011
17  400351
17  3969
13  2828
38  2761
25  2190
10  3172
24  2325
51  2467
51  2644
52  2246
54  567027
38  3812
36  2576
14  9280
33  3459
14  322465
59  2453
62  3096
18  2936
11  395091
42  2726
74  4414
30  2533
34  293746
35  2550
29  4331
64  4334
32  731001
18  4204
15  1921
18  2466
65  1924
74  5748
42  2812
43  2103
19  2320
10  313077
48  2756
48  20564
16  1956
14  209512
20  2033
55  2387
74  2473
70  238537
72  2896
47  4778
16  4331
53  519290
52  2200
48  1915
37  3198
49  213074
35  4581
34  2392
36  3135
19  466786
22  3083
73  7865
77  3309
47  1937
42  289478
34  2991
21  2807
11  2341
40  10104
73  2898
75  2496
57  2450
24  4108
19  2781
25  381032
26  4754
19  3412
80  316312
71  6329
59  223981
13  2086
37  4951
35  2196
19  2835
68  2251
67  2673
51  2036
54  211858
35  4512
23  3661
68  3235
76  7886
73  2672
69  3218
20  495584
54  3222
51  2586
26  2705
52  3018
52  3037
20  2385
12  334791
44  3946
43  3355
47  8142
22  4085
10  188851
26  5579
45  2021
8  2414
25  4062
37  2932
11  5403
24  2496
12  2215
17  2592
11  4947
10  2969
13  3087
20  902869
20  3994
12  3460
20  2604
24  6100
41  2327
11  2819
27  2396
33  3141
13  3680
17  4525
54  2198
13  2962
48  2901
11  2719
16  4856
15  2445
16  7033
12  5023
10  4062
42  2345
8  2512
37  2934
9  2778
38  3125
7  3227
11  4853
47  4366
16  5497
38  3159
9  5657
7  3755
6  2861
11  12368
8  3946
52  3446
13  3649
51  2496
10  4590
18  3619
