44988      29258
43578      28292
43516      27952
44477      28132
45377      28279
45934      28340
45866      28399
46178      28351
46386      28524
45965      28433
46186      28671
46119      28705
46260      28876
46324      28796
46051      28596
46201      28665
46207      28777
46431      28619
46224      28556
46007      28602
46256      28578
46364      28470
46098      28195
46004      28372
45659      28367
44964      28436
44748      28714
44434      28590
44153      28541
44031      28168
43683      27822
43828      27886
43707      28005
43787      28046
43895      28019
43809      28089
43914      28278
44354      28739
44593      28759
45228      29115
45448      29281
45737      29341
45510      29196
45533      29368
45748      29400
45650      29361
45823      29370
45547      29117
45589      29104
45894      29207
45893      29055
45707      28998
45848      28970
45840      28926
45839      28918
46008      28974
45869      29168
45907      29315
45661      29274
46136      29642
45913      29535
45976      29485
45861      29473
46301      29460
46332      29355
46194      29023
46136      28955
45992      28761
46012      28837
46056      28680
46071      28450
45671      28421
45935      28562
46151      28651
46097      28585
46159      28606
45874      28301
46046      28349
46143      28492
46256      28315
46093      28109
46333      28184
46179      27949
46118      27826
46273      27802
46457      27778
46395      27903
46446      28056
46172      28239
46197      28443
46400      28232
46445      28042
46328      28008
46502      27996
46290      27955
46510      27722
46550      27713
46535      27456
46461      27287
46614      27416
46440      27371
46471      27524
46342      27731
46589      27611
46601      27719
46495      27592
46528      27569
46706      27851
46454      27899
46557      27968
46315      27973
46348      28002
46277      28167
46547      28267
46555      28152
46431      28224
46662      28296
46527      28037
46737      28142
46524      28228
46657      28135
46721      28380
46682      28210
46577      28115
46565      28173
46731      28142
46525      28210
46788      28243
46808      28222
46740      28287
46748      28230
46790      28331
46664      28289
46522      28073
46470      28105
46538      28278
46348      28048
46271      28152
46771      28407
46760      28331
46928      28449
46772      28245
46620      28267
46704      28198
46615      28173
46818      28299
46767      28496
46601      28419
46566      28086
46454      28113
46754      28256
46748      28258
46922      28403
46683      28284
46782      28270
46855      28342
46737      28345
46785      28247
46667      28226
46437      28176
46963      28453
46883      28495
46827      28403
46639      28401
46596      28412
46785      28285
46757      28420
46974      28511
46884      28475
46828      28533
46637      28420
46845      28543
46778      28397
47015      28599
46841      28560
46929      28629
46784      28686
47031      28703
46962      28567
46939      28706
46935      28760
46807      28726
46865      28609
46918      28747
46827      28683
46902      28688
46900      28692
46935      28876
46637      28617
46718      28620
47046      28824
46954      28843
46762      28785
46794      28950
46873      28904
47080      28822
46821      28893
46974      28959
46742      28830
46861      28870
47131      29077
46716      28804
46923      28946
47185      28908
46849      28895
47057      28923
46967      28949
46898      28981
47277      29250
47301      29174
47326      29193
46913      29069
47189      29281
47069      29231
47192      29280
47192      29187
47055      29228
47215      29472
47168      29406
46989      29243
46969      29381
47040      29300
47065      29283
47323      29492
47189      29371
47189      29276
47137      29401
47000      29548
46930      29353
47260      29499
47267      29527
47305      29591
47118      29575
47545      29727
46924      29694
47146      29619
47318      29854
47048      29712
47458      29721
47152      29691
47312      29686
47188      29608
47245      29493
47346      29714
47112      29577
47223      29481
46995      29367
47426      29657
47482      29549
47264      29565
47078      29489
47425      29591
47164      29327
47177      29389
47013      29428
47207      29283
47650      29486
47461      29537
47215      29475
47294      29514
47401      29440
47338      29424
47411      29294
47371      29331
47496      29417
47383      29335
47251      29202
47176      29363
47223      29344
47236      29509
47282      29274
47178      29162
47287      29287
47511      29181
47506      29050
47132      28884
47601      28715
47369      28696
47311      28626
47460      28516
47239      28324
47569      28444
47536      28286
47356      28147
47431      28139
47847      28106
47239      27787
47655      27758
47482      27660
47535      27505
47372      27422
47821      27512
47632      27403
47901      27404
47742      27230
47867      27102
47833      27072
47800      27050
47980      27040
48189      27344
47867      26874
47760      26961
47585      26715
47599      26768
47906      26703
48000      26777
47593      26701
47552      26556
47672      26763
48014      26746
48005      26707
47911      26612
47986      26703
47936      26648
48101      26665
47878      26384
48130      26599
47923      26294
48041      26274
48208      26346
47947      26339
47863      26192
47900      26246
48085      26222
47944      26254
48233      26432
48178      26351
48210      26376
47653      26091
48251      26312
48364      26223
48259      26177
48006      26205
48156      26173
47986      26134
48175      26142
48113      26163
47978      26106
48125      26138
48293      26188
47846      26154
47994      26223
48289      26141
48042      26124
47747      26025
47903      26168
47908      26115
48162      26125
48103      26051
47924      25967
47821      25962
47863      26174
47863      26125
48296      26099
47857      26058
48222      26163
47935      26034
48011      25923
48117      26065
48003      25924
47932      25972
47828      25850
47970      25893
48008      25876
48046      25795
48177      25865
48119      25760
48097      25819
48215      25826
47804      25680
47868      25684
48069      25615
47880      25548
48196      25609
48182      25629
48078      25656
47903      25708
48006      25596
48136      25640
48129      25615
47991      25520
47762      25417
47959      25424
48009      25514
48154      25334
48004      25289
48098      25265
47999      25258
48025      25272
48476      25600
48179      25403
47934      25425
48075      25587
48075      25572
48109      25518
47975      25510
48092      25462
48034      25427
47947      25300
48102      25232
48211      25204
48165      25055
47997      25056
47911      24747
47835      24821
48016      24820
48029      24804
47934      24712
47981      24602
47787      24504
47978      24525
48035      24249
47804      24324
48059      24143
47943      23965
47827      23979
48040      23841
47884      23625
47786      23702
47856      23501
47813      23468
47644      23459
47807      23262
47946      23258
47730      23160
47865      23069
47749      23014
47726      22852
47710      22776
47709      22657
47503      22301
47657      22363
47342      22226
47448      21927
47491      21850
47300      21831
47209      21744
47334      21617
47582      21485
47246      21484
46992      21264
47228      21171
46985      21149
47101      20974
46965      21059
46691      21193
46620      20820
46732      20916
46725      20825
46655      20884
46448      20716
46669      20822
46697      20730
46540      20585
46457      20625
46525      20559
46408      20817
46694      20674
46319      20808
46325      20913
46542      20877
46353      21004
46554      21051
46278      20965
46261      20834
46524      20805
46486      20798
46441      20670
46288      20642
46347      20504
46745      20557
46236      20285
46229      20305
46544      20190
46384      20145
46145      19958
46281      20129
46560      20352
46126      20156
46335      20246
46411      20389
46292      20416
46071      20166
46075      20407
45802      20278
45820      20223
45858      20364
45731      20329
45810      20349
45492      20360
45299      20353
45742      20233
45387      20469
45388      20514
45819      20644
45673      20773
45400      20741
45394      20677
45495      20960
45612      20905
45847      20990
45563      20929
45736      21130
45963      21261
45461      21204
45636      21267
45722      21210
45943      21321
45583      21187
45984      21168
45976      21373
46183      21451
46511      21482
46197      21388
46255      21535
46566      21666
46698      21803
46339      21820
46122      21520
45979      21498
46290      21508
46104      21451
46583      21678
46361      21485
46349      21433
46376      21169
45922      21193
45669      21409
45696      21475
45638      21565
44588      21514
44790      22167
44764      22293
45103      22434
45209      22170
45105      21726
45189      21759
45132      21186
45293      21490
44935      21173
45108      21164
45048      20994
45089      21147
45194      20922
44695      21005
44073      20793
44115      20720
44299      20692
44289      20376
44096      20389
43317      20629
43344      20509
43569      20471
43818      20251
45079      20444
44882      20379
44724      20471
44876      20643
45291      20610
45232      20445
45367      20815
45475      20916
45232      20818
45557      20847
45895      21197
46005      21057
46191      21242
46356      21237
46809      21400
47329      21516
47331      21526
47643      21729
47547      21792
47642      22051
47752      22268
47515      22326
47756      22405
47663      22401
47599      22494
47837      22706
47626      22563
47820      22886
47714      22766
47912      22745
47733      22669
47632      22882
48026      22879
47840      22884
47701      22958
47660      22869
47611      22866
47500      22783
47542      22952
47327      22840
47401      23196
47743      23144
47574      23215
47664      23347
47933      23654
47567      23395
47374      23270
47741      23593
47592      23794
47576      23581
47213      23521
47444      23594
47725      23877
47837      23931
47565      23817
47700      23953
47948      24004
47768      24004
47766      23948
47684      24079
47609      24123
48019      24332
47376      24186
47464      24376
47817      24771
47412      24416
47691      24697
47397      24753
47373      24583
47216      24706
47104      24766
47062      24954
47073      24898
47229      24720
47119      24426
47217      24421
47307      24603
47397      24445
47606      24361
47070      24122
47282      24250
47391      24194
47238      24310
47279      24193
47367      24136
47341      24064
47275      24186
47237      24156
47205      24149
47035      24328
47131      24241
47156      24184
47154      24310
47116      24135
47367      24470
46883      24185
47319      24544
46974      24381
47058      24434
47164      24269
47153      24209
46833      24197
47024      24364
47182      24369
47084      24367
46806      24490
47193      24659
46953      24780
47082      24819
47042      24719
47160      24637
46887      24614
47193      24986
47091      24896
47014      24860
46720      25184
47046      25185
46980      25110
46721      25222
46814      25101
46823      24934
46820      25193
46876      25143
46976      25181
46745      25195
47019      25518
47105      25414
47054      25266
47080      25399
46976      25517
47025      25742
46985      25748
47254      25699
46925      25717
46944      25647
46789      25471
46654      25465
46996      25517
46851      25591
46603      25461
46841      25442
46807      25312
46811      25259
46754      25187
46695      25245
46981      25350
46984      25460
46912      25316
46887      25289
46817      25163
46831      25346
46960      25204
46907      25149
46767      25115
46917      25345
46911      25283
46936      25246
46813      25320
46941      25265
46884      25204
46771      25236
47123      25438
47116      25351
46952      25216
46745      25237
47097      25374
46970      25149
46922      25204
46699      25093
46748      25262
46905      25215
46563      25045
46703      25121
46853      24751
46844      24943
46833      24973
46998      24871
46799      24790
46902      25045
47236      25153
47059      25112
46955      25174
46996      25102
46873      25057
46892      25122
46680      25079
46956      25404
46845      25316
46899      25323
46888      25390
46835      25382
46787      25573
46661      25580
46631      25370
46713      25506
46849      25424
46984      25449
46803      25741
46803      25602
46783      25693
46787      25819
46606      25653
46678      25654
46610      25543
46883      25873
46605      25706
46655      25860
46669      25878
46583      25812
46370      25551
46417      25839
46491      25884
46763      25807
46198      25505
46506      25755
46513      25800
46826      25953
46674      25858
46539      25742
46543      25604
46407      25520
46415      25759
46690      25616
46774      25831
46830      25790
46533      25899
46453      25612
46640      25710
46624      25707
46568      25874
46616      25848
46424      25555
46449      25620
46966      25652
46910      25370
47048      25460
46912      25473
46890      25481
46640      25448
47077      25457
46984      25421
46868      25350
46867      25169
46756      25251
46843      25591
46818      25272
46846      25361
46896      25546
46691      25622
46622      25505
46714      25562
46677      25538
46637      25436
46663      25450
46599      25590
46783      25621
46730      25760
46898      25664
46921      25601
46725      25596
46607      25677
46897      25641
46954      25335
47222      25663
47367      25582
47063      25576
47227      25551
46924      25404
47149      25298
46841      25260
47036      25159
46981      25266
47008      25040
47260      24798
47126      24939
46853      24996
46683      24793
46754      24694
46806      24845
47103      24876
47012      24942
47124      24900
46940      24958
47231      24829
47124      24956
46867      24812
46817      24779
47143      24744
47091      24936
47078      24832
46969      24832
47678      25094
47382      25246
47234      24773
47167      24896
47200      24857
47218      24587
47332      24903
47200      24604
47185      24566
47014      24517
47342      24671
46867      24283
47119      24430
46537      24103
47042      24383
46935      24404
46810      24409
46840      24370
46877      24469
46984      24408
47005      24547
46840      24491
46857      24245
46828      24142
46993      24132
46572      23872
46696      23767
46791      23726
46789      23659
46858      23712
47002      23807
46841      23811
46945      23528
47306      24010
47031      23734
47231      23794
47125      23659
47238      23462
47119      23267
47320      23302
47225      23342
47153      23189
47198      23198
47693      23436
47377      23450
47336      23549
47345      23671
47403      23532
47076      23365
47340      23313
47093      23063
47154      23138
47141      23012
47339      23102
47341      23069
47387      22870
47395      22971
47076      22729
47188      22524
47243      22509
47047      22178
47013      22124
46979      22085
47167      21911
46954      21634
47238      21969
47119      21706
47169      21657
47183      21490
47350      21559
47501      21510
47748      21600
47453      21551
47502      21374
47720      21319
47697      21425
47827      21527
47710      21329
48189      21243
47578      21267
48263      21142
48092      21081
48195      21185
47722      21001
47730      20703
48112      20818
47799      20517
47935      20642
47914      20541
48034      20368
47922      20199
47936      20216
47863      19986
47999      20380
48211      20269
48222      20315
48212      20509
48335      20321
48160      20206
48077      20184
48111      20508
48227      20412
48352      20437
48255      20494
48275      20462
48135      20417
48296      20570
48348      20438
48114      20287
47963      20090
47969      20071
47952      19842
47949      19721
47987      19678
48010      19825
47924      19789
47780      19940
48082      20029
48142      20245
48247      20210
48644      20207
47967      20228
48258      20412
47714      20238
48055      20368
47410      20322
47758      20604
48041      20681
47787      20685
48010      20886
47896      20801
48057      20835
48103      20966
47991      21134
47990      20979
47699      21155
47934      21319
47955      21370
48144      21518
47795      21702
47339      21468
47006      21504
47088      21501
47220      21631
47214      21870
47311      22008
47097      22164
47298      22243
47079      22477
47145      22576
47037      22545
46844      22713
46597      22559
46698      22709
46703      22830
46701      22701
46950      23360
46821      23287
46905      23535
46797      23377
46808      23617
46781      23539
46831      23678
46858      23916
46823      23850
46959      23906
46911      23656
46831      23611
46977      23689
46839      23421
46718      23366
47308      23652
47054      23363
47778      23655
46930      23569
47227      23722
47121      23869
47075      24016
47064      24207
47021      24260
47129      24634
47074      24547
47074      24913
46817      24821
46867      24589
46630      24524
46786      24658
46985      24750
46859      24700
46760      24635
46655      24621
46987      25077
46772      24704
46747      24803
46685      24727
46504      24823
46388      24660
46837      24714
46940      24930
46814      24843
46927      24997
47185      25268
46783      24919
47112      25184
47193      25187
47008      25191
46933      25091
47002      25060
47188      25024
46950      25151
47278      25074
46951      25018
46934      24827
46942      25183
46989      25085
46842      25246
47116      25559
46931      25514
47147      25451
46780      25310
46921      25643
47130      26029
47094      25903
47181      25932
47068      25971
46741      25868
47005      25891
46522      25731
47343      25900
47227      25884
47048      25720
46853      25458
46311      25534
46487      25576
46929      25772
46825      25601
46805      25553
46536      25307
46685      25264
46627      25346
46716      25667
46189      25416
46668      25291
46539      25235
46621      25063
46834      25092
46624      25055
46806      25032
46643      25142
46851      24989
46745      25260
46932      25124
46890      25222
46503      24997
46952      25415
46391      25220
46524      25383
46660      25455
46259      25562
46414      25706
46350      25752
46459      25658
46475      25620
47150      25822
46154      25688
46178      25430
46074      25593
46371      25504
46311      25361
46449      25360
46512      25397
46395      25454
46625      25450
46587      25243
46501      25159
46478      25118
46638      25149
46309      24854
46362      24888
46351      24836
46292      24733
46795      24976
46529      24503
46622      24589
46524      24616
46736      24646
46203      24664
46539      24525
46371      24497
46324      24459
46450      24407
46396      24516
46291      24237
46485      24415
46319      24420
46477      24189
46481      24371
46404      24203
45787      23858
46480      24268
46677      24105
46391      24280
46822      24134
46715      24001
46716      23957
46847      23548
46861      23440
46877      23465
46858      23188
46861      23062
47083      22956
46996      22836
46877      22974
46933      22839
47194      22628
47422      22755
47307      22667
46941      22570
47209      22512
47072      22318
47147      22261
47303      22269
47071      22294
47456      22187
47311      22049
47265      21896
47092      22022
47195      22067
47483      21965
47256      21936
47321      22028
47269      21862
47253      21906
47403      21821
47147      21750
47193      21814
47590      21991
47262      21591
47659      21542
47366      21580
47535      21558
47444      21248
47572      21262
47868      21497
47489      21550
47596      21291
47507      21231
47900      21270
47671      21202
47672      21252
47683      21183
47578      20906
47488      20826
47475      20855
47472      20895
47934      20984
47694      20837
47712      20756
47771      20916
47720      20782
47819      20918
47744      20961
47770      21015
47779      20903
47715      20812
48066      20969
47624      20741
47719      20862
47901      20998
48027      21020
47920      20952
47919      21119
48005      21017
47936      21001
47930      20946
47954      20936
47571      20941
47536      20910
47646      20950
47611      20929
47502      20932
47770      21030
47662      20846
47827      20922
47880      20972
47735      20833
47661      20886
47649      20834
47593      20876
48036      21052
47680      20917
47862      21003
47655      20835
47668      20931
47858      21054
47738      20792
47655      20945
48002      21028
47536      20760
47791      21006
47419      20844
47960      21038
47660      20923
47742      21063
47867      21068
47985      21111
48015      21140
48097      21201
47864      21132
47763      21061
47700      21007
48174      21207
47785      21048
47724      21132
47974      21084
47742      21075
48146      21145
47758      21013
47704      21063
47924      21098
47698      20997
47711      21082
47741      21052
