0.0390549 0.060052
0.0385975 0.0594514
0.0382158 0.0594948
0.038874 0.0614603
0.0380149 0.0609993
0.0376192 0.0609739
0.0371953 0.0600725
0.0376586 0.0613382
0.0368861 0.0599846
0.037398 0.0604579
0.0376954 0.0607234
0.0376201 0.0604424
0.0379594 0.0608117
0.0376695 0.0605987
0.0385877 0.0621416
0.0382459 0.0616431
0.0386305 0.0620287
0.0378626 0.0614277
0.0391788 0.0634192
0.0394723 0.0634921
0.0377465 0.0610959
0.038284 0.0623463
0.0377674 0.0617485
0.0372142 0.0603412
0.0376049 0.0605281
0.0370519 0.0585877
0.0371637 0.057916
0.0385291 0.0598811
0.0385704 0.0596685
0.0386092 0.0603522
0.0384131 0.060312
0.0395409 0.0621459
0.0390098 0.060882
0.0385731 0.0602225
0.0390477 0.0611728
0.0388733 0.0606287
0.0398734 0.0619209
0.041056 0.0633634
0.0404324 0.0626934
0.0394225 0.0612399
0.0408599 0.06342
0.0407766 0.0635629
0.0403867 0.0629538
0.0403444 0.0625511
0.0386902 0.0602041
0.0399781 0.0621573
0.0403509 0.0629554
0.0408589 0.0639146
0.0393077 0.0615723
0.0393515 0.0618345
0.0379361 0.0599208
0.0383092 0.0603835
0.0378424 0.0598895
0.0395724 0.0627117
0.0386134 0.0612076
0.039015 0.0619521
0.0386754 0.0608201
0.0393186 0.0615726
0.0384354 0.0599508
0.0389934 0.0606909
0.0397273 0.0617572
0.0393466 0.0613532
0.0390746 0.0608014
0.0383361 0.0602512
0.0386342 0.0609777
0.0381435 0.0607105
0.0383215 0.0610603
0.0378979 0.0606029
0.0380988 0.06079
0.0376932 0.06053
0.0390484 0.0632337
0.0387117 0.0622075
0.0381409 0.0613402
0.037529 0.0604516
0.0377031 0.0608011
0.0368726 0.059498
0.03684 0.0597152
0.0382444 0.0621186
0.0365169 0.0591394
0.0372708 0.0608865
0.0373593 0.0612615
0.0373384 0.0613823
0.037961 0.0627214
0.0379028 0.0628189
0.0371923 0.061902
0.0373894 0.0625315
0.0373747 0.0621439
0.037226 0.0616267
0.0375119 0.0613336
0.0372535 0.060507
0.0369612 0.0607467
0.0366886 0.060766
0.0359826 0.0595187
0.0352673 0.0585798
0.0356665 0.0590592
0.0365513 0.0613231
0.0352954 0.0592863
0.0357151 0.0605332
0.0360517 0.0613845
0.0358047 0.0608769
0.0359819 0.06105
0.0361301 0.0610013
0.0363385 0.0607263
0.0370688 0.0625475
0.0358147 0.0602114
0.0360899 0.0608147
0.0369885 0.0624252
0.0381321 0.0639474
0.0382529 0.063694
0.0382112 0.0636084
0.0378063 0.0625961
0.0378441 0.0626384
0.0377293 0.0619874
0.0382839 0.0630417
0.038041 0.0629085
0.0376042 0.0618622
0.0375037 0.0618462
0.0372042 0.0617398
0.0377217 0.0626466
0.037572 0.0619243
0.037272 0.0618091
0.0379487 0.0624736
0.0373377 0.0617866
0.0386457 0.0640228
0.0386771 0.0639265
0.0386467 0.0641745
0.038431 0.0633818
0.0391767 0.064901
0.0378781 0.0628233
0.0387249 0.063987
0.0375203 0.0621325
0.036931 0.0609933
0.0375664 0.0619675
0.0376596 0.0624087
0.0386056 0.0638321
0.0382053 0.0628757
0.038362 0.0633913
0.0382961 0.062944
0.0380364 0.0626254
0.0376818 0.0621934
0.0379944 0.0626736
0.0381425 0.0631616
0.0385028 0.0635016
0.0380481 0.0630187
0.0377132 0.0624002
0.0384254 0.0635711
0.0388308 0.0637282
0.0375958 0.0616489
0.0382038 0.0633412
0.0386404 0.0638495
0.0382641 0.063314
0.0380337 0.0629202
0.0370402 0.0611907
0.0378296 0.0624381
0.0369159 0.0610895
0.0361968 0.0598405
0.0364807 0.0601517
0.037341 0.0618473
0.036214 0.0598739
0.037707 0.0621451
0.0375615 0.061997
0.0374549 0.0616248
0.0372221 0.0613668
0.0372435 0.0611598
0.0371491 0.060925
0.0374052 0.0618703
0.0363368 0.0597818
0.0370205 0.060994
0.0373688 0.0615277
0.0369224 0.0605965
0.0367948 0.06038
0.0372932 0.0612059
0.0370473 0.0610276
0.0381155 0.0626595
0.03862 0.0633403
0.0379509 0.0622096
0.0373846 0.0609705
0.0381025 0.0624325
0.0373919 0.0614695
0.0371333 0.060719
0.0372643 0.0608136
0.0372807 0.0607464
0.0381735 0.0625328
0.0393026 0.0641458
0.0376706 0.0614998
0.0378875 0.0619423
0.0392324 0.0641294
0.038287 0.0622316
0.0388747 0.0633539
0.0376728 0.0614955
0.0381967 0.0623439
0.0381863 0.0621641
0.0389633 0.0632969
0.0387229 0.0625907
0.0385723 0.0625519
0.038785 0.0633544
0.0382734 0.0620219
0.0392558 0.0636762
0.0387874 0.0628859
0.0391157 0.0634915
0.0391462 0.0634522
0.0383809 0.0622483
0.0390427 0.0632903
0.0393345 0.0642037
0.0396807 0.0643364
0.039569 0.0643778
0.0392616 0.0636982
0.0396605 0.06418
0.0386023 0.0623932
0.0388364 0.062967
0.0389638 0.0631658
0.039051 0.0630225
0.0392676 0.0632834
0.039219 0.0631521
0.0392863 0.0633197
0.0392439 0.0634529
0.0402295 0.0647667
0.03878 0.0621268
0.0401331 0.0643746
0.0388176 0.0623739
0.0397496 0.0635445
0.0409226 0.0656997
0.0393923 0.0633132
0.0391564 0.0628306
0.0390981 0.0628171
0.0400941 0.0646263
0.0400747 0.0642495
0.0388298 0.0617639
0.0396335 0.0633666
0.0393356 0.0630191
0.0397529 0.0636367
0.0395307 0.0631949
0.0396239 0.0631276
0.0389736 0.0623339
0.0384451 0.060753
0.0386671 0.0615483
0.0379771 0.0601929
0.0380888 0.0603123
0.0386447 0.0617072
0.038132 0.0605571
0.0387428 0.0617463
0.0395228 0.0629897
0.0402371 0.064456
0.0388628 0.0619237
0.0388012 0.0618048
0.0389429 0.0623792
0.0391531 0.0626554
0.039472 0.0631217
0.0399099 0.0641308
0.0395438 0.0632166
0.0392752 0.0627013
0.0405693 0.0650198
0.0399033 0.0641729
0.0403375 0.0647521
0.0403718 0.0644964
0.0401635 0.0647475
0.0398531 0.0644034
0.0402225 0.0646308
0.0395637 0.0633757
0.0396033 0.0634614
0.0395561 0.0636889
0.0404115 0.065015
0.0398642 0.0645183
0.0385679 0.062289
0.0385717 0.0622769
0.0394445 0.0637123
0.039724 0.0642764
0.039342 0.0632088
0.0384347 0.0618525
0.0390804 0.0625572
0.0386405 0.0624103
0.0384077 0.0621357
0.0380654 0.0614607
0.0378439 0.0616154
0.0379531 0.0620654
0.0378087 0.0616951
0.039537 0.0655407
0.0368807 0.0608796
0.0371795 0.0614476
0.0376106 0.0625964
0.0371515 0.0619616
0.0366415 0.0612783
0.0376136 0.0632115
0.0373976 0.0629197
0.0362 0.0610185
0.0364077 0.0619796
0.035966 0.0611437
0.0360928 0.0619641
0.0355082 0.0609544
0.0361208 0.062425
0.0360762 0.0623222
0.0346291 0.0601919
0.0360262 0.0626209
0.0358239 0.0626186
0.0362783 0.0636063
0.0356195 0.0629105
0.0365647 0.0646055
0.0357531 0.0631793
0.0349937 0.0620932
0.0355475 0.0626463
0.0353479 0.0629605
0.0354271 0.0627573
0.0345067 0.0614636
0.0350428 0.0623132
0.0356532 0.0639628
0.0361042 0.0647197
0.0364339 0.0649414
0.0353718 0.0633379
0.0357862 0.0637447
0.0365935 0.0656921
0.0371211 0.0667241
0.0368391 0.0663235
0.0357188 0.0641875
0.0367156 0.0660462
0.0366105 0.0660416
0.037324 0.0677304
0.0374195 0.0677093
0.037915 0.0691032
0.0370101 0.0676715
0.0378153 0.0691946
0.0373746 0.068036
0.0365836 0.0668525
0.0377662 0.0689248
0.0376209 0.0689879
0.0379818 0.0693609
0.0385421 0.0703314
0.0376728 0.0688778
0.0370463 0.0677131
0.0377311 0.0689127
0.0370148 0.0678778
0.0377967 0.0697098
0.0373609 0.0688773
0.0379744 0.0695669
0.0371293 0.0683147
0.0374067 0.0686845
0.0367826 0.0677836
0.0377237 0.0693728
0.0381425 0.0700988
0.0376312 0.0692861
0.0388048 0.0715595
0.0391673 0.0716525
0.0387965 0.0710064
0.0386009 0.0713056
0.0395487 0.0727301
0.0383898 0.0704323
0.0394339 0.0721874
0.0386992 0.0709937
0.0387027 0.0713493
0.0395402 0.0730106
0.0396252 0.0731313
0.038916 0.0716817
0.0394041 0.0720562
0.0389654 0.0713876
0.0399205 0.0738726
0.0392837 0.0721468
0.0402721 0.074227
0.0406384 0.0748252
0.0403449 0.0747213
0.0402976 0.0743909
0.0393517 0.0728668
0.0396604 0.0731942
0.0402902 0.0745455
0.0401292 0.0743444
0.0393268 0.0729634
0.0389418 0.0725334
0.0391058 0.0728397
0.0392984 0.0734084
0.0391916 0.0730082
0.0387431 0.0723302
0.0375282 0.0698598
0.0387524 0.072224
0.0392561 0.0736678
0.0390769 0.0732347
0.0381152 0.0717326
0.0391225 0.0735495
0.0396231 0.0742516
0.039079 0.0728178
0.0390993 0.0733318
0.0390352 0.0732839
0.0392695 0.0737849
0.0396949 0.0746473
0.0398225 0.0748318
0.039075 0.0737099
0.039076 0.0735283
0.0395606 0.0751954
0.0392676 0.0745383
0.0381097 0.072551
0.0391467 0.0743923
0.039292 0.0746676
0.0388233 0.0735156
0.0397476 0.0753848
0.0396378 0.0747296
0.0392512 0.0737484
0.039272 0.0738308
0.0394937 0.0744572
0.0397499 0.074755
0.0409839 0.0774095
0.0396594 0.0749204
0.0399191 0.0756522
0.0405596 0.0773224
0.0410072 0.0784399
0.0407142 0.0782678
0.0393983 0.0754709
0.0410762 0.0795248
0.0400544 0.0771927
0.0403407 0.0780419
0.0383727 0.0743025
0.0401385 0.0778569
0.0394531 0.076945
0.040555 0.0790891
0.0405603 0.0793476
0.0405954 0.0804157
0.0403104 0.0792222
0.0394931 0.0786149
0.0393592 0.0787398
0.0390783 0.0779432
0.0394047 0.079401
0.0399507 0.0809735
0.0398234 0.0802886
0.039598 0.0806349
0.0386715 0.0787881
0.0384728 0.0781363
0.0394503 0.0810764
0.0397948 0.0820363
0.0393254 0.0810449
0.0398203 0.0826217
0.0391422 0.0812114
0.0390563 0.0815684
0.0396982 0.0831577
0.0389235 0.0819614
0.0392817 0.0836734
0.0397633 0.0847382
0.0386549 0.082336
0.0388214 0.084006
0.0385126 0.0837071
0.0396406 0.085887
0.0385096 0.0836093
0.0397389 0.0870148
0.039868 0.0882942
0.0392837 0.0863899
0.0399855 0.0883653
0.0409291 0.0913041
0.0405874 0.0901698
0.0411032 0.0923048
0.0402427 0.0897479
0.0408644 0.0900297
0.0408623 0.0914986
0.0413421 0.0923695
0.0409631 0.0919088
0.0412174 0.0920801
0.0418533 0.0938405
0.0412694 0.0924983
0.0417586 0.0940666
0.0418994 0.0947292
0.0410918 0.0925576
0.0411822 0.0931952
0.0410705 0.0915598
0.0410759 0.0927735
0.0407824 0.0907824
0.0407124 0.0901831
0.0409308 0.0912487
0.0409898 0.090459
0.0412424 0.0912071
0.0409266 0.090341
0.0412442 0.0915811
0.0400224 0.0894977
0.0417115 0.0932301
0.0420964 0.0945815
0.0407881 0.091464
0.0398947 0.0901775
0.039555 0.089945
0.0408556 0.093123
0.0410997 0.093573
0.0393391 0.0906885
0.0405959 0.0934723
0.0402644 0.0930955
0.041248 0.0948383
0.0406572 0.093013
0.0419503 0.0960012
0.0423222 0.0968586
0.0409817 0.0932856
0.0413678 0.093799
0.041588 0.0950114
0.0407162 0.0919292
0.0410681 0.0927606
0.0415539 0.0941502
0.0412142 0.0928108
0.041263 0.0928231
0.0402969 0.090717
0.0410622 0.0917485
0.0410605 0.091387
0.0409033 0.0924727
0.0405623 0.0899409
0.0411783 0.0911085
0.0416858 0.0925208
0.0414906 0.0912242
0.0405066 0.088665
0.0402917 0.0884558
0.0402682 0.0874046
0.0395948 0.0863908
0.0396536 0.0866127
0.0395277 0.0860528
0.041674 0.0902035
0.0408372 0.0882837
0.042454 0.0910206
0.0441099 0.0946537
0.0436333 0.0940594
0.0422698 0.0910839
0.042801 0.0920848
0.0427975 0.0929705
0.0419132 0.0901605
0.0429595 0.0924899
0.0422266 0.0914254
0.0422105 0.0911726
0.0408388 0.0877177
0.0404372 0.0869104
0.0418647 0.0896666
0.0417575 0.0886801
0.0409566 0.0877788
0.040127 0.0858219
0.0389933 0.0839223
0.0395627 0.085031
0.0377391 0.081096
0.0374668 0.0808471
0.0376491 0.0814165
0.0374547 0.0820539
0.0380863 0.0825273
0.0393484 0.0839367
0.0388655 0.0827008
0.0393093 0.0831904
0.0416031 0.0862229
0.0417727 0.0844047
0.0413725 0.0830754
0.0406403 0.0817063
0.0425358 0.0867388
0.0417027 0.0865783
0.0415809 0.0863551
0.0408136 0.0869442
0.0388802 0.0819451
0.0393235 0.0834553
0.0389066 0.0829238
0.0394912 0.0847385
0.0387456 0.0826122
0.039253 0.0847911
0.0383041 0.0815044
0.0403422 0.0855095
0.0402584 0.0857143
0.0386465 0.0827373
0.0406647 0.0883883
0.0388017 0.0839178
0.0397765 0.0835232
0.0420127 0.0887903
0.0411302 0.0875385
0.0405541 0.0877488
0.0377781 0.0833007
0.0378548 0.0833701
0.0371836 0.0812369
0.0384393 0.0835634
0.0366298 0.0804949
0.0373187 0.082563
0.0369211 0.0804708
0.0383947 0.0834768
0.0380704 0.0827169
0.038172 0.0834173
0.0372372 0.0806246
0.0374959 0.0819205
0.0371717 0.0808304
0.0381612 0.083298
0.0374928 0.0820093
0.0370175 0.0814278
0.0379667 0.0834804
0.0368365 0.0807676
0.0372053 0.0811766
0.03732 0.0806313
0.0376948 0.0808335
0.0377355 0.0803099
0.0377125 0.0803838
0.0371147 0.0789697
0.0371016 0.0785098
0.037356 0.0787017
0.0371226 0.0783584
0.0357591 0.0747182
0.0356709 0.0747606
0.0355235 0.0748296
0.0357405 0.075257
0.0352914 0.0734639
0.0343772 0.0721622
0.0342391 0.0715784
0.0349259 0.0725673
0.0350189 0.0729809
0.0346139 0.0720721
0.0351579 0.0733003
0.0349796 0.0724556
0.0349483 0.0724168
0.0350836 0.0716934
0.0349999 0.0722001
0.034914 0.0715486
0.0342816 0.0699876
0.0356748 0.0722922
0.0360124 0.0732208
0.0356314 0.0725398
0.0346034 0.0700208
0.0356152 0.0712364
0.0356692 0.0719647
0.0354563 0.0711704
0.0355999 0.071586
0.034615 0.0691879
0.0343458 0.0686557
0.035278 0.0704539
0.0347589 0.0692189
0.0343706 0.0686552
0.0348769 0.0694051
0.0355692 0.0709454
0.0352319 0.0697703
0.0338591 0.0668242
0.0347987 0.068675
0.0357987 0.0701232
0.035922 0.0699458
0.0344229 0.0664487
0.0351177 0.068193
0.0353735 0.0683079
0.0356774 0.068315
0.0359487 0.0692755
0.0354329 0.0677163
0.0363026 0.0690463
0.0364838 0.0688066
0.0376224 0.0711302
0.0379428 0.0724919
0.0379465 0.0732007
0.0383337 0.0741165
0.0374997 0.072105
0.0380615 0.0737983
0.036676 0.0716719
0.0380072 0.0741647
0.0371389 0.0724124
0.0371379 0.0727453
0.0371311 0.0721514
0.0361471 0.0706403
0.03627 0.07118
0.0366912 0.0721825
0.0364252 0.0711982
0.0366027 0.0715764
0.0368181 0.0719699
0.0370363 0.0716047
0.0369184 0.0717792
0.035584 0.0693847
0.0361369 0.0700946
0.0361873 0.0706443
0.0363966 0.0704536
0.0364098 0.0705809
0.0366026 0.0705671
0.0367224 0.0707518
0.0363381 0.0699845
0.0375498 0.0729738
0.0363285 0.0707588
0.0374522 0.0724883
0.0379168 0.0731817
0.03868 0.0748902
0.0379959 0.073419
0.0381789 0.0729686
0.0383955 0.0734823
0.0392733 0.0744148
0.0385073 0.0730489
0.0379661 0.0722521
0.0377863 0.0723302
0.0381982 0.0727635
0.0380777 0.0719203
0.0387972 0.0733853
0.0386906 0.0731698
0.0391267 0.0725858
0.0384305 0.0717888
0.0386335 0.072282
0.0389332 0.0721196
0.0396676 0.0739811
0.0391901 0.0735943
0.039513 0.0734331
0.0390392 0.0727837
0.0394244 0.0735475
0.03917 0.0726731
0.039048 0.0719492
0.0391254 0.0725191
0.0380839 0.0709254
0.0384664 0.071302
0.0392541 0.0722656
0.0385327 0.0703908
0.0378844 0.0691316
0.0370551 0.0681349
0.0373362 0.0681261
0.038024 0.0695988
0.0374447 0.0687841
0.03691 0.0676222
0.0378968 0.0697966
0.0388039 0.0710406
0.0401047 0.0734064
0.0392391 0.0722428
0.0397804 0.0735619
0.0406528 0.0753395
0.0412157 0.0765077
0.0415676 0.0768865
0.0403142 0.074714
0.0396731 0.0732129
0.0404587 0.0749723
0.040523 0.0751315
0.0404981 0.0753487
0.0402084 0.0742918
0.0396508 0.0738772
0.0396103 0.0738797
0.038788 0.0722278
0.0386001 0.0714539
0.0382853 0.0710359
0.0382862 0.0711796
0.0387926 0.071722
0.0382182 0.0710073
0.0381793 0.0710205
0.04026 0.0746156
0.0381767 0.070721
0.0382673 0.0711215
0.0380175 0.0707884
0.0388063 0.0718786
0.0379005 0.0703476
0.0382159 0.0713746
0.0374025 0.0696318
0.038609 0.0718527
0.0384401 0.0711345
0.038482 0.0715844
0.0391083 0.0727091
0.0399546 0.0742805
0.0392931 0.0743808
0.0394287 0.0740488
0.0392458 0.0735995
0.0388102 0.0733384
0.0392743 0.0741428
0.0388683 0.072789
0.0382971 0.0719199
0.0383986 0.0719576
0.0383985 0.0716215
0.0381947 0.0715082
0.0381883 0.0714371
0.0386207 0.0720882
0.0388603 0.0723314
0.0384189 0.0710124
0.0394919 0.0730763
0.0397663 0.0736485
0.0406074 0.0749902
0.040205 0.0741864
0.0401607 0.0734759
0.0403335 0.0735731
0.0395231 0.0726449
0.037313 0.0683369
0.0384213 0.0707992
0.0383748 0.0708476
0.0386086 0.0701993
0.0392069 0.0716741
0.0390526 0.0711089
0.0377028 0.0683218
0.0385358 0.0700113
0.0375766 0.0683714
0.0384038 0.0700779
0.0393533 0.0713099
0.0389014 0.0705283
0.0390741 0.070495
0.0398337 0.0718371
0.0389412 0.0702774
0.0393358 0.0713866
0.039339 0.0706684
0.0387387 0.0695797
0.038385 0.0695548
0.0377938 0.0684572
0.0382101 0.0689963
0.0381184 0.0687209
0.0391236 0.0705891
0.0388225 0.070075
0.0386772 0.0699246
0.0405002 0.0736213
0.0397138 0.0722179
0.0402456 0.0725183
0.0402656 0.0733916
0.0405995 0.0735163
0.0415119 0.0753781
0.0423785 0.0761419
0.0400189 0.0725832
0.0399443 0.0724621
0.0397435 0.0720815
0.0399631 0.0719255
0.0384846 0.0694058
0.03873 0.0703581
0.0386015 0.0699844
0.0385811 0.0706378
0.0391814 0.0724478
0.0388114 0.0717203
0.0381565 0.0702705
0.0385157 0.0708763
0.0386578 0.0708504
0.0368545 0.0681541
0.0372042 0.068762
0.0374883 0.0693097
0.0373824 0.0696094
0.0381555 0.0706507
0.0381914 0.0699074
0.0377205 0.0698797
0.0374632 0.0692007
0.0363997 0.0668206
0.0380801 0.0693935
0.0380293 0.0695158
0.0378901 0.0692434
0.0376631 0.0688386
0.0378884 0.0694685
0.0372458 0.0682908
0.036975 0.067331
0.0369579 0.0674837
0.0373636 0.0677795
0.0366327 0.066942
0.0365721 0.0670286
0.0347566 0.0634474
0.036325 0.0659345
0.0363563 0.0664951
0.036376 0.0674166
0.0360849 0.0663991
0.0349822 0.0647721
0.0355481 0.0654129
0.0350435 0.0647724
0.0349928 0.0646355
0.0334896 0.062416
0.032621 0.0604909
0.0335488 0.0627211
0.0336093 0.0624951
0.0341857 0.0641773
0.0340669 0.0649246
0.0338667 0.0639962
0.0342347 0.0641703
0.0339096 0.0638487
0.0332378 0.0629303
0.0337564 0.0635943
0.0334798 0.0633944
0.034438 0.0649106
0.0345896 0.0654618
0.0339369 0.0638272
0.0334738 0.0636755
0.0332103 0.0627104
0.0336484 0.063558
0.0344106 0.0650147
0.0341302 0.0650259
0.035166 0.06641
0.0349633 0.0662854
0.0355341 0.0672117
0.0350896 0.0666693
0.0349078 0.0655153
0.0350595 0.066847
0.0339644 0.0643477
0.0348941 0.066259
0.0356008 0.0683695
0.0350714 0.0666586
0.0340466 0.0653146
0.0332521 0.0638688
0.0334794 0.0642003
0.0338811 0.0650156
0.0349073 0.0673722
0.0344872 0.0665166
0.0349614 0.067502
0.0342247 0.0660296
0.0348354 0.0669972
0.0352489 0.067598
0.0347353 0.0667624
0.0343239 0.0657567
0.0349055 0.0671911
0.0350814 0.0671773
0.0345431 0.0660651
0.035619 0.0688389
0.035876 0.0695883
0.0356436 0.0694099
0.0368462 0.0718834
0.0355705 0.0698868
0.0357761 0.0705555
0.0356067 0.0704172
0.0342524 0.0676873
0.0347645 0.0686353
0.0346918 0.0682458
0.0340398 0.0679191
0.0324906 0.064015
0.0318301 0.0630741
0.0326904 0.0648903
0.0322546 0.0642462
0.0329819 0.0664053
0.0330652 0.0669618
0.0329882 0.06699
0.0334357 0.0676463
0.0326808 0.0664539
0.0325438 0.0662126
0.0325415 0.0662229
0.0309222 0.0624733
0.0315193 0.0633573
0.0314078 0.0628195
0.0320022 0.0644654
0.0310774 0.062615
0.032256 0.0654999
0.0314696 0.0642588
0.03215 0.0655199
0.0326467 0.0668781
0.0312639 0.0640637
0.0313259 0.0642854
0.0300715 0.0623087
0.0304884 0.0629054
0.0320121 0.066303
0.0317454 0.0665068
0.0309676 0.0649962
0.0316492 0.0671386
0.0316508 0.0672573
0.0323123 0.0687344
0.0315687 0.0679567
0.0314989 0.0683646
0.0309285 0.0665028
0.0303699 0.0659265
0.0289385 0.0630281
0.0293326 0.064402
0.0267793 0.0588153
0.0277257 0.0612273
0.0278546 0.0615741
0.0279224 0.0614821
0.0274725 0.0610555
0.0270536 0.0605563
0.0277795 0.0618436
0.0283522 0.0629907
0.0284008 0.0635285
0.0279939 0.0635033
0.0279541 0.0625382
0.0276817 0.0631917
0.0273018 0.0622836
0.0267455 0.0608449
0.0262562 0.0596638
0.0260214 0.0599913
0.0259395 0.0599481
0.0247495 0.0576595
0.0241786 0.0561477
0.0247736 0.0577869
0.0262731 0.0619599
0.0256667 0.0608941
0.0249708 0.0592105
0.0250298 0.059942
0.025313 0.0596173
0.0245172 0.0583157
0.0246153 0.0584297
0.0235211 0.0552928
0.0247854 0.0589538
0.0245847 0.0585965
0.0249184 0.0593539
0.0251294 0.0589526
0.0259191 0.0612385
0.0247353 0.0585213
0.0244741 0.0576266
0.0239461 0.056495
0.0246806 0.0581868
0.024764 0.0581429
0.0240548 0.0569038
0.0234651 0.0556514
0.0236641 0.0564958
0.0232025 0.0554531
0.023878 0.0577059
0.0242132 0.0588713
0.0249651 0.0608802
0.0250989 0.0607818
0.0253526 0.0613977
0.0262871 0.062989
0.0261636 0.0628089
0.0267334 0.0635713
0.0269447 0.0643246
0.0274443 0.0660662
0.0264348 0.0626854
0.0264412 0.0625122
0.0259672 0.0612215
0.0265321 0.0625982
0.0262181 0.0611652
0.0259224 0.0600854
0.0259778 0.0603452
0.0268065 0.0619289
0.0269527 0.0619554
0.0276015 0.0635546
0.0277795 0.0640749
0.0279608 0.0641515
0.0287346 0.0652503
0.0278391 0.0636827
0.0274849 0.0619712
0.0282054 0.0634176
0.0275884 0.0619092
0.0285602 0.0639
0.0283921 0.0625288
0.0278206 0.0613471
0.027805 0.0607794
0.0290945 0.063718
0.029119 0.0635662
0.0291651 0.062963
0.0282387 0.0607052
0.028006 0.0595109
0.0277813 0.0590748
0.0280805 0.0588157
0.0295471 0.0617027
0.0289772 0.0604569
0.0300786 0.062035
0.0307531 0.0635223
0.0325496 0.0669338
0.0328459 0.0671923
0.0329543 0.0677944
0.0338658 0.0680651
0.0327844 0.0659166
0.0339409 0.0676439
0.0353228 0.0707105
0.0357204 0.0707965
0.0347363 0.0690344
0.0355961 0.0704029
0.0349567 0.0684897
0.0362215 0.0711111
0.0353713 0.0694805
0.0340006 0.0674248
0.0348914 0.069205
0.0350384 0.0694837
0.0338393 0.0676743
0.0348046 0.0695883
0.0339477 0.0679012
0.0335784 0.0676283
0.0333626 0.0673853
0.0330279 0.0657644
0.0339213 0.0675322
0.0340612 0.067242
0.0343919 0.0674134
0.0344212 0.0669228
0.0362391 0.0702391
0.0361985 0.0692539
0.0347326 0.0666069
0.0350512 0.0662305
0.0342397 0.0645824
0.0343099 0.0653951
0.0337122 0.0641005
0.0336853 0.0639144
0.0330744 0.0627879
0.0344438 0.0653441
0.0355646 0.0675056
0.0356875 0.0676252
0.0352012 0.0659569
0.0354058 0.0670337
0.0361948 0.0682176
0.0364785 0.0688721
0.0369216 0.0691697
0.0372079 0.0699919
0.036168 0.0685441
0.0362378 0.068231
0.0359294 0.0677052
0.0369936 0.0694483
0.0361556 0.0675162
0.0363807 0.0683013
0.0365724 0.0684165
0.0360859 0.0676142
0.035143 0.065579
0.0360514 0.0674345
0.0348496 0.0653631
0.0353692 0.066696
0.0356975 0.0666375
0.0345192 0.0650873
0.0345467 0.0648333
0.0345805 0.0653724
0.0341911 0.0637335
0.0343485 0.0643412
0.0340506 0.0631783
0.0356991 0.0658085
0.0359677 0.0661598
0.036015 0.0667164
0.0359342 0.0664164
0.0364442 0.0666849
0.0358795 0.064966
0.0365652 0.0664788
0.0362434 0.0659417
0.0360117 0.0652651
0.0368841 0.066646
0.0367408 0.0667027
0.037982 0.068672
0.0380838 0.0696139
0.0384102 0.0700819
0.0391302 0.0715785
0.0385247 0.0709011
0.0384142 0.0696718
0.0389141 0.0707304
0.0385476 0.0701925
0.0390176 0.0713644
0.0394189 0.0722029
0.039174 0.0720354
0.0393488 0.0727122
0.0406202 0.0747258
0.0399863 0.0727783
0.0401827 0.0730249
0.0406917 0.075086
0.0402888 0.0743016
0.0397889 0.0740135
0.039971 0.0746055
0.0397006 0.0738775
0.039418 0.0737057
0.0393199 0.0729457
0.0388466 0.072832
0.0382715 0.0708234
0.0385877 0.0720825
0.0398806 0.0741416
0.0386212 0.0718486
0.038976 0.0720047
0.0406544 0.0747819
0.0386037 0.070756
0.0395199 0.0724416
0.0413325 0.0747985
0.0423364 0.0764413
0.0406904 0.073237
0.039777 0.0720243
0.0376331 0.068267
0.0377943 0.0690109
0.0383715 0.0689427
0.0391312 0.0710578
0.0385901 0.0694721
0.0382351 0.0695185
0.0369675 0.0675052
0.0374174 0.0685331
0.0376032 0.0688664
0.0373532 0.0680836
0.0364826 0.0668369
0.0363621 0.0671077
0.0378486 0.0699551
0.0363398 0.0672426
0.0363223 0.0673585
0.0367099 0.0683995
0.0363229 0.0676631
0.0359863 0.0671606
0.0357513 0.0669146
0.0355166 0.0665439
0.0352468 0.0669306
0.0348119 0.0660051
0.0364758 0.0689389
0.0356684 0.0676377
0.0347596 0.0651151
0.0368078 0.0698471
0.0365099 0.0691105
0.0375615 0.0711395
0.0363186 0.0691195
0.0373524 0.0706885
0.0378475 0.0722862
0.036743 0.069957
0.0376303 0.0713759
0.0369 0.0709
0.0370904 0.0707398
0.0365055 0.0699913
0.0366261 0.0702909
0.0361876 0.0693094
0.0351993 0.0681601
0.0353301 0.0675041
0.0356884 0.0692384
0.0359842 0.0700388
0.0352556 0.0687482
0.0359041 0.0714286
0.0349118 0.0697952
0.0343239 0.0685702
0.0334841 0.0676643
0.0328845 0.0668199
0.0321347 0.0659087
0.0317261 0.0652916
0.0306547 0.062549
0.0298937 0.06143
0.0298555 0.062268
0.0298806 0.062272
0.0293614 0.0612785
0.0299738 0.0623394
0.029613 0.0621002
0.0301028 0.0634914
0.0299489 0.0634293
0.0302729 0.0643046
0.029976 0.0632906
0.0293957 0.0628747
0.0291053 0.0624518
0.0287316 0.0620205
0.0282426 0.0603942
0.0273546 0.0585036
0.0270834 0.0585477
0.0274674 0.0591721
0.0271127 0.0582441
0.0270367 0.0584576
0.027575 0.0594814
0.0270658 0.0587966
0.027743 0.0601379
0.0273346 0.0591363
0.0274007 0.059297
0.026808 0.0586819
0.02627 0.058119
0.0268758 0.0589898
0.0270117 0.0595603
0.0267473 0.0597233
0.0261498 0.0585081
0.0270953 0.060334
0.0273958 0.0603712
0.0270191 0.0604011
0.0277222 0.0620319
0.0280167 0.0630936
0.027459 0.0617395
0.0277312 0.0622059
0.0273892 0.0616532
0.0275968 0.0628049
0.0275438 0.0628061
0.0281622 0.0641093
0.0279112 0.0634123
0.0279551 0.0638582
0.027949 0.0639727
0.0268905 0.0618135
0.0275062 0.0628227
0.0277661 0.0637571
0.0269558 0.0616216
0.0264955 0.0603502
0.0274021 0.0622888
0.0261412 0.0597522
0.0264906 0.0607342
0.0278783 0.0639039
0.0269612 0.0619064
0.0274105 0.0626977
0.0274525 0.062625
0.0273596 0.0625119
0.0275459 0.0630011
0.0273378 0.0620295
0.0276013 0.0630442
0.0276619 0.0631398
0.0271229 0.0620644
0.0272761 0.0624761
0.027769 0.063082
0.0274318 0.0623625
0.0275784 0.0627208
0.0279347 0.0635482
0.0278515 0.0632047
0.0272975 0.0620067
0.0271285 0.0620263
0.0267422 0.0611318
0.0266708 0.0608907
0.0265633 0.060865
0.0271081 0.0618596
0.0262965 0.0601421
0.0268947 0.0613144
0.0267716 0.0610868
0.0269295 0.0613855
0.0262212 0.0597534
0.0269017 0.0615311
0.0268524 0.0611533
0.0257637 0.0585637
0.0267292 0.0613698
0.0273424 0.0622106
0.0257073 0.0586837
0.0266114 0.0609345
0.02603 0.0592212
0.0264873 0.0602571
0.02598 0.0592262
0.0259966 0.0592171
0.0258263 0.0585387
0.0254246 0.0577653
0.0261123 0.0593529
0.0258461 0.0587039
0.0261971 0.0594312
0.0257814 0.0583949
0.0251659 0.0570723
0.0263522 0.0598372
0.0253664 0.0576225
0.0262635 0.0596256
0.0252703 0.0570698
0.025618 0.0582906
0.0263081 0.0595967
0.0257135 0.0585481
0.0263621 0.0599153
0.0262242 0.0593932
0.0251231 0.057067
0.0263114 0.0597704
0.0257593 0.0582962
0.0258269 0.0585693
