44988      5810
43578      5559
43516      5467
44477      5491
45377      5510
45934      5475
45866      5554
46178      5535
46386      5561
45965      5597
46186      5596
46119      5608
46260      5639
46324      5620
46051      5598
46201      5590
46207      5593
46431      5625
46224      5585
46007      5569
46256      5593
46364      5613
46098      5576
46004      5661
45659      5684
44964      5680
44748      5723
44434      5641
44153      5642
44031      5640
43683      5675
43828      5584
43707      5580
43787      5631
43895      5578
43809      5641
43914      5585
44354      5635
44593      5633
45228      5671
45448      5705
45737      5767
45510      5728
45533      5719
45748      5754
45650      5711
45823      5747
45547      5694
45589      5697
45894      5700
45893      5657
45707      5621
45848      5646
45840      5695
45839      5704
46008      5752
45869      5797
45907      5732
45661      5755
46136      5877
45913      5884
45976      5855
45861      5836
46301      5879
46332      5771
46194      5708
46136      5770
45992      5788
46012      5781
46056      5724
46071      5721
45671      5674
45935      5637
46151      5690
46097      5748
46159      5747
45874      5735
46046      5781
46143      5723
46256      5707
46093      5659
46333      5679
46179      5682
46118      5595
46273      5640
46457      5506
46395      5480
46446      5507
46172      5564
46197      5511
46400      5445
46445      5409
46328      5379
46502      5302
46290      5373
46510      5345
46550      5369
46535      5384
46461      5414
46614      5376
46440      5376
46471      5371
46342      5237
46589      5260
46601      5238
46495      5253
46528      5222
46706      5291
46454      5248
46557      5196
46315      5229
46348      5295
46277      5237
46547      5319
46555      5303
46431      5309
46662      5236
46527      5287
46737      5224
46524      5228
46657      5207
46721      5207
46682      5112
46577      5087
46565      5095
46731      5109
46525      5121
46788      5212
46808      5243
46740      5283
46748      5268
46790      5239
46664      5163
46522      5054
46470      5086
46538      5053
46348      5068
46271      5056
46771      5155
46760      5184
46928      5166
46772      5099
46620      5086
46704      5086
46615      5101
46818      5083
46767      5089
46601      5078
46566      5039
46454      4996
46754      5000
46748      5009
46922      4954
46683      4993
46782      5064
46855      5030
46737      5034
46785      5021
46667      4960
46437      5026
46963      5029
46883      5044
46827      5059
46639      5059
46596      5045
46785      5035
46757      5092
46974      5083
46884      5105
46828      5094
46637      5067
46845      5043
46778      4993
47015      4960
46841      4924
46929      4990
46784      4978
47031      4999
46962      4905
46939      4926
46935      5035
46807      4951
46865      5028
46918      5064
46827      5029
46902      4968
46900      4923
46935      4949
46637      4933
46718      4928
47046      4947
46954      4954
46762      4937
46794      4934
46873      4898
47080      4859
46821      4855
46974      4872
46742      4912
46861      4926
47131      4890
46716      4868
46923      4849
47185      4820
46849      4795
47057      4834
46967      4844
46898      4829
47277      4824
47301      4818
47326      4854
46913      4760
47189      4760
47069      4730
47192      4719
47192      4683
47055      4685
47215      4700
47168      4719
46989      4689
46969      4708
47040      4709
47065      4687
47323      4714
47189      4665
47189      4713
47137      4711
47000      4752
46930      4743
47260      4724
47267      4711
47305      4731
47118      4665
47545      4677
46924      4673
47146      4611
47318      4658
47048      4618
47458      4673
47152      4651
47312      4610
47188      4521
47245      4519
47346      4535
47112      4556
47223      4583
46995      4566
47426      4646
47482      4606
47264      4552
47078      4481
47425      4534
47164      4536
47177      4523
47013      4532
47207      4564
47650      4657
47461      4579
47215      4592
47294      4562
47401      4604
47338      4680
47411      4671
47371      4679
47496      4640
47383      4625
47251      4635
47176      4634
47223      4652
47236      4626
47282      4592
47178      4559
47287      4531
47511      4500
47506      4466
47132      4502
47601      4467
47369      4433
47311      4502
47460      4412
47239      4421
47569      4402
47536      4311
47356      4282
47431      4246
47847      4284
47239      4281
47655      4242
47482      4226
47535      4206
47372      4212
47821      4146
47632      4097
47901      4071
47742      4064
47867      4028
47833      3933
47800      3885
47980      3930
48189      3936
47867      3874
47760      3867
47585      3858
47599      3840
47906      3825
48000      3841
47593      3796
47552      3788
47672      3762
48014      3694
48005      3697
47911      3705
47986      3665
47936      3597
48101      3551
47878      3539
48130      3548
47923      3490
48041      3480
48208      3419
47947      3458
47863      3423
47900      3421
48085      3343
47944      3347
48233      3400
48178      3349
48210      3306
47653      3277
48251      3290
48364      3266
48259      3196
48006      3195
48156      3191
47986      3153
48175      3154
48113      3132
47978      3118
48125      3132
48293      3153
47846      3171
47994      3175
48289      3175
48042      3215
47747      3180
47903      3163
47908      3131
48162      3117
48103      3133
47924      3091
47821      3078
47863      3150
47863      3137
48296      3084
47857      3077
48222      3059
47935      3062
48011      3034
48117      3066
48003      3029
47932      3006
47828      2978
47970      2955
48008      2960
48046      2964
48177      2980
48119      2950
48097      2941
48215      2919
47804      2983
47868      2985
48069      2963
47880      2989
48196      2972
48182      2928
48078      2932
47903      2910
48006      2896
48136      2940
48129      2943
47991      2905
47762      2958
47959      2934
48009      2930
48154      2909
48004      2917
48098      2885
47999      2819
48025      2757
48476      2762
48179      2722
47934      2713
48075      2724
48075      2706
48109      2697
47975      2673
48092      2640
48034      2657
47947      2654
48102      2650
48211      2634
48165      2628
47997      2620
47911      2621
47835      2613
48016      2598
48029      2584
47934      2573
47981      2608
47787      2594
47978      2581
48035      2575
47804      2551
48059      2570
47943      2491
47827      2486
48040      2486
47884      2529
47786      2565
47856      2616
47813      2606
47644      2637
47807      2588
47946      2607
47730      2636
47865      2602
47749      2586
47726      2581
47710      2556
47709      2545
47503      2534
47657      2537
47342      2535
47448      2519
47491      2503
47300      2482
47209      2483
47334      2467
47582      2430
47246      2440
46992      2479
47228      2503
46985      2498
47101      2545
46965      2534
46691      2548
46620      2506
46732      2518
46725      2494
46655      2489
46448      2433
46669      2391
46697      2404
46540      2410
46457      2355
46525      2333
46408      2377
46694      2293
46319      2323
46325      2296
46542      2239
46353      2250
46554      2317
46278      2374
46261      2420
46524      2436
46486      2439
46441      2398
46288      2393
46347      2393
46745      2369
46236      2361
46229      2336
46544      2311
46384      2300
46145      2328
46281      2351
46560      2339
46126      2299
46335      2294
46411      2324
46292      2307
46071      2344
46075      2364
45802      2406
45820      2424
45858      2437
45731      2500
45810      2512
45492      2496
45299      2535
45742      2542
45387      2547
45388      2582
45819      2657
45673      2663
45400      2688
45394      2711
45495      2740
45612      2754
45847      2759
45563      2710
45736      2695
45963      2731
45461      2755
45636      2825
45722      2885
45943      2845
45583      2894
45984      2859
45976      2829
46183      2871
46511      2922
46197      2900
46255      2973
46566      2957
46698      2977
46339      2978
46122      2974
45979      2984
46290      2995
46104      2969
46583      2951
46361      2989
46349      3036
46376      3051
45922      3023
45669      3061
45696      3025
45638      3104
44588      3132
44790      3141
44764      3157
45103      3096
45209      3118
45105      3071
45189      3128
45132      3143
45293      3146
44935      3189
45108      3107
45048      3092
45089      3076
45194      3107
44695      3153
44073      3109
44115      3069
44299      3063
44289      3169
44096      3199
43317      3228
43344      3296
43569      3225
43818      3113
45079      3106
44882      3041
44724      3139
44876      3264
45291      3240
45232      3274
45367      3297
45475      3277
45232      3247
45557      3274
45895      3337
46005      3328
46191      3353
46356      3327
46809      3331
47329      3316
47331      3344
47643      3383
47547      3421
47642      3459
47752      3437
47515      3391
47756      3344
47663      3295
47599      3317
47837      3306
47626      3294
47820      3458
47714      3536
47912      3546
47733      3529
47632      3549
48026      3557
47840      3557
47701      3557
47660      3572
47611      3572
47500      3562
47542      3613
47327      3570
47401      3612
47743      3605
47574      3695
47664      3668
47933      3706
47567      3735
47374      3720
47741      3764
47592      3817
47576      3794
47213      3771
47444      3732
47725      3716
47837      3644
47565      3649
47700      3651
47948      3642
47768      3641
47766      3635
47684      3590
47609      3581
48019      3538
47376      3492
47464      3506
47817      3582
47412      3618
47691      3676
47397      3591
47373      3582
47216      3521
47104      3460
47062      3434
47073      3447
47229      3429
47119      3392
47217      3381
47307      3345
47397      3325
47606      3317
47070      3262
47282      3263
47391      3275
47238      3209
47279      3203
47367      3181
47341      3221
47275      3304
47237      3243
47205      3226
47035      3271
47131      3318
47156      3299
47154      3262
47116      3308
47367      3344
46883      3411
47319      3442
46974      3424
47058      3354
47164      3421
47153      3391
46833      3404
47024      3447
47182      3494
47084      3489
46806      3397
47193      3391
46953      3453
47082      3492
47042      3506
47160      3558
46887      3468
47193      3418
47091      3479
47014      3455
46720      3492
47046      3329
46980      3469
46721      3519
46814      3462
46823      3372
46820      3363
46876      3460
46976      3516
46745      3527
47019      3497
47105      3598
47054      3625
47080      3672
46976      3491
47025      3468
46985      3477
47254      3475
46925      3501
46944      3493
46789      3642
46654      3664
46996      3722
46851      3648
46603      3660
46841      3640
46807      3611
46811      3574
46754      3678
46695      3687
46981      3636
46984      3469
46912      3530
46887      3616
46817      3624
46831      3541
46960      3566
46907      3542
46767      3554
46917      3668
46911      3563
46936      3514
46813      3605
46941      3635
46884      3657
46771      3718
47123      3717
47116      3742
46952      3704
46745      3660
47097      3589
46970      3647
46922      3658
46699      3593
46748      3657
46905      3558
46563      3632
46703      3503
46853      3541
46844      3584
46833      3630
46998      3628
46799      3609
46902      3608
47236      3597
47059      3568
46955      3586
46996      3639
46873      3659
46892      3664
46680      3745
46956      3628
46845      3613
46899      3576
46888      3632
46835      3634
46787      3709
46661      3745
46631      3592
46713      3652
46849      3635
46984      3619
46803      3685
46803      3715
46783      3693
46787      3702
46606      3731
46678      3642
46610      3589
46883      3590
46605      3645
46655      3574
46669      3663
46583      3664
46370      3645
46417      3756
46491      3750
46763      3707
46198      3683
46506      3705
46513      3738
46826      3686
46674      3691
46539      3543
46543      3572
46407      3583
46415      3619
46690      3635
46774      3666
46830      3695
46533      3851
46453      3841
46640      3899
46624      3974
46568      3875
46616      3829
46424      3784
46449      3807
46966      3812
46910      3736
47048      3674
46912      3656
46890      3591
46640      3598
47077      3664
46984      3589
46868      3560
46867      3451
46756      3492
46843      3603
46818      3660
46846      3629
46896      3665
46691      3701
46622      3574
46714      3522
46677      3528
46637      3450
46663      3459
46599      3582
46783      3599
46730      3583
46898      3687
46921      3686
46725      3616
46607      3589
46897      3554
46954      3541
47222      3574
47367      3595
47063      3577
47227      3623
46924      3565
47149      3647
46841      3564
47036      3515
46981      3619
47008      3508
47260      3431
47126      3415
46853      3439
46683      3469
46754      3395
46806      3534
47103      3428
47012      3452
47124      3416
46940      3487
47231      3511
47124      3416
46867      3314
46817      3433
47143      3485
47091      3364
47078      3273
46969      3406
47678      3359
47382      3269
47234      3326
47167      3464
47200      3456
47218      3422
47332      3458
47200      3413
47185      3412
47014      3479
47342      3495
46867      3444
47119      3406
46537      3255
47042      3342
46935      3391
46810      3379
46840      3444
46877      3463
46984      3497
47005      3439
46840      3406
46857      3493
46828      3279
46993      3413
46572      3394
46696      3199
46791      3262
46789      3276
46858      3253
47002      3271
46841      3414
46945      3452
47306      3470
47031      3379
47231      3356
47125      3399
47238      3457
47119      3355
47320      3266
47225      3242
47153      3318
47198      3351
47693      3378
47377      3349
47336      3262
47345      3314
47403      3328
47076      3304
47340      3387
47093      3378
47154      3272
47141      3226
47339      3257
47341      3253
47387      3321
47395      3250
47076      3255
47188      3272
47243      3243
47047      3079
47013      3016
46979      2976
47167      3018
46954      3041
47238      2974
47119      2978
47169      2873
47183      2826
47350      2745
47501      2873
47748      2873
47453      3004
47502      2999
47720      2985
47697      2958
47827      2877
47710      2893
48189      3009
47578      2918
48263      2888
48092      2881
48195      2879
47722      2800
47730      2797
48112      2990
47799      2936
47935      2865
47914      2928
48034      2800
47922      2791
47936      2780
47863      2767
47999      2747
48211      2713
48222      2779
48212      2735
48335      2789
48160      2844
48077      2826
48111      2885
48227      2887
48352      2871
48255      2851
48275      2820
48135      2736
48296      2823
48348      2750
48114      2734
47963      2782
47969      2628
47952      2712
47949      2618
47987      2657
48010      2694
47924      2708
47780      2798
48082      2962
48142      3094
48247      2971
48644      3007
47967      2961
48258      2942
47714      2895
48055      2886
47410      2861
47758      2879
48041      2954
47787      2881
48010      2951
47896      2986
48057      2946
48103      2928
47991      2825
47990      2931
47699      2906
47934      2880
47955      2812
48144      2930
47795      2994
47339      3034
47006      3083
47088      2977
47220      2949
47214      2955
47311      3017
47097      3075
47298      3104
47079      3178
47145      3232
47037      3203
46844      3101
46597      3137
46698      3241
46703      3198
46701      3216
46950      3297
46821      3373
46905      3410
46797      3332
46808      3388
46781      3347
46831      3493
46858      3475
46823      3464
46959      3348
46911      3340
46831      3352
46977      3472
46839      3425
46718      3376
47308      3390
47054      3440
47778      3465
46930      3406
47227      3458
47121      3329
47075      3366
47064      3480
47021      3524
47129      3534
47074      3559
47074      3636
46817      3692
46867      3601
46630      3402
46786      3302
46985      3364
46859      3315
46760      3255
46655      3336
46987      3287
46772      3249
46747      3376
46685      3390
46504      3447
46388      3488
46837      3509
46940      3506
46814      3273
46927      3309
47185      3385
46783      3353
47112      3373
47193      3516
47008      3493
46933      3410
47002      3383
47188      3575
46950      3412
47278      3416
46951      3362
46934      3515
46942      3419
46989      3462
46842      3606
47116      3639
46931      3647
47147      3595
46780      3427
46921      3559
47130      3615
47094      3525
47181      3561
47068      3540
46741      3525
47005      3612
46522      3561
47343      3522
47227      3533
47048      3490
46853      3589
46311      3710
46487      3769
46929      3726
46825      3709
46805      3633
46536      3477
46685      3516
46627      3531
46716      3594
46189      3553
46668      3488
46539      3597
46621      3423
46834      3432
46624      3386
46806      3411
46643      3410
46851      3462
46745      3440
46932      3506
46890      3442
46503      3578
46952      3562
46391      3614
46524      3725
46660      3639
46259      3632
46414      3690
46350      3551
46459      3420
46475      3430
47150      3444
46154      3499
46178      3384
46074      3420
46371      3474
46311      3479
46449      3522
46512      3466
46395      3485
46625      3477
46587      3515
46501      3543
46478      3506
46638      3448
46309      3447
46362      3458
46351      3408
46292      3293
46795      3322
46529      3275
46622      3240
46524      3221
46736      3237
46203      3232
46539      3177
46371      3207
46324      3210
46450      3265
46396      3245
46291      3304
46485      3346
46319      3230
46477      3244
46481      3266
46404      3231
45787      3256
46480      3281
46677      3232
46391      3218
46822      3315
46715      3341
46716      3297
46847      3213
46861      3124
46877      3093
46858      3040
46861      2967
47083      3073
46996      3023
46877      3033
46933      3013
47194      3034
47422      3093
47307      3074
46941      3041
47209      3014
47072      3051
47147      3042
47303      2996
47071      2974
47456      3026
47311      3026
47265      2986
47092      2948
47195      2923
47483      2874
47256      2845
47321      2869
47269      2859
47253      2823
47403      2826
47147      2786
47193      2776
47590      2763
47262      2776
47659      2802
47366      2791
47535      2845
47444      2770
47572      2811
47868      2784
47489      2782
47596      2756
47507      2859
47900      2895
47671      2928
47672      2854
47683      2758
47578      2780
47488      2835
47475      2840
47472      2857
47934      2866
47694      2880
47712      2868
47771      2842
47720      2827
47819      2824
47744      2811
47770      2835
47779      2841
47715      2856
48066      2847
47624      2830
47719      2855
47901      2857
48027      2842
47920      2808
47919      2751
48005      2742
47936      2750
47930      2791
47954      2815
47571      2800
47536      2802
47646      2789
47611      2797
47502      2813
47770      2810
47662      2830
47827      2799
47880      2800
47735      2810
47661      2784
47649      2777
47593      2791
48036      2784
47680      2780
47862      2788
47655      2779
47668      2783
47858      2805
47738      2825
47655      2792
48002      2802
47536      2784
47791      2776
47419      2779
47960      2802
47660      2811
47742      2798
47867      2795
47985      2795
48015      2777
48097      2771
47864      2762
47763      2766
47700      2756
48174      2766
47785      2746
47724      2767
47974      2772
47742      2761
48146      2771
47758      2768
47704      2758
47924      2772
47698      2752
47711      2767
47741      2775
