0.0390549 0.30241
0.0385975 0.302572
0.0382158 0.304189
0.038874 0.314879
0.0380149 0.313067
0.0376192 0.315616
0.0371953 0.307166
0.0376586 0.314182
0.0368861 0.307678
0.037398 0.307129
0.0376954 0.311115
0.0376201 0.309379
0.0379594 0.311403
0.0376695 0.310498
0.0385877 0.317435
0.0382459 0.3161
0.0386305 0.319149
0.0378626 0.312533
0.0391788 0.324261
0.0394723 0.326091
0.0377465 0.312176
0.038284 0.31623
0.0377674 0.312231
0.0372142 0.30242
0.0376049 0.302076
0.0370519 0.29331
0.0371637 0.290582
0.0385291 0.303492
0.0385704 0.301843
0.0386092 0.301418
0.0384131 0.295683
0.0395409 0.310351
0.0390098 0.305556
0.0385731 0.299947
0.0390477 0.307279
0.0388733 0.301897
0.0398734 0.313518
0.041056 0.323159
0.0404324 0.320078
0.0394225 0.314407
0.0408599 0.325504
0.0407766 0.323392
0.0403867 0.32088
0.0403444 0.32121
0.0386902 0.307612
0.0399781 0.319559
0.0403509 0.321733
0.0408589 0.326835
0.0393077 0.314552
0.0393515 0.316842
0.0379361 0.30776
0.0383092 0.31151
0.0378424 0.307297
0.0395724 0.318525
0.0386134 0.310309
0.039015 0.312065
0.0386754 0.30602
0.0393186 0.314899
0.0384354 0.304952
0.0389934 0.306109
0.0397273 0.309993
0.0393466 0.308967
0.0390746 0.30706
0.0383361 0.301922
0.0386342 0.310172
0.0381435 0.30869
0.0383215 0.306412
0.0378979 0.30114
0.0380988 0.303235
0.0376932 0.303284
0.0390484 0.314456
0.0387117 0.311597
0.0381409 0.310804
0.037529 0.304394
0.0377031 0.302366
0.0368726 0.296155
0.03684 0.294682
0.0382444 0.304619
0.0365169 0.294426
0.0372708 0.302085
0.0373593 0.304294
0.0373384 0.304631
0.037961 0.308518
0.0379028 0.312422
0.0371923 0.305142
0.0373894 0.315474
0.0373747 0.316423
0.037226 0.313964
0.0375119 0.311287
0.0372535 0.312285
0.0369612 0.314968
0.0366886 0.315031
0.0359826 0.309909
0.0352673 0.309317
0.0356665 0.307277
0.0365513 0.318054
0.0352954 0.306016
0.0357151 0.308692
0.0360517 0.309383
0.0358047 0.310454
0.0359819 0.310826
0.0361301 0.312605
0.0363385 0.321558
0.0370688 0.328327
0.0358147 0.318633
0.0360899 0.319437
0.0369885 0.329567
0.0381321 0.336609
0.0382529 0.338605
0.0382112 0.342379
0.0378063 0.334863
0.0378441 0.331256
0.0377293 0.333397
0.0382839 0.335025
0.038041 0.333962
0.0376042 0.328875
0.0375037 0.334225
0.0372042 0.327407
0.0377217 0.337481
0.037572 0.334353
0.037272 0.333973
0.0379487 0.340503
0.0373377 0.340962
0.0386457 0.353843
0.0386771 0.353484
0.0386467 0.353494
0.038431 0.349151
0.0391767 0.351688
0.0378781 0.338165
0.0387249 0.342608
0.0375203 0.332954
0.036931 0.329834
0.0375664 0.339531
0.0376596 0.346656
0.0386056 0.352733
0.0382053 0.35187
0.038362 0.350829
0.0382961 0.350475
0.0380364 0.345102
0.0376818 0.339892
0.0379944 0.345141
0.0381425 0.349873
0.0385028 0.35293
0.0380481 0.34939
0.0377132 0.344638
0.0384254 0.353925
0.0388308 0.356848
0.0375958 0.345018
0.0382038 0.353046
0.0386404 0.359287
0.0382641 0.3578
0.0380337 0.354961
0.0370402 0.350828
0.0378296 0.353695
0.0369159 0.341035
0.0361968 0.337177
0.0364807 0.338697
0.037341 0.347939
0.036214 0.340726
0.037707 0.348388
0.0375615 0.350766
0.0374549 0.348136
0.0372221 0.344534
0.0372435 0.343348
0.0371491 0.343112
0.0374052 0.347567
0.0363368 0.333661
0.0370205 0.342121
0.0373688 0.343193
0.0369224 0.339419
0.0367948 0.338662
0.0372932 0.346421
0.0370473 0.347086
0.0381155 0.36129
0.03862 0.367384
0.0379509 0.356914
0.0373846 0.351346
0.0381025 0.358472
0.0373919 0.358002
0.0371333 0.353837
0.0372643 0.347368
0.0372807 0.352454
0.0381735 0.355807
0.0393026 0.364139
0.0376706 0.350766
0.0378875 0.357689
0.0392324 0.373756
0.038287 0.363104
0.0388747 0.367525
0.0376728 0.357143
0.0381967 0.36325
0.0381863 0.36193
0.0389633 0.36905
0.0387229 0.367248
0.0385723 0.36913
0.038785 0.375797
0.0382734 0.369104
0.0392558 0.378489
0.0387874 0.369096
0.0391157 0.372107
0.0391462 0.377301
0.0383809 0.368324
0.0390427 0.37781
0.0393345 0.385062
0.0396807 0.387696
0.039569 0.385188
0.0392616 0.380677
0.0396605 0.385173
0.0386023 0.378317
0.0388364 0.381279
0.0389638 0.379893
0.039051 0.384874
0.0392676 0.389286
0.039219 0.390275
0.0392863 0.39288
0.0392439 0.395473
0.0402295 0.404056
0.03878 0.389574
0.0401331 0.401144
0.0388176 0.388996
0.0397496 0.396559
0.0409226 0.408792
0.0393923 0.395562
0.0391564 0.393084
0.0390981 0.395498
0.0400941 0.401443
0.0400747 0.400976
0.0388298 0.384049
0.0396335 0.392157
0.0393356 0.393522
0.0397529 0.398854
0.0395307 0.395265
0.0396239 0.400214
0.0389736 0.396194
0.0384451 0.386048
0.0386671 0.395359
0.0379771 0.385788
0.0380888 0.388047
0.0386447 0.392467
0.038132 0.386584
0.0387428 0.397614
0.0395228 0.412519
0.0402371 0.420668
0.0388628 0.405733
0.0388012 0.401229
0.0389429 0.401266
0.0391531 0.402979
0.039472 0.402927
0.0399099 0.41142
0.0395438 0.410589
0.0392752 0.412631
0.0405693 0.424349
0.0399033 0.414903
0.0403375 0.420738
0.0403718 0.4188
0.0401635 0.415425
0.0398531 0.407773
0.0402225 0.416903
0.0395637 0.406794
0.0396033 0.410566
0.0395561 0.407255
0.0404115 0.408761
0.0398642 0.404624
0.0385679 0.390468
0.0385717 0.394828
0.0394445 0.404108
0.039724 0.404962
0.039342 0.400518
0.0384347 0.390155
0.0390804 0.399049
0.0386405 0.397866
0.0384077 0.397456
0.0380654 0.397263
0.0378439 0.399556
0.0379531 0.403717
0.0378087 0.395824
0.039537 0.421312
0.0368807 0.39409
0.0371795 0.390715
0.0376106 0.404578
0.0371515 0.396969
0.0366415 0.395956
0.0376136 0.414753
0.0373976 0.413592
0.0362 0.404381
0.0364077 0.406629
0.035966 0.39687
0.0360928 0.405469
0.0355082 0.398959
0.0361208 0.408226
0.0360762 0.405745
0.0346291 0.399421
0.0360262 0.418843
0.0358239 0.421518
0.0362783 0.426181
0.0356195 0.423287
0.0365647 0.444699
0.0357531 0.439897
0.0349937 0.427226
0.0355475 0.435213
0.0353479 0.436758
0.0354271 0.437548
0.0345067 0.425609
0.0350428 0.434375
0.0356532 0.446536
0.0361042 0.451185
0.0364339 0.456797
0.0353718 0.444034
0.0357862 0.453482
0.0365935 0.475636
0.0371211 0.482012
0.0368391 0.476383
0.0357188 0.467667
0.0367156 0.489297
0.0366105 0.495917
0.037324 0.504945
0.0374195 0.50761
0.037915 0.52063
0.0370101 0.51092
0.0378153 0.533197
0.0373746 0.518219
0.0365836 0.51154
0.0377662 0.528793
0.0376209 0.541131
0.0379818 0.544069
0.0385421 0.546765
0.0376728 0.541953
0.0370463 0.54023
0.0377311 0.548673
0.0370148 0.542857
0.0377967 0.559706
0.0373609 0.564143
0.0379744 0.570579
0.0371293 0.560326
0.0374067 0.569299
0.0367826 0.561826
0.0377237 0.579502
0.0381425 0.586915
0.0376312 0.578225
0.0388048 0.594355
0.0391673 0.590981
0.0387965 0.586457
0.0386009 0.587087
0.0395487 0.59098
0.0383898 0.576415
0.0394339 0.597218
0.0386992 0.592143
0.0387027 0.598011
0.0395402 0.607086
0.0396252 0.614364
0.038916 0.604613
0.0394041 0.59873
0.0389654 0.594517
0.0399205 0.625162
0.0392837 0.610985
0.0402721 0.634848
0.0406384 0.636186
0.0403449 0.638431
0.0402976 0.63242
0.0393517 0.623638
0.0396604 0.632402
0.0402902 0.647079
0.0401292 0.651438
0.0393268 0.637838
0.0389418 0.631242
0.0391058 0.632215
0.0392984 0.641017
0.0391916 0.640938
0.0387431 0.639945
0.0375282 0.601408
0.0387524 0.621441
0.0392561 0.636855
0.0390769 0.625962
0.0381152 0.618102
0.0391225 0.643784
0.0396231 0.649727
0.039079 0.643299
0.0390993 0.648135
0.0390352 0.639116
0.0392695 0.642202
0.0396949 0.655766
0.0398225 0.643002
0.039075 0.638718
0.039076 0.640273
0.0395606 0.654864
0.0392676 0.646212
0.0381097 0.635355
0.0391467 0.666548
0.039292 0.68444
0.0388233 0.68139
0.0397476 0.703527
0.0396378 0.700332
0.0392512 0.692731
0.039272 0.697709
0.0394937 0.704486
0.0397499 0.713431
0.0409839 0.746591
0.0396594 0.716974
0.0399191 0.721176
0.0405596 0.736226
0.0410072 0.750569
0.0407142 0.746195
0.0393983 0.721756
0.0410762 0.750858
0.0400544 0.733257
0.0403407 0.745574
0.0383727 0.713235
0.0401385 0.747765
0.0394531 0.725844
0.040555 0.747109
0.0405603 0.753971
0.0405954 0.757282
0.0403104 0.75539
0.0394931 0.738521
0.0393592 0.757527
0.0390783 0.75181
0.0394047 0.761464
0.0399507 0.756425
0.0398234 0.74191
0.039598 0.724388
0.0386715 0.709517
0.0384728 0.695108
0.0394503 0.728748
0.0397948 0.731876
0.0393254 0.712064
0.0398203 0.732513
0.0391422 0.722738
0.0390563 0.722201
0.0396982 0.741002
0.0389235 0.729666
0.0392817 0.736385
0.0397633 0.746945
0.0386549 0.721893
0.0388214 0.731243
0.0385126 0.730723
0.0396406 0.755439
0.0385096 0.732179
0.0397389 0.762465
0.039868 0.780658
0.0392837 0.760656
0.0399855 0.757967
0.0409291 0.772273
0.0405874 0.763411
0.0411032 0.760707
0.0402427 0.745856
0.0408644 0.748823
0.0408623 0.760176
0.0413421 0.767276
0.0409631 0.767442
0.0412174 0.772599
0.0418533 0.799014
0.0412694 0.805521
0.0417586 0.811148
0.0418994 0.809129
0.0410918 0.810616
0.0411822 0.82126
0.0410705 0.801851
0.0410759 0.836459
0.0407824 0.813173
0.0407124 0.821429
0.0409308 0.850826
0.0409898 0.844444
0.0412424 0.828658
0.0409266 0.79781
0.0412442 0.78843
0.0400224 0.764368
0.0417115 0.794998
0.0420964 0.815263
0.0407881 0.788968
0.0398947 0.77267
0.039555 0.780498
0.0408556 0.800085
0.0410997 0.813356
0.0393391 0.792298
0.0405959 0.818696
0.0402644 0.79811
0.041248 0.811995
0.0406572 0.80932
0.0419503 0.84167
0.0423222 0.854839
0.0409817 0.818417
0.0413678 0.830082
0.041588 0.817406
0.0407162 0.79357
0.0410681 0.781796
0.0415539 0.785479
0.0412142 0.775544
0.041263 0.7548
0.0402969 0.734873
0.0410622 0.748397
0.0410605 0.733728
0.0409033 0.736035
0.0405623 0.722811
0.0411783 0.723857
0.0416858 0.718856
0.0414906 0.711603
0.0405066 0.684152
0.0402917 0.674659
0.0402682 0.668613
0.0395948 0.655773
0.0396536 0.658934
0.0395277 0.664576
0.041674 0.707236
0.0408372 0.687294
0.042454 0.700544
0.0441099 0.712566
0.0436333 0.691508
0.0422698 0.682601
0.042801 0.674153
0.0427975 0.688353
0.0419132 0.681159
0.0429595 0.691048
0.0422266 0.672142
0.0422105 0.672414
0.0408388 0.635385
0.0404372 0.636794
0.0418647 0.656701
0.0417575 0.649765
0.0409566 0.635171
0.040127 0.618298
0.0389933 0.602671
0.0395627 0.614348
0.0377391 0.59573
0.0374668 0.581131
0.0376491 0.574769
0.0374547 0.569322
0.0380863 0.578564
0.0393484 0.587063
0.0388655 0.587107
0.0393093 0.577964
0.0416031 0.592273
0.0417727 0.59567
0.0413725 0.586633
0.0406403 0.592054
0.0425358 0.616741
0.0417027 0.612504
0.0415809 0.600703
0.0408136 0.586064
0.0388802 0.559758
0.0393235 0.554092
0.0389066 0.564854
0.0394912 0.575356
0.0387456 0.567945
0.039253 0.570969
0.0383041 0.542975
0.0403422 0.571888
0.0402584 0.57869
0.0386465 0.558929
0.0406647 0.568318
0.0388017 0.534855
0.0397765 0.533767
0.0420127 0.552488
0.0411302 0.555659
0.0405541 0.570832
0.0377781 0.548294
0.0378548 0.558698
0.0371836 0.529787
0.0384393 0.528493
0.0366298 0.512037
0.0373187 0.515577
0.0369211 0.508038
0.0383947 0.532804
0.0380704 0.530336
0.038172 0.531155
0.0372372 0.512137
0.0374959 0.518329
0.0371717 0.512079
0.0381612 0.53171
0.0374928 0.526869
0.0370175 0.528347
0.0379667 0.53738
0.0368365 0.51877
0.0372053 0.5171
0.03732 0.514021
0.0376948 0.523713
0.0377355 0.528753
0.0377125 0.538577
0.0371147 0.536874
0.0371016 0.532409
0.037356 0.540532
0.0371226 0.536733
0.0357591 0.494505
0.0356709 0.481335
0.0355235 0.479977
0.0357405 0.483423
0.0352914 0.473655
0.0343772 0.464155
0.0342391 0.4605
0.0349259 0.468372
0.0350189 0.467245
0.0346139 0.461366
0.0351579 0.468838
0.0349796 0.460282
0.0349483 0.463305
0.0350836 0.46041
0.0349999 0.463523
0.034914 0.449526
0.0342816 0.445474
0.0356748 0.461414
0.0360124 0.458635
0.0356314 0.453763
0.0346034 0.438895
0.0356152 0.444066
0.0356692 0.447285
0.0354563 0.443914
0.0355999 0.452572
0.034615 0.444564
0.0343458 0.450878
0.035278 0.459852
0.0347589 0.454122
0.0343706 0.452499
0.0348769 0.457567
0.0355692 0.4674
0.0352319 0.467967
0.0338591 0.450154
0.0347987 0.472301
0.0357987 0.485682
0.035922 0.486309
0.0344229 0.45952
0.0351177 0.460199
0.0353735 0.458923
0.0356774 0.470899
0.0359487 0.475433
0.0354329 0.475149
0.0363026 0.49422
0.0364838 0.5
0.0376224 0.51378
0.0379428 0.522601
0.0379465 0.527123
0.0383337 0.535345
0.0374997 0.530344
0.0380615 0.542556
0.036676 0.526379
0.0380072 0.548437
0.0371389 0.538155
0.0371379 0.537405
0.0371311 0.546588
0.0361471 0.533562
0.03627 0.540082
0.0366912 0.539274
0.0364252 0.521186
0.0366027 0.533148
0.0368181 0.538748
0.0370363 0.532559
0.0369184 0.524412
0.035584 0.508639
0.0361369 0.522379
0.0361873 0.515417
0.0363966 0.51555
0.0364098 0.50044
0.0366026 0.503196
0.0367224 0.503797
0.0363381 0.509839
0.0375498 0.517685
0.0363285 0.505161
0.0374522 0.515276
0.0379168 0.517261
0.03868 0.522324
0.0379959 0.512754
0.0381789 0.526052
0.0383955 0.534356
0.0392733 0.534028
0.0385073 0.519187
0.0379661 0.509412
0.0377863 0.500843
0.0381982 0.516436
0.0380777 0.525746
0.0387972 0.525151
0.0386906 0.526483
0.0391267 0.523482
0.0384305 0.543106
0.0386335 0.523206
0.0389332 0.516908
0.0396676 0.536395
0.0391901 0.544187
0.039513 0.550104
0.0390392 0.528902
0.0394244 0.526735
0.03917 0.519138
0.039048 0.525021
0.0391254 0.512229
0.0380839 0.494345
0.0384664 0.493192
0.0392541 0.528215
0.0385327 0.522491
0.0378844 0.511936
0.0370551 0.503885
0.0373362 0.500428
0.038024 0.511022
0.0374447 0.481054
0.03691 0.469978
0.0378968 0.478506
0.0388039 0.498355
0.0401047 0.510656
0.0392391 0.504945
0.0397804 0.515647
0.0406528 0.532457
0.0412157 0.523926
0.0415676 0.526444
0.0403142 0.520902
0.0396731 0.537331
0.0404587 0.537677
0.040523 0.525442
0.0404981 0.523179
0.0402084 0.531771
0.0396508 0.522154
0.0396103 0.524562
0.038788 0.510411
0.0386001 0.49373
0.0382853 0.50407
0.0382862 0.511383
0.0387926 0.503745
0.0382182 0.493535
0.0381793 0.489472
0.04026 0.506455
0.0381767 0.483992
0.0382673 0.481828
0.0380175 0.481911
0.0388063 0.495628
0.0379005 0.497353
0.0382159 0.492185
0.0374025 0.47977
0.038609 0.501809
0.0384401 0.491386
0.038482 0.507307
0.0391083 0.501377
0.0399546 0.532686
0.0392931 0.51991
0.0394287 0.515346
0.0392458 0.506336
0.0388102 0.502756
0.0392743 0.509282
0.0388683 0.505266
0.0382971 0.502919
0.0383986 0.506446
0.0383985 0.502789
0.0381947 0.493267
0.0381883 0.489205
0.0386207 0.494269
0.0388603 0.484379
0.0384189 0.497244
0.0394919 0.51204
0.0397663 0.521532
0.0406074 0.524229
0.040205 0.518162
0.0401607 0.506606
0.0403335 0.502537
0.0395231 0.513085
0.037313 0.477273
0.0384213 0.495186
0.0383748 0.498204
0.0386086 0.490366
0.0392069 0.493943
0.0390526 0.49472
0.0377028 0.476499
0.0385358 0.481372
0.0375766 0.481604
0.0384038 0.498746
0.0393533 0.513928
0.0389014 0.497394
0.0390741 0.510073
0.0398337 0.507508
0.0389412 0.495087
0.0393358 0.500412
0.039339 0.486155
0.0387387 0.480267
0.038385 0.484219
0.0377938 0.47407
0.0382101 0.479622
0.0381184 0.474318
0.0391236 0.497016
0.0388225 0.490924
0.0386772 0.508044
0.0405002 0.527716
0.0397138 0.514373
0.0402456 0.516165
0.0402656 0.517194
0.0405995 0.518003
0.0415119 0.526116
0.0423785 0.512075
0.0400189 0.483989
0.0399443 0.477815
0.0397435 0.466281
0.0399631 0.480258
0.0384846 0.46853
0.03873 0.475159
0.0386015 0.470975
0.0385811 0.475341
0.0391814 0.49197
0.0388114 0.497006
0.0381565 0.489606
0.0385157 0.502924
0.0386578 0.501112
0.0368545 0.473526
0.0372042 0.487044
0.0374883 0.493539
0.0373824 0.507679
0.0381555 0.510882
0.0381914 0.496531
0.0377205 0.482514
0.0374632 0.483604
0.0363997 0.465757
0.0380801 0.480411
0.0380293 0.496083
0.0378901 0.502555
0.0376631 0.498299
0.0378884 0.512174
0.0372458 0.502457
0.036975 0.481016
0.0369579 0.480411
0.0373636 0.487301
0.0366327 0.465961
0.0365721 0.465545
0.0347566 0.449115
0.036325 0.471719
0.0363563 0.479741
0.036376 0.48235
0.0360849 0.476777
0.0349822 0.460918
0.0355481 0.46771
0.0350435 0.456804
0.0349928 0.460589
0.0334896 0.432959
0.032621 0.428732
0.0335488 0.448933
0.0336093 0.436308
0.0341857 0.458096
0.0340669 0.469251
0.0338667 0.46735
0.0342347 0.466415
0.0339096 0.456327
0.0332378 0.457732
0.0337564 0.447085
0.0334798 0.460035
0.034438 0.469003
0.0345896 0.477166
0.0339369 0.45684
0.0334738 0.450299
0.0332103 0.458138
0.0336484 0.47586
0.0344106 0.469269
0.0341302 0.461693
0.035166 0.492271
0.0349633 0.502903
0.0355341 0.490018
0.0350896 0.498065
0.0349078 0.505965
0.0350595 0.497895
0.0339644 0.462471
0.0348941 0.476562
0.0356008 0.491233
0.0350714 0.480046
0.0340466 0.470847
0.0332521 0.459848
0.0334794 0.452429
0.0338811 0.458941
0.0349073 0.475029
0.0344872 0.477099
0.0349614 0.499846
0.0342247 0.481747
0.0348354 0.482159
0.0352489 0.48831
0.0347353 0.472416
0.0343239 0.464626
0.0349055 0.468973
0.0350814 0.4795
0.0345431 0.475044
0.035619 0.477813
0.035876 0.512351
0.0356436 0.490771
0.0368462 0.505598
0.0355705 0.519225
0.0357761 0.513182
0.0356067 0.508547
0.0342524 0.493391
0.0347645 0.499541
0.0346918 0.475981
0.0340398 0.46292
0.0324906 0.442939
0.0318301 0.44303
0.0326904 0.460072
0.0322546 0.44719
0.0329819 0.45068
0.0330652 0.464382
0.0329882 0.477955
0.0334357 0.487045
0.0326808 0.464436
0.0325438 0.458371
0.0325415 0.459443
0.0309222 0.437444
0.0315193 0.457388
0.0314078 0.448702
0.0320022 0.455829
0.0310774 0.442797
0.032256 0.450841
0.0314696 0.438721
0.03215 0.463325
0.0326467 0.477061
0.0312639 0.454406
0.0313259 0.455887
0.0300715 0.429088
0.0304884 0.444615
0.0320121 0.46298
0.0317454 0.457824
0.0309676 0.451126
0.0316492 0.483599
0.0316508 0.493369
0.0323123 0.510081
0.0315687 0.493373
0.0314989 0.486353
0.0309285 0.491258
0.0303699 0.480524
0.0289385 0.475113
0.0293326 0.489738
0.0267793 0.461931
0.0277257 0.458406
0.0278546 0.462931
0.0279224 0.441079
0.0274725 0.435145
0.0270536 0.432496
0.0277795 0.447938
0.0283522 0.471324
0.0284008 0.468372
0.0279939 0.448322
0.0279541 0.455792
0.0276817 0.462604
0.0273018 0.455745
0.0267455 0.447725
0.0262562 0.4475
0.0260214 0.444047
0.0259395 0.417391
0.0247495 0.402929
0.0241786 0.404538
0.0247736 0.405396
0.0262731 0.450714
0.0256667 0.440702
0.0249708 0.430576
0.0250298 0.43296
0.025313 0.442301
0.0245172 0.43568
0.0246153 0.427132
0.0235211 0.414625
0.0247854 0.429545
0.0245847 0.416315
0.0249184 0.423921
0.0251294 0.419064
0.0259191 0.432975
0.0247353 0.41658
0.0244741 0.414241
0.0239461 0.409929
0.0246806 0.434211
0.024764 0.423663
0.0240548 0.422909
0.0234651 0.412948
0.0236641 0.40798
0.0232025 0.423516
0.023878 0.422198
0.0242132 0.443468
0.0249651 0.450884
0.0250989 0.44729
0.0253526 0.448671
0.0262871 0.448892
0.0261636 0.424713
0.0267334 0.415966
0.0269447 0.437563
0.0274443 0.443964
0.0264348 0.428234
0.0264412 0.433719
0.0259672 0.427979
0.0265321 0.441788
0.0262181 0.434463
0.0259224 0.43001
0.0259778 0.422478
0.0268065 0.444637
0.0269527 0.438495
0.0276015 0.442733
0.0277795 0.453157
0.0279608 0.459358
0.0287346 0.488142
0.0278391 0.455817
0.0274849 0.451136
0.0282054 0.469444
0.0275884 0.470484
0.0285602 0.469283
0.0283921 0.45324
0.0278206 0.43408
0.027805 0.423938
0.0290945 0.460195
0.029119 0.46626
0.0291651 0.46599
0.0282387 0.442824
0.028006 0.428943
0.0277813 0.423325
0.0280805 0.415985
0.0295471 0.431002
0.0289772 0.425539
0.0300786 0.45437
0.0307531 0.456806
0.0325496 0.468991
0.0328459 0.479675
0.0329543 0.478545
0.0338658 0.482257
0.0327844 0.455085
0.0339409 0.466862
0.0353228 0.496098
0.0357204 0.493506
0.0347363 0.485509
0.0355961 0.47724
0.0349567 0.471367
0.0362215 0.489607
0.0353713 0.496117
0.0340006 0.477545
0.0348914 0.48747
0.0350384 0.474078
0.0338393 0.462774
0.0348046 0.481635
0.0339477 0.473746
0.0335784 0.459302
0.0333626 0.460029
0.0330279 0.455079
0.0339213 0.463274
0.0340612 0.482127
0.0343919 0.480986
0.0344212 0.465517
0.0362391 0.483541
0.0361985 0.482739
0.0347326 0.459399
0.0350512 0.453795
0.0342397 0.434182
0.0343099 0.446543
0.0337122 0.462081
0.0336853 0.477286
0.0330744 0.46195
0.0344438 0.486878
0.0355646 0.510906
0.0356875 0.499101
0.0352012 0.503194
0.0354058 0.509695
0.0361948 0.501185
0.0364785 0.50236
0.0369216 0.498114
0.0372079 0.494839
0.036168 0.482759
0.0362378 0.485168
0.0359294 0.513902
0.0369936 0.52463
0.0361556 0.503988
0.0363807 0.507605
0.0365724 0.510821
0.0360859 0.484357
0.035143 0.472946
0.0360514 0.496188
0.0348496 0.484186
0.0353692 0.466853
0.0356975 0.491208
0.0345192 0.477752
0.0345467 0.482451
0.0345805 0.461735
0.0341911 0.469436
0.0343485 0.466204
0.0340506 0.442318
0.0356991 0.462215
0.0359677 0.462846
0.036015 0.472323
0.0359342 0.490516
0.0364442 0.480472
0.0358795 0.467773
0.0365652 0.488511
0.0362434 0.480202
0.0360117 0.478814
0.0368841 0.489078
0.0367408 0.478128
0.037982 0.496209
0.0380838 0.511925
0.0384102 0.513445
0.0391302 0.527507
0.0385247 0.502926
0.0384142 0.479515
0.0389141 0.479968
0.0385476 0.485507
0.0390176 0.492586
0.0394189 0.507845
0.039174 0.524303
0.0393488 0.522469
0.0406202 0.536392
0.0399863 0.519755
0.0401827 0.522375
0.0406917 0.544438
0.0402888 0.521268
0.0397889 0.541922
0.039971 0.545455
0.0397006 0.546663
0.039418 0.540897
0.0393199 0.53783
0.0388466 0.525708
0.0382715 0.520058
0.0385877 0.516543
0.0398806 0.543289
0.0386212 0.501956
0.038976 0.513756
0.0406544 0.521859
0.0386037 0.482148
0.0395199 0.506733
0.0413325 0.526432
0.0423364 0.53252
0.0406904 0.531118
0.039777 0.540351
0.0376331 0.509913
0.0377943 0.517422
0.0383715 0.506145
0.0391312 0.533983
0.0385901 0.519883
0.0382351 0.510363
0.0369675 0.492095
0.0374174 0.49347
0.0376032 0.504616
0.0373532 0.497274
0.0364826 0.489215
0.0363621 0.481935
0.0378486 0.496754
0.0363398 0.481746
0.0363223 0.491299
0.0367099 0.493182
0.0363229 0.486987
0.0359863 0.489437
0.0357513 0.502581
0.0355166 0.500301
0.0352468 0.500763
0.0348119 0.500926
0.0364758 0.526855
0.0356684 0.514983
0.0347596 0.496906
0.0368078 0.539188
0.0365099 0.527908
0.0375615 0.542056
0.0363186 0.516692
0.0373524 0.534052
0.0378475 0.530266
0.036743 0.51046
0.0376303 0.539629
0.0369 0.528668
0.0370904 0.527863
0.0365055 0.524296
0.0366261 0.515049
0.0361876 0.512649
0.0351993 0.508354
0.0353301 0.509323
0.0356884 0.504072
0.0359842 0.503143
0.0352556 0.499545
0.0359041 0.523498
0.0349118 0.523688
0.0343239 0.520207
0.0334841 0.516118
0.0328845 0.51938
0.0321347 0.492353
0.0317261 0.493219
0.0306547 0.473788
0.0298937 0.465649
0.0298555 0.464403
0.0298806 0.458131
0.0293614 0.451854
0.0299738 0.462677
0.029613 0.463835
0.0301028 0.464438
0.0299489 0.464168
0.0302729 0.477971
0.029976 0.474445
0.0293957 0.461005
0.0291053 0.455056
0.0287316 0.454789
0.0282426 0.451153
0.0273546 0.44167
0.0270834 0.44746
0.0274674 0.456239
0.0271127 0.447194
0.0270367 0.447009
0.027575 0.461566
0.0270658 0.453999
0.027743 0.46949
0.0273346 0.464697
0.0274007 0.471951
0.026808 0.456412
0.02627 0.446824
0.0268758 0.456109
0.0270117 0.451318
0.0267473 0.458123
0.0261498 0.442547
0.0270953 0.465876
0.0273958 0.467649
0.0270191 0.466618
0.0277222 0.460651
0.0280167 0.463558
0.027459 0.447063
0.0277312 0.46321
0.0273892 0.473532
0.0275968 0.472302
0.0275438 0.461376
0.0281622 0.470775
0.0279112 0.463773
0.0279551 0.467551
0.027949 0.462847
0.0268905 0.44735
0.0275062 0.46235
0.0277661 0.468695
0.0269558 0.456445
0.0264955 0.450018
0.0274021 0.461728
0.0261412 0.439634
0.0264906 0.442577
0.0278783 0.470671
0.0269612 0.45371
0.0274105 0.458144
0.0274525 0.460273
0.0273596 0.46235
0.0275459 0.470085
0.0273378 0.47619
0.0276013 0.483224
0.0276619 0.482182
0.0271229 0.465783
0.0272761 0.464654
0.027769 0.471786
0.0274318 0.465382
0.0275784 0.471137
0.0279347 0.475509
0.0278515 0.470316
0.0272975 0.464057
0.0271285 0.45689
0.0267422 0.456949
0.0266708 0.456071
0.0265633 0.451246
0.0271081 0.46408
0.0262965 0.451206
0.0268947 0.458617
0.0267716 0.461925
0.0269295 0.46187
0.0262212 0.450143
0.0269017 0.461317
0.0268524 0.459935
0.0257637 0.439572
0.0267292 0.451681
0.0273424 0.466691
0.0257073 0.4404
0.0266114 0.454382
0.02603 0.448127
0.0264873 0.451961
0.02598 0.444682
0.0259966 0.440768
0.0258263 0.440672
0.0254246 0.43542
0.0261123 0.448301
0.0258461 0.446885
0.0261971 0.45471
0.0257814 0.446778
0.0251659 0.434563
0.0263522 0.456096
0.0253664 0.441793
0.0262635 0.457028
0.0252703 0.435851
0.025618 0.443362
0.0263081 0.454908
0.0257135 0.44677
0.0263621 0.454841
0.0262242 0.45359
0.0251231 0.434343
0.0263114 0.456032
0.0257593 0.444163
0.0258269 0.444324
