14196
13730
13544
13547
13568
13622
13710
13754
13780
13712
13896
13883
13914
13949
13854
13700
13725
13729
13758
13682
13687
13696
13676
13878
13811
13819
13999
14014
13943
13950
13917
13821
13905
14024
13796
13889
13926
14073
14068
14246
14271
14344
14278
14355
14327
14288
14245
14189
14235
14335
14297
14194
14166
14111
14171
14141
14246
14231
14357
14435
14380
14258
14315
14350
14333
14260
14231
14265
14100
13997
13936
13865
13993
13917
13930
13878
13877
13845
13880
13828
13657
13666
13616
13478
13375
13247
13380
13445
13515
13583
13394
13356
13376
13418
13478
13365
13298
13191
13151
13201
13198
13220
13207
13151
13119
13008
13010
13134
13286
13211
13213
13351
13281
13372
13278
13345
13171
13094
13195
13186
13227
13212
13157
13083
13125
13105
13054
13126
13101
13154
13175
13265
13165
13032
12959
12990
12922
12967
13024
12985
13081
13094
13127
13090
13137
13108
13161
13115
12987
12901
12922
12957
13066
12917
12983
13124
13143
13061
13020
13006
13094
13047
13020
13047
13091
12971
13095
13100
13015
13031
12997
12998
13048
13130
13085
13194
13103
13095
13003
12985
13020
13009
13015
12997
13059
13109
13009
13173
13098
13048
13095
13078
13043
13146
13155
13046
12951
12808
12874
12855
12917
12792
12909
12991
13003
13041
12888
12819
12911
12830
12885
12901
12852
12907
12920
12802
12842
12989
13035
12975
12896
12901
12904
12986
12860
12889
12909
13047
12956
12941
12948
13037
12941
12983
12963
12909
13045
13003
12969
12932
12949
12875
12777
12831
12789
12852
12773
12811
12754
12795
12865
12806
12713
12662
12822
12892
13027
12905
13031
12885
12929
12838
12858
12887
12848
12806
12757
12849
12778
12819
12736
12668
12626
12488
12412
12416
12287
12277
12295
12070
12059
12052
11976
11952
11890
11880
11777
11726
11611
11678
11579
11539
11421
11352
11234
11081
11154
11075
11028
11101
10993
10995
10867
11003
10958
10855
10724
10681
10660
10703
10759
10771
10628
10626
10552
10488
10439
10329
10298
10167
10213
10216
10204
10146
10155
10194
10129
10034
10057
10048
10009
9920
9905
9886
9803
9715
9767
9806
9779
9722
9882
9689
9631
9589
9652
9606
9638
9672
9793
9735
9620
9624
9494
9465
9616
9575
9567
9531
9530
9470
9493
9505
9508
9529
9483
9452
9440
9461
9433
9419
9353
9308
9313
9356
9306
9316
9384
9281
9318
9315
9210
9245
9243
9259
9163
9279
9171
9108
9073
9131
9086
9146
9184
9064
9051
9006
8919
8938
8883
8815
8829
8819
8817
8670
8790
8777
8725
8761
8648
8550
8599
8596
8697
8629
8474
8548
8469
8516
8567
8541
8458
8444
8455
8392
8328
8268
8172
8271
8256
8308
8169
8122
8022
7976
7982
7954
8006
7821
7653
7691
7611
7657
7611
7636
7580
7507
7444
7498
7462
7483
7385
7399
7361
7363
7330
7386
7400
7447
7581
7581
7526
7572
7725
7772
7745
7706
7583
7527
7487
7405
7422
7349
7412
7377
7350
7326
7389
7383
7379
7434
7517
7551
7538
7615
7629
7619
7724
7946
7894
7877
7902
7798
7897
8013
8056
8086
8065
8007
8107
8294
8383
8321
8321
8418
8379
8531
8528
8500
8436
8489
8610
8673
8798
8753
8892
8953
9136
9064
8908
8874
8996
9062
9192
9203
9119
9066
9110
9099
8957
9058
9040
9158
9259
9186
9090
9002
8953
8632
8755
8810
8674
8673
8695
8719
8706
8672
8546
8433
8528
8480
8469
8499
8581
8381
8161
8098
8211
8389
8399
8323
8490
8473
8328
8162
8506
8420
8504
8504
8462
8639
8700
8847
8747
8888
8808
8986
8988
9094
9062
9121
9119
9121
9278
9278
9288
9356
9415
9379
9315
9474
9477
9205
9338
9463
9649
9741
9587
9530
9737
9709
9647
9656
9653
9655
9748
9772
9800
9546
9632
9818
9788
9844
9984
9920
10170
10195
10162
10004
10080
10163
10259
10196
10222
10121
10182
10149
9994
9988
9880
9839
9820
9873
9662
9570
9655
9560
9578
9461
9565
9564
9462
9368
9545
9732
9601
9544
9455
9442
9624
9602
9513
9572
9497
9454
9537
9616
9793
9531
9645
9679
9699
9698
9672
9534
9522
9499
9693
9703
9472
9644
9707
9640
9797
9911
9825
9842
9864
9856
9793
10017
9901
9808
9888
10001
10060
10036
10140
10170
10087
10102
10073
10171
10073
10216
10175
10083
10124
10149
10021
10188
10136
10180
10073
10165
10030
10002
9882
10141
10267
10094
10206
10158
10244
10144
10218
10130
10178
10202
10159
10109
10076
9999
10077
10206
10078
9916
9859
9862
9925
10001
9987
9982
10019
10037
10022
10002
9974
9976
10092
9974
10121
10028
10098
10318
10128
10319
10178
10042
10373
10226
10128
10111
10275
10589
10193
10105
10052
10179
10153
10159
10308
10182
10345
10174
10342
10231
10389
10304
10375
10326
10385
10653
10533
10284
10126
10280
10327
10534
10535
10417
10406
10529
10508
10386
10475
10458
10349
10414
10078
10172
10168
9906
9941
10016
10136
10021
9798
9841
10173
9820
9918
10254
10053
10127
10012
10276
10245
10218
10283
10424
10285
10079
10138
10225
10256
10248
10270
10252
10183
10202
10096
10063
10140
9894
10023
9936
9816
9702
9641
9650
9466
9620
9587
9599
9622
9602
9785
9994
9787
9722
9796
9804
9800
9579
9732
9759
9727
9559
9755
9694
9680
9753
9684
9691
9635
9751
9504
9613
9607
9749
9723
9801
9900
9891
9885
9890
9745
9872
9616
9720
9614
9670
9731
9916
9812
9729
9787
9652
9892
9960
9759
9677
9592
9545
9537
9463
9567
9533
9566
9372
9449
9381
9381
9450
9361
9419
9470
9262
9310
9322
9192
9138
9068
9147
9249
9029
8971
8926
8774
8648
8691
8586
8458
8265
8422
8441
8476
8365
8325
8263
8364
8397
8275
8491
8398
8265
8392
8332
8377
8110
8042
8058
8083
8040
7839
7862
7823
7771
7817
7827
7886
7997
7784
7781
7761
7907
7896
7846
7807
7890
7938
7908
7829
7657
7668
7709
7592
7578
7607
7607
7699
7705
7936
8040
7832
7908
7679
7821
7773
7887
8024
7919
8088
7956
8079
8118
8078
8151
7974
8123
8164
8270
8197
8311
8498
8330
8410
8494
8573
8708
8655
8628
8852
8988
8929
9057
9097
8979
9198
9002
9166
9490
9208
9520
9608
9765
9650
9840
9745
9801
9759
9684
9675
9498
9436
9457
9562
9502
9488
9604
9591
9590
9763
9860
9903
10182
10195
10187
10062
10006
9808
9723
9706
9717
9662
9768
9849
10101
9892
10151
9956
9863
9953
10050
10053
9840
9934
9840
9960
9817
10052
9920
10074
10039
9804
9975
9837
9836
10063
9867
9824
10183
10102
9968
10135
10048
10399
10046
10259
10085
10224
10322
10099
10259
10118
10067
10064
10017
10062
10141
10145
9878
9977
9893
9847
9921
9940
9864
9835
9742
9636
9728
9656
9745
9721
9835
9781
9921
9870
9925
9786
10107
10142
10253
10316
10216
10179
10093
10327
10150
10112
10153
10217
10031
10087
10257
10144
10175
10068
9886
9885
9934
9827
9762
9861
9714
9872
9766
9716
9671
9677
9672
9454
9546
9524
9396
9419
9423
9617
9548
9591
9689
9638
9543
9690
9771
9726
9651
9658
9403
9430
9382
9339
9187
8997
9093
9030
9001
8979
9020
8985
8984
8929
8824
8818
8741
8784
8767
8831
8685
8645
8687
8643
8628
8639
8589
8591
8562
8512
8502
8462
8496
8365
8378
8331
8322
8272
8269
8140
8079
8186
8225
8160
8062
8209
8162
8132
8067
8133
8166
8156
8150
8124
8140
8106
8122
8131
8222
8199
8138
8181
8077
8136
8223
8168
8149
8142
8148
8223
8189
8179
8159
8071
8121
8098
8168
8127
8130
8091
8149
8112
8115
8122
8116
8134
8142
8192
8137
8145
8106
8147
8128
8106
8104
8109
8140
8123
8194
8140
8131
8148
8176
8177
8144
8124
8164
8155
8124
8144
8149
8172
8143
8159
8154
8137
8117
8146
8137
