3.43426
3.42599
3.81921
3.77436
3.82407
3.79965
3.68291
3.79964
3.6705
3.71541
3.72351
3.5961
3.59075
3.61792
3.57481
3.61436
3.54409
3.63562
3.7675
3.67448
3.63478
3.70772
3.8344
3.92226
3.70493
3.57898
3.52922
3.50274
3.3983
3.48309
3.42102
3.50968
3.63555
3.6278
3.5864
3.60854
3.56059
3.67626
3.61913
3.61723
3.58726
3.53357
3.65229
3.53069
3.59256
3.61669
3.59388
3.58362
3.52979
3.51174
3.5573
3.62466
3.59994
3.5618
3.54256
3.48638
3.47654
3.51273
3.47049
3.39005
3.31366
3.37307
3.38748
3.55955
3.45633
3.47153
3.48938
3.48046
3.53304
3.6374
3.50525
3.50095
3.51412
3.40741
3.50389
3.52287
3.62002
3.6065
3.55882
3.74844
3.71328
3.90659
3.88619
3.92997
3.89191
4.0262
3.95772
3.97367
3.88716
4.02378
3.85927
3.87816
3.80011
3.88442
4.16154
4.09037
4.12826
3.95907
4.17401
4.06946
4.088
4.17796
4.23349
4.13511
4.29872
4.27561
4.09365
4.20179
4.33795
4.21643
4.03504
4.18512
4.25944
4.1499
4.18125
4.20257
4.36586
4.44286
4.56497
4.28248
4.5411
4.56745
4.70678
4.78106
4.76654
4.83271
4.76558
4.64102
4.72272
4.49179
4.58383
4.39819
4.47662
4.61641
4.60299
4.79422
4.76887
4.67488
5.22314
4.70532
4.67233
4.92812
4.86323
4.71366
4.73545
4.68808
4.96886
4.82787
4.99092
4.96985
5.04118
5.02782
4.92648
5.01783
5.17642
4.98895
5.07246
5.22548
5.24289
5.27578
5.18642
5.62569
5.50942
5.86783
5.21836
5.14754
5.09509
5.20436
5.1309
5.04983
4.76866
4.9323
5.05937
5.17619
5.2004
5.09722
5.02149
5.0501
5.21341
5.16243
5.11225
4.99669
5.02674
5.14571
5.25347
5.0195
5.07257
4.92828
5.0405
5.22774
4.95196
5.13463
4.99998
5.02914
4.92311
5.02513
5.30013
4.89267
5.17759
4.87644
5.08215
5.08112
5.03731
5.02105
5.17283
5.08454
5.15676
5.19741
5.46591
5.35984
5.40792
5.31198
5.3402
5.1597
5.39256
5.62046
5.34413
5.67372
5.65958
5.46547
5.53038
5.40893
5.61972
5.41328
5.499
5.49941
5.20784
5.19543
5.44485
5.42668
5.50809
5.26697
5.41707
5.62691
5.58259
5.49087
5.57218
5.58585
5.58373
5.48891
5.50401
5.66304
5.71419
5.85156
5.64459
5.83271
5.83131
5.92501
5.61558
6.11664
6.14257
6.13833
6.54506
6.3626
6.01434
6.14207
5.78016
5.57796
5.6244
5.70309
5.62472
5.36101
5.22123
5.1909
4.97475
5.40324
5.34501
5.36121
5.4416
5.39997
5.35146
5.71454
5.7727
5.80047
6.01705
5.90302
6.10936
6.12294
5.93369
5.96177
5.82744
5.93167
5.82258
5.96854
5.96589
6.07037
6.04694
6.22083
6.33214
6.37244
6.33735
6.35617
6.52631
6.32812
6.76919
6.43841
6.84821
7.07808
7.28811
6.40765
6.49435
6.7129
6.64236
6.7875
6.86391
7.03141
6.60958
7.14956
7.47367
7.48564
7.84724
7.43223
7.51696
7.78376
7.5486
8.22619
7.84223
8.18265
8.55752
8.49304
8.97007
8.9246
8.5239
8.78093
9.12903
8.9669
8.66728
8.68857
8.59491
8.10765
9.07885
9.52811
9.52051
9.55959
9.93715
9.57233
9.72967
9.51895
9.79666
10.5272
9.2294
9.8353
10.1423
10.2368
10.4534
9.59247
10.5489
10.8829
10.7238
11.9796
11.1578
11.284
10.3416
10.6456
10.4853
10.81
10.5993
10.7677
11.1101
11.1749
11.0553
11.1646
11.6998
11.4997
11.1797
11.8156
11.602
11.5531
11.6597
11.7338
11.1276
11.1071
11.5701
10.8486
10.6622
12.0943
11.2297
11.9661
11.6316
12.5337
11.7745
11.6584
12.451
11.9125
11.7236
12.4515
12.9205
13.1192
13.1556
13.554
13.8537
14.485
14.9374
15.5403
15.4249
15.2726
16.2823
17.2216
17.0051
16.9439
16.8298
17.7046
17.3
17.472
17.7193
17.5136
16.9455
17.695
18.0097
16.6144
16.42
17.2034
16.9484
17.8448
18.0533
17.9782
18.6974
18.0707
18.2878
17.9048
17.28
17.9572
22.7268
18.1374
17.8069
18.6487
18.4689
17.3939
18.322
18.1246
18.4195
17.8135
18.3682
17.7983
18.2555
18.0046
17.004
17.744
17.4647
17.5234
19.226
18.9826
19.318
20.1503
20.2022
19.5077
19.1782
19.4626
20.8851
21.6199
22.8095
22.4652
22.1376
21.9226
23.8748
24.5407
25.6117
25.6253
24.4933
25.7575
26.0971
26.1803
26.2169
26.4888
26.6363
25.9358
25.7473
27.064
27.056
27.729
28.8143
27.8121
28.6406
27.309
27.4643
27.7121
26.4065
28.0092
26.4135
26.4177
26.7395
26.1447
25.1398
25.3227
24.2579
25.0168
24.9879
27.4153
23.7657
23.4349
23.7247
27.1886
22.658
22.6588
22.5107
21.8851
22.6869
22.4197
20.0552
20.4068
21.2441
19.9348
19.1052
21.3543
22.2722
22.5949
19.0888
18.8333
18.5884
18.5327
17.352
18.9935
16.3973
16.5739
15.8656
14.7879
14.1412
15.2719
13.5914
13.3862
13.4454
13.2169
13.2162
12.5783
11.9619
11.772
11.8319
11.3516
11.3624
11.1714
10.865
10.5083
10.1697
9.57049
9.55674
9.5801
9.67975
9.6013
9.56251
8.67396
8.55641
9.10806
8.82219
8.68644
8.47235
8.2088
8.18838
7.86323
7.9791
8.09417
8.28453
7.75995
8.15903
7.62982
7.89956
7.27802
8.44131
7.88499
8.26372
8.13557
8.22085
8.08554
8.24393
8.23833
8.5825
8.3922
8.40851
8.16153
8.18273
8.03534
7.96444
7.82658
8.10473
7.88686
7.98452
7.81895
7.87824
7.63901
7.80384
7.53291
7.51121
7.39293
7.31943
7.34414
7.06527
7.1777
6.80254
6.7411
6.88888
6.90044
6.63451
6.95455
6.56382
6.50782
6.55348
6.51454
6.61186
6.65522
6.50766
6.55465
6.35724
6.57617
6.62215
6.71069
6.92581
6.95872
7.07334
7.00037
6.94386
8.81398
7.14356
6.97358
6.96197
6.97592
7.02906
7.01379
7.02703
6.97502
6.84907
6.81289
6.92883
7.03116
6.85661
8.1031
6.75883
6.69568
6.92274
6.63316
6.89365
7.14182
7.18393
9.16229
7.4576
7.44689
7.61364
7.88145
7.64665
7.85085
7.92793
7.97636
8.08459
8.2732
8.08869
8.19856
8.04276
8.01876
8.18846
8.03573
8.15518
8.04864
8.03951
8.23866
8.2464
8.11235
8.0641
8.69827
7.90589
7.80943
7.55034
7.37059
7.13417
7.1136
7.1838
7.29023
7.02629
6.80145
6.58503
6.50803
6.24665
6.30669
6.26219
6.30306
6.34149
6.35469
6.11113
6.08614
5.97356
5.94556
5.96622
6.03127
6.10765
6.0788
6.01291
6.16104
5.99077
5.86409
5.79087
5.71038
5.68181
5.72595
5.70011
5.63171
5.68879
5.60091
5.74876
5.70229
5.7416
5.69328
5.6654
5.68399
5.95705
5.72884
5.69553
5.85143
5.78307
5.68704
5.77488
5.81313
5.866
5.84479
5.86218
5.87859
5.87056
5.8993
5.85632
5.72245
6.00735
5.69648
5.80958
5.7082
5.69128
5.86129
5.72838
5.74331
5.76185
5.73249
5.7899
5.72352
5.72085
5.82259
6.10442
5.75409
5.78092
5.76439
5.78206
5.66109
5.7087
5.74939
5.77501
5.77232
5.62181
5.68036
5.93487
5.88074
5.94038
5.9437
5.89301
5.9468
5.72979
5.76109
5.99377
5.87026
5.89097
5.94996
5.97355
5.89175
6.10707
6.4653
6.29549
6.86671
7.11128
7.48664
7.49673
7.60313
7.72903
7.63073
7.63845
7.64202
7.48782
7.43715
7.45232
7.07428
7.00553
6.5847
6.78543
6.83899
6.69646
6.58467
6.45657
6.36884
6.31585
6.23586
6.12983
6.13922
6.12784
6.18064
6.15361
6.15899
6.11009
6.14368
6.21263
6.17326
5.98847
5.8779
5.91717
5.97551
5.99362
5.88547
5.82794
6.02048
6.07036
5.99591
5.86188
5.7511
5.88818
6.02311
6.05459
6.13063
5.94631
5.99889
6.04639
6.02238
6.16508
6.15352
6.03169
6.01732
5.99352
6.38628
6.37562
6.18062
6.11301
6.0957
6.27297
6.11628
6.2633
6.1166
6.26714
6.50267
6.36889
6.33336
6.42567
6.11
6.20291
6.2833
6.24195
6.18608
6.24111
6.40583
6.67205
6.49977
6.56872
6.49771
6.55919
6.72268
6.67282
6.72495
6.63012
6.581
6.73475
6.93878
6.98493
6.94238
7.10467
7.12551
7.18284
7.55714
7.4369
7.31799
7.68986
8.9223
8.47092
8.94773
9.01703
8.9745
8.94426
9.10158
9.11269
9.1103
9.27395
8.91807
8.56478
8.52419
8.05681
7.99044
7.59778
7.50936
7.48362
7.27432
7.21115
7.08419
7.25341
7.20656
7.31908
7.2546
7.35399
7.59092
7.36832
7.19409
7.36038
7.27664
7.24474
6.98355
6.96316
6.94906
7.09346
7.00031
7.13672
6.9808
7.09659
7.24994
7.16556
7.58094
7.2146
7.3399
7.18487
7.44406
7.4114
7.45624
7.65002
8.20946
8.73891
9.21878
9.90665
10.3244
10.596
10.9955
10.2548
10.2344
10.368
9.37872
9.87138
9.67568
8.83718
8.62864
8.73526
8.39152
8.16323
8.02946
8.03407
7.98057
8.09815
8.08125
7.91367
8.16305
8.14451
8.28798
8.33194
8.92732
8.88832
9.32758
9.41399
9.45185
9.51476
10.0984
9.61234
9.65028
9.57842
9.91757
9.88883
9.69428
9.3784
9.42647
9.22801
9.13901
9.12374
8.92718
8.78305
8.24312
8.19618
8.24971
7.85883
7.74014
7.92627
7.70775
7.87894
7.86514
8.05586
7.72222
7.83835
7.56147
7.66806
7.8056
7.76185
7.88375
7.61203
7.51975
7.75987
7.68495
7.94084
9.15883
8.10142
7.90487
7.91866
8.0094
8.18447
7.90385
8.24761
8.58546
8.1308
9.03106
8.89456
8.71642
9.3561
10.1863
10.3883
10.4339
11.42
10.1867
9.99525
9.36396
8.99642
9.09639
8.25926
8.05773
7.12771
7.47238
7.40263
7.0381
7.02421
7.13423
7.12236
7.47181
6.90373
7.12509
6.9076
6.78239
6.82219
6.73918
6.74971
6.67785
6.79791
6.75927
6.86891
6.90504
6.85405
6.7564
6.67873
6.62
6.51023
6.74574
6.87895
6.87146
7.13687
7.94208
7.74323
8.35654
8.81381
9.19823
8.63732
8.88165
8.6476
8.24637
8.07243
7.59553
7.15651
7.18983
7.01072
6.98505
6.80668
6.7919
6.6682
6.69298
6.43422
6.38433
6.35363
6.35309
6.23077
6.23723
6.20071
6.40156
6.34983
6.23034
6.05508
6.07514
6.23235
6.12535
6.13545
6.01277
6.06784
5.81802
5.95065
5.82589
5.89593
6.02015
6.04098
5.97291
5.95347
5.83846
5.942
5.93846
5.79588
6.0499
5.90806
5.89227
5.85491
6.00614
6.06762
6.15774
5.9956
6.07029
6.00148
5.99413
6.06542
6.05286
6.09695
6.14278
6.32905
6.24729
5.98421
6.25452
6.10594
6.0936
6.3603
6.39816
6.47452
6.79824
6.93288
7.05593
8.15205
8.2191
8.2649
8.2193
8.43494
8.48709
8.40584
8.44012
8.32961
8.40928
8.41311
8.53551
8.60838
8.37464
8.60779
8.40086
8.74055
8.89646
8.88248
8.7609
8.97612
9.13691
8.86569
8.9376
9.14773
9.29861
9.57652
9.33646
8.98549
13.8228
8.48244
7.92525
7.36149
7.26243
6.8779
7.14202
6.95667
7.18726
7.1343
7.10618
7.21272
7.64129
8.08114
8.55554
9.31284
8.99445
9.57986
10.1458
10.0246
10.2444
9.98115
10.1303
9.52132
9.80827
10.4302
9.26668
9.47843
9.74193
8.96211
9.49417
9.214
9.23013
9.04625
9.27745
9.26667
9.20488
9.88753
9.71022
10.023
9.71207
10.1238
10.6941
9.98909
10.4224
14.3158
10.639
10.8165
10.4714
10.5627
10.3956
10.7782
10.3022
10.9365
10.8072
10.7011
10.7691
11.2432
10.6279
10.6486
10.4289
10.2371
10.2264
10.103
10.1297
10.2965
10.2343
10.1972
10.4348
10.22
10.767
10.4527
10.4332
10.4019
10.9141
11.0169
10.4913
10.463
10.8653
10.4533
10.7804
11.0402
11.0849
10.7026
11.0254
10.7357
11.044
11.1615
10.876
15.3907
10.9103
10.941
10.9194
11.0428
10.8442
11.1302
10.8228
10.9853
10.8203
10.6667
10.7774
10.9481
11.0799
10.7782
10.8334
11.0115
10.695
10.953
10.9736
10.7494
11.0488
10.7603
11.0777
10.9911
10.7572
10.8744
10.8427
10.9689
10.6619
10.5962
10.9357
10.9177
11.0019
10.7873
10.556
11.4175
10.7866
10.8105
10.699
10.9261
10.8511
10.7724
