12411
11954
11747
11821
11838
11858
11972
11897
11965
11962
12052
12025
12116
12124
12034
11960
12023
12050
11994
11985
12027
11997
11939
12115
12083
12134
12266
12235
12203
12072
12097
12090
12082
12113
12018
12172
12197
12347
12395
12471
12515
12597
12434
12461
12506
12464
12515
12417
12394
12425
12334
12259
12263
12270
12327
12295
12391
12544
12413
12498
12552
12466
12473
12548
12394
12310
12305
12225
12292
12133
12032
12150
12052
12145
12191
12226
12157
12158
12169
12063
11930
11941
11844
11698
11709
11618
11588
11558
11715
11705
11604
11638
11658
11515
11524
11530
11512
11521
11432
11479
11429
11540
11411
11438
11335
11325
11363
11408
11489
11390
11398
11485
11508
11573
11544
11428
11334
11394
11338
11334
11369
11397
11272
11177
11213
11226
11285
11316
11342
11400
11349
11273
11284
11151
11057
11115
11134
11133
11245
11147
11191
11114
11170
11118
11174
11165
11321
11318
11225
11180
11114
11120
11162
11132
11194
11197
11212
11185
11185
11192
11240
11204
11150
11157
11179
11081
11171
11176
11267
11297
11229
11209
11104
11210
11096
11407
11263
11270
11236
11146
11249
11243
11220
11259
11209
11119
11027
11165
11034
11119
11230
11164
11249
11218
11159
11117
11127
11102
11168
11127
11162
11058
11074
11051
11047
11078
11088
11092
11120
11100
11105
11068
11088
11046
11037
10999
10935
11025
11124
11057
11021
11019
11000
11092
11072
11061
11080
11105
11072
11054
11042
11060
11063
11138
11201
11244
11253
11215
11148
11046
11050
10917
10869
10873
10932
10998
11036
11065
11034
11018
10983
10970
10851
10900
10926
10901
10994
10970
11029
10905
10949
10962
10952
10924
10840
10850
10751
10854
10827
10917
10836
10742
10728
10642
10591
10526
10443
10459
10492
10379
10396
10348
10214
10080
10080
10146
10146
9953
9885
9783
9728
9704
9596
9552
9528
9487
9449
9423
9405
9376
9303
9220
9183
9209
9138
9094
9108
9109
9057
9005
9051
9075
9085
9011
8924
8809
8810
8718
8595
8548
8550
8589
8562
8505
8583
8596
8553
8459
8435
8419
8410
8298
8222
8243
8218
8256
8193
8221
8163
8192
8236
8127
8108
8127
8080
8046
7981
7999
8023
7978
7987
8053
8120
7985
7927
7971
7922
7909
8027
7901
7931
7943
7905
7918
7942
8104
8003
7927
7885
7872
7865
7763
7777
7814
7794
7826
7883
7827
7816
7835
7781
7713
7700
7735
7645
7670
7609
7550
7566
7569
7505
7512
7515
7563
7497
7495
7341
7371
7313
7335
7370
7376
7333
7337
7308
7247
7145
7096
7122
7176
7146
7166
7145
7062
6966
7016
7053
7017
7091
7110
6998
6979
6967
6908
6894
6913
6892
6908
6846
6792
6693
6712
6692
6688
6642
6548
6511
6447
6422
6360
6347
6436
6366
6327
6277
6298
6247
6238
6196
6239
6186
6122
6142
6183
6109
6209
6226
6183
6276
6321
6195
6300
6406
6424
6369
6328
6244
6161
6171
6262
6274
6237
6180
6118
6084
6116
6146
6235
6165
6141
6192
6157
6272
6329
6395
6457
6419
6430
6456
6566
6677
6660
6638
6683
6708
6674
6681
6804
6988
7031
7070
6939
6943
6953
7121
7280
7354
7235
7151
7157
7207
7323
7557
7532
7565
7600
7627
7598
7698
7614
7690
7572
7643
7672
7743
7716
7652
7740
7650
7772
7707
7847
7837
7682
7697
7672
7585
7599
7439
7503
7485
7513
7425
7349
7373
7294
7255
7284
7264
7117
7210
7216
7127
7130
7165
6931
6887
7108
7107
7071
7160
7127
7051
7053
7104
7115
7175
7223
7280
7333
7479
7508
7533
7525
7530
7678
7514
7524
7505
7635
7635
7838
7994
7964
7917
8049
7976
8020
8048
8010
8098
8033
7967
7999
8159
8039
8178
8147
8378
8395
8273
8300
8277
8335
8284
8360
8364
8238
8271
8315
8364
8393
8470
8550
8639
8649
8727
8553
8527
8432
8557
8636
8457
8605
8621
8617
8615
8438
8316
8338
8447
8305
8288
8216
8257
8317
8185
8005
7980
8119
8208
8106
8110
8167
8083
8017
8008
8047
8152
8191
8251
8235
8135
8185
8097
8107
8196
8340
8295
8127
8256
8205
8450
8277
8299
8150
8218
8239
8088
8174
8184
8200
8128
8081
8152
8366
8219
8293
8310
8281
8254
8358
8571
8579
8483
8614
8704
8686
8583
8624
8681
8841
8613
8612
8669
8538
8582
8681
8700
8426
8439
8433
8748
8547
8508
8568
8544
8417
8616
8517
8712
8690
8744
8542
8665
8677
8655
8692
8821
8702
8666
8590
8651
8660
8383
8340
8440
8550
8625
8569
8580
8592
8631
8730
8716
8643
8477
8323
8406
8696
8738
8659
8534
8593
8652
8561
8786
8668
8648
8470
8703
8748
8649
8870
8645
8832
8586
8587
8470
8767
8664
8818
8710
8574
8620
8793
8750
8798
8759
8928
8922
8951
8741
8707
8689
8720
8732
8950
8750
8869
8834
8914
8964
8801
8974
8823
8820
8750
8774
8600
8462
8669
8450
8499
8315
8346
8396
8438
8290
8416
8441
8453
8655
8475
8481
8465
8540
8519
8608
8598
8411
8568
8649
8509
8610
8557
8502
8620
8634
8630
8520
8369
8474
8416
8495
8550
8338
8084
8105
8105
8053
8047
8147
8120
8415
8181
8183
8243
8211
8247
8240
8287
8240
8257
8460
8395
8231
8082
8187
8113
8295
8285
8304
8025
7962
8108
7963
8001
8096
8263
8248
8415
8311
8542
8296
8107
8092
8289
8306
8256
8001
8028
8071
8082
8096
8295
8278
8274
8440
8248
8199
8221
8361
8122
7945
8001
8068
7886
8118
8226
8087
8150
8141
8157
8090
7904
7854
7913
7850
7995
7970
7847
7867
7721
7767
7613
7558
7580
7524
7367
7276
7141
7199
7142
6977
7126
7126
7059
7025
7124
7052
7133
7196
7213
7021
7015
7048
7127
6930
6896
6910
6735
6827
6969
6770
6638
6633
6589
6565
6518
6566
6701
6588
6706
6594
6756
6737
6723
6663
6689
6621
6634
6584
6680
6659
6562
6579
6456
6422
6454
6456
6521
6697
6789
6656
6715
6671
6797
6751
6825
6782
6789
6839
6794
6981
7063
6892
6945
6946
6891
6971
6919
6895
7076
7218
7058
7180
7145
7173
7247
7427
7423
7529
7530
7705
7689
7472
7541
7732
7888
7855
7981
7894
8057
8205
8268
8089
8246
8256
8332
8269
8285
8030
7951
7942
7904
7957
7965
8125
8031
8254
8115
8074
8368
8382
8547
8504
8584
8697
8574
8295
8168
8210
8184
8260
8274
8230
8313
8656
8464
8560
8442
8125
8451
8349
8445
8442
8226
8360
8474
8419
8283
8376
8577
8377
8477
8246
8312
8406
8381
8542
8443
8632
8537
8205
8461
8855
8644
8720
8649
8532
8618
8548
8545
8778
8671
8527
8573
8596
8636
8592
8645
8289
8510
8569
8511
8374
8379
8302
8131
8288
8200
8194
8220
8234
8281
8359
8272
8383
8341
8414
8473
8682
8844
8754
8710
8612
8484
8615
8650
8590
8403
8385
8372
8606
8572
8627
8495
8348
8364
8477
8440
8456
8373
8353
8153
8216
8096
8097
8166
8091
7985
8057
8155
8122
8245
8284
8220
8284
8148
8170
8170
8250
8110
8238
8249
8140
8172
8005
7969
8005
8051
8014
7736
7696
7853
7681
7628
7444
7582
7552
7531
7533
7542
7589
7440
7434
7383
7437
7354
7304
7390
7466
7462
7383
7240
7177
7113
7064
7072
7109
7170
7094
7066
7045
7063
6982
6983
7117
7096
6962
6987
6934
6955
6985
6969
6958
7065
7015
7012
7035
7080
7031
7042
7021
7043
6991
7017
7073
6998
7018
7019
7007
7000
7050
7023
6938
6907
6942
6937
6968
6964
6930
6888
6880
6924
6902
6949
6951
6936
6930
6920
6889
6900
6922
6941
6961
6971
6904
6912
6955
6919
6917
6903
6906
6941
6910
6957
6923
6943
6957
6924
6960
6952
6870
6901
6910
6908
6926
6914
6922
6918
6938
6911
6914
6898
6922
6929
