44988
43578
43516
44477
45377
45934
45866
46178
46386
45965
46186
46119
46260
46324
46051
46201
46207
46431
46224
46007
46256
46364
46098
46004
45659
44964
44748
44434
44153
44031
43683
43828
43707
43787
43895
43809
43914
44354
44593
45228
45448
45737
45510
45533
45748
45650
45823
45547
45589
45894
45893
45707
45848
45840
45839
46008
45869
45907
45661
46136
45913
45976
45861
46301
46332
46194
46136
45992
46012
46056
46071
45671
45935
46151
46097
46159
45874
46046
46143
46256
46093
46333
46179
46118
46273
46457
46395
46446
46172
46197
46400
46445
46328
46502
46290
46510
46550
46535
46461
46614
46440
46471
46342
46589
46601
46495
46528
46706
46454
46557
46315
46348
46277
46547
46555
46431
46662
46527
46737
46524
46657
46721
46682
46577
46565
46731
46525
46788
46808
46740
46748
46790
46664
46522
46470
46538
46348
46271
46771
46760
46928
46772
46620
46704
46615
46818
46767
46601
46566
46454
46754
46748
46922
46683
46782
46855
46737
46785
46667
46437
46963
46883
46827
46639
46596
46785
46757
46974
46884
46828
46637
46845
46778
47015
46841
46929
46784
47031
46962
46939
46935
46807
46865
46918
46827
46902
46900
46935
46637
46718
47046
46954
46762
46794
46873
47080
46821
46974
46742
46861
47131
46716
46923
47185
46849
47057
46967
46898
47277
47301
47326
46913
47189
47069
47192
47192
47055
47215
47168
46989
46969
47040
47065
47323
47189
47189
47137
47000
46930
47260
47267
47305
47118
47545
46924
47146
47318
47048
47458
47152
47312
47188
47245
47346
47112
47223
46995
47426
47482
47264
47078
47425
47164
47177
47013
47207
47650
47461
47215
47294
47401
47338
47411
47371
47496
47383
47251
47176
47223
47236
47282
47178
47287
47511
47506
47132
47601
47369
47311
47460
47239
47569
47536
47356
47431
47847
47239
47655
47482
47535
47372
47821
47632
47901
47742
47867
47833
47800
47980
48189
47867
47760
47585
47599
47906
48000
47593
47552
47672
48014
48005
47911
47986
47936
48101
47878
48130
47923
48041
48208
47947
47863
47900
48085
47944
48233
48178
48210
47653
48251
48364
48259
48006
48156
47986
48175
48113
47978
48125
48293
47846
47994
48289
48042
47747
47903
47908
48162
48103
47924
47821
47863
47863
48296
47857
48222
47935
48011
48117
48003
47932
47828
47970
48008
48046
48177
48119
48097
48215
47804
47868
48069
47880
48196
48182
48078
47903
48006
48136
48129
47991
47762
47959
48009
48154
48004
48098
47999
48025
48476
48179
47934
48075
48075
48109
47975
48092
48034
47947
48102
48211
48165
47997
47911
47835
48016
48029
47934
47981
47787
47978
48035
47804
48059
47943
47827
48040
47884
47786
47856
47813
47644
47807
47946
47730
47865
47749
47726
47710
47709
47503
47657
47342
47448
47491
47300
47209
47334
47582
47246
46992
47228
46985
47101
46965
46691
46620
46732
46725
46655
46448
46669
46697
46540
46457
46525
46408
46694
46319
46325
46542
46353
46554
46278
46261
46524
46486
46441
46288
46347
46745
46236
46229
46544
46384
46145
46281
46560
46126
46335
46411
46292
46071
46075
45802
45820
45858
45731
45810
45492
45299
45742
45387
45388
45819
45673
45400
45394
45495
45612
45847
45563
45736
45963
45461
45636
45722
45943
45583
45984
45976
46183
46511
46197
46255
46566
46698
46339
46122
45979
46290
46104
46583
46361
46349
46376
45922
45669
45696
45638
44588
44790
44764
45103
45209
45105
45189
45132
45293
44935
45108
45048
45089
45194
44695
44073
44115
44299
44289
44096
43317
43344
43569
43818
45079
44882
44724
44876
45291
45232
45367
45475
45232
45557
45895
46005
46191
46356
46809
47329
47331
47643
47547
47642
47752
47515
47756
47663
47599
47837
47626
47820
47714
47912
47733
47632
48026
47840
47701
47660
47611
47500
47542
47327
47401
47743
47574
47664
47933
47567
47374
47741
47592
47576
47213
47444
47725
47837
47565
47700
47948
47768
47766
47684
47609
48019
47376
47464
47817
47412
47691
47397
47373
47216
47104
47062
47073
47229
47119
47217
47307
47397
47606
47070
47282
47391
47238
47279
47367
47341
47275
47237
47205
47035
47131
47156
47154
47116
47367
46883
47319
46974
47058
47164
47153
46833
47024
47182
47084
46806
47193
46953
47082
47042
47160
46887
47193
47091
47014
46720
47046
46980
46721
46814
46823
46820
46876
46976
46745
47019
47105
47054
47080
46976
47025
46985
47254
46925
46944
46789
46654
46996
46851
46603
46841
46807
46811
46754
46695
46981
46984
46912
46887
46817
46831
46960
46907
46767
46917
46911
46936
46813
46941
46884
46771
47123
47116
46952
46745
47097
46970
46922
46699
46748
46905
46563
46703
46853
46844
46833
46998
46799
46902
47236
47059
46955
46996
46873
46892
46680
46956
46845
46899
46888
46835
46787
46661
46631
46713
46849
46984
46803
46803
46783
46787
46606
46678
46610
46883
46605
46655
46669
46583
46370
46417
46491
46763
46198
46506
46513
46826
46674
46539
46543
46407
46415
46690
46774
46830
46533
46453
46640
46624
46568
46616
46424
46449
46966
46910
47048
46912
46890
46640
47077
46984
46868
46867
46756
46843
46818
46846
46896
46691
46622
46714
46677
46637
46663
46599
46783
46730
46898
46921
46725
46607
46897
46954
47222
47367
47063
47227
46924
47149
46841
47036
46981
47008
47260
47126
46853
46683
46754
46806
47103
47012
47124
46940
47231
47124
46867
46817
47143
47091
47078
46969
47678
47382
47234
47167
47200
47218
47332
47200
47185
47014
47342
46867
47119
46537
47042
46935
46810
46840
46877
46984
47005
46840
46857
46828
46993
46572
46696
46791
46789
46858
47002
46841
46945
47306
47031
47231
47125
47238
47119
47320
47225
47153
47198
47693
47377
47336
47345
47403
47076
47340
47093
47154
47141
47339
47341
47387
47395
47076
47188
47243
47047
47013
46979
47167
46954
47238
47119
47169
47183
47350
47501
47748
47453
47502
47720
47697
47827
47710
48189
47578
48263
48092
48195
47722
47730
48112
47799
47935
47914
48034
47922
47936
47863
47999
48211
48222
48212
48335
48160
48077
48111
48227
48352
48255
48275
48135
48296
48348
48114
47963
47969
47952
47949
47987
48010
47924
47780
48082
48142
48247
48644
47967
48258
47714
48055
47410
47758
48041
47787
48010
47896
48057
48103
47991
47990
47699
47934
47955
48144
47795
47339
47006
47088
47220
47214
47311
47097
47298
47079
47145
47037
46844
46597
46698
46703
46701
46950
46821
46905
46797
46808
46781
46831
46858
46823
46959
46911
46831
46977
46839
46718
47308
47054
47778
46930
47227
47121
47075
47064
47021
47129
47074
47074
46817
46867
46630
46786
46985
46859
46760
46655
46987
46772
46747
46685
46504
46388
46837
46940
46814
46927
47185
46783
47112
47193
47008
46933
47002
47188
46950
47278
46951
46934
46942
46989
46842
47116
46931
47147
46780
46921
47130
47094
47181
47068
46741
47005
46522
47343
47227
47048
46853
46311
46487
46929
46825
46805
46536
46685
46627
46716
46189
46668
46539
46621
46834
46624
46806
46643
46851
46745
46932
46890
46503
46952
46391
46524
46660
46259
46414
46350
46459
46475
47150
46154
46178
46074
46371
46311
46449
46512
46395
46625
46587
46501
46478
46638
46309
46362
46351
46292
46795
46529
46622
46524
46736
46203
46539
46371
46324
46450
46396
46291
46485
46319
46477
46481
46404
45787
46480
46677
46391
46822
46715
46716
46847
46861
46877
46858
46861
47083
46996
46877
46933
47194
47422
47307
46941
47209
47072
47147
47303
47071
47456
47311
47265
47092
47195
47483
47256
47321
47269
47253
47403
47147
47193
47590
47262
47659
47366
47535
47444
47572
47868
47489
47596
47507
47900
47671
47672
47683
47578
47488
47475
47472
47934
47694
47712
47771
47720
47819
47744
47770
47779
47715
48066
47624
47719
47901
48027
47920
47919
48005
47936
47930
47954
47571
47536
47646
47611
47502
47770
47662
47827
47880
47735
47661
47649
47593
48036
47680
47862
47655
47668
47858
47738
47655
48002
47536
47791
47419
47960
47660
47742
47867
47985
48015
48097
47864
47763
47700
48174
47785
47724
47974
47742
48146
47758
47704
47924
47698
47711
47741
