39.6513   286.083   325.735 0.126547   0.0459867
43.1485   319.417   362.566 0.132493   0.0515716
42.3138   314.879   357.193 0.132507   0.0508307
42.658   320.224   362.882 0.131255   0.0509668
42.9758   307.825   350.801 0.131024   0.0489077
44.1574   319.781   363.939 0.133004   0.0510724
45.7327   314.352   360.085 0.132367   0.05008
43.7904   425.726   469.516 0.131701   0.0693336
42.6877   399.038   441.726 0.134238   0.0664205
44.3285   387.199   431.528 0.136291   0.0646976
41.3884   468.62   510.009 0.13416   0.077522
42.9367   570.829   613.766 0.142528   0.0961073
45.6532   559.206   604.859 0.144396   0.0951489
43.7089   543.93   587.639 0.140243   0.0941898
43.6236   510.858   554.481 0.143028   0.0891207
49.0178   620.365   669.383 0.16111   0.125934
42.9111   420.666   463.577 0.136573   0.0729664
45.7046   411.858   457.563 0.139983   0.0709305
46.6443   565.12   611.764 0.150385   0.101628
49.5375   537.626   587.163 0.150723   0.0963631
46.2789   505.821   552.1 0.142836   0.0887313
47.5238   448.257   495.781 0.143577   0.0771261
42.5325   452.548   495.08 0.142249   0.0770075
44.9607   429.089   474.049 0.139847   0.0723102
42.3556   450.578   492.933 0.138871   0.0759358
44.1229   515.939   560.062 0.142516   0.0865757
41.6234   483.787   525.41 0.143036   0.0797056
43.6226   479.072   522.694 0.139816   0.0786911
49.5879   466.892   516.48 0.14318   0.0777247
44.1153   464.386   508.502 0.143464   0.0788499
45.3646   500.834   546.199 0.146149   0.087912
47.0143   605.6   652.615 0.150386   0.116325
43.2148   473.422   516.637 0.143571   0.0853192
43.1432   443.58   486.723 0.124872   0.0647207
45.6714   507.478   553.149 0.129472   0.0748437
46.1453   461.569   507.714 0.132697   0.0679277
41.8526   434.934   476.787 0.133289   0.0644665
42.7309   509.779   552.51 0.135011   0.0768868
46.4678   469.198   515.666 0.142103   0.0718197
46.2962   470.02   516.316 0.141723   0.0747052
47.4057   473.421   520.826 0.139703   0.0756545
42.7766   469.969   512.746 0.137215   0.0759148
48.4999   488.515   537.015 0.138968   0.0771015
44.5878   460.629   505.216 0.138364   0.0734919
49.4198   458.616   508.036 0.144587   0.0739083
50.3639   477.646   528.01 0.142405   0.0760825
47.8452   492.023   539.869 0.139796   0.0807788
45.1575   510.037   555.195 0.133077   0.085262
48.4822   524.116   572.598 0.143439   0.0886319
45.5278   540.344   585.872 0.142631   0.0911728
44.093   446.429   490.522 0.117519   0.0662181
46.4171   449.069   495.486 0.124193   0.0673671
51.2432   447.458   498.702 0.125982   0.0665341
50.4701   447.313   497.783 0.128341   0.0673031
50.8457   451.443   502.289 0.127369   0.0680254
47.8014   457.622   505.423 0.123518   0.0690776
48.8237   456.085   504.909 0.128315   0.0692638
49.7923   480.588   530.38 0.127021   0.072997
48.3157   465.792   514.108 0.126316   0.0709562
47.5845   498.56   546.144 0.129923   0.0771257
51.187   493.757   544.944 0.132437   0.0770563
50.2353   500.57   550.806 0.13713   0.0782549
46.3485   498.625   544.974 0.131672   0.0777595
52.9519   483.908   536.86 0.135687   0.0747955
49.4576   506.855   556.312 0.132328   0.0794318
52.1953   523.315   575.511 0.131078   0.0842725
46.8605   523.224   570.084 0.131631   0.0839407
48.1398   449.551   497.691 0.124392   0.066142
50.5686   452.407   502.975 0.127698   0.0667464
47.6468   442.913   490.56 0.120727   0.0653071
49.5318   440.349   489.881 0.125334   0.0651713
49.6079   447.874   497.482 0.121987   0.0661818
54.0737   481.647   535.721 0.131438   0.0719542
51.1362   493.388   544.524 0.128402   0.0743446
48.8206   516.865   565.686 0.129155   0.077144
48.6447   526.846   575.491 0.13165   0.0809495
48.8341   527.439   576.273 0.126186   0.080101
45.6569   540.1   585.757 0.124973   0.08302
48.7407   535.67   584.41 0.130323   0.0811959
52.8572   518.142   570.999 0.129314   0.0791843
51.3328   556.665   607.998 0.130618   0.0863085
51.942   543.249   595.191 0.131944   0.0833502
51.0458   538.094   589.14 0.132932   0.0833953
54.3283   567.967   622.295 0.138006   0.0873661
48.8536   487.133   535.987 0.122134   0.072123
49.8964   467.761   517.658 0.122056   0.069508
50.3662   439.622   489.989 0.1221   0.0645412
49.0342   462.346   511.38 0.1207   0.0678972
48.3035   502.628   550.932 0.123749   0.073829
49.1143   479.482   528.597 0.128403   0.0713648
52.1214   482.224   534.346 0.126816   0.0720895
50.3707   500.791   551.162 0.125222   0.0766849
49.8577   523.261   573.119 0.122984   0.0783231
50.5158   518.241   568.757 0.126685   0.0779368
50.5572   540.153   590.71 0.125497   0.0821025
49.5829   534.712   584.295 0.127791   0.0806352
53.3109   519.437   572.748 0.130344   0.0794854
55.9628   524.29   580.253 0.132112   0.0809039
53.1974   529.39   582.587 0.129434   0.0819641
47.0778   413.617   460.695 0.113113   0.0618502
47.9556   421.2   469.155 0.116751   0.0633621
47.5806   413.728   461.309 0.113829   0.0634431
46.4783   422.793   469.272 0.115546   0.0650126
48.5924   449.624   498.217 0.117886   0.0685257
50.8133   438.757   489.57 0.123234   0.0681864
48.0891   448.405   496.494 0.119674   0.0704688
47.0866   457.145   504.231 0.117189   0.0720708
46.4161   467.351   513.767 0.114438   0.0729734
49.0208   468.724   517.745 0.119345   0.0743298
53.3859   468.355   521.741 0.123293   0.0741831
52.2697   438.116   490.386 0.124452   0.0693405
52.3866   466.682   519.068 0.125227   0.0742394
53.3925   458.682   512.074 0.126883   0.072839
51.2104   454.204   505.415 0.125824   0.0720662
46.4619   413.654   460.116 0.113808   0.0634317
45.3319   435.338   480.67 0.111891   0.0671848
46.5072   464.171   510.678 0.118459   0.0724769
46.4737   461.779   508.253 0.118555   0.0719551
47.7951   440.356   488.151 0.119339   0.0686153
49.2764   443.007   492.283 0.119894   0.0707928
51.2087   414.223   465.432 0.124112   0.066793
45.6479   414.156   459.804 0.117196   0.0670807
47.821   435.648   483.469 0.121889   0.0706876
48.4886   447.668   496.157 0.12299   0.0734937
48.7092   446.4   495.109 0.120781   0.0749407
51.7586   448.077   499.835 0.124022   0.0743799
49.7384   483.186   532.924 0.125016   0.0773964
47.0475   398.766   445.814 0.113041   0.0617476
44.8745   417.36   462.235 0.115656   0.0648108
46.278   458.799   505.077 0.118783   0.0718851
43.8479   443.868   487.716 0.114885   0.0696774
42.8706   457.553   500.423 0.116117   0.0731125
44.5224   479.073   523.595 0.118647   0.0771733
46.7849   469.873   516.657 0.121126   0.0775047
50.4493   469.284   519.733 0.129291   0.0792923
47.7169   468.922   516.639 0.125681   0.0802766
52.3876   491.285   543.672 0.127526   0.0844364
46.4473   476.914   523.361 0.126675   0.083202
45.1534   370.258   415.412 0.11412   0.0631696
46.5914   376.21   422.802 0.116406   0.0644637
46.1874   384.198   430.386 0.119245   0.0677718
46.4531   406.139   452.593 0.122892   0.0715601
47.2002   411.003   458.203 0.122386   0.0727933
46.5298   395.556   442.086 0.125333   0.0717171
46.864   393.145   440.009 0.123521   0.0724558
47.3576   389.601   436.959 0.126018   0.0739477
42.7925   369.216   412.008 0.119733   0.0713543
44.4597   388.992   433.452 0.129771   0.0759128
37.2684   347.947   385.216 0.111526   0.0660054
36.4753   339.941   376.416 0.115355   0.065972
37.5356   357.744   395.28 0.115039   0.0691924
40.5007   326.221   366.722 0.121405   0.0641991
39.3178   322.213   361.53 0.117017   0.0646927
39.2951   327.711   367.006 0.125144   0.064955
43.2808   330.533   373.814 0.124085   0.0670996
41.1079   314.425   355.533 0.123633   0.0650882
40.978   311.122   352.1 0.126086   0.0656445
40.8126   306.589   347.402 0.124334   0.0672382
32.2802   263.596   295.877 0.111696   0.0565172
36.0292   283.602   319.631 0.116348   0.0618813
38.7033   285.032   323.735 0.11916   0.06392
34.2892   313.858   348.148 0.113166   0.0696612
33.9924   320.487   354.48 0.118938   0.0723709
40.5928   292.995   333.588 0.130105   0.0680513
32.8478   296.088   328.936 0.119014   0.0693279
36.1241   287.081   323.205 0.118537   0.0690471
34.057   279.25   313.307 0.12185   0.0675129
35.1194   281.631   316.751 0.122208   0.0692479
35.4953   258.82   294.315 0.112327   0.0617746
35.9638   249.937   285.901 0.118823   0.0610545
33.622   245.717   279.339 0.11405   0.0606468
35.5757   247.852   283.427 0.119783   0.0617583
37.0851   267.833   304.919 0.121127   0.065381
38.2233   253.216   291.439 0.118247   0.0641458
37.8904   257.358   295.248 0.121133   0.0665007
33.9163   263.357   297.274 0.118921   0.0674895
34.8141   261.311   296.125 0.121789   0.0685213
33.7051   260.87   294.575 0.120807   0.0683391
32.0459   265.21   297.256 0.117754   0.0707362
33.8652   238.246   272.111 0.115123   0.0628699
31.725   245.723   277.448 0.1127   0.0649745
30.9792   259.123   290.102 0.11236   0.0688241
29.6878   264.141   293.829 0.115903   0.0715607
32.1281   264.517   296.646 0.119658   0.0723516
32.5063   270.984   303.49 0.126978   0.0738576
32.1173   261.321   293.439 0.116631   0.0720116
32.2852   255.392   287.677 0.117686   0.0694943
33.1526   250.039   283.192 0.124167   0.0692054
31.3828   246.335   277.718 0.124783   0.070211
28.8562   227.487   256.343 0.102874   0.0630463
29.4766   227.296   256.773 0.110399   0.0638723
27.4143   240.742   268.156 0.108072   0.0692019
29.644   228.287   257.931 0.111324   0.0661044
30.5887   228.083   258.671 0.116899   0.0672193
30.1066   222.345   252.452 0.109718   0.0664709
32.6639   215.377   248.041 0.114409   0.0648237
33.0014   208.645   241.646 0.116366   0.0650875
28.5714   205.153   233.725 0.116333   0.0655945
28.4348   206.433   234.868 0.111822   0.0655909
27.8239   185.184   213.008 0.104996   0.0573059
33.4547   196.474   229.928 0.112859   0.0611034
30.1339   201.814   231.948 0.112201   0.0643981
30.995   197.486   228.481 0.116711   0.0630774
29.71   194.947   224.657 0.112043   0.0630419
28.0208   200.707   228.728 0.112533   0.0641196
30.9259   192.005   222.931 0.117888   0.0641157
35.4928   189.943   225.436 0.122038   0.0636895
34.4339   192.964   227.398 0.128759   0.0648495
30.8393   184.731   215.57 0.112707   0.0595977
31.0842   181.348   212.432 0.116682   0.0588027
31.4847   182.304   213.789 0.116395   0.0609542
31.0352   187.682   218.717 0.119734   0.064213
28.2199   194.482   222.701 0.120598   0.0666404
33.7538   191.615   225.368 0.125746   0.0678625
32.3095   194.857   227.166 0.123554   0.0686418
33.0898   211.442   244.532 0.12991   0.0742871
26.654   179.509   206.163 0.111897   0.0598203
33.094   176.861   209.955 0.128771   0.0617445
30.1049   187.503   217.608 0.126491   0.0671631
31.6057   191.461   223.067 0.124841   0.0713963
30.4774   191.061   221.538 0.130468   0.0714033
32.5854   192.534   225.12 0.140656   0.0760154
30.9747   189.201   220.176 0.136753   0.0772933
29.8454   181.237   211.082 0.132794   0.0777006
22.5512   156.578   179.129 0.110817   0.0633278
23.4542   153.921   177.375 0.117712   0.0662095
28.0963   176.725   204.821 0.124137   0.0769372
26.5926   175.904   202.497 0.13249   0.0788656
27.1566   182.352   209.509 0.135023   0.0846477
26.4504   186.29   212.74 0.135346   0.0874071
28.9981   190.243   219.241 0.138146   0.088605
25.6133   149.194   174.808 0.126423   0.0659044
22.1778   148.291   170.469 0.124037   0.069101
26.5604   148.254   174.814 0.131357   0.0702559
25.5705   160.132   185.702 0.134534   0.0769508
26.6303   158.108   184.738 0.137981   0.0785969
30.4884   160.06   190.548 0.136337   0.0808534
31.5386   158.922   190.461 0.143032   0.0820203
20.5926   145.759   166.352 0.110812   0.0665416
22.9572   155.504   178.461 0.12051   0.0708932
24.9911   158.119   183.11 0.123413   0.0743303
28.9582   160.664   189.622 0.135477   0.0755356
26.9198   162.019   188.939 0.135275   0.0753478
27.7342   164.162   191.896 0.138079   0.0775605
28.9213   181.497   210.418 0.148568   0.0881719
30.3254   169.458   199.783 0.145609   0.0820565
25.9585   163.072   189.031 0.117371   0.0669885
28.2973   178.387   206.684 0.125071   0.0728108
28.1977   185.989   214.186 0.129585   0.075753
32.7002   202.698   235.398 0.14233   0.0824058
30.9992   197.674   228.673 0.138733   0.0830951
33.3418   202.343   235.685 0.14188   0.0865547
32.7754   214.099   246.875 0.145453   0.0900964
29.3836   204.775   234.159 0.137146   0.088189
28.8102   188.57   217.38 0.119876   0.0671625
26.7239   200.966   227.69 0.121888   0.0703169
31.5114   215.411   246.922 0.126045   0.0735692
28.1258   227.449   255.574 0.123766   0.081479
29.2783   234.034   263.312 0.128414   0.0862503
27.8551   235.568   263.423 0.127308   0.0863265
25.9128   247.14   273.052 0.128281   0.0889898
30.0329   214.517   244.55 0.118989   0.0684483
32.0296   234.612   266.641 0.130136   0.0775415
32.4857   244.352   276.838 0.128453   0.0781003
34.6048   262.924   297.529 0.139045   0.0836706
36.2935   261.51   297.803 0.137345   0.0834628
34.9265   257.287   292.214 0.139011   0.0844741
33.9787   257.671   291.65 0.139543   0.0838063
34.3937   286.244   320.638 0.150027   0.094082
38.1949   240.334   278.529 0.121089   0.069824
40.3562   281.939   322.295 0.135778   0.0831897
40.8723   268.338   309.21 0.133843   0.0803528
33.8239   248.296   282.119 0.124614   0.0739919
34.8228   265.206   300.029 0.126628   0.0769309
39.6567   268.678   308.335 0.132631   0.0782776
35.2579   252.633   287.891 0.132748   0.0773477
31.5418   269.853   301.394 0.133181   0.0827642
35.1647   286.268   321.432 0.136071   0.0876356
36.6831   244.551   281.234 0.121066   0.0696766
34.0436   221.857   255.901 0.115598   0.0647065
37.3844   226.314   263.699 0.122874   0.0662561
37.3366   220.176   257.512 0.127429   0.0640464
39.3465   239.385   278.731 0.130143   0.0690998
40.0744   267.295   307.37 0.131737   0.0756954
41.5874   276.563   318.151 0.136531   0.0772955
39.3666   272.551   311.917 0.130786   0.076349
38.9433   276.295   315.238 0.137771   0.0765606
40.8898   268.201   309.091 0.135397   0.0753375
38.4581   217.226   255.684 0.115075   0.055364
38.1029   234.879   272.982 0.117893   0.0582364
38.3357   254.343   292.679 0.116345   0.0640448
38.8081   265.41   304.218 0.12294   0.0658967
41.1103   271.125   312.235 0.127164   0.0673243
41.0539   279.428   320.482 0.12961   0.0678595
41.5114   266.421   307.932 0.126559   0.0657781
41.1633   299.287   340.451 0.129201   0.0730647
40.7146   307.76   348.474 0.131337   0.0748898
40.5126   258.892   299.404 0.119436   0.0591347
39.9263   351.815   391.742 0.12603   0.0826634
38.7015   301.98   340.681 0.122862   0.0707345
40.8142   291.93   332.744 0.11927   0.0693684
38.6147   308.305   346.92 0.119181   0.0739767
40.7156   272.206   312.922 0.12046   0.0678277
38.2355   293.751   331.987 0.120301   0.0722369
42.9173   309.405   352.323 0.126749   0.0752043
40.4293   314.999   355.428 0.13152   0.0771187
43.6936   308.168   351.861 0.132875   0.0771448
41.5616   305.3   346.862 0.133692   0.076914
40.8938   279.344   320.238 0.114602   0.0648004
39.9779   271.314   311.292 0.118688   0.0636712
41.9682   266.28   308.248 0.120253   0.0629032
45.9271   274.187   320.114 0.124802   0.0654727
47.1115   259.824   306.935 0.127214   0.0639854
47.4267   261.498   308.925 0.129111   0.063527
43.3071   254.959   298.267 0.124446   0.0640642
45.0574   270.963   316.02 0.129848   0.0687112
49.3872   258.309   307.697 0.132264   0.0668053
43.1137   253.242   296.356 0.125476   0.0653292
43.0094   255.889   298.898 0.127435   0.0671536
42.6804   247.091   289.772 0.127309   0.0650754
44.1816   218.448   262.63 0.115583   0.0567951
40.7785   202.026   242.805 0.112415   0.0541263
40.6901   212.697   253.387 0.112171   0.0559728
42.8107   222.679   265.49 0.116969   0.0584818
43.7091   236.238   279.947 0.116869   0.0618781
41.1659   251.815   292.981 0.119321   0.0649315
44.6015   239.922   284.524 0.117295   0.0613416
47.6693   258.133   305.802 0.129448   0.0656743
46.7746   266.454   313.229 0.128643   0.0682411
49.6142   273.319   322.933 0.134456   0.0699055
44.6951   270.459   315.154 0.128527   0.0705744
44.2957   268.465   312.761 0.13133   0.0700118
43.0516   227.407   270.459 0.117179   0.0548498
42.5724   229.795   272.368 0.117118   0.0552625
45.7417   278.214   323.955 0.127414   0.0686241
44.7   241.238   285.938 0.125   0.0587324
42.438   240.168   282.606 0.121044   0.0591897
44.2793   255.535   299.814 0.12473   0.063051
44.4629   274.017   318.48 0.121616   0.0666319
46.0249   249.335   295.36 0.114604   0.0572684
47.4522   252.656   300.108 0.114013   0.0571879
42.5637   256.296   298.86 0.111774   0.0583898
46.0356   291.012   337.048 0.117979   0.0659623
48.5716   283.438   332.01 0.119989   0.0645498
49.1069   284.891   333.997 0.118102   0.0653329
53.0196   254.155   307.175 0.11252   0.055969
57.7695   253.778   311.548 0.115262   0.0568933
55.2082   258.488   313.696 0.11574   0.0591134
57.0981   265.282   322.38 0.117486   0.0600756
55.9814   256.107   312.089 0.118229   0.059701
58.4115   266.161   324.572 0.120139   0.0619613
48.8802   243.289   292.169 0.105527   0.0546006
53.0433   267.747   320.791 0.114219   0.0585829
49.4229   283.648   333.071 0.113269   0.062149
50.7211   299.484   350.205 0.118438   0.066144
57.7452   308.463   366.208 0.117368   0.0683106
53.1176   317.46   370.578 0.116785   0.070999
44.6861   247.934   292.62 0.110939   0.0541151
48.5609   270.348   318.909 0.115073   0.059719
50.2807   290.614   340.894 0.116175   0.0645091
54.7714   333.424   388.195 0.125507   0.0736457
56.7503   321.987   378.737 0.129567   0.0731223
56.6515   283.584   340.235 0.122782   0.0643952
52.3091   283.42   335.73 0.119087   0.0639234
51.419   270.539   321.958 0.118477   0.0607884
52.9534   271.736   324.69 0.115166   0.0608456
52.2403   275.545   327.785 0.118324   0.0610085
53.9537   278.151   332.105 0.117087   0.0608221
46.2857   268.347   314.633 0.112398   0.0594161
47.8848   274.99   322.875 0.108521   0.061987
51.5871   283.604   335.192 0.115753   0.0640817
49.836   272.076   321.912 0.113418   0.0619962
45.3162   273.348   318.664 0.106676   0.0609037
48.191   238.575   286.766 0.10431   0.0536727
53.0532   343.768   396.821 0.121449   0.0779106
55.1584   348.046   403.204 0.126028   0.0796109
46.4203   234.072   280.492 0.108332   0.0551894
46.1415   214.544   260.686 0.10457   0.0487572
47.6852   217.034   264.719 0.104458   0.0500481
46.5102   216.14   262.65 0.104283   0.0503612
44.7831   228.172   272.956 0.105683   0.0519016
46.4321   243.241   289.673 0.10951   0.0544073
40.6184   213.245   253.864 0.0992307   0.0483623
51.8044   299.68   351.484 0.115997   0.0667409
52.2042   322.569   374.773 0.124237   0.0720727
46.9   238.807   285.707 0.110483   0.0541022
51.5801   241.959   293.539 0.112375   0.053709
51.9709   253.477   305.448 0.115299   0.0556542
47.1727   235.399   282.571 0.104596   0.0503958
47.892   246.031   293.923 0.109718   0.0525427
48.9466   248.406   297.352 0.111432   0.0534522
47.4227   256.893   304.316 0.112044   0.0561822
44.7792   257.744   302.524 0.108337   0.0572299
48.4705   245.066   293.537 0.111619   0.0530647
53.6654   270.428   324.093 0.118293   0.0608273
51.1567   262.023   313.18 0.118638   0.0587786
49.7223   250.789   300.511 0.117756   0.0587706
48.2795   260.648   308.928 0.108493   0.0570571
48.769   262.633   311.402 0.111497   0.059213
54.0248   285.869   339.893 0.119392   0.0636006
48.1978   262.81   311.007 0.117213   0.0600159
44.3103   262.091   306.401 0.100992   0.0576721
48.0727   288.916   336.988 0.111862   0.0633136
49.5744   289.884   339.459 0.115504   0.0643158
52.1048   287.031   339.135 0.122384   0.0647815
50.3502   312.951   363.301 0.12288   0.0698201
57.111   319.656   376.767 0.125574   0.0716846
54.6142   308.278   362.892 0.128403   0.0704045
51.9279   313.165   365.093 0.124468   0.0713133
50.0567   312.656   362.713 0.125644   0.072344
52.436   304.428   356.864 0.125796   0.0706057
45.1743   258.902   304.077 0.111377   0.0598535
43.4331   251.323   294.756 0.113699   0.0595129
45.7603   252.036   297.797 0.119917   0.0606469
44.9257   255.832   300.758 0.118433   0.0613212
45.0254   261.574   306.599 0.118255   0.0617539
46.2311   268.853   315.084 0.120456   0.0634685
47.0248   281.33   328.355 0.120114   0.0664024
51.2309   281.103   332.334 0.12606   0.0663573
42.3493   246.971   289.321 0.110573   0.0577306
42.3148   242.585   284.899 0.110004   0.0573983
44.1382   244.02   288.158 0.112197   0.0570567
46.9756   248.372   295.347 0.117674   0.0607058
50.896   248.082   298.978 0.118473   0.0605936
45.0656   252.282   297.347 0.116223   0.0615771
40.2979   230.166   270.464 0.110043   0.0560096
47.8752   227.806   275.681 0.116655   0.056578
40.8239   228.786   269.61 0.110484   0.0573146
45.3653   276.814   322.18 0.122213   0.0701258
44.2416   286.526   330.768 0.122496   0.0715064
36.5306   222.55   259.08 0.100844   0.0537365
39.1632   218.251   257.414 0.105618   0.0538254
41.4721   225.137   266.609 0.110152   0.0554558
43.1284   226.518   269.647 0.1115   0.0560494
45.5889   280.979   326.568 0.121409   0.068072
46.5386   267.23   313.768 0.116263   0.0634427
43.0186   234.623   277.642 0.10668   0.0544149
39.1383   237.548   276.686 0.106427   0.0541667
39.059   246.388   285.447 0.103058   0.0571732
38.945   248.729   287.674 0.104832   0.0591824
40.6167   229.17   269.787 0.105635   0.053604
38.8483   234.036   272.884 0.105109   0.0551659
43.2336   239.652   282.886 0.108682   0.056038
45.5849   241.593   287.178 0.112625   0.057077
41.6433   255.449   297.092 0.109061   0.0604374
38.9652   257.999   296.965 0.107106   0.0617223
43.0213   268.046   311.067 0.110595   0.0631052
41.316   264.664   305.98 0.111214   0.0641272
37.6865   260.59   298.276 0.108108   0.0646753
39.5295   264.175   303.704 0.111038   0.0647328
40.6333   276.52   317.154 0.114245   0.0682766
37.3968   229.395   266.791 0.101991   0.0577771
36.2687   211.821   248.09 0.103526   0.0559411
31.8604   214.404   246.265 0.101605   0.0588192
32.8177   205.219   238.037 0.108131   0.0592234
31.4621   202.773   234.235 0.107589   0.0578147
31.1922   193.669   224.861 0.10526   0.0552156
32.3383   198.873   231.211 0.110294   0.0580041
31.487   213.594   245.081 0.110223   0.0602183
30.589   196.089   226.678 0.102304   0.0551649
32.0815   209.833   241.914 0.10968   0.0578131
30.8607   217.501   248.362 0.105778   0.0589074
33.2605   218.402   251.662 0.109409   0.059847
35.2107   200.936   236.146 0.104669   0.055078
32.11   215.691   247.801 0.108553   0.0596822
32.9208   200.389   233.31 0.108769   0.0574812
28.8049   194.541   223.346 0.1059   0.0563863
33.6431   210.421   244.064 0.112144   0.062065
32.4548   203.291   235.746 0.10983   0.060899
35.3122   204.23   239.543 0.117414   0.062585
32.3361   204.203   236.539 0.112343   0.0630709
31.8534   211.347   243.201 0.111065   0.0636896
31.7923   200.568   232.36 0.11314   0.0611189
30.464   201.294   231.758 0.10752   0.0600162
32.1008   195.258   227.359 0.11327   0.0584395
28.8497   199.096   227.946 0.107168   0.0595384
26.8263   193.579   220.405 0.102547   0.0565458
31.0625   206.866   237.928 0.110543   0.0591496
32.4023   213.434   245.836 0.113692   0.061016
36.1453   222.093   258.238 0.115554   0.0606811
31.0933   199.404   230.497 0.108213   0.0555752
29.2758   195.788   225.064 0.107949   0.055981
31.713   190.443   222.155 0.10571   0.0542417
28.8668   205.471   234.338 0.107873   0.0562718
33.9591   205.797   239.756 0.109546   0.0559809
30.4798   201.661   232.141 0.105248   0.0552374
35.7409   204.253   239.994 0.111551   0.0570795
34.0481   189.733   223.781 0.106483   0.0532508
34.1029   194.909   229.012 0.108724   0.0529189
33.9284   193.978   227.906 0.110588   0.0542049
32.2612   203.59   235.851 0.105636   0.0555407
30.2985   205.241   235.539 0.105021   0.0559544
32.3795   197.187   229.567 0.103174   0.0542518
31.5159   207.272   238.788 0.10564   0.0561181
31.8663   205.494   237.36 0.111746   0.0570605
34.4923   210.482   244.975 0.107788   0.0575298
38.2064   207.552   245.758 0.107867   0.0553354
34.1027   214.019   248.122 0.102104   0.0562505
36.8736   218.926   255.8 0.103723   0.0566506
36.1201   229.55   265.67 0.103397   0.0570593
38.775   229.061   267.836 0.102309   0.0537298
39.9632   236.622   276.586 0.108204   0.0558687
40.991   254.293   295.284 0.108787   0.058276
42.6198   256.854   299.474 0.109042   0.0598628
37.6361   244.303   281.939 0.102551   0.0575914
35.7312   238.806   274.538 0.100463   0.0576572
39.1455   254.326   293.471 0.103952   0.0604694
39.6921   255.277   294.97 0.102519   0.0608746
40.1085   257.4   297.509 0.105088   0.060541
41.8801   260.079   301.959 0.110911   0.0602899
46.4466   272.083   318.529 0.112462   0.0623532
44.2663   283.656   327.922 0.11017   0.0626919
43.9289   281.888   325.817 0.111283   0.063278
40.0488   246.914   286.963 0.106043   0.0571781
40.8061   242.682   283.488 0.107715   0.0569031
42.8132   239.631   282.444 0.108114   0.0585644
41.3705   245.072   286.442 0.107456   0.0592784
38.1564   237.507   275.663 0.107181   0.0569378
40.4137   234.038   274.451 0.106445   0.0563855
43.3126   246.469   289.782 0.112267   0.0582504
38.8138   253.095   291.908 0.104128   0.0596886
43.7207   237.819   281.539 0.109576   0.0559277
43.6337   257.748   301.382 0.110535   0.0594815
41.6887   251.363   293.052 0.107667   0.0574465
43.9648   260.517   304.481 0.109857   0.0584485
42.6879   248.933   291.62 0.106987   0.0563323
48.8039   353.603   402.407 0.122887   0.0823344
43.5805   348.344   391.925 0.118334   0.079427
39.6195   245.941   285.561 0.101225   0.0561664
40.1086   242.272   282.38 0.0975878   0.0539317
40.5084   252.779   293.287 0.0973175   0.0557918
41.1721   289.286   330.458 0.103085   0.062524
45.3337   286.883   332.217 0.107852   0.0634556
41.8625   276.978   318.84 0.103826   0.0609171
38.8817   255.053   293.934 0.100521   0.0568451
41.2822   248.313   289.595 0.101306   0.0561698
43.9728   256.927   300.9 0.104747   0.0591289
43.5058   264.739   308.245 0.103647   0.060127
42.8511   253.095   295.946 0.101978   0.0561809
42.1567   254.744   296.9 0.100653   0.0571259
41.8582   248.04   289.898 0.102493   0.0567129
42.4336   270.033   312.467 0.104774   0.0608434
42.6414   252.002   294.643 0.10413   0.0580427
39.8691   232.2   272.069 0.098564   0.0535908
44.8626   244.606   289.469 0.104656   0.0562055
42.2312   250.297   292.528 0.100216   0.057529
39.7426   247.216   286.959 0.101436   0.0566075
40.9336   252.159   293.093 0.103848   0.0581324
41.6521   252.454   294.106 0.103974   0.0572691
49.849   415.855   465.704 0.130837   0.0966234
53.7716   388.38   442.152 0.126847   0.0907083
43.5031   280.073   323.576 0.106105   0.0659213
40.134   286.772   326.906 0.107392   0.0678429
39.3639   239.005   278.369 0.102067   0.0575061
39.2374   234.634   273.871 0.10118   0.0562995
38.0611   225.12   263.181 0.101768   0.0552273
39.5902   226.259   265.849 0.10167   0.054888
34.4271   224.45   258.877 0.0971146   0.0547796
34.2438   214.782   249.026 0.0972836   0.0528682
36.7703   211.225   247.995 0.0984216   0.0532911
35.8407   204.527   240.368 0.0964497   0.0507637
32.2734   196.612   228.885 0.0904523   0.0487919
32.3728   195.728   228.1 0.0972739   0.0493216
35.8581   210.076   245.934 0.098674   0.0530387
33.7684   204.495   238.263 0.0955529   0.0528984
38.1776   214.09   252.267 0.103532   0.0553668
36.2989   226.175   262.474 0.105418   0.0580035
36.407   228.115   264.522 0.103935   0.0565541
37.8636   214.317   252.181 0.0988175   0.0526492
40.4995   266.951   307.45 0.105413   0.0643379
41.7713   291.887   333.658 0.109828   0.0707034
43.9837   295.585   339.569 0.114293   0.0719477
47.0756   291.546   338.621 0.122084   0.0720542
42.2436   266.869   309.113 0.115736   0.0689549
43.4888   300.184   343.673 0.120384   0.077597
38.0759   253.696   291.772 0.117111   0.070118
38.1274   216.271   254.398 0.11642   0.0590904
36.325   223.867   260.192 0.117394   0.0614584
36.056   224.851   260.907 0.119628   0.0616943
34.4055   219.676   254.082 0.111045   0.0613449
34.0727   199.211   233.284 0.105619   0.0546413
33.3918   203.879   237.271 0.106231   0.055392
29.5428   188.769   218.312 0.0984104   0.0519625
29.6085   187.363   216.972 0.103829   0.0522631
28.7533   181.746   210.499 0.101244   0.0519719
30.2465   184.642   214.889 0.10143   0.0528213
27.3616   182.461   209.823 0.103721   0.0526614
27.7722   179.677   207.449 0.105198   0.0516201
28.6455   176.584   205.23 0.105937   0.0517721
26.0434   181.873   207.917 0.0987239   0.0527903
29.4235   179.169   208.593 0.106607   0.052122
28.8707   187.382   216.252 0.107726   0.055278
30.5507   184.69   215.241 0.110825   0.0548584
26.3697   182.258   208.627 0.105479   0.0538547
29.1627   189.142   218.305 0.107295   0.0563192
29.0205   194.775   223.796 0.112774   0.057734
25.0751   189.595   214.67 0.10498   0.0565932
29.2802   184.889   214.169 0.111173   0.0564416
27.2274   181.861   209.089 0.10333   0.0550428
28.3147   177.165   205.48 0.105731   0.0537125
28.9658   176.936   205.902 0.108182   0.0534388
26.5772   172.581   199.158 0.101698   0.0522392
25.5356   180.562   206.098 0.104654   0.053258
28.8456   182.95   211.796 0.105855   0.0545997
28.6896   181.534   210.223 0.107051   0.0545802
27.4898   181.233   208.723 0.10686   0.0537546
25.2618   183.86   209.122 0.101862   0.0547419
27.3618   180.497   207.859 0.105157   0.0539152
29.5962   177.046   206.643 0.10733   0.0530556
27.9021   172.629   200.531 0.100912   0.0519342
27.7945   181.187   208.981 0.100341   0.0543257
27.5932   178.567   206.16 0.104027   0.0533035
28.2724   181.133   209.405 0.105625   0.0543888
28.4448   177.538   205.983 0.105221   0.0535506
28.9659   178.839   207.805 0.107017   0.0534913
28.4746   175.729   204.203 0.103544   0.0526606
26.7284   178.954   205.683 0.10451   0.0533197
29.2653   180.617   209.882 0.105778   0.0532164
30.1051   179.063   209.168 0.108292   0.0532977
28.3926   175.065   203.458 0.105706   0.052925
27.9536   176.97   204.924 0.106389   0.053001
26.0216   176.931   202.953 0.105457   0.0528627
27.6793   178.862   206.541 0.105646   0.053059
28.575   180.124   208.699 0.101061   0.0537124
28.979   177.815   206.794 0.105859   0.052929
27.3164   173.916   201.232 0.105063   0.052396
28.4452   176.436   204.881 0.104578   0.0526779
26.3735   175.329   201.702 0.102887   0.052363
29.5   177.362   206.862 0.102931   0.0530962
30.2335   179.157   209.391 0.106083   0.0536453
28.3961   174.661   203.058 0.105171   0.0523513
27.5523   177.725   205.277 0.104233   0.0532324
