986         986
933         323
931         313
944         325
951         319
980         325
968         328
1014         332
960         345
983         332
934         318
924         325
931         308
921         301
960         316
909         311
933         305
931         304
978         314
999         326
1000         310
974         328
979         324
983         331
946         299
966         321
949         305
941         309
935         291
958         312
991         346
978         307
966         310
978         312
944         301
959         345
953         352
935         347
883         314
900         316
892         327
893         326
904         339
886         311
920         349
935         322
915         341
936         353
907         342
911         339
886         338
889         319
892         375
919         373
965         406
961         393
929         399
943         387
934         380
951         392
964         382
955         366
997         386
962         366
948         352
943         390
935         373
942         398
942         356
949         387
974         396
971         394
955         395
1003         406
962         411
960         398
922         378
931         369
928         387
923         365
954         374
945         408
926         393
915         393
931         384
943         393
946         400
963         408
930         412
940         406
939         390
953         382
955         411
980         402
983         405
968         398
974         402
959         388
962         409
994         423
971         411
988         416
1018         410
988         418
978         402
985         412
1017         412
982         401
996         401
1009         405
1023         410
1008         433
993         420
1014         418
1024         420
1055         407
1049         408
1024         405
1004         392
989         392
998         400
1007         411
1005         412
978         389
1005         392
989         394
1033         403
1050         417
1033         397
1025         416
1029         388
1040         389
992         381
1014         369
1022         375
991         386
996         390
988         379
1018         410
959         366
942         395
966         400
933         387
902         378
891         385
895         371
886         379
881         375
888         357
849         342
846         334
831         316
853         326
850         333
809         336
845         314
825         348
831         332
843         325
809         328
815         289
851         309
823         324
805         303
818         285
804         312
809         276
779         304
764         279
790         287
820         316
777         302
788         294
798         297
815         306
813         323
811         312
794         285
814         285
806         279
764         272
788         294
756         281
767         275
731         256
732         268
707         256
754         275
741         274
744         267
751         251
752         280
734         267
717         253
753         266
734         261
762         274
751         285
799         283
753         245
770         254
726         265
776         296
735         268
730         265
751         265
739         249
727         262
739         290
727         267
695         273
714         266
686         270
667         259
674         234
680         268
652         261
642         254
643         238
643         257
602         238
599         253
589         233
597         231
592         226
587         224
582         203
577         199
568         226
555         200
563         201
562         195
575         209
562         202
559         178
566         202
574         190
553         193
557         223
570         220
547         185
578         190
562         202
577         213
539         199
552         200
542         194
548         208
554         221
542         226
566         217
590         229
597         223
619         235
618         225
621         214
611         240
605         219
645         250
651         227
649         228
676         218
644         202
667         252
688         246
729         252
740         248
824         264
797         251
779         243
746         229
708         315
709         297
716         305
741         271
704         275
721         299
680         265
672         236
721         258
692         303
712         294
742         304
717         293
725         302
722         304
740         304
732         301
732         282
746         302
745         334
702         323
706         329
696         315
699         323
699         316
709         328
721         318
704         310
717         339
701         316
708         315
724         342
712         324
721         338
706         317
765         338
727         307
774         328
752         310
782         356
771         336
800         349
837         368
826         370
775         367
780         348
768         347
795         373
753         343
779         337
790         335
785         382
765         362
778         362
802         366
809         374
766         345
812         380
822         368
844         363
835         369
794         347
819         337
809         367
858         363
847         359
859         357
849         350
872         355
894         365
856         401
912         416
874         380
919         390
869         404
908         415
912         471
973         501
954         477
952         486
915         473
952         486
909         463
929         464
870         436
873         428
952         492
898         454
860         402
867         422
883         432
912         436
882         438
881         461
876         439
874         434
891         459
889         441
903         460
894         411
900         441
901         445
879         439
837         424
888         462
868         436
866         437
833         428
866         441
873         456
863         446
867         423
843         424
848         409
906         446
859         420
871         424
900         459
919         450
893         451
866         436
864         439
847         423
861         413
852         434
850         453
814         431
833         422
866         445
850         437
868         452
841         411
872         438
864         429
875         429
855         425
853         409
881         454
822         425
826         417
806         398
794         416
815         405
795         382
762         381
761         379
799         380
798         383
795         391
808         406
810         383
813         384
796         393
800         399
837         429
783         387
791         366
799         410
774         369
806         371
780         361
784         362
798         370
819         376
821         386
822         375
820         400
830         403
771         367
799         379
784         371
781         384
784         369
795         397
789         404
788         381
772         363
791         389
793         371
727         348
764         356
750         355
721         366
710         350
688         313
634         303
619         292
625         296
621         293
597         285
635         299
623         292
620         291
628         304
654         336
609         295
626         302
570         272
596         300
597         295
629         300
597         287
623         286
607         281
606         283
578         283
580         269
551         261
570         281
568         285
618         312
592         287
558         271
593         300
583         267
623         310
612         289
663         320
652         319
638         313
654         306
625         305
626         288
649         313
629         298
634         285
676         320
709         354
704         334
721         355
739         349
828         379
765         369
782         376
815         390
791         367
778         355
799         376
807         387
794         381
819         377
863         413
817         401
804         394
790         377
778         378
820         396
804         385
803         356
801         379
828         385
829         372
828         399
870         394
800         387
810         400
819         399
788         397
787         368
787         391
877         411
858         416
875         399
878         420
874         403
856         386
880         407
872         419
869         419
863         420
882         418
886         408
865         405
862         409
873         404
896         428
866         421
859         391
819         394
887         400
881         381
955         423
921         410
841         373
866         385
851         387
824         374
865         389
799         354
768         352
794         373
795         371
781         356
774         332
823         363
825         353
815         368
794         344
795         350
826         383
800         384
808         380
787         384
786         385
769         365
727         361
703         325
679         327
657         309
643         301
649         309
667         322
657         314
648         300
640         285
603         284
613         298
603         263
593         264
608         270
604         263
622         276
607         268
597         275
580         250
616         271
589         257
595         238
631         263
621         263
603         267
605         267
594         261
588         244
631         272
615         268
606         257
606         248
621         260
602         275
598         276
621         277
596         265
613         267
602         270
602         270
610         275
584         255
598         276
604         278
586         268
590         262
586         246
592         262
611         282
617         273
566         260
598         272
565         256
607         286
603         285
581         270
595         264
