9620       9620
9198       6318
9099       6221
9188       6193
9217       6194
9306       6283
9323       6294
9272       6261
9243       6277
9189       6140
9101       6007
9082       5984
9301       6045
9506       5939
9509       5877
9403       5774
9370       5732
9284       4926
9378       5765
9504       5806
9644       5560
9524       5579
9558       5700
9513       5812
9543       5876
9535       5934
9427       5933
9562       5959
9671       6069
9711       6088
9753       6007
9707       5889
9624       5697
9627       5206
9549       5548
9375       6853
9421       6780
9441       6795
9435       6746
9397       6630
9250       6533
9102       6291
9003       6257
8943       6190
9013       6336
8986       6267
8897       6205
8942       6278
8823       6091
8732       5982
8748       5913
8695       5926
8675       6741
8614       6666
8786       6725
8749       6646
8710       6636
8755       6624
8723       6584
8708       6583
8651       6564
8532       6464
8579       6407
8568       6396
8602       6412
8701       6469
8658       6381
8537       6209
8516       6233
8571       6796
8555       6778
8616       6782
8623       6756
8644       6767
8509       6693
8487       6636
8572       6700
8457       6508
8539       6584
8420       6505
8526       6597
8478       6543
8473       6449
8497       6517
8500       6452
8510       6501
8427       6754
8454       6729
8488       6811
8512       6809
8503       6808
8475       6718
8438       6689
8319       6530
8467       6680
8455       6649
8385       6579
8418       6631
8361       6535
8340       6480
8305       6458
8252       6687
8261       6647
8127       6521
8114       6503
8224       6561
8066       6434
8030       6363
8020       6343
8088       6404
8003       6306
7997       6313
7991       6318
8052       6286
8054       6297
8082       6302
8082       6521
8107       6479
8065       6404
8073       6417
8031       6417
7847       6257
7812       6201
7842       6174
7832       6163
7800       6091
7708       5956
7830       6024
8110       6243
8114       6458
8099       6439
8114       6382
8056       6370
7953       6258
7869       6207
7757       6062
7634       5918
7496       5841
7430       5818
7407       5732
7295       5861
7210       5836
7163       5669
7196       5675
7085       5646
6989       5515
6900       5426
6747       5268
6632       5174
6596       5124
6546       5271
6436       5152
6433       5170
6324       5081
6197       4980
6289       5045
6193       4926
6045       4830
5930       4739
5742       4559
5763       4664
5685       4583
5591       4459
5585       4505
5538       4428
5419       4305
5341       4270
5257       4157
5202       4136
5153       4067
5221       4189
5115       4093
5087       4051
5020       4013
5093       4096
4939       3947
4892       3870
4936       3902
4862       3813
4875       3817
4815       3749
4817       3789
4786       3781
4770       3765
4746       3691
4700       3656
4743       3669
4672       3628
4699       3675
4670       3613
4600       3508
4632       3608
4573       3558
4518       3478
4411       3453
4412       3393
4414       3345
4331       3322
4165       3205
4148       3127
4147       3147
4144       3231
4117       3215
4083       3133
4059       3130
4021       3092
4071       3130
3974       2994
3930       2982
3943       2975
3962       3099
3929       3084
3865       2990
3816       2922
3802       2918
3743       2823
3776       2838
3783       2846
3804       3000
3648       2864
3594       2791
3522       2681
3517       2675
3387       2532
3346       2447
3222       2332
3176       2472
3047       2324
3022       2297
3026       2230
2970       2154
2969       2131
2987       2147
2932       2263
2826       2146
2839       2110
2863       2080
2823       2011
2841       1979
2809       1937
2911       2190
2926       2193
2934       2127
3021       2127
3133       2150
3122       2116
3156       2058
3197       2065
3254       2434
3345       2450
3467       2455
3455       2459
3517       2378
3539       2337
3557       2376
3579       2322
3753       2807
3895       2858
4000       2928
3907       2791
3890       2713
4022       2728
4121       2777
4111       3134
4043       3025
4135       3128
4256       3142
4253       3133
4227       3045
4243       3074
4271       3042
4332       3442
4331       3389
4252       3339
4253       3355
4331       3447
4312       3432
4091       3266
4105       3260
4163       3266
4204       3509
4085       3428
4094       3415
4167       3437
4236       3464
4365       3531
4413       3578
4427       3569
4541       3608
4504       3560
4628       3923
4766       4033
4804       3971
4850       4027
4892       4027
4957       4117
4886       4050
4985       4096
5012       4109
5079       4378
5014       4256
5036       4269
4994       4208
5036       4167
4924       4013
5045       4066
5112       4114
5152       4084
5097       3994
5077       3969
5142       4310
5131       4261
5121       4233
5042       4187
4912       4060
4884       4116
4751       3979
4701       3943
4646       3866
4674       3876
4634       3810
4615       3797
4583       3846
4546       3732
4617       3800
4594       3807
4579       3817
4621       3878
4698       3911
4683       3930
4722       3904
4777       3909
4750       3832
4841       3834
4820       4146
4914       4158
4879       4054
4935       4107
4924       4057
4954       4052
4976       4112
5003       4353
5111       4418
5132       4389
5163       4411
5131       4391
5156       4360
5190       4541
5159       4460
5076       4372
5140       4415
5090       4289
5095       4295
5142       4455
5261       4570
5295       4564
5307       4527
5313       4515
5345       4471
5350       4581
5295       4527
5290       4505
5316       4527
5183       4403
5163       4403
5195       4433
5191       4450
5250       4466
5292       4516
5346       4573
5324       4516
5234       4436
5191       4425
5153       4388
5247       4488
5136       4445
5191       4412
5198       4371
4990       4241
5075       4400
5040       4336
5020       4291
5036       4396
5163       4470
5096       4409
5213       4490
5229       4475
5146       4414
5293       4505
5368       4554
5398       4671
5447       4682
5420       4647
5325       4572
5243       4503
5272       4618
5160       4445
5188       4457
5059       4267
5290       4568
5152       4435
5294       4494
5191       4379
5261       4544
5290       4563
5231       4507
5203       4430
5295       4482
5281       4459
5232       4378
5218       4391
5212       4321
5198       4311
5076       4325
4982       4223
4891       4155
4973       4172
4984       4235
5080       4236
5094       4236
5079       4236
5070       4278
5061       4226
5051       4276
4946       4091
4959       4094
5005       4097
4945       4109
4873       4026
4836       3991
4835       3947
4913       4007
4952       4141
4804       4054
4884       4059
4870       4041
5018       4127
5044       4212
5144       4311
5248       4385
5144       4309
5074       4202
5053       4275
5045       4242
5123       4276
5089       4232
5055       4226
4993       4180
5071       4247
4963       4127
4876       4029
4902       4081
4895       4050
4740       3970
4562       3786
4426       3645
4268       3465
4226       3507
4220       3507
4138       3428
4259       3547
4229       3554
4293       3629
4326       3692
4337       3649
4262       3648
4242       3614
4107       3486
4039       3450
4012       3390
3960       3338
3904       3263
3859       3237
3981       3318
3919       3281
4004       3354
4009       3341
4009       3344
4022       3423
4048       3497
4072       3498
4217       3660
4142       3588
4089       3497
4140       3511
4266       3651
4257       3676
4261       3650
4211       3578
4169       3563
4277       3683
4240       3578
4345       3665
4345       3668
4321       3634
4391       3693
4367       3601
4409       3658
4486       3750
4576       3804
4679       3864
4815       4023
5036       4263
5062       4235
5176       4363
5159       4290
5084       4242
4944       4141
5013       4205
4981       4193
5015       4251
5127       4313
5192       4363
5338       4524
5288       4454
5085       4318
4994       4264
4850       4091
4918       4134
4907       4171
4950       4150
5052       4231
5083       4240
5045       4252
5121       4333
5194       4375
5257       4457
5161       4419
5103       4294
5193       4385
5109       4378
5243       4492
5262       4530
5392       4626
5308       4521
5322       4546
5249       4486
5218       4420
5164       4345
5213       4403
5230       4505
5179       4459
5089       4373
5161       4438
5074       4341
5027       4332
5063       4352
5065       4350
5114       4367
5066       4337
5101       4408
5259       4303
5255       4281
5095       4248
5071       4227
4986       4156
4999       4167
4892       4076
4931       4122
4917       4097
4874       4062
4824       3963
4840       4029
4840       4029
4701       3968
4735       3960
4596       3865
4655       3866
4716       3899
4829       4033
4834       4070
4929       4149
4962       4128
4971       4108
4906       4046
4710       3870
4694       3868
4436       3618
4400       3660
4442       3642
4494       3644
4422       3581
4413       3645
4439       3680
4403       3632
4353       3585
4256       3497
4246       3495
4228       3464
4199       3480
4164       3410
4133       3445
4158       3437
4107       3389
4096       3366
4091       3384
4073       3358
4071       3373
4030       3350
4023       3275
4047       3304
4021       3298
4005       3311
4016       3303
4055       3390
4059       3350
4008       3326
4031       3371
4044       3358
4043       3347
4035       3337
4004       3324
4017       3335
4021       3350
3991       3330
4018       3315
4032       3343
4042       3337
4047       3356
4055       3394
4057       3359
4008       3307
4031       3339
4012       3347
4040       3371
4019       3353
4054       3359
4022       3319
4039       3349
4037       3348
4043       3340
4039       3339
4021       3336
4037       3338
