0
80
33
19
27
83
17
61
26
40
30
39
27
26
40
51
43
74
48
44
64
78
47
61
37
25
22
39
25
38
60
31
39
65
55
34
30
45
21
29
39
28
23
28
28
29
49
35
54
20
51
47
50
25
36
28
86
39
59
31
65
38
63
29
51
32
47
35
30
38
30
31
50
31
47
54
24
42
23
22
32
29
68
23
29
55
35
49
41
41
32
63
42
38
56
32
72
31
28
70
78
48
32
39
40
52
33
55
48
35
33
50
31
58
53
45
61
93
49
51
32
45
41
35
30
38
64
55
58
42
30
51
55
43
56
35
41
55
51
57
28
34
31
54
45
30
47
46
39
36
51
40
56
32
42
44
40
27
24
28
31
20
34
43
33
27
43
34
22
76
37
22
34
38
60
24
51
31
41
35
46
32
36
40
45
37
21
40
18
30
28
22
29
36
45
55
25
48
29
25
39
24
30
31
40
34
23
26
29
36
34
21
28
21
34
48
41
69
27
25
16
22
27
28
28
19
12
20
27
31
31
23
62
22
35
21
96
32
25
107
25
16
20
66
26
32
30
69
29
22
25
24
32
21
19
32
29
24
25
18
39
29
34
23
37
45
37
25
65
58
42
67
62
48
32
37
34
39
34
33
28
26
24
26
36
32
27
25
38
25
31
29
32
36
48
25
59
45
29
40
51
37
28
33
28
41
32
33
42
50
48
44
47
38
24
18
26
42
28
37
25
21
27
26
27
31
29
31
24
30
28
40
30
46
35
21
69
34
45
30
77
38
47
29
53
35
29
38
28
32
41
45
38
38
41
33
35
42
50
34
28
70
38
38
32
29
27
36
30
45
37
34
24
38
33
37
37
51
30
24
25
38
25
29
22
29
36
25
31
29
39
27
50
36
33
39
43
29
24
36
36
25
42
32
24
37
29
39
35
45
38
31
49
40
36
28
21
29
32
33
38
25
31
29
37
30
38
40
70
38
32
46
42
41
39
37
42
50
37
39
42
25
41
30
44
25
56
38
58
49
44
29
31
31
30
46
39
42
39
31
43
36
47
38
46
25
29
31
36
34
35
26
34
33
30
31
32
33
32
30
47
26
22
27
21
30
38
29
36
31
36
31
30
25
32
35
32
34
29
32
41
39
34
45
42
53
48
37
48
37
38
52
41
35
38
21
49
33
36
30
47
42
36
31
32
34
32
47
42
54
42
45
30
40
47
50
42
38
39
30
40
45
42
37
54
43
51
39
38
42
31
72
86
39
48
44
41
26
49
42
42
30
41
36
40
36
36
31
60
52
50
44
39
43
41
38
56
38
28
47
30
34
31
36
38
39
25
27
32
28
32
31
27
25
30
23
31
19
40
48
28
28
40
18
32
26
26
29
26
24
31
36
25
21
19
18
35
28
22
50
19
28
22
30
17
32
24
32
19
36
51
21
26
22
