1332
1288
1297
1334
1290
1288
1301
1267
1293
1298
1294
1299
1286
1296
1295
1218
1264
1296
1326
1330
1301
1308
1283
1265
1234
1260
1246
1272
1236
1232
1238
1247
1260
1250
1273
1298
1271
1302
1268
1283
1294
1303
1279
1311
1287
1297
1277
1297
1308
1323
1304
1319
1324
1350
1327
1328
1320
1313
1315
1315
1352
1342
1356
1329
1334
1327
1327
1343
1370
1346
1353
1339
1359
1353
1399
1374
1395
1390
1387
1370
1358
1400
1380
1354
1378
1395
1372
1349
1368
1349
1346
1321
1332
1343
1372
1347
1332
1326
1353
1404
1384
1388
1396
1380
1404
1428
1405
1379
1398
1426
1429
1367
1432
1433
1427
1446
1461
1420
1431
1459
1472
1456
1453
1469
1501
1437
1442
1432
1483
1463
1488
1441
1490
1495
1477
1483
1447
1478
1465
1485
1515
1505
1507
1506
1481
1476
1444
1470
1487
1509
1526
1537
1484
1491
1531
1539
1503
1525
1522
1499
1530
1488
1515
1491
1544
1514
1493
1506
1489
1529
1526
1519
1448
1480
1485
1523
1529
1481
1537
1534
1507
1520
1576
1539
1524
1566
1596
1540
1572
1498
1569
1514
1508
1551
1547
1537
1522
1569
1561
1576
1515
1558
1525
1524
1547
1575
1537
1525
1565
1586
1560
1578
1529
1575
1535
1540
1490
1543
1534
1512
1528
1529
1538
1543
1555
1538
1572
1525
1492
1483
1513
1514
1567
1546
1577
1545
1562
1589
1535
1532
1571
1581
1566
1550
1590
1555
1523
1547
1559
1568
1554
1572
1541
1534
1552
1549
1563
1535
1579
1589
1579
1495
1489
1533
1593
1563
1556
1606
1531
1603
1599
1605
1614
1559
1556
1480
1564
1526
1514
1519
1571
1509
1523
1573
1542
1505
1537
1551
1575
1531
1510
1593
1565
1530
1544
1595
1559
1559
1508
1524
1576
1531
1513
1590
1544
1530
1511
1544
1490
1533
1564
1551
1568
1577
1556
1525
1522
1524
1482
1570
1564
1480
1501
1479
1474
1557
1527
1527
1592
1590
1556
1569
1512
1489
1511
1498
1511
1550
1548
1556
1574
1518
1508
1555
1578
1594
1562
1516
1525
1602
1536
1549
1495
1512
1455
1491
1447
1453
1334
1480
1496
1455
1464
1467
1510
1488
1533
1504
1531
1518
1538
1528
1542
1566
1541
1503
1490
1545
1551
1539
1506
1497
1497
1544
1523
1557
1526
1511
1461
1424
1450
1469
1465
1466
1498
1491
1476
1490
1481
1460
1479
1480
1471
1489
1482
1522
1483
1514
1487
1492
1482
1480
1511
1503
1449
1470
1486
1505
1486
1491
1490
1441
1462
1483
1500
1472
1507
1488
1466
1484
1484
1465
1432
1481
1486
1471
1529
1485
1467
1501
1598
1543
1536
1528
1567
1532
1522
1515
1512
1546
1545
1554
1555
1518
1563
1581
1558
1581
1599
1559
1543
1539
1561
1529
1549
1556
1575
1520
1537
1527
1515
1515
1547
1537
1521
1569
1537
1556
1530
1556
1570
1582
1566
1650
1600
1571
1460
1466
1489
1536
1484
1468
1438
1505
1436
1457
1415
1452
1438
1433
1407
1452
1400
1427
1416
1423
1375
1444
1421
1376
1441
1438
1444
1416
1420
1458
1437
1445
1454
1472
1450
1465
1447
1454
1452
1461
1484
1448
1445
1473
1424
1436
1450
1444
1472
1434
1479
1419
1440
1433
1452
1488
1466
1487
1477
1437
1469
1454
1468
1454
1448
1519
1472
1495
1488
1500
1542
1500
1525
1510
1487
1558
1511
1523
1509
1481
1528
1575
1580
1509
1496
1507
1536
1547
1514
1525
1520
1524
1542
1501
1494
1539
1521
1559
1535
1534
1512
1547
1531
1474
1530
1545
1543
1517
1532
1506
1489
1531
1493
1457
1461
1456
1449
1470
1473
1489
1463
1476
1424
1426
1448
1443
1484
1477
1460
1489
1488
1486
1462
1449
1480
1430
1431
1404
1400
1408
1415
1406
1429
1388
1403
1422
1433
1420
1412
1428
1466
1471
1410
1469
1465
1440
1447
1453
1423
1503
1485
1450
1474
1451
1451
1402
1400
1415
1413
1401
1407
1420
1441
1398
1438
1432
1438
1409
1447
1481
1429
1415
1431
1468
1501
1441
1478
1459
1438
1469
1440
1461
1427
1442
1438
1412
1430
1508
1463
1483
1466
1409
1452
1473
1460
1429
1411
1464
1440
1451
1468
1474
1425
1424
1443
1440
1451
1483
1439
1466
1463
1432
1475
1486
1503
1473
1477
1435
1426
1439
1433
1525
1463
1433
1462
1407
1416
1470
1478
1478
1465
1460
1485
1429
1421
1417
1421
1387
1441
1475
1471
1479
1447
1445
1464
1487
1489
1496
1444
1461
1479
1440
1415
1459
1436
1464
1473
1475
1487
1487
1468
1463
1470
1472
1531
1514
1460
1467
1475
1519
1472
1485
1495
1520
1467
1445
1456
1469
1466
1469
1501
1425
1462
1473
1467
1501
1471
1505
1447
1505
1501
1498
1431
1459
1410
1447
1444
1450
1464
1477
1527
1560
1526
1529
1525
1489
1515
1478
1482
1548
1497
1516
1488
1470
1470
1483
1489
1481
1546
1511
1501
1552
1502
1543
1517
1514
1547
1530
1522
1511
1476
1566
1555
1511
1528
1520
1558
1552
1519
1574
1563
1599
1507
1559
1584
1564
1562
1560
1610
1573
1599
1574
1587
1575
1572
1582
1566
1530
1525
1534
1528
1508
1520
1524
1529
1531
1482
1500
1456
1436
1457
1497
1488
1496
1511
1480
1533
1533
1514
1533
1485
1479
1472
1509
1469
1476
1503
1501
1475
1515
1468
1497
1471
1467
1487
1425
1480
1456
1461
1425
1400
1501
1533
1502
1515
1558
1549
1570
1485
1574
1560
1589
1537
1540
1487
1459
1481
1515
1500
1509
1526
1508
1532
1527
1479
1510
1524
1531
1462
1534
1509
1559
1515
1501
1549
1516
1528
1502
1502
1510
1505
1519
1508
1481
1580
1543
1500
1556
1541
1543
1530
1541
1555
1503
1503
1501
1485
1454
1461
1394
1402
1431
1468
1410
1443
1444
1452
1428
1483
1500
1483
1490
1473
1461
1460
1499
1477
1478
1503
1518
1509
1544
1542
1514
1495
1450
1492
1512
1481
1502
1525
1474
1497
1480
1530
1536
1530
1525
1478
1475
1441
1430
1493
1462
1466
1518
1534
1492
1530
1541
1478
1477
1493
1529
1496
1533
1525
1479
1474
1475
1480
1499
1458
1491
1509
1482
1493
1527
1503
1448
1495
1480
1492
1455
1480
1509
1496
1475
1521
1527
1530
1513
1521
1556
1552
1547
1566
1524
1554
1495
1528
1518
1531
1498
1482
1585
1493
1509
1499
1512
1491
1498
1522
1465
1500
1500
1491
1542
1522
1503
1514
1502
1494
1518
1533
1553
1557
1597
1588
1557
1611
1588
1569
1602
1583
1596
1539
1507
1535
1466
1489
1513
1513
1539
1514
1541
1542
1592
1537
1596
1583
1551
1598
1552
1575
1529
1540
1527
1559
1576
1604
1589
1567
1569
1576
1574
1621
1520
1585
1534
1580
1583
1584
1568
1579
1571
1570
1547
1563
1583
1496
1544
1431
1487
1462
1431
1405
1429
1399
1366
1421
1424
1426
1421
1442
1421
1438
1469
1456
1488
1466
1492
1440
1435
1416
1472
1456
1414
1411
1426
1399
1427
1382
1391
1286
1356
1390
1409
1377
1423
1389
1403
1389
1425
1423
1391
1401
1382
1363
1365
1432
1432
1405
1409
1402
1423
1400
1425
1423
1386
1427
1401
1419
1394
1393
1385
1401
1449
1441
1391
1429
1402
1396
1388
1413
1377
1413
1421
1405
1393
1421
1410
1397
1425
1447
1435
1447
1479
1429
1443
1447
1490
1435
1418
1480
1488
1468
1496
1455
1468
1484
1521
1494
1464
1483
1503
1418
1488
1481
1445
1455
1493
1473
1483
1472
1473
1467
1452
1449
1427
1494
1434
1417
1450
1445
1425
1411
1448
1440
1454
1525
1448
1482
1473
1464
1457
1472
1476
1475
1498
1460
1458
1463
1491
1484
1458
1467
1479
1443
1458
1478
1482
1438
1476
1441
1462
1449
1463
1443
1446
1449
1449
1451
1467
1452
1444
1451
1472
1464
1427
1438
1422
1459
1452
1409
1471
1464
1441
1452
1447
1449
1431
1476
1479
1423
1484
1483
1480
1475
1462
1513
1507
1498
1516
1516
1504
1503
1564
1559
1590
1597
1558
1583
1609
1581
1622
1607
1593
1674
1628
1579
1621
1606
1602
1636
1594
1548
1514
1555
1584
1467
1550
1516
1494
1538
1514
1506
1450
1531
1509
1510
1494
1494
1531
1550
1531
1505
1544
1528
1520
1531
1511
1493
1548
1526
1522
1545
1537
1506
1485
1480
1497
1496
1495
1463
1511
1504
1504
1494
1520
1502
1517
1563
1484
1513
1558
1504
1473
1503
1491
1447
1452
1394
1418
1417
1445
1408
1348
1435
1436
1383
1420
1412
1455
1409
1380
1421
1439
1460
1402
1423
1432
1445
1512
1494
1436
1405
1422
1441
1447
1440
1380
1381
1386
1440
1445
1397
1417
1477
1503
1467
1451
1444
1479
1431
1385
1438
1416
1369
1408
1423
1422
1463
1426
1452
1432
1474
1483
1483
1442
1458
1441
1456
1482
1446
1416
1443
1439
1438
1436
1495
1482
1478
1435
1441
1494
1443
1475
1480
1511
1527
1508
1520
1494
1506
1499
1533
1534
1567
1521
1545
1544
1527
1557
1570
1551
1538
1550
1538
1489
1487
1504
1534
1520
1518
1533
1501
1529
1492
1532
1550
1508
1551
1476
1534
1522
1567
1517
1531
1534
1527
1492
1553
1551
1596
1607
1527
1538
1554
1578
1560
1510
1497
1469
1525
1488
1495
1439
1476
1450
1486
1529
1503
1522
1455
1453
1460
1486
1477
1484
1422
1470
1450
1435
1495
1475
1437
1491
1454
1507
1465
1529
1467
1453
1458
1469
1446
1472
1511
1462
1455
1465
1446
1436
1464
1484
1532
1487
1562
1451
1507
1483
1470
1496
1485
1478
1485
1460
1474
1525
1512
1454
1520
1512
1499
1485
1488
1464
1459
1490
1486
1523
1495
1509
1538
1528
1541
1524
1554
1534
1510
1481
1466
1425
1477
1436
1466
1393
1433
1496
1450
1486
1444
1485
1476
1489
1465
1414
1440
1557
1538
1531
1481
1506
1510
1450
1491
1517
1543
1545
1519
1531
1599
1557
1549
1518
1522
1567
1548
1539
1538
1499
1530
1429
1484
1465
1481
1502
1537
1493
1485
1508
1477
1530
1481
1516
1516
1528
1527
1527
1496
1551
1561
1520
1529
1530
1537
1516
1517
1477
1503
1508
1510
1509
1530
1495
1542
1546
1551
1525
1564
1567
1564
1528
1476
1512
1492
1485
1532
1515
1538
1517
1553
1581
1625
1532
1520
1546
1572
1556
1559
1522
1524
1464
1477
1480
1464
1505
1461
1522
1521
1496
1499
1542
1520
1519
1552
1562
1510
1536
1534
1493
1520
1503
1489
1511
1508
1506
1544
1549
1501
1554
1522
1587
1540
1559
1529
1555
1549
1513
1523
1457
1500
1516
1572
1530
1576
1529
1512
1517
1552
1555
1506
1454
1531
1504
1473
1483
1428
1435
1467
1523
1510
1507
1511
1524
1497
1527
1507
1501
1511
1504
1525
1502
1496
1519
1529
1501
1526
1478
1541
1510
1541
1537
1515
1478
1523
1493
1472
1510
1473
1492
1442
1457
1469
1464
1471
1553
1518
1555
1498
1490
1536
1480
1498
1519
1502
1503
1500
1548
1502
1528
1532
1517
1522
1509
1584
1576
1532
1512
1463
1448
1532
1511
1536
1518
1493
1532
1566
1517
1547
1564
1567
1504
1523
1557
1528
1495
1492
1542
1583
1534
1554
1554
1553
1542
1523
1501
1510
1465
1462
1495
1530
1478
1435
1480
1510
1523
1505
1492
1467
1484
1498
1462
1476
1457
1467
1467
1441
1441
1503
1455
1470
1509
1489
1468
1453
1462
1427
1501
1462
1464
1485
1467
1456
1424
1488
1433
1428
1436
1479
1455
1441
1443
1420
1440
1422
1502
1531
1493
1476
1504
1520
1511
1522
1470
1472
1442
1481
1424
1428
1428
1432
1475
1449
1421
1437
1448
1439
1444
1464
1505
1495
1541
1520
1517
1517
1558
1556
1543
1564
1502
1495
1484
1481
1515
1486
1511
1502
1469
1473
1473
1528
1523
1496
1497
1534
1525
1521
1495
1518
1485
1508
1483
1519
1498
1477
1494
1449
1470
1517
1529
1490
1502
1457
1482
1500
1529
1531
1532
1496
1515
1554
1486
1504
1499
1506
1516
1489
1492
1504
1496
1526
1517
1501
1473
1508
1469
1494
1494
1532
1548
1565
1549
1568
1527
1547
1563
1574
1543
1506
1557
1525
1522
1530
1526
1505
1469
1496
1513
1491
1478
1478
1485
1492
1487
1466
1519
1521
1493
1522
1526
1505
1535
1528
1505
1497
1529
1508
1514
1478
1500
1477
1489
1582
1520
1531
1568
1544
1528
1519
1548
1534
1566
1531
1545
1542
1533
1573
1547
1533
1554
1550
1507
1540
1530
1559
1550
1581
1535
1554
1588
1568
1588
1597
1575
1607
1620
1599
1632
1542
1636
1632
1554
1616
1565
1550
1553
1531
1553
1608
1616
1572
1595
1545
1571
1579
1532
1551
1586
1581
1576
1535
1538
1556
1525
1523
1522
1502
1487
1487
1478
1496
1471
1456
1550
1459
1483
1480
1416
1414
1423
1436
1441
1463
1479
1438
1449
1413
1413
1378
1441
1498
1373
1431
1449
1406
1426
1447
1447
1419
1473
1428
1437
1432
1425
1420
1445
1458
1416
1446
1439
1404
1429
1372
1399
1421
1420
1391
1419
1361
1418
1406
1392
1412
1412
1421
1480
1475
1466
1422
1442
1459
1465
1419
1422
1407
1436
1394
1447
1391
1427
1362
1377
1416
1422
1414
1403
1433
1442
1429
1441
1468
1460
1388
1428
1416
1472
1477
1451
1490
1560
1546
1520
1509
1510
1447
1401
1382
1432
1341
1391
1408
1408
1444
1429
1410
1420
1426
1423
1384
1339
1447
1420
1449
1423
1486
1437
1442
1485
1433
1485
1424
1447
1443
1422
1421
1477
1431
1420
1402
1404
1430
1387
1427
1435
1437
1418
1425
1416
1399
1415
1431
1407
1442
1444
1465
1479
1462
1460
1478
1505
1509
1474
1512
1494
1477
1497
1511
1513
1504
1505
1491
1457
1474
1505
1505
1521
1501
1522
1517
1536
1498
1487
1484
1492
1458
1530
1486
1498
1496
1554
1527
1568
1537
1573
1539
1527
1497
1439
1438
1448
1489
1493
1485
1506
1450
1428
1460
1453
1472
1434
1387
1424
1447
1414
1473
1454
1476
1478
1485
1530
1476
1461
1478
1444
1478
1458
1446
1472
1484
1452
1469
1499
1454
1504
1497
1460
1445
1494
1457
1414
1462
1436
1424
1449
1463
1488
1488
1482
1527
1459
1480
1488
1423
1463
1468
1533
1518
1541
1546
1489
1533
1491
1470
1521
1485
1476
1495
1522
1526
1511
1535
1519
1545
1501
1475
1520
1503
1455
1501
1482
1492
1508
1493
1459
1507
1520
1501
1503
1483
1466
1474
1431
1443
1449
1419
1453
1396
1421
1454
1423
1535
1457
1457
1475
1426
1471
1534
1458
1467
1520
1485
1528
1557
1549
1520
1520
1529
1563
1526
1618
1614
1571
1574
1572
1548
1598
1553
1584
1522
1560
1586
1523
1484
1511
1508
1526
1487
1515
1454
1475
1456
1469
1521
1541
1481
1479
1511
1555
1548
1551
1501
1501
1486
1522
1464
1525
1531
1518
1519
1491
1504
1532
1548
1496
1457
1483
1520
1495
1466
1493
1549
1499
1507
1491
1492
1489
1476
1481
1501
1495
1475
1470
1490
1521
1477
1515
1531
1500
1549
1509
1482
1497
1486
1528
1536
1509
1505
1519
1518
1497
1540
1520
1511
1462
1494
1530
1528
1545
1514
1541
1545
1521
1495
1527
1518
1506
1496
1492
1516
1488
1427
1483
1509
1479
1476
1541
1499
1520
1575
1534
1543
1522
1529
1534
1552
1483
1504
1534
1536
1536
1503
1524
1575
1519
1556
1577
1577
1514
1561
1557
1494
1534
1564
1565
1521
1544
1521
1535
1562
1528
1536
1542
1526
1530
1522
1539
1555
1593
1575
1539
1513
1490
1542
1515
1472
1474
1535
1482
1452
1517
1475
1506
1511
1519
1549
1518
1545
1579
1571
1551
1546
1522
1557
1542
1530
1587
1520
1511
1549
1539
1507
1518
1494
1557
1585
1541
1534
1543
1541
1513
1500
1518
1521
1514
1528
1525
1443
1475
1450
1492
1487
1456
1499
1464
1486
1474
1500
1510
1464
1491
1434
1449
1445
1467
1402
1418
1381
1425
1485
1444
1455
1505
1518
1494
1452
1526
1499
1500
1523
1472
1434
1483
1482
1475
1523
1473
1467
1519
1514
1492
1483
1476
1486
1489
1437
1478
1499
1475
1496
1472
1504
1467
1493
1489
1450
1455
1478
1477
1517
1531
1493
1500
1494
1456
1479
1444
1403
1474
1439
1466
1528
1529
1514
1509
1530
1527
1513
1516
1507
1473
1495
1507
1518
1536
1478
1486
1408
1483
1455
1468
1466
1488
1527
1477
1428
1501
1440
1536
1486
1488
1446
1479
1491
1498
1463
1523
1524
1488
1510
1517
1518
1492
1493
1502
1429
1513
1482
1491
1488
1499
1462
1460
1476
1491
1538
1516
1536
1507
1533
1488
1520
1484
1555
1490
1481
1472
1483
1503
1483
1448
1478
1463
1436
1451
1477
1464
1380
1491
1497
1517
1471
1518
1501
1513
1528
1470
1482
1535
1558
1562
1506
1543
1563
1587
1616
1533
1518
1504
1568
1574
1538
1536
1590
1585
1525
1602
1583
1597
1603
1640
1597
1573
1557
1582
1561
1572
1544
1606
1598
1581
1553
1600
1535
1549
1554
1564
1592
1541
1526
1525
1548
1512
1518
1575
1544
1569
1544
1538
1552
1516
1558
1564
1534
1497
1519
1465
1526
1514
1462
1453
1426
1438
1438
1441
1460
1459
1483
1467
1477
1460
1458
1443
1487
1436
1404
1377
1428
1419
1396
1395
1412
1400
1441
1430
1422
1415
1433
1447
1415
1429
1418
1419
1444
1465
1452
1447
1429
1421
1462
1451
1494
1396
1421
1437
1424
1418
1427
1429
1402
1430
1400
1440
1422
1410
1393
1396
1434
1407
1395
1439
1454
1420
1451
1420
1474
1457
1471
1508
1475
1464
1483
1497
1423
1444
1473
1504
1481
1546
1550
1526
1520
1531
1542
1499
1519
1472
1436
1432
1371
1383
1390
1423
1377
1343
1328
1364
1357
1419
1405
1431
1408
1443
1432
1415
1407
1424
1389
1467
1423
1424
1413
1433
1429
1458
1458
1428
1422
1427
1423
1391
1412
1433
1459
1488
1488
1473
1521
1544
1552
1502
1458
1472
1495
1457
1487
1495
1546
1521
1498
1464
1486
1462
1479
1485
1462
1489
1530
1525
1499
1498
1501
1515
1507
1457
1510
1558
1570
1516
1555
1525
1503
1459
1503
1523
1526
1498
1516
1483
1480
1459
1481
1439
1451
1434
1452
1473
1445
1458
1473
1475
1394
1421
1400
1444
1443
1472
1476
1503
1534
1518
1536
1525
1473
1455
1477
1499
1491
1468
1505
1471
1467
1429
1496
1474
1494
1438
1512
1464
1460
1455
1415
1396
1453
1488
1441
1458
1451
1456
1452
1436
1480
1529
1441
1475
1440
1508
1502
1480
1438
1446
1528
1525
1495
1508
1526
1479
1453
1467
1493
1476
1450
1422
1442
1462
1417
1470
1452
1468
1476
1438
1482
1480
1471
1468
1463
1473
1467
1447
1402
1450
1466
1415
1463
1477
1454
1480
1480
1451
1460
1507
1475
1483
1486
1496
1480
1504
1545
1509
1489
1524
1512
1497
1497
1513
1505
1523
1443
1513
1501
1508
1558
1547
1515
1469
1508
1460
1466
1469
1475
1507
1512
1579
1519
1546
1501
1516
1520
1576
1550
1552
1517
1544
1563
1573
1561
1509
1537
1532
1579
1546
1560
1580
1512
1578
1543
1536
1530
1531
1549
1536
1561
1599
1520
1522
1523
1538
1530
1455
1534
1507
1523
1538
1504
1532
1511
1516
1508
1521
1557
1536
1508
1513
1516
1532
1537
1506
1543
1563
1523
1505
1507
1566
1559
1552
1531
1533
1529
1554
1535
1537
1567
1573
1563
1554
1580
1582
1613
1574
1583
1581
1554
1566
1560
1508
1512
1558
1576
1580
1584
1573
1572
1598
1587
1628
1582
1541
1626
1586
1630
1584
1614
1562
1549
1506
1553
1569
1556
1551
1574
1569
1551
1552
1584
1527
1557
1590
1614
1557
1545
1512
1534
1587
1577
1588
1598
1574
1629
1588
1584
1547
1577
1588
1573
1571
1610
1589
1589
1603
1569
1544
1564
1537
1544
1568
1559
1574
1580
1525
1584
1575
1581
1579
1594
1579
1557
1583
1579
1582
1546
1583
1542
1580
1582
1555
1542
1570
1525
1619
1560
1595
1563
1565
1595
1553
1580
1593
1543
1555
1603
1563
1585
1589
1577
1551
1604
1602
1560
1587
1575
1563
1557
1561
1582
1572
1596
1583
1582
1582
1571
1623
1593
1606
1585
1571
1584
1581
1587
1594
1586
1560
1598
1553
1580
1592
1559
1568
1560
1593
1557
1584
1575
1607
1544
1579
1577
1586
1624
1612
1594
1616
1594
1590
1629
1591
1632
1632
1609
1602
1597
1604
1596
1571
1606
1588
1587
1568
1580
1572
1558
1530
1528
1510
1489
1512
1483
1513
1488
1497
1482
1497
1554
1567
1574
1616
1590
1590
1598
1522
1565
1524
1587
1546
1551
1533
1583
1563
1604
1540
1583
1525
1569
1576
1578
1545
1554
1608
1557
1555
1565
1544
1539
1577
1560
1584
1577
1547
1564
1542
1530
1546
1551
1553
1561
1590
1545
1577
1528
1531
1555
1558
1526
1527
1552
1541
1539
1526
1598
1528
1512
1559
1561
1527
1584
1552
1614
1545
1557
1561
1568
1527
1574
1566
1594
1525
1545
1539
1556
1559
1561
1520
1566
1579
1567
1571
1538
1592
1545
1555
1526
1540
1571
1579
1588
1565
1526
1566
1575
1601
1573
1521
1553
