45868      16552
45720      16562
45292      16486
45688      16570
45493      16458
45124      16350
44943      16244
44744      16297
44653      16263
44652      16137
45047      16275
44669      16144
45156      16311
44684      16280
44511      16175
43819      15807
43979      15610
45560      16129
45561      16116
45243      16071
45283      16106
44846      15899
44871      15798
43937      15680
43849      15618
43945      15574
43465      15527
43459      15410
43672      15510
43329      15476
43728      15537
43809      15568
44003      15598
44253      15619
43895      15552
44383      15634
44544      15817
45444      15953
46266      15930
46508      15859
46702      15923
46884      15992
46646      15834
46924      15797
46780      15824
46730      15828
46657      15794
46418      15634
46944      15735
46779      15734
46619      15761
46841      15724
46830      15724
46548      15632
46608      15670
46546      15602
46769      15672
46571      15696
46443      15636
46707      15694
46647      15759
46664      15631
46560      15706
46468      15748
46724      15854
46673      15765
46934      15654
46890      15700
46459      15586
46948      15667
46613      15619
46672      15614
46774      15591
46583      15507
46354      15757
46326      15711
46448      15687
46551      15794
46543      15717
46362      15568
46561      15538
46694      15551
46484      15599
46513      15581
46455      15429
46712      15397
46701      15550
46735      15390
46600      15380
46640      15276
46501      15330
46552      15514
46683      15716
46612      15659
46645      15588
46415      15736
46453      15743
46711      15921
46559      15922
47050      15931
46553      15833
46742      15672
46691      15642
46478      15422
46322      15341
46410      15222
46435      15349
46415      15198
46647      15245
46733      15275
46589      15193
46843      15284
46618      15215
46475      15223
46898      15149
46692      15062
46692      15180
46667      15256
46778      15137
46513      15076
46608      15222
46658      15380
46580      15238
46262      15175
46657      15264
46360      15151
46420      15251
46481      15257
46313      15185
46382      15201
46426      15147
46400      15195
46220      15125
46141      15192
46014      15143
46158      15215
46130      15082
46150      15211
45985      15119
46140      15178
46227      15203
46041      15156
46323      15196
46077      15011
46149      15041
46197      15114
46053      15208
45944      15089
45966      15151
46103      15123
45872      15074
46029      15064
46203      15207
46123      15125
45915      15155
46012      15192
45992      15273
46212      15228
45975      15215
45849      15227
45794      15254
45914      15132
46033      15156
46217      15268
46207      15314
46166      15369
46187      15230
46131      15226
45945      15211
45854      15275
45847      15330
45841      15070
45723      15430
45966      15205
45969      15523
45974      15605
45975      15593
45987      15745
45910      15774
45876      15936
45830      15820
46012      15827
46099      15847
45769      15844
46028      15867
46217      15903
46296      15849
46331      15933
45927      16016
46037      15740
46151      15948
45747      15926
45984      15849
45992      15868
45868      15835
45909      15957
46132      16103
46026      15916
46168      15812
46212      16113
45913      15946
46033      15895
45956      16090
46075      16086
46049      16121
45869      16201
45893      16195
46201      16216
46155      16324
46046      16310
45950      16176
46175      16317
45902      16213
46102      16351
45989      16316
46105      16365
45945      16225
46071      16467
46026      16436
46409      16547
45830      16320
45800      16405
45993      16669
45950      16479
46094      16533
46124      16638
46087      16546
46150      16660
45986      16623
46002      16640
46016      16713
46203      16750
46049      16725
45878      16634
46105      16785
45715      16626
46197      16630
46163      16781
45763      16790
46152      16778
45933      16813
45832      16768
45925      16742
45867      16819
46059      16763
45887      16885
45930      16970
46053      16827
45627      16682
45657      16749
45907      16787
46019      16831
45993      16848
45999      16715
46079      16771
46219      16987
45979      16909
45769      17021
45808      17208
45945      17077
46003      17188
46061      17301
46384      16799
46308      16658
46517      16606
46237      16356
46769      16328
45955      16174
45589      16702
45627      17190
45662      17024
45701      17233
45826      17169
46086      16570
45805      16374
45926      16796
46007      16866
46154      16922
45949      16812
45798      16836
45927      16787
45737      16858
45736      16903
45677      16880
45931      16851
45896      17025
45693      16940
45666      17020
45761      17195
45717      16978
45753      17041
45654      17118
45770      17002
45893      17044
46174      17026
45927      17075
45924      17401
45719      17530
45891      17333
46140      17081
45797      16976
46011      17249
45652      17067
45894      17053
45832      17084
45908      17042
45963      17012
46014      16947
45972      17015
45988      16949
45700      16816
45793      16893
45718      16891
45950      16918
45779      17008
45945      17092
45774      16986
45812      16917
45879      17099
45723      16875
45812      16756
45573      16873
45871      16870
45776      16736
45772      16646
45709      16590
45704      16735
45703      16764
45630      16529
45352      16465
45716      16715
45948      16751
45802      16640
45643      16510
45596      16400
45682      16517
45496      16471
45788      16567
45550      16435
45730      16453
45779      16308
44901      16402
44690      16219
45620      16442
45794      16397
45889      16354
46091      16542
45661      16470
45839      16503
45802      16807
45990      16840
46110      16735
46257      16721
46004      16581
46235      16676
46213      16730
45943      16594
46297      16543
43355      16063
45010      16462
46096      16260
45853      16373
45792      16418
46117      16481
46075      16407
46174      16394
46140      16495
45974      16554
45880      16354
45965      16398
46005      16407
46077      16395
46173      16348
45994      16228
46189      16329
45787      16253
46056      16124
45840      16067
45977      16210
46048      16184
46111      16176
46069      16102
45977      16144
45996      16050
45924      15960
45968      15966
45766      15819
46081      15972
45957      15837
45899      16020
45796      15939
45860      15946
45988      16005
45940      16074
45845      15907
45948      16167
45854      16040
45916      16211
45850      16008
46159      16241
46276      16375
46209      16434
46092      16444
46323      16516
46050      16523
46305      16513
46087      16495
45976      16486
45858      16373
46140      16302
46057      16122
46193      16205
46095      16000
45905      16032
45930      15903
45894      15810
46087      15687
45712      15848
45923      15895
45916      15722
46127      15849
45912      16038
45957      15870
46023      15988
45971      15836
45592      15813
45833      15962
45849      16127
45684      16018
45897      16117
45787      16143
46024      16222
45819      16224
45751      16074
45690      16068
45925      16325
45925      16230
46177      16354
45784      16172
45958      16231
45866      16043
45751      15946
46069      16091
45849      15894
46280      15954
45649      15913
45961      15827
45704      15722
45909      15950
45700      15926
45868      15873
45729      15748
45926      15935
45720      15752
45898      15659
45790      15575
46023      15950
46133      15900
45869      15814
45921      15798
46112      15601
45965      15649
45816      15739
46102      15806
45741      15689
46063      15794
45675      15663
45918      15516
46237      15507
45834      15502
46353      15674
46215      15478
46422      15615
46476      15771
46400      15818
46603      15864
46510      15806
46419      15978
46445      15838
46603      15938
46272      15823
46694      15969
46381      16163
46322      16058
46379      15949
46323      16107
46651      15789
46490      15881
46551      16286
46794      16023
46407      15978
46331      15779
46419      15634
46549      15630
46000      15635
46659      15788
46518      15648
46742      15704
46390      15506
46588      15612
46519      15861
46539      15668
46102      15742
46894      15796
46522      15824
46755      15982
46582      15977
46146      15968
46685      16145
46483      16123
46671      16121
46307      15908
46634      15980
46459      15967
46474      15956
46425      15994
46820      15998
46578      15976
46582      15928
46503      15968
46862      16017
46665      16016
46603      15935
46425      15905
46396      15901
46412      15945
46368      15843
46828      16005
46423      15867
46758      15999
46361      15862
46899      15995
46896      16058
46347      15813
46349      15839
46639      15899
46745      15873
46792      15963
46309      15859
46451      15850
46828      15956
46262      15745
46330      15855
46568      15956
46305      15836
46430      15672
46347      15635
46390      15660
46389      15646
46355      15589
46405      15817
46471      15759
46261      15536
46398      15626
46150      15753
46494      15763
46466      15768
46277      15648
46397      15686
46377      15814
46278      15828
46287      15867
46174      15669
46380      15812
46626      16043
46741      15947
46640      16019
46577      15885
46714      15834
46622      15860
46573      15848
46442      15830
46817      15803
46585      15744
46609      15787
46582      15724
46479      15786
46418      15818
46572      15828
46679      15899
46350      15771
46375      15712
46495      15853
46876      15894
46433      15689
46483      15725
46457      15742
46717      15786
46525      15820
46645      15699
46743      15639
46714      15660
46502      15570
46395      15428
46546      15426
46397      15384
46599      15458
46501      15621
46791      15525
46613      15614
46340      15481
46649      15517
46622      15372
46173      15184
46088      15314
46136      15282
46328      15217
46188      15428
45962      15401
46217      15430
46144      15531
46114      15645
45896      15510
45658      15793
45797      15834
45825      15777
46040      15762
46121      15763
46004      15831
46121      15867
45771      15706
46101      15667
45979      15610
46087      15484
45901      15584
46091      15694
46065      15647
46041      15524
46013      15407
46099      15362
46088      15331
46324      15185
46103      15241
45970      15212
46083      15327
46126      15064
46141      15190
46013      15213
46047      15263
45959      15247
45875      15229
46049      15392
45983      15387
46152      15465
45743      15309
46082      15543
45885      15524
45869      15412
46064      15584
45695      15444
45911      15568
45973      15576
45897      15697
45960      15778
46057      15531
45786      15602
45915      15682
45725      15662
45982      15763
46157      15611
46175      15918
46137      15844
46205      15774
45849      15647
46193      15845
46010      15896
46002      15780
46144      16026
46322      16072
46328      16034
46001      16121
46324      16021
46299      16081
46139      16034
46196      16070
46523      16155
46459      16304
46235      16153
46312      16295
46493      16373
46427      16300
46405      16293
46328      16436
46308      16375
46376      16345
46110      16114
46354      16240
45365      16070
46347      16267
46149      16052
46365      16193
46306      16197
46459      16223
46290      16211
46237      16044
45995      16088
46096      16210
45937      16082
45994      16232
45707      16138
45748      16248
45928      16249
45805      16299
45645      16381
45496      16114
45858      16238
45633      16213
45749      16119
45842      16036
45491      16067
45881      16061
45634      16052
45980      16137
45607      16225
45576      15993
45386      16036
45324      16184
45490      15988
45338      16270
45518      16328
45548      16234
45668      16411
45435      16328
45723      16323
45595      16418
45809      16403
45682      16476
45797      16570
45937      16463
45753      16462
45625      16373
45966      16415
45755      16325
45769      16446
45641      16302
45538      16355
45795      16303
45825      16167
45732      16329
45437      16250
45887      16375
45505      16242
45337      16071
45700      16166
45726      16192
45882      16364
45528      16193
45728      16295
45699      16309
45936      16319
45970      16362
46036      16425
45825      16467
45994      16601
46213      16644
46212      16482
45680      16468
46080      16573
45967      16504
46038      16490
46000      16519
46205      16516
45887      16347
46135      16276
45793      16332
46096      16456
45880      16327
45969      16250
46041      16316
45921      16115
45970      16133
46113      16179
45704      16053
45833      16020
45847      16167
45724      16374
46209      16351
45803      16288
46021      16369
45681      16148
45746      16308
45594      16266
45849      16408
45444      16302
45551      16349
45935      16433
45831      16266
45754      16312
45704      16319
45472      16217
45760      16372
45598      16279
45559      16370
45563      16212
45320      16122
45495      16130
45463      16257
45513      16184
45443      16362
45542      16313
45564      16366
44656      16244
45589      16336
45497      16347
45637      16305
45880      16382
45619      16245
45630      16328
45548      16449
45833      16519
45781      16476
45783      16541
45714      16312
45714      16554
45578      16598
45576      16491
45549      16610
45829      16718
45425      16565
45677      16710
45575      16865
45987      16978
46058      16920
45792      16860
46135      16983
45916      17129
46086      17166
46169      17071
46196      16858
45722      16832
46168      17100
45972      17193
46307      17304
46123      17173
46086      17360
46127      17405
46179      17474
46198      17467
45892      17275
46047      17388
45962      17349
45841      17444
45962      17337
46128      17386
46091      17365
45562      17227
46372      17342
46073      17210
45856      17184
46008      17242
46204      17300
46025      17275
46034      17369
46224      17444
45837      17395
45968      17300
46188      17368
45806      17293
45762      17281
46016      17343
45578      17312
46018      17474
45657      17367
46172      17427
45993      17555
45686      17461
46035      17522
46062      17582
45868      17458
45916      17305
46110      17218
45993      17258
45755      17104
45813      17099
45636      16970
46029      17015
45959      17175
45843      17090
45887      17148
46017      17194
45791      17052
45815      17207
46026      17178
46057      17242
45881      17167
45961      17276
45933      17379
45935      17329
46079      17422
46268      17531
45980      17612
46096      17462
46383      17584
45744      17440
45790      17452
45594      17380
45850      17243
45908      17144
45954      17104
45868      17017
45750      16855
45812      16563
45988      16595
45533      16270
45746      16506
45362      16212
45406      16330
45684      16406
45577      16449
45205      16690
45337      16712
45468      16634
45810      16594
45772      16594
45521      16574
45351      16729
45376      16671
45648      16783
45473      16737
45623      16800
45196      16513
45423      16437
45491      16583
45298      16547
45424      16642
45223      16452
45376      16469
45696      16580
45699      16553
45706      16531
45599      16539
45354      16490
45649      16631
45784      16530
45891      16544
45932      16436
45849      16426
45806      16267
46066      16430
45647      16260
45715      16282
45714      16638
45473      16691
45685      16680
45975      16905
45849      16817
46019      16764
45861      16642
45776      16750
45786      16673
45968      16681
45931      16670
46054      16679
45950      16585
46156      16533
45439      16523
45874      16495
46059      16287
46036      16521
46012      16579
46096      16282
45929      16312
45934      16267
45907      16326
46056      16303
45805      16336
46026      16328
45819      16141
45563      16258
45762      16340
45786      16295
45720      16153
45562      16186
45872      16338
45918      16248
45753      16290
46018      16361
46009      16317
45866      16220
45928      16300
45665      16179
46034      16129
46068      16236
46192      16345
45870      16109
45833      16176
46030      16167
45804      16058
45840      16035
45817      15986
45712      15895
46009      16008
45673      16038
45879      15922
45780      15911
45889      15929
45993      15886
46102      15924
46106      16009
46181      16264
46309      16220
46178      16265
45930      16247
45990      16190
46033      16178
46225      16371
45844      16219
45948      16175
45644      16005
45646      15837
45836      16011
45884      15979
45651      16071
45617      15835
45641      15899
45568      15912
45923      15935
45833      15799
45721      15837
46256      15995
45989      15981
45794      16000
46102      15969
45949      15995
46014      16088
45624      15802
45871      16265
45866      15928
46388      15954
45710      15908
45767      15738
46003      16082
46153      15903
45899      15961
45808      16091
45957      16076
45741      15954
45929      16185
45751      16185
46026      16305
45675      16251
46100      16371
45933      16240
45969      16280
45943      16260
46016      16366
45995      16300
45986      16357
45832      16184
46147      16444
46056      16360
46036      16286
46070      16339
46023      16223
46040      16373
45933      16198
46091      16275
46074      16292
45987      16162
46199      16339
46096      16244
46158      16387
46293      16291
46361      16369
46116      16242
46214      16163
45889      16124
46471      16301
46036      16092
46112      16081
46059      16083
46168      16049
46097      15913
46032      16074
46188      15957
46304      16138
46447      16330
46354      16219
46435      16101
46439      16108
46500      15844
46135      15942
46684      15886
46301      15965
46178      15932
46348      16022
46344      15976
46373      15963
46337      16031
46482      15848
46514      15889
46286      15993
46376      15940
46238      15843
46201      15911
46283      15783
46090      15770
46250      15807
46246      15977
46494      16095
46342      15983
46601      15899
46361      15860
46683      15883
46193      15649
46154      15570
46213      15626
46409      15656
46155      15378
46655      15499
46632      15597
46641      15456
46487      15461
46556      15508
46561      15559
46603      15621
46617      15508
46015      15342
46414      15344
46633      15383
46597      15526
46503      15689
46427      15666
46308      15719
46286      15834
46496      15960
46801      15829
46616      15902
46418      15838
46512      15917
46613      15928
46954      16114
46646      16058
46568      16111
46469      16078
46758      16182
46534      15991
46630      15985
46453      15943
46356      15805
46447      15712
46475      15725
46700      15737
46277      15668
46454      15805
46589      15939
46324      15846
46381      15747
46575      15800
46785      15851
46763      15840
46644      15751
46667      15941
46678      15922
46503      15990
47070      16250
46197      16037
46646      16210
47097      16368
46925      16188
45115      16036
46908      16136
46861      16139
46738      16098
46869      16057
46710      15981
46742      16104
46668      15991
46795      15974
46676      15980
46895      16099
46894      16152
46798      16027
46847      16059
46641      16119
46574      16059
46721      15871
46599      15909
46619      15977
46792      15880
46787      15895
46650      15881
46803      16084
46675      15937
46392      15972
46578      15913
47035      15964
46872      15943
46794      15840
46612      15885
47099      15927
46491      15749
46566      15755
47016      15902
46714      15871
46635      15768
46838      15903
46662      15947
46705      15840
46630      15784
46527      15801
46745      15859
46570      15847
46618      15873
46816      15993
46781      16020
46722      15985
46677      15849
46544      15646
46687      15738
46725      15681
46691      15792
46418      15725
46776      15828
46538      15837
46714      15871
46941      15898
46604      15857
46635      15931
46838      15815
46821      15846
46700      15683
46907      15644
46531      15552
46490      15602
46274      15645
46545      15483
46156      15436
46387      15506
46446      15516
46449      15483
46385      15520
46456      15443
46705      15506
46381      15389
46569      15456
46449      15377
46919      15479
46650      15431
46755      15395
46667      15415
46747      15444
46404      15377
46635      15620
46710      15700
46384      15611
46401      15796
46451      15830
46610      15800
46626      15730
46793      15799
46671      15826
46816      15819
46581      15720
46556      15600
46640      15724
46560      15690
46871      15725
46588      15732
46635      15743
46536      15718
46685      15782
46613      15829
46708      15702
46482      15647
46444      15636
46477      15701
46482      15649
46708      15757
46674      15801
46655      15799
46638      15774
46484      15717
46333      15743
46565      15711
46723      15709
46562      15761
46622      15756
46752      15749
46603      15830
46748      15716
46377      15667
46705      15736
46781      15681
46501      15755
46769      15703
46740      15751
46552      15599
46621      15711
46623      15682
46431      15544
46409      15528
46527      15674
46362      15751
46636      15853
46709      15762
46489      15672
46305      15558
46770      15749
46323      15572
46299      15617
46514      15713
46230      15532
46637      15660
46416      15567
46181      15569
46400      15690
46507      15703
46357      15559
46096      15497
46297      15568
46631      15734
46442      15639
46695      15679
46618      15744
46597      15678
46428      15641
46307      15500
46388      15375
46425      15393
46646      15456
46341      15484
46462      15301
46435      15271
46540      15137
46290      14908
46336      14941
45987      14893
46296      14832
46207      14789
46108      14761
46104      14800
46332      14719
46142      14592
46259      14614
46119      14413
46109      14553
46559      14625
46266      14540
46468      14380
46677      14396
46675      14339
46802      14487
47041      14661
46768      15031
46825      15430
46641      14995
46722      14647
46824      14135
46751      14276
46700      14641
46661      15077
46829      15320
46646      15460
46500      15384
46459      15402
46563      15132
46839      14990
46737      14847
46480      14848
46692      14877
46551      14946
46349      15041
46599      15171
46622      15304
46529      15174
46463      15372
46345      15351
46566      15380
46436      15362
46523      15398
46169      15447
46361      15459
46441      15414
46480      15581
46460      15415
46308      15341
46496      15464
46676      15635
46669      15589
46605      15566
46468      15375
46637      15500
46572      15515
46286      15490
46239      15475
46526      15518
46547      15486
46596      15526
46358      15628
46397      15661
46493      15554
46469      15460
46728      15515
46716      15555
46587      15581
46291      15639
46292      15615
46261      15492
46156      15545
46358      15661
45921      15589
45959      15655
46012      15778
46508      15905
46216      15749
46066      15688
46085      15508
46090      15368
46326      15129
46143      14990
46206      14977
46265      14908
46165      14922
46380      14815
46506      14906
46491      15011
46259      14871
46304      15011
46129      14959
46368      15008
46112      14903
45257      14779
46352      15049
45875      14905
46233      14905
46048      14914
46307      14984
46534      15165
46238      15033
46237      15357
46162      15368
46229      15423
46216      15509
46297      15538
46430      15585
46177      15647
46083      15775
46148      15784
46132      15698
46508      15793
45931      15643
46143      15637
46378      15743
46137      15718
46171      15714
46331      15740
46461      15770
46215      15732
46207      15757
46324      15768
46367      15752
46358      15723
46211      15555
46203      15566
45976      15500
46260      15449
46494      15552
46280      15546
46573      15450
46091      15429
46174      15455
46334      15450
46150      15339
46125      15610
46272      15465
46142      15340
46250      15505
46360      15561
46279      15459
46112      15555
46308      15375
46293      15430
46357      15425
46334      15358
46280      15480
46457      15398
46224      15452
46199      15519
46673      15507
46111      15557
46136      15494
46163      15422
46070      15606
46185      15527
45970      15583
45989      15586
46495      15699
46134      15587
46228      15444
46056      15663
46008      15563
46034      15776
45817      15658
46118      15614
45950      15790
45922      15822
46070      15744
46018      15857
45789      15742
46122      15697
45906      15632
45992      15737
46039      15875
45800      15762
45861      15594
45961      15932
46033      15653
46254      15910
46307      15947
46057      16222
46087      16314
46099      16157
46144      16231
46090      16365
45983      16337
45589      16332
45965      16450
46187      16579
46130      16551
45983      16343
45936      16417
45620      16271
45905      16508
45654      16399
45913      16179
45891      16194
45963      16177
45458      16183
45615      16059
45502      16043
45571      15949
45537      16039
45506      16084
45732      16084
45652      15979
45970      16029
45610      16190
45435      16158
45369      16079
45714      15879
45457      16076
45573      15977
45596      16094
45560      16093
45647      16013
45807      16138
45506      15907
45645      15973
45532      16133
45913      16101
45872      15967
45614      15999
45752      15987
45536      15811
45810      15974
45591      15867
45459      15875
45585      16058
45611      16038
45779      15974
45801      16117
45892      15929
45873      15986
45917      15965
45663      15940
45527      16095
45473      15871
45639      16062
45624      16242
45672      16209
45688      16257
45920      16374
45777      16355
46083      16544
45773      16382
45839      16490
45606      16278
45681      16179
46001      16250
45885      16055
45827      15891
45755      16013
45813      16105
45802      15996
45711      16042
45715      15961
45723      16069
45636      16019
45619      16022
45618      16033
45314      16047
45647      16092
45696      16116
45534      16099
45555      16056
45617      16060
45778      16197
45709      16240
45593      16229
45621      16247
45531      16267
45259      16095
45420      16196
45326      16296
45565      16285
45487      16214
45377      16279
45596      16248
45496      16273
45546      16267
45481      16190
45645      16279
45676      16399
45750      16442
45826      16248
45850      16337
45695      16347
45500      16276
45766      16451
45734      16435
45602      16356
45587      16269
45619      16301
45806      16482
45715      16538
45578      16351
45612      16342
45806      16581
45789      16512
45561      16361
45419      16276
45784      16461
45785      16443
45394      16353
45881      16432
45524      16362
45547      16564
45368      16714
45415      16639
45231      16374
45517      16393
45363      16593
45459      16803
45504      16532
45523      16483
45458      16821
45553      16803
45730      16767
45304      16853
45229      16858
45312      16816
45210      16952
45401      16998
45478      17027
45070      17039
45223      17104
45320      17095
45418      17035
45454      17069
45496      17157
45592      17210
45591      17187
45415      17061
45471      17046
45290      17012
45693      17021
45538      16916
45338      16820
45508      16796
45609      16844
45419      16855
45525      16794
45539      16752
45338      16795
45266      16831
45257      16828
45293      16787
45134      16737
45259      16611
45254      16667
45543      16858
45602      16626
45919      16732
45840      16699
45823      16588
45778      16893
45658      17077
45795      17258
45916      17129
46116      17353
46108      17038
45973      17231
46366      17594
45870      17462
45684      17282
46157      17460
45798      17459
46082      17479
46138      17654
46352      17426
45828      17340
45851      17402
46204      17340
45595      17342
45721      17500
45746      17485
45805      17546
45794      17621
46079      17733
45959      17641
45997      17700
45787      17491
46318      17547
46001      17515
45976      17301
46118      17265
45876      17247
45885      17172
46182      17133
46101      17057
46241      17022
46023      16943
45733      17019
46200      17164
46204      17131
46076      17155
46120      17142
46324      17196
45975      17023
45630      17079
45800      16957
45689      16751
45714      16792
45643      16898
45804      16832
45592      16861
45691      16832
45806      16826
45721      16712
45356      16634
45336      16679
45389      16722
44991      16582
45259      16606
45297      16785
45548      16777
45761      16756
45587      16691
45474      16684
45572      16852
45509      16969
45488      17113
45686      16887
46048      17038
45522      16965
45643      16952
45739      16947
45936      17217
45932      17350
45997      17259
45935      17397
45588      17151
45969      17243
46056      17194
45977      17436
46062      17217
45893      17084
46084      17217
46095      17267
46074      17148
46006      17169
45949      17197
46001      17173
45965      17086
46082      17012
45957      17131
45759      17201
46001      17193
45764      16987
46231      17106
45668      16930
45856      16975
45688      16967
45895      16868
45986      16961
46065      17032
45840      16857
45866      16925
45997      16976
46349      16970
46133      17047
45806      16903
45747      17030
45607      16944
45659      16948
46085      16979
45575      16891
46139      16971
45793      16930
45847      16840
45572      16724
45964      16776
45866      16534
45699      16648
45980      16676
45706      16612
45725      16592
45622      16624
45596      16551
45685      16453
45954      16462
45164      16358
45758      16583
45496      16337
45532      16312
45643      16296
45805      16469
45871      16453
46069      16655
46038      16688
46062      16789
46178      16872
45924      16774
45838      16754
45820      16681
45714      16805
45882      16743
45825      16705
46057      16666
45715      16582
45637      16469
45772      16430
45641      16427
45551      16424
45866      16305
45928      16278
45964      16356
46033      16424
45720      16280
45655      16405
45870      16385
45716      16347
45613      16410
45588      16268
46039      16368
46287      16464
45888      16512
45973      16489
45870      16452
45968      16382
45954      16305
45968      16393
46184      16386
45974      16287
45905      16328
46068      16448
45748      16475
45761      16635
45818      16493
45567      16499
45640      16447
46538      16420
46241      16313
46006      16108
46202      15925
45980      15796
46104      15796
46140      15763
46144      15609
46002      15586
46033      15495
46122      15695
46213      15762
45995      15559
45933      15913
46146      15957
46272      16000
46074      15923
46218      16000
46316      16202
46026      15998
46293      15993
46087      16032
46114      16062
46080      16089
46073      16028
46271      15933
46124      15970
46037      15941
46266      15884
45913      15862
46282      15918
46185      15841
45874      15600
46147      15626
45944      15628
46034      15610
45950      15592
45853      15505
45329      15767
46076      15781
45822      15747
45981      15863
46267      16034
46313      16138
46065      16164
45979      16047
46092      16012
46234      16224
46473      16355
46535      16081
45673      16015
46141      16047
46799      16063
45363      15853
45843      16035
45796      15915
45755      15885
45741      15988
45741      15897
45828      15913
45891      15824
45922      15870
46042      15973
46304      16207
46055      16086
46189      16054
46181      15981
46108      16049
46037      16106
46168      16119
46114      16116
46216      16068
46008      15941
46274      16147
45963      16075
45902      15907
46005      15945
46109      16126
46180      16059
46272      16227
45957      16198
46186      16156
46263      16244
46060      16167
46055      16224
46058      16249
46378      16361
45923      16385
46229      16550
45829      16393
45875      16534
45997      16513
46408      16620
46148      16593
46221      16484
46138      16476
46244      16528
46185      16395
46531      16583
46380      16607
46213      16518
46142      16486
46489      16398
46366      16513
46309      16400
46114      16290
46460      16423
46354      16428
46114      16338
46362      16232
46326      16313
46357      16282
46569      16313
46298      16266
46241      16298
46482      16253
46589      16391
46398      16353
46393      16386
46543      16318
46694      16329
46590      16273
46053      16215
46229      16168
46202      16161
46369      16324
46257      16165
46142      16235
46178      16318
46369      16354
46421      16311
46601      16315
46413      16226
46236      16239
46018      16089
46359      16198
45978      16205
45967      16072
46195      16099
46161      16047
46714      16010
46347      15926
46379      15973
46336      15988
46126      16108
46436      16041
46090      15958
46476      15973
46035      16100
46026      16135
46011      16140
46459      16132
45842      16090
46173      16154
45918      16142
46098      16162
46298      16168
46009      16159
45855      16119
46038      16135
45923      16147
46215      16094
46104      15935
46498      15934
46427      15998
46394      15951
46608      16021
46306      16018
46331      16180
46141      16259
46312      16231
46218      16144
46158      16134
46255      16105
46314      16128
46156      16143
46236      15961
46414      16152
46069      15943
46239      15869
46081      15859
46088      15747
46206      15746
46096      15507
46111      15478
45968      15559
46003      15587
46200      15734
46173      15658
46317      15721
46168      15605
46496      15883
46558      15868
46320      15764
46149      15803
46307      15703
45957      15677
46138      15697
46212      15875
46067      15669
46422      15780
46454      15804
46270      15825
46475      15814
46250      15735
46399      15707
46212      15733
46250      15712
45721      15619
46224      15615
46430      15654
46602      15843
46364      15803
46429      15886
46497      15915
46650      16084
46720      15892
46762      15795
46802      15916
46745      15997
46695      15774
46840      15782
46675      15696
46603      15804
46572      15822
46681      15812
46838      16031
46630      15719
46488      15775
46402      15693
46388      15662
46518      15484
46310      15548
46603      15604
46552      15645
46341      15623
46361      15543
46130      15613
46407      15474
45955      15493
46332      15588
46311      15550
46130      15711
46709      15920
46640      15854
46574      15983
46489      15932
46585      15844
46757      15935
46538      15904
46545      15893
46445      15532
46859      15555
46455      15560
46497      15446
46543      15496
46455      15464
46596      15597
46340      15571
46499      15594
46512      15602
46407      15604
46426      15502
46333      15657
45338      15622
46793      15827
46817      16035
43265      15754
44690      15934
46458      16026
46437      16025
46632      16088
46504      15986
46387      15760
46602      15815
46585      15773
46673      15805
46555      15848
46334      15756
46265      15716
46529      15819
46673      15730
46245      15700
46345      15697
46496      15805
46428      15807
46787      15848
46464      15731
46559      15858
46438      15709
46631      15726
46487      15712
46492      15833
46376      15607
46638      15634
46469      15635
46367      15545
46614      15510
46683      15673
46387      15727
46424      15673
46545      15679
46660      15694
46235      15577
46345      15792
46539      15855
46509      15955
46570      15812
46462      15816
46496      15583
46645      15829
46598      15765
46587      15562
46725      15680
46701      15687
46762      15435
46635      15619
46755      15763
46723      15443
46792      15364
46481      15333
46588      15467
46895      15311
46599      15293
46724      15112
46277      15026
46428      15031
46912      15067
43950      14752
46488      15086
46688      15028
46901      15159
46615      14987
46739      15159
46334      15173
46335      14972
46521      15297
46505      15389
46559      15572
46599      15870
46100      15775
46295      15970
45995      15873
46141      15622
45951      15484
45852      15381
45918      15244
46144      15401
46041      15245
46154      15352
46321      15484
45987      15474
46244      15676
46203      15720
45857      15579
43273      15124
46483      15836
46253      15735
46154      15727
46305      15673
46571      15816
46418      16043
46428      15919
46365      15805
46342      15787
46471      15934
46342      15896
46408      15819
46201      15719
46057      15563
46478      15876
46338      15754
46264      15812
45970      15707
46455      15770
46069      15711
46290      15504
45937      15607
46279      15603
46158      15411
46235      15687
46216      15513
46234      15530
46146      15503
46373      15461
46258      15477
46392      15668
46206      15547
46316      15654
46105      15579
46507      15809
46293      15471
46395      15446
46377      15698
46507      15641
46446      15586
46081      15447
46414      15500
46347      15537
46576      15600
46320      15664
46299      15505
46342      15691
46412      15610
46370      15662
46201      15587
46478      15586
46095      15618
46177      15758
46217      15713
46207      15823
46217      15852
46450      15798
46067      15889
46226      15721
46285      15838
46534      16054
46294      16127
45997      16068
45964      16034
46396      16133
46411      16078
46505      16132
46664      16209
46555      16208
46346      16172
46238      15887
46005      15831
46606      15749
46708      15797
46465      15855
45911      15832
45712      15798
45887      15827
45843      15975
46128      16018
46088      16212
46049      16297
45825      16414
45982      16347
45819      16360
45672      16156
45839      16108
45701      16045
45959      16021
45738      15893
45836      15955
46026      15920
45638      16004
45591      15877
45876      16091
45299      15994
45571      15972
45688      16098
45470      16042
45395      16277
45510      16203
45499      16257
45348      16204
45312      16123
45131      16059
45046      16220
45536      16340
45274      16328
45303      16447
45250      16341
45603      16529
45437      16449
45540      16362
45880      16568
45852      16584
45733      16551
45793      16426
45569      16336
45686      16285
45407      16268
45813      16193
45378      16220
45357      16211
45521      16160
45863      16222
45342      16126
45520      16034
45660      16216
45515      16067
45841      16441
45528      16236
45815      16269
45708      16420
45505      16280
45504      16312
45835      16407
45901      16524
45872      16471
45810      16399
45852      16465
45783      16255
45594      16182
45800      16072
45986      16114
45810      16106
45684      15918
45763      16093
45517      15940
45731      16166
45802      16153
45808      16243
45474      16126
45651      16098
45427      15962
45580      16092
45346      16039
45494      16062
45710      16159
45570      16180
45337      16254
45494      16164
45307      16193
45278      16214
45373      16413
46213      16529
46166      16306
45774      16258
45471      16313
45727      16484
45855      16416
45905      16433
45996      16653
45934      16518
46271      16595
46220      16700
46239      16837
46125      16889
46143      16941
46106      16862
46110      16765
46059      16680
46337      16755
46478      16624
45909      16524
45471      16303
45853      16370
46159      16561
45526      16215
45445      16194
45431      16207
45513      16141
45375      16106
45638      16181
45407      16267
45336      16308
45477      16353
45656      16441
45363      16304
45618      16472
45482      16445
45274      16403
45170      16497
45280      16593
45138      16535
45141      16254
45215      16309
45445      16752
45529      16744
45177      16393
45954      16513
45400      16728
45365      16808
45454      16582
45549      16657
45677      16709
45752      16709
45670      16767
45882      16700
45711      16730
45760      16765
45795      16923
46049      16926
46105      17027
45767      17036
45655      17086
46294      17270
46023      17201
46382      17230
46253      17337
46071      17305
45922      17414
45793      17303
45875      17485
45967      17587
45938      17624
45814      17636
45969      17655
46144      17534
46032      17463
46115      17322
45875      17319
45907      17304
45861      17299
46287      17525
45613      17335
45432      17554
45885      17468
45644      17396
45823      17523
46121      17763
46038      17706
46064      17767
45811      17608
45843      17617
45964      17580
45826      17529
45929      17538
45915      17487
46137      17506
46009      17578
46007      17560
45790      17479
45852      17446
45699      17452
45655      17583
45934      17535
45727      17588
45903      17656
45844      17615
45650      17473
45742      17578
46125      17530
46126      17627
45763      17400
46013      17468
45941      17412
45936      17344
46111      17495
46031      17501
45723      17352
45776      17348
45911      17123
45990      17267
45734      17066
45644      17302
46076      17217
45872      17247
45861      17233
45948      17410
45885      17462
46179      17346
45996      17409
46000      17530
45696      17502
46031      17564
45890      17699
45875      17649
45663      17558
46304      17862
45947      17683
45917      17844
46181      17830
45734      17556
45937      17630
45890      17678
45683      17599
45689      17486
45877      17650
45878      17435
45745      17277
45652      17231
45635      17342
45727      17237
45789      17201
45735      17330
45589      17202
45404      17115
45792      17335
45595      17200
45935      17265
45630      17043
45544      17008
45661      16873
45756      16957
45384      16851
45332      16907
45198      16764
45408      17069
45542      17173
45726      17394
45316      17053
45491      16916
45548      17019
45511      17056
45557      16951
45458      17056
45532      16772
45583      16897
45604      16910
45226      16659
45517      16759
45949      16846
45628      16809
45795      16883
46191      17079
45950      16996
45630      16985
45823      17000
45790      16806
45718      16804
45645      17097
45604      16910
46460      17227
45846      17373
45861      17191
45511      17160
46658      17341
45698      17139
45798      17148
45445      16924
45396      17062
45624      17053
45358      17124
45262      16874
45416      16908
45336      16785
45494      16840
45476      16935
45851      16938
45853      16908
45451      16659
45649      16757
45680      16901
45884      16940
45629      16868
45814      16950
45983      16958
45779      16832
45580      16782
45802      16688
45763      16604
45892      16610
45752      16545
45790      16572
45657      16514
45724      16635
45634      16534
45601      16554
45699      16727
45899      16882
45918      17124
45334      16939
45596      17164
45936      17138
45868      17096
45902      17143
45920      17276
46044      17319
45867      17112
46123      16991
45578      17016
45380      17012
46241      17159
45521      16991
45202      16833
45775      17003
45878      16984
45758      17133
46004      17230
45954      16954
45643      16897
45968      16916
45922      16887
45977      16831
46052      16886
45774      16871
45784      16646
45716      16583
46054      16756
45689      16612
45959      16736
45911      16859
45756      16720
45915      16719
45915      16851
45790      16568
45542      16367
45628      16354
45883      16320
45643      16290
45812      16305
45674      16203
45678      16228
45712      16074
45865      16151
45680      16163
46003      16085
46020      16077
46034      16194
46117      15998
45830      16014
45794      16065
46123      16013
45895      15967
46069      15989
45871      15989
46175      16090
45818      16084
46060      16057
46017      16025
46041      15964
45888      15940
46048      15784
46028      15656
46347      15765
45919      15692
45876      15739
45918      15675
45921      15532
46043      15538
46047      15400
46022      15533
46201      15708
46183      15746
46092      15302
46040      14895
45986      14655
46100      15006
46398      15140
46152      14814
46219      14844
46134      15137
46066      15313
46081      15549
45994      15663
46201      15744
46203      15837
45932      15919
46139      16101
46147      16100
45924      16091
46010      16197
45967      16199
45788      16017
46136      16358
46008      16250
45884      16131
45868      16034
45733      15976
45641      15913
45810      15930
45887      15958
45835      16070
45903      15972
45627      15753
45622      15835
45756      15730
45818      15752
45889      15951
46016      15879
45530      15995
45798      15796
45921      15903
46188      16148
45504      15888
45881      16021
45810      16109
45808      16068
45883      16122
45842      16312
45754      16127
45825      16211
45852      16233
45941      16253
45948      16280
45827      16409
45863      16387
45900      16443
45944      16335
46138      16450
46166      16459
45867      16509
45984      16384
45876      16352
45828      16179
46003      16247
45690      16199
45986      16157
46073      16232
45865      15979
45846      15860
45979      15874
46096      15764
45830      15749
45906      15758
45932      15788
45886      15905
46201      15809
45850      15925
46030      16060
46223      15908
46087      15890
46181      15975
46364      16079
45873      15907
46126      16043
44609      15798
46012      16004
46345      15736
46289      15888
45872      15971
46354      16147
46357      16197
46394      16196
46348      16294
46225      16221
46179      16167
46383      16311
46532      16277
46378      16166
46333      16077
46205      16057
46401      16073
46382      16230
45644      16074
46298      15905
46249      15755
46178      15652
46094      15653
45936      15452
45742      15684
46098      15769
46429      15735
46349      15813
46554      15878
46477      15905
46514      15757
46441      15607
46286      15549
46148      15518
46259      15673
46261      15597
46496      15851
46328      15804
46197      15879
46184      15785
46350      15727
46390      15827
46292      15697
46524      15691
46503      15721
46256      15590
46468      15594
46022      15375
46388      15492
46310      15517
46018      15698
46506      15881
46353      15603
46532      15801
46369      15814
46356      15679
46432      15531
46435      15534
46263      15450
46318      15406
46337      15393
46400      15479
46510      15661
46520      15524
46530      15648
46518      15524
46688      15589
46440      15481
46495      15526
46350      15430
46365      15432
46221      15524
46136      15501
46273      15884
46705      15927
46366      16138
46498      15874
46563      15830
46597      15836
46732      15745
46496      15650
46288      15806
46619      15703
46268      15513
46393      15596
46382      15637
46588      15722
46904      16053
46036      15846
46463      15792
46437      15956
46423      16081
46708      16050
46249      16033
46626      16056
46346      16014
46541      15992
46365      15863
46595      15816
46692      15819
46648      15797
46491      15715
46544      15794
46677      15809
46779      15757
46732      15765
46259      15718
46985      15882
46833      15904
46383      15895
46705      15824
46332      15906
46389      16042
46385      15972
46724      16015
46665      16094
46439      16113
46584      16225
46484      16172
46343      16016
46668      15929
46543      15983
46664      15950
46903      15886
46653      16018
46797      15807
46651      15889
46605      15886
46687      15818
46469      15849
46694      15938
46479      15915
46894      15787
46757      15843
46506      15706
46580      15694
46857      15545
46560      15492
46543      15325
46334      15183
46284      15211
46324      15251
46493      15205
46389      15187
46394      15268
46514      15252
45742      14768
45712      14983
47041      15241
46844      15091
46304      15019
46502      15093
46332      15279
46482      15280
46343      15391
46591      15517
46592      15606
46460      15727
46572      15677
46220      15524
46012      15608
45776      15540
45943      15941
45819      15910
45901      15719
45960      15578
46352      15811
46192      15764
46280      15672
46204      15803
45929      15666
45726      15703
46284      15840
46550      15876
45406      15737
46420      15769
46223      15977
46122      15979
46190      15800
46275      15797
46164      15973
46354      15878
46300      15780
46145      15857
46147      15899
46333      15873
46442      15757
46387      15748
46071      15600
46259      15570
46397      15650
46082      15418
46204      15500
46350      15431
46053      15469
46488      15483
46307      15301
45982      15243
46361      15257
46137      15318
46011      15287
46137      15280
46012      15301
46186      15247
46068      15281
46089      15501
46184      15446
46068      15360
45987      15473
46212      15495
46265      15744
46209      15530
46137      15577
46251      15598
46287      15602
46349      15660
46208      15789
46470      15575
46155      15737
46144      15682
46120      15813
45864      15767
45824      15727
45983      15635
45990      15560
45934      15627
46073      15801
46001      15923
46010      15886
45931      15957
46102      15616
46283      15946
46214      16299
46049      16408
45934      16181
45989      16270
46010      16355
45959      16217
45864      16359
45683      16377
45735      16383
45862      16398
46141      16398
45884      16424
46084      16411
46161      16479
45951      16482
45941      16278
45727      16307
46149      16298
45398      15973
45706      16343
46171      16319
46136      16433
44502      16126
45485      16085
45793      16067
45712      16157
45643      15941
45566      16029
45717      16142
45616      15977
45528      15987
45741      15843
45438      16059
45860      16239
45790      16172
45744      16295
45623      16205
44906      16273
45796      16358
45482      16364
45534      16283
45600      16294
45712      16360
45800      16281
45653      16126
45669      16122
45699      15955
45794      16035
45598      16010
45669      16152
45595      16020
45540      16051
45619      16234
45475      16329
45587      16608
46395      16580
46086      16689
46048      16517
45629      16328
45413      16119
45717      16209
45655      16099
45504      16179
45406      16065
45669      16048
45505      15955
45313      15953
45458      15842
45389      15835
45501      15925
45548      15984
45542      15961
45675      16112
45911      16140
45762      16197
45854      16214
46168      16276
45814      16280
45716      16135
45567      16333
45823      16340
45968      16222
45952      16352
45735      16377
45828      16365
45743      16415
45799      16334
45816      16250
45877      16278
45863      16318
45734      16344
45853      16506
45476      16287
45685      16433
45825      16388
45649      16447
45930      16477
45692      16386
45842      16411
45804      16488
45591      16382
45707      16427
45587      16413
45481      16325
45654      16332
45580      16347
45739      16324
45656      16335
45725      16310
45805      16332
45515      16228
45778      16294
45718      16264
45398      16237
45575      16273
45500      16233
45567      16259
45347      16305
45692      16277
45493      16307
45339      16146
45284      16271
45601      16200
45481      16386
45562      16306
45201      16325
45491      16272
45693      16516
45304      16662
45467      16618
45595      16565
45754      16487
45587      16537
45679      16594
45723      16765
45329      16519
45513      16601
45495      16618
45706      16628
45793      16664
45491      16719
45630      16576
45408      16738
45416      16626
45309      16593
45397      16607
45610      16739
45284      16748
45456      16853
45675      16782
45756      16803
45565      16645
45631      16647
45358      16469
45534      16637
45666      16679
45827      16723
46010      16868
45899      16950
45841      17044
45921      16619
45922      16730
46090      17164
46078      17253
45964      17179
46102      17315
45935      17400
46276      17483
45931      17448
45980      17429
46001      17505
46339      17530
45841      17349
45948      17321
46018      17331
45814      17342
45844      17550
45692      17468
45524      17481
45926      17813
45820      17603
45669      17711
45651      17747
45722      17772
45908      17633
45796      17569
45935      17530
45952      17456
45680      17581
45845      17402
45986      17378
45841      17474
45875      17354
45795      17283
45842      17452
45715      17232
46060      17195
46177      17270
45848      17252
46144      17226
46116      17499
45825      17170
45779      16967
46033      17254
45804      17245
46043      17273
45832      17274
45862      17234
46098      17172
46177      17221
46208      17325
46120      17396
46253      17567
46248      17309
46260      17368
46265      17449
46116      17488
46277      17530
46529      17442
46271      17534
46227      17521
46221      17475
46421      17384
46102      17381
46335      17421
46100      17461
46123      17545
45814      17370
46239      17394
46126      17286
46261      17378
45966      17341
45750      17177
45768      17042
45552      17061
45609      16891
46119      16846
45674      16893
45902      16739
45974      17028
45531      17232
45536      17070
45436      16676
45631      16368
46179      16638
45654      17119
45807      17255
45832      16765
46107      16493
46365      16675
45689      16530
45325      16202
46472      16194
45213      16611
46011      17098
45732      16880
45841      16464
45862      15928
46178      16354
45722      16746
45871      16710
45484      16153
45946      16225
46225      16675
45708      16570
45291      15916
46054      16282
45848      16948
46469      16544
46238      16034
46481      16209
46171      16511
46007      16791
46097      16756
46414      16673
46588      16652
46267      16528
46273      16396
46406      16354
46345      16464
46517      16419
46220      16280
46445      16329
46190      16305
46209      16275
46247      16274
46166      16302
46296      16349
46194      16306
46293      16230
46265      16266
46172      16271
46299      16283
46338      16320
46245      16296
46249      16259
46243      16327
46315      16315
46268      16265
46244      16352
46262      16357
46359      16348
46276      16325
46303      16301
46174      16323
46335      16337
46097      16323
46155      16273
46170      16322
46198      16263
46256      16276
46294      16301
46212      16252
46194      16216
46207      16350
46248      16278
46222      16288
46010      16280
46395      16313
46082      16244
46391      16258
46447      16364
46596      16372
46344      16285
46397      16297
46396      16344
46326      16350
46046      16271
46092      16265
46104      16301
46266      16286
46212      16227
46141      16258
46311      16347
46393      16294
46400      16318
46399      16262
46292      16232
46290      16278
46139      16230
45946      16199
46219      16214
46317      16200
46115      16177
46071      16207
46204      16263
46312      16235
46288      16261
46125      16306
46450      16366
46160      16289
46378      16324
46337      16246
46503      16330
46027      16269
46100      16216
46341      16359
46273      16361
46300      16361
46413      16324
46141      16241
46164      16287
46269      16320
46540      16395
46089      16296
46102      16196
46232      16153
46143      16159
46284      16140
46448      16142
46299      16055
46434      16037
46182      15925
46060      15879
46136      15911
46315      15874
46275      15929
46372      15865
46220      15820
46326      15715
46398      15759
46335      15712
46502      15653
46671      15684
46698      15597
46532      15456
46631      15369
46793      15420
46454      15138
46643      15239
44294      15060
43325      14973
43474      14853
43311      14870
42934      14663
42973      14678
42802      14680
42356      14490
42495      14452
42501      14480
42827      14590
43022      14678
43460      14855
44422      15219
44837      15353
45327      15395
46049      15379
45974      15364
45342      14980
44536      14981
44030      15265
44761      15660
44922      15751
44909      15774
45417      15869
45395      16001
45156      15964
45518      16062
45467      16080
45483      16099
45616      16145
45440      16133
45626      16151
45836      16164
45935      16293
45628      16215
45995      16244
45855      16269
45930      16256
45818      16250
45821      16282
46152      16283
45898      16267
45851      16218
45827      16306
45663      16160
45711      16173
45852      16152
45376      16093
45316      15973
45473      15931
45305      15978
45417      15906
45417      15960
45424      16008
45587      16055
45538      16020
45496      15940
45409      16053
45507      15949
45443      15885
45439      15914
45096      15868
44993      15847
45097      15860
45440      15879
45016      15818
45045      15840
45137      15778
45191      15896
45080      15788
44893      15743
45496      15874
45152      15899
45007      15811
45397      16010
45371      15856
45333      15979
44975      15843
45747      15996
45219      15909
45389      15984
45377      15911
45040      15795
45592      16017
45089      15914
45139      15900
45145      15858
44927      15796
44996      15801
45263      15930
45193      15909
45391      15942
45325      15872
45155      15818
45208      15825
45093      15919
45331      15910
45252      15951
45653      16024
45230      16003
45370      16035
45294      16013
45500      16068
45532      16101
45838      16124
45500      16102
45662      16178
45771      16212
45629      16158
45812      16176
45668      16184
45688      16160
