0.0290399 0.0804737
0.0281715 0.0777684
0.0286364 0.0786728
0.029198 0.0805069
0.028356 0.0783813
0.0285436 0.0787768
0.0289478 0.0800911
0.0283166 0.0777444
0.0289566 0.0795056
0.0290692 0.0804363
0.0287256 0.0795084
0.0290806 0.0804633
0.0284791 0.0788425
0.0290037 0.0796069
0.0290939 0.0800618
0.0277962 0.0770545
0.028741 0.0809737
0.028446 0.0803522
0.0291038 0.0822785
0.0293968 0.0827578
0.0287304 0.0807773
0.0291665 0.0822693
0.0285931 0.0812128
0.0287912 0.080676
0.028142 0.0790114
0.0286722 0.0809041
0.0286667 0.0802473
0.029269 0.0825438
0.0283019 0.0796905
0.0284336 0.0796071
0.0283114 0.0796808
0.0284645 0.0801002
0.0286344 0.0807796
0.0282467 0.0800307
0.029001 0.0818544
0.0292454 0.0830242
0.0285336 0.0803566
0.0286506 0.0816147
0.0274067 0.0795982
0.0275867 0.0809004
0.0277076 0.0812661
0.027792 0.0814782
0.0274193 0.0807755
0.0279388 0.0829904
0.0275118 0.0813322
0.0277552 0.0819434
0.02737 0.0808535
0.0279417 0.0829602
0.027863 0.0831268
0.0282819 0.0840854
0.0279714 0.0827359
0.0281591 0.0838845
0.0282725 0.0842025
0.0290023 0.0863613
0.0284715 0.0846841
0.0285309 0.0851173
0.0282238 0.0842266
0.0281935 0.0836519
0.0283143 0.0841008
0.0281542 0.08379
0.0289836 0.0857922
0.0287588 0.085855
0.0291237 0.0863364
0.0286003 0.0843917
0.0285506 0.0841428
0.0284319 0.0841738
0.0282737 0.0847707
0.0286415 0.0855414
0.0294884 0.0878994
0.02867 0.0859131
0.0290262 0.0866253
0.0286896 0.0857564
0.0290546 0.0871657
0.0290449 0.0872509
0.0301808 0.0887859
0.0296594 0.0874546
0.0300336 0.0889271
0.0298597 0.0880081
0.0298004 0.0882484
0.0295501 0.088001
0.029166 0.0873986
0.0299824 0.0900264
0.0296876 0.0884672
0.0291101 0.0869007
0.0296631 0.0893123
0.0298638 0.0906021
0.0293784 0.0882315
0.0288649 0.0876543
0.0293562 0.0889467
0.0289237 0.0883085
0.0289456 0.0878017
0.0283769 0.0851489
0.0285329 0.0847544
0.0288123 0.0857654
0.0294137 0.0880164
0.0290208 0.0855999
0.0286741 0.084609
0.0283873 0.0832862
0.0290599 0.0849768
0.0298406 0.0881301
0.0297296 0.0874124
0.0296949 0.0885656
0.0298987 0.0892469
0.0296915 0.0894826
0.0303096 0.0915195
0.0307692 0.0938116
0.0302573 0.0915369
0.0297102 0.0907356
0.0299698 0.0917022
0.0305138 0.0933552
0.0306725 0.0940565
0.0291826 0.0894399
0.0307177 0.0941176
0.0308338 0.0941339
0.0304277 0.0941976
0.0309689 0.0960032
0.0312902 0.0962451
0.0304284 0.0930781
0.0305913 0.0945366
0.0313676 0.0967763
0.0315826 0.0967021
0.0312058 0.0946684
0.0311936 0.0953537
0.0317539 0.096804
0.032171 0.098336
0.0309965 0.0948452
0.0310642 0.0945512
0.0308083 0.0938586
0.0320212 0.0976622
0.0315424 0.0962437
0.032051 0.0982373
0.031056 0.0948338
0.0322371 0.0985124
0.0324007 0.0984071
0.0320989 0.0975368
0.0321288 0.0974696
0.0313679 0.0959422
0.032026 0.0971665
0.0318582 0.0968979
0.0321847 0.097839
0.0327731 0.0996514
0.0326883 0.0993006
0.0325324 0.0991708
0.0326844 0.100326
0.0320917 0.0984642
0.0319501 0.0976578
0.0313552 0.09495
0.0319955 0.097422
0.03235 0.0981453
0.0327311 0.0997818
0.0332665 0.101234
0.033392 0.102031
0.0321191 0.0975866
0.0323266 0.0985785
0.0333442 0.101023
0.0334478 0.101303
0.0326796 0.098409
0.0330001 0.100144
0.0331049 0.100033
0.0326943 0.0984436
0.0334105 0.100302
0.0324084 0.0983347
0.0329112 0.0999604
0.0322609 0.0976552
0.0334149 0.100823
0.0327947 0.09851
0.0323251 0.0980302
0.0326462 0.0989098
0.0324083 0.0978897
0.033345 0.100098
0.0332846 0.0995434
0.0331363 0.100796
0.031669 0.0938432
0.0321977 0.0973364
0.0323044 0.0956645
0.0331274 0.0975969
0.0332572 0.0980568
0.0322048 0.0940616
0.0334785 0.0974388
0.033438 0.09626
0.0328824 0.0952592
0.0330349 0.0960384
0.0341873 0.099451
0.0336254 0.0971346
0.0331103 0.0960484
0.0338836 0.098472
0.0344738 0.1007
0.0332391 0.0966547
0.0342282 0.0981518
0.032539 0.0951715
0.0339971 0.0983822
0.0330951 0.0950647
0.032794 0.095148
0.0337233 0.0977439
0.0337272 0.097695
0.0334793 0.0963214
0.0329923 0.0945166
0.0340894 0.09858
0.0338113 0.0987225
0.0341037 0.0978092
0.0329972 0.0950081
0.0338453 0.0980182
0.0331839 0.0947794
0.0330765 0.0947408
0.0335946 0.0959618
0.0343369 0.0972162
0.0334909 0.0949058
0.0330079 0.0940429
0.0339075 0.0958711
0.0344438 0.097241
0.0339499 0.0964392
0.0341743 0.096709
0.0333101 0.094307
0.0341634 0.0963244
0.0333775 0.0940794
0.033402 0.0941033
0.0324301 0.0918336
0.0334918 0.0937026
0.033329 0.0933317
0.0325799 0.0913761
0.0333406 0.0936275
0.0333843 0.0932033
0.0334399 0.0922671
0.03358 0.0936343
0.0337354 0.0940543
0.0333449 0.092439
0.0341094 0.0950079
0.0330444 0.0915366
0.0324447 0.0897552
0.0322377 0.0891226
0.0328799 0.0905283
0.0327684 0.0903881
0.034029 0.0936921
0.0336981 0.0929422
0.0342045 0.0939529
0.0337963 0.0929267
0.0338117 0.0939266
0.0344215 0.0946904
0.0335424 0.0914235
0.0331947 0.09131
0.034202 0.0934396
0.0344955 0.0942867
0.0340991 0.0935372
0.0337934 0.0921577
0.0345209 0.0948518
0.0338876 0.0920936
0.0331592 0.0897466
0.0335917 0.0919356
0.0341684 0.093454
0.034343 0.0936175
0.033851 0.0925716
0.0341598 0.0933991
0.0335051 0.0914649
0.0333486 0.0917739
0.0336813 0.0925407
0.0335144 0.0911874
0.0339938 0.092436
0.033538 0.0901827
0.03447 0.0917596
0.0345848 0.0930491
0.0343238 0.0918664
0.032457 0.0864112
0.0321016 0.0886362
0.0331044 0.0920279
0.0342455 0.0959292
0.0338041 0.0955613
0.0332699 0.0952964
0.0349472 0.0992952
0.0335827 0.0916657
0.0351327 0.0932519
0.0350182 0.0939262
0.0351196 0.0931353
0.0352202 0.0940066
0.0338281 0.0940857
0.0339701 0.0950287
0.0322258 0.0881162
0.0339948 0.0927309
0.0330632 0.0901785
0.0329496 0.0900547
0.0331674 0.0902233
0.0342065 0.0935843
0.032993 0.0895124
0.0332998 0.0901024
0.0344375 0.0931872
0.0335721 0.0915079
0.0327915 0.0883994
0.0336375 0.090732
0.033964 0.0911281
0.034418 0.0915964
0.0334886 0.0901755
0.0330033 0.0886098
0.0348929 0.0930599
0.0341927 0.092048
0.0333384 0.0897677
0.0334387 0.0906848
0.034729 0.0934114
0.0339474 0.0895926
0.0340996 0.0889333
0.0328605 0.0870017
0.0330299 0.0892219
0.0344127 0.0928369
0.0332747 0.0887588
0.033142 0.0886506
0.0346451 0.0932387
0.0336883 0.090377
0.0333275 0.0897782
0.0328743 0.0888197
0.033555 0.0911076
0.032411 0.0875698
0.0333348 0.0904478
0.0342232 0.0930067
0.0338698 0.0918132
0.0342972 0.0928305
0.0343199 0.0932143
0.0339894 0.0914864
0.0331919 0.089223
0.0332503 0.0896032
0.0332664 0.0900869
0.0323024 0.0866717
0.0343372 0.093037
0.0341395 0.0933397
0.0324754 0.0877141
0.0327222 0.0889745
0.0323095 0.0883724
0.0322031 0.0885498
0.0340633 0.0938517
0.0334106 0.0912459
0.0334114 0.091088
0.0348893 0.0963156
0.0350591 0.0965685
0.0340362 0.09309
0.0341473 0.093666
0.0330117 0.0908654
0.0326227 0.0901878
0.0331389 0.0921341
0.0327919 0.0906944
0.0332117 0.091737
0.0338517 0.0935595
0.0339846 0.0941892
0.0340258 0.0945724
0.0343826 0.096517
0.0338077 0.0925497
0.0337436 0.0929774
0.0340859 0.0945749
0.0344587 0.0962371
0.034736 0.0974685
0.0338895 0.0944263
0.0332012 0.0920461
0.0332686 0.0924074
0.0349766 0.0953174
0.0333986 0.0912114
0.0335936 0.0925605
0.0323194 0.0894085
0.0328667 0.0911887
0.0314697 0.0872511
0.0322636 0.0891213
0.0314955 0.0872002
0.0313843 0.0878317
0.0307692 0.083048
0.0328816 0.089904
0.032454 0.0920049
0.0317318 0.0888658
0.0319706 0.0891704
0.0318104 0.0890116
0.0327727 0.0920339
0.0322259 0.0907649
0.033225 0.0929373
0.0327141 0.0908542
0.0333697 0.0936162
0.0330251 0.0925723
0.0334312 0.0937405
0.0331619 0.0931991
0.0333961 0.0943235
0.0340479 0.0964999
0.0333629 0.094372
0.0328259 0.0924752
0.0323519 0.0924088
0.0337042 0.0961598
0.0337343 0.0956817
0.0334216 0.0950939
0.0326603 0.0931009
0.0324947 0.0929698
0.0325598 0.092728
0.0335681 0.0961994
0.0331635 0.0954261
0.0338714 0.0975197
0.0333435 0.0964663
0.0327901 0.0946031
0.0317906 0.0922523
0.0310246 0.0888889
0.0316622 0.0909718
0.0320323 0.0921234
0.0318561 0.0915339
0.0319112 0.0912032
0.0326753 0.0941724
0.0324497 0.0922249
0.0321891 0.09202
0.0324506 0.0919129
0.032301 0.0925162
0.0316298 0.0898959
0.0319604 0.0903206
0.0320284 0.0900572
0.0319144 0.0894551
0.0321439 0.090155
0.0321824 0.0896932
0.032869 0.0921698
0.0321783 0.089906
0.0329302 0.0918355
0.0324262 0.0908203
0.0323364 0.0915225
0.0321775 0.0919241
0.0320395 0.0913298
0.0327801 0.0944375
0.0327415 0.09375
0.031548 0.0911149
0.0320303 0.0929791
0.0322434 0.0947281
0.0329235 0.0949647
0.0323585 0.0934885
0.0324723 0.0948353
0.0323021 0.0940122
0.0313861 0.0898491
0.0318123 0.0921235
0.032223 0.0927571
0.0326293 0.0947209
0.0322864 0.093088
0.0328802 0.0944117
0.0324544 0.0922676
0.03209 0.091522
0.0323333 0.0920767
0.0324109 0.0919284
0.0318312 0.0903095
0.0312534 0.0882643
0.0323709 0.0921364
0.0325235 0.0924819
0.0320305 0.0901072
0.0332934 0.0942083
0.0321589 0.0908035
0.0320418 0.0907123
0.0326603 0.0924774
0.0348406 0.0996073
0.033726 0.0967641
0.0333413 0.0954571
0.0333268 0.0961369
0.0338591 0.0982199
0.0335604 0.0962735
0.033115 0.0961648
0.0331481 0.0963618
0.0329347 0.0947962
0.0338293 0.097074
0.0336836 0.0973351
0.0339828 0.0986792
0.0338588 0.0975839
0.0332021 0.0963687
0.0340538 0.0998148
0.0345272 0.101509
0.0338526 0.0976802
0.0342705 0.099434
0.0348601 0.101113
0.0339496 0.0986834
0.033462 0.0989039
0.033482 0.0983449
0.0340711 0.0991804
0.0331656 0.0967354
0.0338646 0.0987316
0.0337798 0.0985184
0.0344828 0.100555
0.0331025 0.0979634
0.0332418 0.0991165
0.0333159 0.0985034
0.032684 0.0966569
0.0327816 0.0978809
0.0333247 0.0990714
0.0330708 0.0974574
0.0327802 0.0961563
0.0336674 0.0989032
0.0330467 0.0972416
0.0335208 0.0973839
0.0329422 0.0966031
0.0333884 0.0976283
0.0339298 0.0992227
0.0338802 0.0990669
0.0337638 0.096888
0.0356202 0.102753
0.0344984 0.10032
0.033914 0.0975352
0.0312962 0.0924694
0.0315337 0.0923116
0.0319864 0.0914282
0.0328247 0.0958622
0.0319779 0.0928777
0.0316851 0.093035
0.0309787 0.091979
0.0323315 0.0962892
0.0312174 0.0918452
0.0312266 0.0922853
0.0304183 0.0904269
0.0310641 0.0924605
0.0309981 0.0927383
0.030759 0.0917884
0.0302457 0.0887082
0.0311996 0.092673
0.0303674 0.0889341
0.0304303 0.0903393
0.0304372 0.0894843
0.0304352 0.0890377
0.0295178 0.0860612
0.031292 0.0904309
0.030438 0.0880149
0.0296022 0.0853439
0.0308757 0.0893865
0.0310536 0.0903948
0.0309645 0.090363
0.0304785 0.0886829
0.0305547 0.0889947
0.0314055 0.0911592
0.030692 0.0898237
0.0310232 0.0904482
0.0312138 0.0912858
0.0316539 0.0921844
0.0309419 0.0905288
0.031394 0.091471
0.0310495 0.0908064
0.0313193 0.0914178
0.0312958 0.091315
0.0314789 0.0916275
0.0320048 0.0936691
0.0309217 0.0904717
0.0311268 0.0910695
0.0315026 0.0920683
0.0307155 0.0897743
0.030619 0.0897781
0.0309195 0.0902977
0.0311563 0.0913173
0.031759 0.0929352
0.0307468 0.0901944
0.0316397 0.0931771
0.0303257 0.0888931
0.0310955 0.0908002
0.0308497 0.0904101
0.0310071 0.0910003
0.0321646 0.0945062
0.0316426 0.0924629
0.0319318 0.0931938
0.0318972 0.0932685
0.0309498 0.0916922
0.0316957 0.0939559
0.031343 0.092848
0.0316454 0.0938259
0.0313666 0.0932709
0.0312035 0.0915471
0.0326871 0.0963894
0.0318195 0.0947477
0.0322212 0.0956739
0.0322427 0.0944582
0.0322622 0.0951596
0.0331856 0.097793
0.0324135 0.0958589
0.0328685 0.0972205
0.0325592 0.095485
0.0321319 0.0939474
0.0336596 0.0981912
0.032724 0.0964324
0.0328374 0.0963193
0.0323639 0.0940597
0.0316852 0.0928701
0.0327616 0.0953867
0.033815 0.0991501
0.0338228 0.0997853
0.0323667 0.095145
0.0321216 0.0943968
0.0324491 0.095199
0.0328086 0.0971967
0.0332081 0.0982597
0.032483 0.0959017
0.032738 0.0969855
0.0327029 0.0962878
0.0328321 0.0963459
0.03311 0.0974223
0.0321558 0.0944085
0.032233 0.0947308
0.033186 0.0979506
0.0327132 0.095944
0.033258 0.0980873
0.0330584 0.0978393
0.0330013 0.0975517
0.0325462 0.0960488
0.0331143 0.0979982
0.032907 0.0967762
0.0316004 0.0938913
0.0327322 0.0978323
0.0330736 0.098659
0.0331814 0.0991008
0.0326975 0.0983277
0.0329137 0.0993128
0.032459 0.0978939
0.0319535 0.0963255
0.032924 0.0980091
0.0319078 0.0961675
0.0312574 0.0933137
0.0315278 0.0943737
0.0312118 0.0938326
0.0310797 0.0942623
0.0318368 0.0968124
0.0319606 0.0961865
0.0322741 0.0974349
0.0315792 0.0961425
0.0319564 0.0956702
0.0309821 0.0924615
0.0308544 0.0924174
0.03138 0.0932329
0.031292 0.0922339
0.032334 0.0956802
0.0323492 0.0935224
0.0318798 0.0922066
0.0324932 0.0943779
0.0323197 0.0944043
0.0322196 0.0942714
0.0317798 0.0923505
0.0314174 0.0913216
0.0323349 0.0942315
0.0310188 0.0912747
0.0311229 0.091672
0.0304641 0.0906742
0.0305004 0.0898357
0.0305483 0.0897158
0.0307175 0.0904327
0.030538 0.0905694
0.0310564 0.0927501
0.0301091 0.0903528
0.0304418 0.0915139
0.0306968 0.093645
0.0310826 0.0940227
0.0308897 0.0933474
0.0306404 0.092125
0.0309587 0.0947955
0.0317722 0.0965109
0.0319692 0.0966936
0.0306209 0.0923803
0.0319633 0.0963468
0.0319346 0.096198
0.031271 0.0935551
0.0314682 0.0940404
0.0314829 0.0939541
0.0311086 0.0929519
0.0326158 0.0966995
0.0323635 0.0956583
0.0316118 0.0940825
0.031999 0.0945842
0.031754 0.0939523
0.0316046 0.093204
0.0304962 0.0900103
0.0305031 0.089189
0.0307876 0.0896818
0.0306794 0.0909793
0.0305989 0.0897962
0.0306436 0.0897207
0.0310552 0.0906653
0.0313383 0.0914166
0.0302879 0.0895522
0.0311424 0.090338
0.031038 0.0903812
0.0311222 0.0911627
0.0307313 0.0900492
0.0313251 0.0913222
0.0321887 0.0931681
0.0310639 0.0905577
0.0306649 0.088294
0.0308924 0.0890368
0.0316871 0.0915554
0.0326297 0.0931084
0.031107 0.0899444
0.0319229 0.0919097
0.0316218 0.0909941
0.0311282 0.0894835
0.0315758 0.0909316
0.0309951 0.0883219
0.0315994 0.0904476
0.0308127 0.0875729
0.0310154 0.0880718
0.0309734 0.0882209
0.0304278 0.086663
0.0308669 0.0870041
0.0325646 0.0920916
0.0315465 0.0895075
0.0321622 0.0920318
0.0316262 0.0902709
0.0310592 0.0876789
0.0313289 0.0892605
0.0319184 0.0917643
0.0314893 0.0901624
0.0308599 0.0882262
0.0303709 0.0869753
0.0316267 0.090309
0.0311439 0.0897532
0.0315469 0.0901914
0.0318466 0.0905614
0.0320874 0.0916553
0.0309823 0.0877896
0.031155 0.0882389
0.0315424 0.0888109
0.0313534 0.0886208
0.0316778 0.0890239
0.0324899 0.0905317
0.0316292 0.0893012
0.0319683 0.0902821
0.0320601 0.0902362
0.0313012 0.0888393
0.0321757 0.0919805
0.0326658 0.0924877
0.0327587 0.0935807
0.0322786 0.0917643
0.0321227 0.0915288
0.0314645 0.0884438
0.0312884 0.089164
0.0317058 0.0897356
0.0316168 0.0885442
0.0335239 0.095384
0.0322687 0.0899201
0.0314821 0.0877634
0.032098 0.0900579
0.0308093 0.0857352
0.0311654 0.0867222
0.0321501 0.090057
0.0324158 0.0900231
0.0322644 0.0901055
0.0320695 0.0889172
0.0318798 0.088111
0.0323269 0.0902023
0.0312329 0.086806
0.0311452 0.0867892
0.0308271 0.0863235
0.0310567 0.0870444
0.0303044 0.0843366
0.0315725 0.0883941
0.0323905 0.0901865
0.0321214 0.0902288
0.032275 0.0914826
0.0316409 0.0886154
0.0318023 0.0889231
0.0319045 0.0894046
0.0326777 0.0915528
0.0328429 0.0926514
0.0327352 0.0925399
0.0315794 0.0891798
0.0318426 0.0892814
0.0324855 0.0913358
0.0314906 0.0883707
0.0309635 0.0867619
0.0317616 0.089405
0.0312378 0.0877643
0.0318012 0.0891324
0.032144 0.0894516
0.0320694 0.0888501
0.0321771 0.0893415
0.0321778 0.0902196
0.0321366 0.0891426
0.0317491 0.0882761
0.0319795 0.0890693
0.0319736 0.0892662
0.0332826 0.0926812
0.032767 0.0916687
0.0318173 0.089313
0.031798 0.0901327
0.0322102 0.0903135
0.032953 0.0923068
0.0320837 0.0901574
0.0323044 0.0913846
0.0324711 0.0916279
0.0331003 0.0943221
0.0319121 0.0909316
0.0313361 0.0893133
0.0318572 0.0906996
0.0320511 0.0916979
0.0319759 0.0906785
0.0321275 0.0897154
0.0324829 0.0917987
0.0311115 0.0874877
0.0317681 0.0893152
0.0322454 0.0912187
0.0320684 0.0899559
0.032921 0.0922784
0.0320836 0.0896514
0.0331177 0.09232
0.0317666 0.0885069
0.0327637 0.091584
0.0327508 0.0922784
0.0327403 0.0918342
0.0313102 0.0876892
0.0320857 0.0899673
0.0308129 0.0861226
0.0317338 0.0888875
0.0316952 0.0882101
0.0318241 0.0894399
0.0323036 0.0908076
0.0324651 0.0915685
0.0335878 0.0939288
0.0342759 0.0963915
0.0335805 0.0932649
0.0335734 0.0937289
0.0334694 0.093181
0.0333438 0.0916646
0.0332317 0.09274
0.0324857 0.0904141
0.0324736 0.0908924
0.0337402 0.094494
0.0328153 0.0921514
0.0332238 0.0928466
0.0326688 0.0904614
0.032073 0.0889884
0.0321094 0.0892207
0.0323919 0.089656
0.0325721 0.0912825
0.0323971 0.0894648
0.0339199 0.0931438
0.0331534 0.0916257
0.0329535 0.0903673
0.033865 0.0928341
0.0330655 0.0906731
0.0337807 0.0923399
0.0332858 0.0899496
0.0329223 0.0891742
0.0335881 0.0914303
0.0334119 0.0907473
0.0329901 0.089619
0.0329079 0.088213
0.0320271 0.0859839
0.0339189 0.0917345
0.0336609 0.0922411
0.0330475 0.0897695
0.0330965 0.0893567
0.0330636 0.0884081
0.033645 0.090037
0.0336492 0.0903744
0.0329601 0.0875
0.0341232 0.0904338
0.0338466 0.0894472
0.0346119 0.0915441
0.032838 0.0872359
0.0338567 0.0896595
0.0344633 0.0913021
0.0341179 0.0896583
0.0339846 0.0900963
0.0338189 0.0897274
0.0349309 0.0927152
0.0345244 0.0913102
0.034482 0.0922039
0.0341632 0.0914585
0.0346083 0.0923534
0.0342332 0.0913467
0.034023 0.090867
0.0343726 0.0915774
0.0340183 0.0901606
0.0330997 0.0877092
0.0332701 0.0876689
0.033371 0.0886705
0.0330822 0.0879779
0.0329215 0.0872029
0.0332153 0.0879579
0.0331189 0.0878741
0.0335469 0.0883202
0.0332696 0.0876159
0.0324594 0.0853343
0.0324872 0.0860733
0.031657 0.0829393
0.0314319 0.0822404
0.0316498 0.0831526
0.0324997 0.0851439
0.0324409 0.0852331
0.0325812 0.086449
0.0327695 0.087757
0.0321788 0.0857573
0.0335045 0.0896282
0.0334621 0.0896544
0.0331756 0.0892163
0.0333051 0.090097
0.0323114 0.0864629
0.0322623 0.0865418
0.0320788 0.0858409
0.0327922 0.0877632
0.0320805 0.0861483
0.0322165 0.085779
0.0326555 0.0874956
0.0325901 0.0870549
0.0321484 0.0859207
0.0329627 0.0876939
0.0319596 0.0844698
0.0325895 0.086387
0.0319234 0.0844335
0.0317066 0.0836803
0.0323401 0.0844311
0.0309137 0.0816058
0.0319082 0.0841674
0.0318293 0.0834862
0.0319065 0.0837153
0.0312541 0.0819908
0.0305344 0.0811924
0.0326958 0.0875525
0.0333594 0.0896282
0.0327461 0.0882647
0.0331148 0.0898843
0.0340086 0.0940651
0.0336827 0.0933414
0.0344805 0.0964966
0.0324619 0.0899673
0.0346986 0.0970886
0.0343567 0.0955297
0.0347824 0.0968548
0.0337231 0.0934403
0.034067 0.0922708
0.0327988 0.088978
0.0320885 0.0877119
0.0323292 0.0892491
0.0330988 0.0912981
0.0329518 0.0905032
0.0332738 0.0902026
0.0336301 0.0915362
0.0330354 0.0898528
0.0336903 0.0915337
0.03347 0.0908929
0.0327241 0.0895658
0.0332431 0.0918659
0.0335011 0.0919013
0.0337984 0.0925243
0.0321856 0.08785
0.0339208 0.0932409
0.0332555 0.0916267
0.0341168 0.0940289
0.0331517 0.0915242
0.0328403 0.0907991
0.03397 0.0936574
0.0334259 0.0919345
0.0334728 0.0918766
0.0328062 0.0908651
0.0327297 0.0907882
0.0328747 0.0918715
0.0328251 0.091623
0.0331616 0.0933792
0.0327356 0.0917833
0.0324446 0.0910824
0.034562 0.0970397
0.0337533 0.0927395
0.0329866 0.0898688
0.0340593 0.0932854
0.0335182 0.0911565
0.033654 0.0917524
0.0332471 0.091267
0.0336015 0.092597
0.0339698 0.0928358
0.0328266 0.0901457
0.0326967 0.0901025
0.0326795 0.090042
0.0322448 0.0890341
0.0316431 0.0876696
0.0316535 0.0883687
0.0306785 0.0843672
0.030562 0.0849955
0.0310688 0.0878615
0.0318881 0.0888566
0.0306442 0.0850473
0.0313042 0.0886255
0.0314398 0.0885238
0.0316106 0.0892605
0.0311064 0.0874678
0.0321999 0.0909649
0.0327475 0.0918217
0.0322209 0.0908256
0.0325193 0.0923115
0.0323289 0.0906015
0.0319261 0.0894125
0.0318875 0.089598
0.0327865 0.0928001
0.0324174 0.0912517
0.0322201 0.090464
0.0327323 0.0925037
0.0331782 0.093186
0.0327915 0.0922315
0.0335587 0.0946252
0.0336197 0.0950678
0.0329646 0.0928834
0.0327384 0.0924037
0.0314985 0.0899002
0.0323869 0.0918946
0.0327329 0.0925054
0.0322869 0.0919362
0.0327711 0.0928536
0.0331306 0.0943279
0.0321806 0.0917923
0.0326571 0.0933583
0.0323024 0.092581
0.0334704 0.0962567
0.0333848 0.095952
0.033499 0.0953984
0.0332396 0.0957794
0.0322848 0.0928917
0.0321428 0.0925984
0.0313309 0.0907088
0.0310182 0.0898016
0.0323819 0.09326
0.031658 0.0898918
0.0316569 0.0903822
0.0328728 0.0933292
0.0333987 0.0944174
0.0324418 0.0921557
0.033237 0.0945729
0.0333369 0.0941299
0.0322398 0.0911277
0.032145 0.0913138
0.0327097 0.0932833
0.0334969 0.0965461
0.0326381 0.0934358
0.0334103 0.0959384
0.0334056 0.0948914
0.0324221 0.0934007
0.0322955 0.0927102
0.0323692 0.0926973
0.0322279 0.0928773
0.0327057 0.0948794
0.0318891 0.0920629
0.0322337 0.0932166
0.0328122 0.0944246
0.0323623 0.092625
0.0323847 0.0934936
0.0332325 0.0954673
0.032664 0.0934237
0.0317377 0.091634
0.0325914 0.0919152
0.0322679 0.0929181
0.0321635 0.0935189
0.0318311 0.0914634
0.0323377 0.0940399
0.0328022 0.0938316
0.0324139 0.0940703
0.0321358 0.0924128
0.0332038 0.0945249
0.0332267 0.0949863
0.0334492 0.0959007
0.0329421 0.0934816
0.0332452 0.0939759
0.033807 0.0954309
0.0339792 0.0955018
0.0335575 0.0944964
0.0340931 0.0964286
0.0331528 0.0936118
0.0338245 0.095572
0.0324887 0.0913479
0.033221 0.0937423
0.03301 0.0928043
0.0334046 0.0945996
0.0324615 0.0910971
0.0321782 0.0905868
0.0344296 0.0973229
0.0324072 0.0913765
0.032788 0.0930161
0.0325586 0.0915532
0.0329175 0.0933449
0.0323491 0.0916129
0.0325129 0.091947
0.0330963 0.0941715
0.0317106 0.0896628
0.0325408 0.0923418
0.0324971 0.091536
0.0322079 0.0915229
0.0332607 0.0942025
0.0330037 0.0937077
0.0325226 0.0929902
0.0329927 0.0938973
0.0323212 0.0921416
0.0324529 0.0928412
0.0329198 0.0943971
0.0332834 0.095318
0.033638 0.0967662
0.0337766 0.0978445
0.0346933 0.099353
0.0343812 0.0995174
0.0336256 0.0964804
0.0346847 0.0986528
0.0342581 0.0979099
0.0337892 0.0974474
0.0344969 0.0994537
0.034043 0.0999116
0.0345941 0.100113
0.0329663 0.0968778
0.0325479 0.094394
0.0332409 0.096347
0.0316303 0.0914992
0.0321293 0.0932023
0.0326267 0.0947817
0.0326521 0.0943796
0.0331096 0.09711
0.0325493 0.095286
0.033293 0.0963547
0.03325 0.0967378
0.0344306 0.100486
0.0332677 0.0965998
0.0344835 0.101121
0.0343458 0.10038
0.0335351 0.0981211
0.0345543 0.100019
0.0333806 0.0964275
0.0339864 0.0985422
0.0328105 0.0961696
0.0332176 0.0970996
0.03271 0.0961405
0.0337497 0.099623
0.0341466 0.10122
0.0347088 0.102649
0.0342391 0.101495
0.0339508 0.101899
0.0336298 0.101232
0.0337965 0.101045
0.0337471 0.101837
0.03487 0.104844
0.0326489 0.0980139
0.0340414 0.10187
0.0329163 0.0982011
0.0338932 0.101883
0.0344018 0.103181
0.0341276 0.103233
0.0336243 0.101931
0.0338863 0.1017
0.0337828 0.100134
0.0338165 0.100217
0.0334068 0.0984159
0.0337683 0.0987116
0.0340459 0.0991855
0.0319651 0.0945101
0.0331217 0.0970947
0.0308286 0.0903523
0.0319702 0.0934221
0.0313646 0.091788
0.0304766 0.0888048
0.0301205 0.0874953
0.0306863 0.0886972
0.0301061 0.0870133
0.0292143 0.0844148
0.0305368 0.0888625
0.0305383 0.0890835
0.0306977 0.0894436
0.0306541 0.0899083
0.0310461 0.091777
0.0305756 0.0903657
0.0307923 0.091377
0.0317436 0.093758
0.0313428 0.0921227
0.0319389 0.0933559
0.0316467 0.0925155
0.0321683 0.0947482
0.0309179 0.0911392
0.0306722 0.0905306
0.0302803 0.0893939
0.0315582 0.0934544
0.0311998 0.0913368
0.0302926 0.0888079
0.0303421 0.0882427
0.0302953 0.0877538
0.0302834 0.0872358
0.0305921 0.0880321
0.0293437 0.084433
0.029643 0.0859279
0.0285049 0.0801946
0.0289076 0.0840357
0.0296622 0.0861268
0.0301468 0.0875264
0.0293798 0.085757
0.0304646 0.0890432
0.0297163 0.0862519
0.0300634 0.0877369
0.0296827 0.0869538
0.0305296 0.089174
0.0303444 0.0883906
0.0296626 0.0861194
0.0299372 0.087415
0.0295003 0.0860577
0.0292232 0.0845586
0.0293082 0.0849991
0.03065 0.0902275
0.0307303 0.0900119
0.0301379 0.0879389
0.030112 0.088728
0.0299656 0.0882038
0.0305038 0.0896039
0.0299126 0.087043
0.0305303 0.0894146
0.0306734 0.0890934
0.0297565 0.0870986
0.0303391 0.0893886
0.0298899 0.0878756
0.0303244 0.0895833
0.0299065 0.0877557
0.029576 0.0874615
0.0297907 0.0879421
0.0300863 0.0889242
0.0308193 0.0911206
0.0308473 0.0907945
0.0298274 0.0882166
0.0305094 0.0898573
0.0300459 0.0879162
0.0298897 0.0881313
0.0297662 0.0879372
0.0303695 0.0894247
0.0294577 0.0868277
0.0303414 0.0891651
0.0304818 0.0895231
0.0300111 0.0878509
0.029777 0.0869538
0.0304139 0.0888958
0.0302076 0.0889646
0.0300146 0.089288
0.0305224 0.0905452
0.0309684 0.0922773
0.030734 0.0908688
0.0311733 0.0920191
0.0316188 0.093442
0.0307061 0.0902317
0.0308901 0.0909205
0.0308259 0.0910177
0.0319715 0.0939648
0.0307709 0.090076
0.0302746 0.0896617
0.0316097 0.093399
0.031863 0.0948798
0.031296 0.0938379
0.0321506 0.0961934
0.0312971 0.0932573
0.0317241 0.0938319
0.0318831 0.0958471
0.0329535 0.0985359
0.0322073 0.0963498
0.0315205 0.0943542
0.0319275 0.0957825
0.0324027 0.0968428
0.0305235 0.0918215
0.0318595 0.0959629
0.0319312 0.0962376
0.0310292 0.0934912
0.0313247 0.0946218
0.0318208 0.0964533
0.0315756 0.0954572
0.0317185 0.09633
0.0315426 0.0954914
0.03151 0.0953768
0.0316137 0.0954022
0.0311354 0.0929577
0.0310212 0.092293
0.0307649 0.0914099
0.0321976 0.0945809
0.0308712 0.0905875
0.0304012 0.0896835
0.0310985 0.0921806
0.0308807 0.0914615
0.0305329 0.0900417
0.0301393 0.0891965
0.0310856 0.092112
0.0309305 0.0923077
0.031175 0.0924701
0.0327534 0.0971957
0.0308933 0.0920827
0.0318108 0.0942029
0.0315857 0.0935654
0.0314595 0.0931416
0.0312092 0.0923204
0.0315792 0.0929939
0.0316006 0.0940008
0.0317327 0.0942673
0.0322539 0.0958046
0.0314134 0.0929877
0.031367 0.0931689
0.0313223 0.0928476
0.031945 0.0943611
0.031808 0.09393
0.0312621 0.0924306
0.0315592 0.0933384
0.0319211 0.0939465
0.0309889 0.0918465
0.0312052 0.092813
0.0317426 0.0937758
0.0317876 0.0940594
0.030758 0.0913074
0.0316718 0.0932407
0.0308248 0.09169
0.0315242 0.0933172
0.0310245 0.0920819
0.0312734 0.0932976
0.0310316 0.09159
0.0309179 0.0920843
0.0310013 0.0919942
0.0311265 0.0928906
0.0311233 0.0923557
0.0314652 0.0935467
0.0312722 0.0934123
0.0311147 0.0929933
0.0311862 0.0925737
0.0317501 0.0934544
0.0313921 0.0923484
0.0305509 0.0905342
0.030932 0.091756
0.0307094 0.0913999
0.0311952 0.0926408
0.0313451 0.0932443
0.0304326 0.0902222
0.0316249 0.0936168
0.0316677 0.094257
0.0308982 0.0920179
0.0312823 0.0932742
0.0313332 0.0929411
0.0312284 0.0923518
0.0307696 0.0911291
0.0318399 0.0948647
0.0320852 0.0954378
0.0307363 0.0914054
0.0318243 0.094318
0.0319323 0.094827
0.031695 0.0943938
0.0316401 0.0936865
0.0313754 0.0932517
0.0325881 0.0967329
0.0325437 0.0972258
0.0322928 0.0974309
0.0326548 0.0984863
0.0325001 0.0980849
0.0324551 0.0971325
0.032349 0.0982289
0.0336815 0.102416
0.0334981 0.102993
0.0343487 0.106654
0.0344656 0.106887
0.0338791 0.104613
0.034193 0.106729
0.0348216 0.108797
0.0342891 0.107107
0.0351813 0.109595
0.0346845 0.109179
0.0345239 0.109169
0.0361876 0.114548
0.0353 0.112954
0.0342449 0.1085
0.034816 0.110838
0.0347123 0.110454
0.0344753 0.111405
0.0350494 0.113643
0.034151 0.111165
0.0330755 0.106854
0.0321847 0.103267
0.0332492 0.103453
0.0338281 0.102657
0.031453 0.0978326
0.033175 0.105824
0.0323766 0.107252
0.0319565 0.104651
0.0329336 0.105047
0.0324468 0.100418
0.0321596 0.0983029
0.0310852 0.0937904
0.0329247 0.099519
0.0324803 0.0979743
0.0324292 0.0997885
0.0318965 0.0996664
0.0319661 0.100626
0.0329389 0.103112
0.0331963 0.104188
0.0328887 0.102435
0.032471 0.10006
0.0331338 0.101773
0.0327742 0.0998432
0.0326678 0.100171
0.0329509 0.0995967
0.0326033 0.0984301
0.032062 0.0970741
0.0333362 0.100768
0.032801 0.0991038
0.0329658 0.0985305
0.0333254 0.0999418
0.0330958 0.0997145
0.032401 0.0966562
0.031963 0.0963347
0.0319599 0.0964735
0.0321963 0.0968055
0.0320507 0.0956828
0.0320341 0.095901
0.0313915 0.0939869
0.032517 0.0982764
0.0322491 0.0970323
0.0322941 0.0969384
0.0322776 0.0964493
0.0328727 0.0982229
0.032283 0.0967908
0.0325907 0.0979594
0.0335437 0.10067
0.0320117 0.0949578
0.0326099 0.0966094
0.0335104 0.100167
0.0323657 0.0972833
0.0315229 0.0949404
0.0321731 0.0966249
0.0320046 0.0956935
0.0312588 0.0925251
0.0313661 0.0929875
0.0301334 0.0899819
0.0307219 0.091219
0.0305665 0.0904795
0.0314671 0.0926936
0.030636 0.0899393
0.0292967 0.0854354
0.0308549 0.0902232
0.0310715 0.0911804
0.0300221 0.0881566
0.0308126 0.0915656
0.0306357 0.0918792
0.0314078 0.0961729
0.0305355 0.093996
0.0298663 0.0921413
0.0307144 0.095318
0.0311708 0.0964348
0.0314791 0.0985488
0.0301466 0.0940561
0.0306081 0.0947971
0.0309561 0.0962948
0.0312068 0.0962627
0.0327776 0.101076
0.0322205 0.0995469
0.0311416 0.0963564
0.0310449 0.0950673
0.0306783 0.0944913
0.0314114 0.096679
0.031298 0.0970815
0.0312717 0.0965536
0.0298011 0.0920982
0.0296772 0.091065
0.0299753 0.0921972
0.0311439 0.0937683
0.0313028 0.0940266
0.0302191 0.090579
0.0306604 0.0913663
0.0319027 0.0950573
0.0323713 0.0964389
0.0317691 0.093756
0.0314867 0.091981
0.0312906 0.091485
0.0320602 0.0942158
0.0307689 0.0906098
0.0301539 0.088538
0.031164 0.0919614
0.0305317 0.0899447
0.0296725 0.0870976
0.0304953 0.0896016
0.0307138 0.0904066
0.0306063 0.0901712
0.0316564 0.0929952
0.0308611 0.0904995
0.0313444 0.0920852
0.030884 0.0909091
0.031796 0.093748
0.0320919 0.0953391
0.0320975 0.0952717
0.0313642 0.0930323
0.0315175 0.094375
0.0309932 0.0926569
0.0314607 0.0936575
0.031821 0.0959223
0.0313727 0.0937196
0.0306666 0.0916208
0.0311434 0.0933981
0.0311809 0.0938132
0.0311762 0.0921204
0.0310339 0.0928548
0.0324 0.0974576
0.0320432 0.0955821
0.0318809 0.094981
0.0310076 0.0928262
0.03125 0.092639
0.0322622 0.0971707
0.031171 0.0935191
0.0318183 0.095624
0.031942 0.0963667
0.0326491 0.0976098
0.0328691 0.0991687
0.0326237 0.0975925
0.0329011 0.0979445
0.0320099 0.0963436
0.0326603 0.0968053
0.0324909 0.0967471
0.0332084 0.0994034
0.0332972 0.0982955
0.0339288 0.100921
0.0330868 0.0976064
0.033595 0.0991274
0.0332079 0.0983502
0.0330992 0.0979663
0.0336809 0.100816
0.0340889 0.100236
0.0337115 0.0996595
0.0334101 0.0974899
0.0338302 0.0989909
0.0333492 0.0985013
0.0324048 0.0943002
0.032381 0.0939831
0.032646 0.0955285
0.0333348 0.0967396
0.0331957 0.096557
0.0329127 0.0967064
0.0333943 0.0980681
0.0326361 0.0953803
0.033211 0.096315
0.0325764 0.094658
0.0334053 0.0982429
0.0337242 0.0972885
0.0327591 0.0963394
0.0335322 0.0974859
0.0318742 0.0925566
0.0333066 0.0945629
0.0330245 0.0932941
0.0339921 0.0969858
0.0328753 0.0934631
0.0332176 0.0935533
0.0333602 0.0938973
0.0334949 0.0934974
0.0324595 0.0906991
0.0336242 0.0936727
0.0336224 0.0937103
0.0347085 0.0976565
0.0349835 0.0978863
0.0334722 0.093848
0.033504 0.0931669
0.0340386 0.0947619
0.0343693 0.0975338
0.0339936 0.096332
0.0328525 0.0933424
0.0329315 0.0925045
0.0322043 0.0914752
0.033515 0.095057
0.0326523 0.0932974
0.0328304 0.0932103
0.0316222 0.0894678
0.032275 0.0917682
0.031762 0.0907441
0.0323254 0.092707
0.0335234 0.094441
0.0330802 0.0930189
0.0335471 0.0946576
0.0318283 0.0916305
0.0319643 0.0903832
0.0320365 0.0913814
0.0325906 0.0923325
0.0324188 0.091779
0.0325104 0.0926747
0.0310433 0.088115
0.0323034 0.0924121
0.0317669 0.0907782
0.0315163 0.0889481
0.0325616 0.0928514
0.0321547 0.092378
0.0315035 0.0898181
0.0325887 0.0932633
0.0319308 0.0919613
0.0328967 0.0943408
0.0321335 0.09233
0.0336347 0.096315
0.0321816 0.0913563
0.0318564 0.0905973
0.0318487 0.0912733
0.0320735 0.091146
0.0315088 0.0907778
0.0320886 0.0920806
0.0329072 0.0946445
0.0320172 0.0917189
0.0319591 0.0904007
0.0322169 0.0923067
0.0316834 0.0900261
0.0314747 0.0884128
0.0320547 0.0903202
0.0324812 0.0912838
0.0333624 0.093563
0.0324836 0.0909202
0.0338954 0.0944149
0.0316999 0.0885728
0.0328759 0.0913887
0.0325177 0.0911046
0.0321797 0.0908585
0.032521 0.0920615
0.0323635 0.0924945
0.0322517 0.0930086
0.0324555 0.0927372
0.0318687 0.0906551
0.032182 0.092148
0.0333618 0.095063
0.0330745 0.0947309
0.0318002 0.0904848
0.033307 0.0948873
0.0331441 0.0943702
0.0328598 0.0934947
0.0327713 0.0925407
0.032598 0.0924683
0.0320378 0.0908414
0.032042 0.0906267
0.0327077 0.0928002
0.0325756 0.092528
0.0332693 0.0940298
0.0327069 0.0920566
0.0330972 0.0929817
0.0337125 0.0946636
0.0335596 0.0939325
0.0340485 0.095744
0.0335535 0.0940973
0.034285 0.0953608
0.0336662 0.0941971
0.0331963 0.0931294
0.0326377 0.0909761
0.0321519 0.0902265
0.0313214 0.0875684
0.0324288 0.0907973
0.0315736 0.0886967
0.0321174 0.0900547
0.0304974 0.0849442
0.0313224 0.0871549
0.0326452 0.0920729
0.0316249 0.0887556
0.03252 0.0909035
0.0317363 0.0887196
0.0324477 0.0902681
0.0322736 0.0898083
0.0326521 0.0910369
0.0321364 0.0900486
0.0309959 0.0867431
0.0314369 0.087368
0.0340588 0.0941468
0.0337444 0.0940615
0.0335657 0.093685
0.032332 0.0893191
0.03289 0.0912064
0.0331424 0.0922926
0.031925 0.0890882
0.032566 0.0905777
0.0331331 0.0922581
0.0339913 0.0943558
0.0336741 0.0940239
0.033367 0.0928371
0.0336136 0.0924294
0.0352451 0.0956683
0.0342838 0.0935753
0.0342464 0.0946012
0.0333502 0.0926005
0.0335516 0.0917254
0.0344706 0.0932572
0.034019 0.0936366
0.0338071 0.0933689
0.0338334 0.0914333
0.0329067 0.0892103
0.0334572 0.0912507
0.0315425 0.084792
0.0328108 0.0880294
0.0323314 0.0871194
0.0327582 0.0873643
0.033083 0.0883633
0.0337966 0.0902684
0.0331262 0.0876225
0.0328373 0.0868218
0.0332745 0.0882129
0.0325201 0.0867038
0.0336604 0.0896362
0.0325523 0.0863205
0.0332514 0.0880883
0.0332522 0.0882062
0.0336453 0.089561
0.0335818 0.0895811
0.0337161 0.0897602
0.0327402 0.0878914
0.0340595 0.0916883
0.0344303 0.0928062
0.0334007 0.0904977
0.0335241 0.0907742
0.0336863 0.0907743
0.0337617 0.0915208
0.0332901 0.0904967
0.0334598 0.0903245
0.0326293 0.0877547
0.0332103 0.0893154
0.0332943 0.0898314
0.0334559 0.0902193
0.0333414 0.0908434
0.0338092 0.0917982
0.0328261 0.0886819
0.0338143 0.0927463
0.033668 0.0923978
0.0338351 0.0928798
0.0332802 0.0919339
0.0341649 0.0925827
0.0343204 0.0917609
0.0341522 0.0906246
0.0332782 0.0892054
0.0320062 0.0850573
0.0327926 0.0887428
0.0324538 0.0865881
0.0320278 0.0844038
0.0333987 0.0877334
0.0331626 0.0876635
0.0333211 0.0880871
0.0331237 0.0868893
0.0337008 0.0888495
0.0342668 0.0895548
0.0350578 0.0932515
0.0334293 0.0883506
0.0331509 0.0873463
0.0334603 0.089158
0.0344775 0.090647
0.0340325 0.0889143
0.0340795 0.0891621
0.0332278 0.0867434
0.0332795 0.0864877
0.0317715 0.0825579
0.0321373 0.0837254
0.032176 0.0836158
0.0319741 0.0837002
0.0324928 0.0857696
0.0317602 0.0834142
0.0331042 0.0879718
0.0329806 0.0880973
0.0326096 0.0867397
0.0326686 0.0872933
0.0333896 0.0900018
0.0329711 0.089113
0.0328496 0.0892375
0.0337223 0.0916013
0.0341548 0.0917798
0.032684 0.0879748
0.0332439 0.089662
0.0332928 0.08942
0.0323721 0.087096
0.0328124 0.0883927
0.0326917 0.0882923
0.032632 0.0871831
0.0329913 0.0891077
0.0330058 0.0900245
0.032944 0.0896856
0.0338278 0.0913718
0.033818 0.0920271
0.0329224 0.089022
0.0340111 0.0923241
0.0332271 0.0904552
0.0347105 0.0949617
0.0339536 0.0925815
0.0343877 0.0934708
0.0336866 0.0914364
0.0345625 0.0937764
0.0342252 0.0932795
0.0334018 0.09014
0.0334373 0.090779
0.0318393 0.0869539
0.0329041 0.0898688
0.0333377 0.0908655
0.0344949 0.0932827
0.0336197 0.0901644
0.0346465 0.0920937
0.0334676 0.090543
0.0328353 0.0887428
0.0333245 0.0894194
0.034003 0.0915526
0.0339972 0.0917567
0.0327847 0.0874717
0.0316555 0.083804
0.0332848 0.0887073
0.0327419 0.0864517
0.0323111 0.0858842
0.0322609 0.0860059
0.0310057 0.0830522
0.0312113 0.082301
0.0318484 0.0852065
0.0331859 0.0891477
0.0327663 0.087704
0.0326934 0.0872763
0.0327951 0.0881152
0.0331261 0.0887646
0.0325796 0.0870501
0.0331949 0.0889186
0.0327858 0.0882009
0.0325724 0.0882318
0.0328786 0.0882027
0.0328679 0.0874368
0.0331515 0.0886989
0.0328206 0.0884206
0.0323592 0.0874547
0.0332618 0.0897224
0.0333435 0.0900736
0.0328533 0.0884658
0.0332498 0.0904672
0.0321402 0.0871411
0.0334527 0.0904768
0.0329407 0.089577
0.0335979 0.0910487
0.0334152 0.0905396
0.0326868 0.0892752
0.0320378 0.0867015
0.0332489 0.0901024
0.032636 0.0876688
0.0322757 0.0868744
0.0330712 0.0890961
0.0319627 0.0867542
0.0327372 0.0883311
0.0312534 0.0849685
0.0318171 0.0860602
0.0320414 0.0872328
0.032125 0.0875389
0.0320033 0.0876848
0.0338595 0.0939277
0.0332174 0.0911821
0.0338191 0.0932478
0.0327747 0.0901758
0.0325861 0.0898023
0.033668 0.0923965
0.032459 0.0894206
0.0327898 0.0910472
0.0330548 0.0922731
0.0332566 0.0918205
0.0328467 0.090635
0.0329699 0.0918161
0.0339981 0.0948995
0.0329076 0.0921699
0.0333588 0.0927804
0.033398 0.0931137
0.0329289 0.0910838
0.0330596 0.0912033
0.0327602 0.0898803
0.034302 0.0938834
0.0343176 0.0939549
0.0334221 0.0914408
0.0329987 0.090642
0.0320033 0.0870574
0.0315592 0.0864839
0.0334315 0.0917091
0.0328072 0.0906636
0.0335995 0.0926306
0.0332625 0.0921732
0.0326182 0.0908704
0.0335663 0.0932611
0.034379 0.0953483
0.0330746 0.0930389
0.0336832 0.0950362
0.0340266 0.0956224
0.0340408 0.0954092
0.0328959 0.0923833
0.0333589 0.0928375
0.0339438 0.0950259
0.0334237 0.0934728
0.0327757 0.091103
0.0327279 0.0917138
0.0334933 0.0942082
0.0341997 0.0961492
0.0334292 0.0929021
0.0338024 0.0942447
0.0338784 0.0944566
0.0337844 0.0947992
0.0335553 0.0945722
0.0331317 0.0929055
0.0325004 0.0916026
0.0328447 0.092712
0.0319137 0.0897232
0.0317357 0.0888862
0.032679 0.0907435
0.0334346 0.0919748
0.0322581 0.0896138
0.0314921 0.086975
0.0324277 0.089986
0.0324466 0.091961
0.0329361 0.0933611
0.0327131 0.0934318
0.032293 0.0936892
0.0319052 0.0928716
0.0321881 0.0939478
0.0324664 0.0950327
0.0316834 0.0936639
0.0320856 0.0947004
0.0316512 0.0940303
0.0318069 0.0934693
0.0317443 0.0930719
0.0313295 0.0926152
0.0313718 0.0905549
0.0325705 0.0941906
0.0314445 0.0909375
0.0319052 0.0923193
0.0326496 0.0943125
0.0321487 0.0919022
0.031895 0.0917615
0.031387 0.0908522
0.0317226 0.0911926
0.030945 0.0888432
0.0325738 0.0932936
0.0317323 0.0912154
0.0316397 0.0918848
0.0321958 0.0929869
0.0318657 0.0920269
0.0314702 0.0916646
0.0310152 0.0897743
0.0321507 0.0934791
0.0310274 0.0904615
0.0311287 0.0915385
0.0311179 0.0918981
0.0321914 0.0946378
0.0316071 0.0932095
0.0313602 0.0924192
0.0314701 0.0930668
0.0313265 0.0900615
0.0312527 0.091249
0.0310331 0.0903029
0.0326657 0.0946857
0.0330905 0.0954846
0.0322372 0.0925146
0.0320417 0.091314
0.0327106 0.0937247
0.0329775 0.0949288
0.0326816 0.0931336
0.0327502 0.0930602
0.0315891 0.0914122
0.0322291 0.0919138
0.031252 0.089861
0.031646 0.0921995
0.0313912 0.0898253
0.0311498 0.0890552
0.0311818 0.0897267
0.0312971 0.0901479
0.0322468 0.0922567
0.0316784 0.0911493
0.0310072 0.0892981
0.0313133 0.0908114
0.0315317 0.0912413
0.0312541 0.0900895
0.0311852 0.0890973
0.0317881 0.0910108
0.0325835 0.0937461
0.0323726 0.0935486
0.0334215 0.0960184
0.0330169 0.0943748
0.0328583 0.0941125
0.0328967 0.0941301
0.0337113 0.0969629
0.0338202 0.0976099
0.0333449 0.0955595
0.0340274 0.0972939
0.0327219 0.0944238
0.0324965 0.0937598
0.0321846 0.0920253
0.0320702 0.0922224
0.0327412 0.0933629
0.0323346 0.0917397
0.0327155 0.0935256
0.0324665 0.0924649
0.0318932 0.0908641
0.0319835 0.0907914
0.0319814 0.0906517
0.0329467 0.0933928
0.0331642 0.0929509
0.0323606 0.0903927
0.0326649 0.0913195
0.0334387 0.0927785
0.0331543 0.0923515
0.0327745 0.0915162
0.0323958 0.0900982
0.0328422 0.0920893
0.032186 0.0901311
0.0326096 0.0912391
0.03211 0.0904544
0.0326449 0.0915998
0.0322984 0.0902029
0.0319607 0.0894176
0.0323783 0.0906223
0.0311687 0.0883644
0.0317043 0.0890208
0.0327582 0.0925
0.033157 0.0938613
0.0320706 0.0907264
0.0324028 0.0914293
0.0315956 0.0891786
0.0319658 0.0913011
0.0323792 0.0919512
0.0329832 0.0939074
0.0328759 0.0938515
0.03309 0.0941842
0.0323522 0.0917904
0.0325933 0.0932136
0.0333555 0.0948081
0.0320272 0.0908702
0.0324187 0.0917857
0.0322068 0.0918617
0.0322525 0.0922285
0.0325392 0.0931605
0.0323323 0.0918286
0.0322741 0.0922811
0.0325527 0.0930635
0.0322629 0.0916442
0.0329896 0.0944015
0.0328768 0.0934401
0.0325047 0.0919843
0.0317669 0.0900697
0.0324853 0.0924529
0.0315229 0.0900398
0.0321893 0.0920744
0.0323125 0.0920007
0.0332913 0.0952203
0.0333916 0.0955674
0.034038 0.0965751
0.0336981 0.0963788
0.0339431 0.0973974
0.0330799 0.095158
0.0331164 0.0966271
0.0337239 0.0981414
0.0339378 0.0985413
0.0333002 0.0965099
0.0326497 0.0934939
0.03353 0.0970638
0.0330874 0.0955634
0.0327481 0.0952858
0.0332356 0.0950311
0.0331552 0.094577
0.0327096 0.0932466
0.0316193 0.0910612
0.0326338 0.092977
0.0327681 0.093661
0.0324709 0.0923677
0.0320621 0.0914491
0.0319236 0.0914151
0.0322763 0.0918993
0.0325373 0.0925616
0.0322994 0.0921599
0.031923 0.0907909
0.0328681 0.094383
0.0329906 0.0954503
0.0321089 0.093699
0.0327826 0.0951369
0.0328922 0.095668
0.0322906 0.0939392
0.0331491 0.0958297
0.0329801 0.0944376
0.0326174 0.0925641
0.0323242 0.0922309
0.0330823 0.0947101
0.0326704 0.0934672
0.0327316 0.0940081
0.0319126 0.0916419
0.0324985 0.0929195
0.0319448 0.0925381
0.0320808 0.0921867
0.0343398 0.0992285
0.0328727 0.0957842
0.0332241 0.0965382
0.0340219 0.0995745
0.0334156 0.0980567
0.0331482 0.0985361
0.0329422 0.0981393
0.0336756 0.0994923
0.0333457 0.0984153
0.0338961 0.0995297
0.0331579 0.0977775
0.0333571 0.0982762
0.0333998 0.0988145
0.0329706 0.0965183
0.0337858 0.0991303
0.0333981 0.098135
0.0332185 0.0970069
0.0335586 0.098962
0.0337272 0.098871
0.0326629 0.0960056
0.0333247 0.0970079
0.0332125 0.097645
0.0335832 0.0987959
0.0333663 0.0980764
0.034169 0.0999052
0.0330285 0.0970659
0.0336 0.0987607
0.0342249 0.101101
0.0339306 0.0996631
0.0343351 0.101069
0.0349292 0.102247
0.0340732 0.100865
0.0346112 0.102657
0.0347625 0.102253
0.034488 0.101183
0.0351504 0.102732
0.0331634 0.0968897
0.0350697 0.101716
0.0349315 0.102693
0.0332321 0.0983856
0.0345284 0.101533
0.0334795 0.0978308
0.0331941 0.098263
0.0331554 0.0984032
0.0328013 0.0975408
0.033324 0.0982663
0.0345272 0.101631
0.0346179 0.102201
0.0335625 0.09806
0.0342054 0.10147
0.0332344 0.0979398
0.0338563 0.100108
0.034039 0.100817
0.0329335 0.0989408
0.0334917 0.0997556
0.0340321 0.101641
0.033962 0.101055
0.0340088 0.100877
0.0331097 0.0987583
0.0333406 0.0985077
0.0335294 0.100556
0.0331846 0.0984315
0.0328715 0.0977034
0.0328648 0.0978778
0.0325602 0.0956018
0.0318354 0.0934045
0.0318825 0.0937934
0.0317344 0.0924733
0.0321797 0.0938991
0.0315767 0.0928427
0.0311397 0.0913712
0.0333061 0.0974598
0.031346 0.0918014
0.0319302 0.0954803
0.0315841 0.0951463
0.0304811 0.0910026
0.0304106 0.0915447
0.0305739 0.0918301
0.0309116 0.0928608
0.0309254 0.0923896
0.031571 0.0939567
0.0318071 0.0948442
0.0309168 0.0921677
0.0312237 0.0928608
0.0304355 0.0911495
0.0304966 0.0902472
0.0303939 0.0882089
0.0307952 0.0910469
0.0319969 0.0934206
0.0317347 0.0871525
0.0320206 0.089808
0.0311895 0.0904156
0.0302776 0.0877379
0.0305799 0.0886375
0.0311156 0.0905167
0.0311941 0.0918147
0.0304493 0.0897249
0.0316196 0.0933874
0.0305958 0.0903512
0.0308667 0.0906739
0.030906 0.090886
0.0308008 0.0906719
0.0305186 0.0897655
0.0309601 0.0918627
0.0315277 0.0928662
0.0305535 0.0902083
0.0310994 0.09149
0.0309942 0.0910356
0.0300083 0.0885916
0.030755 0.0908397
0.029468 0.0865178
0.0301262 0.0890572
0.0304733 0.0903599
0.0305462 0.0903768
0.0299191 0.0878545
0.0305977 0.0909207
0.0291822 0.0870539
0.030515 0.090694
0.0303233 0.0904471
0.0298623 0.0897485
0.0302466 0.0900912
0.0304396 0.0897819
0.0306092 0.0906655
0.0317972 0.0943938
0.0316117 0.093985
0.0317076 0.0941131
0.0306829 0.0900456
0.0309848 0.0909492
0.0313703 0.0914447
0.031458 0.0926512
0.0305411 0.0897193
0.0305833 0.0912533
0.030164 0.0888875
0.0308168 0.0910879
0.0299225 0.0895772
0.0309684 0.0922832
0.0297852 0.0886721
0.0305162 0.0924522
0.0292055 0.0872015
0.0294514 0.0873565
0.0303063 0.091692
0.0303898 0.092554
0.030421 0.0922194
0.0301151 0.0907093
0.0305576 0.0935928
0.0309449 0.0942915
0.0305839 0.0945606
0.0311386 0.0959004
0.0316189 0.0976648
0.0311221 0.0969005
0.0315813 0.0940889
0.0307176 0.0946573
0.030329 0.0942241
0.0313853 0.097104
0.0316851 0.0985521
0.0310447 0.0957187
0.0321578 0.0982008
0.0336679 0.104194
0.0332323 0.101066
0.0326847 0.0987718
0.0324105 0.0969047
0.0324041 0.0951481
0.0313883 0.0917274
0.0302624 0.087727
0.0300467 0.0870661
0.0310353 0.0916656
0.0291833 0.0866055
0.0303367 0.0904362
0.0306634 0.0923642
0.0305132 0.0914226
0.0313633 0.0947196
0.0309616 0.0930823
0.0304398 0.0910617
0.0308783 0.0917668
0.0308364 0.0909671
0.0307989 0.0905216
0.0301808 0.0888375
0.0309431 0.0885348
0.0311297 0.0913741
0.0307007 0.0902447
0.0313949 0.0921345
0.030731 0.0907931
0.0319083 0.0939555
0.0309578 0.0895718
0.0310588 0.0905836
0.0320285 0.0939576
0.0309223 0.0907709
0.0319554 0.0931969
0.0307281 0.0895823
0.03118 0.0914723
0.0312331 0.0917997
0.0308748 0.0913706
0.0305736 0.0895062
0.0318745 0.093754
0.0309312 0.0905009
0.0308897 0.0904056
0.0301797 0.088903
0.030476 0.0893641
0.0308922 0.0922343
0.0301935 0.0888704
0.0308347 0.0914568
0.0310889 0.0931153
0.0310804 0.0916045
0.030682 0.0914072
0.0308215 0.0917579
0.0306852 0.0913372
0.0301684 0.0904857
0.0305893 0.091426
0.0308458 0.0913327
0.0304506 0.0904998
0.0311339 0.092117
0.0313198 0.0926889
0.0315006 0.0926687
0.0319487 0.0955982
0.031512 0.0946523
0.0314811 0.0930055
0.0317802 0.0944952
0.0324032 0.096561
0.0327467 0.0976889
0.0317577 0.0950968
0.0326235 0.0973161
0.0320766 0.0957692
0.0318869 0.0942926
0.0323333 0.0965495
0.0326054 0.0962972
0.0325993 0.0969251
0.0324348 0.0960286
0.0325751 0.0965548
0.0320797 0.0956628
0.0316086 0.0932898
0.0319207 0.0935398
0.0325638 0.0957806
0.0325708 0.0951147
0.03291 0.09595
0.0323143 0.095012
0.0330388 0.0957895
0.032817 0.0964951
0.0331857 0.0969819
0.0321915 0.0933101
0.0321208 0.0922056
0.032263 0.0923575
0.0324602 0.0930523
0.0314251 0.0903738
0.0329663 0.0951611
0.0319536 0.0921151
0.0321018 0.0924178
0.032134 0.0923001
0.0335304 0.096092
0.0330248 0.0961163
0.0340833 0.0990462
0.0329786 0.0975935
0.0336773 0.0995759
0.0331217 0.0970672
0.03326 0.0964502
0.0327485 0.0947588
0.0313596 0.0909206
0.0313679 0.0900156
0.0313909 0.0903983
0.0323078 0.0918455
0.032422 0.091612
0.0324059 0.0904716
0.0327519 0.092127
0.0316463 0.0886308
0.0312664 0.0883882
0.0318506 0.0906382
0.0317936 0.0905578
0.0320285 0.0918794
0.0313525 0.0902284
0.0302601 0.086932
0.030939 0.0894472
0.031706 0.0904149
0.0310149 0.0890596
0.0321083 0.0915419
0.0320978 0.0909091
0.032389 0.0924117
0.0323499 0.0918126
0.0326589 0.0925695
0.0337042 0.0939977
0.0324324 0.0910942
0.0321106 0.089869
0.0325924 0.091212
0.0318679 0.0895615
0.0327491 0.0920356
0.0323669 0.089889
0.0317551 0.0884945
0.0325131 0.0901519
0.0327572 0.0902292
0.0320884 0.0888563
0.0322128 0.0888741
0.0329907 0.0911302
0.031928 0.0888644
0.0327812 0.0907774
0.0326485 0.0902677
0.0319244 0.0882122
0.031555 0.0879703
0.0327854 0.0914545
0.0318916 0.0894688
0.0311406 0.0869191
0.0319123 0.0902859
0.0316453 0.0885327
0.0313954 0.0878416
0.0318315 0.0896658
0.0318994 0.0901862
0.0328173 0.0922733
0.0326889 0.0928028
0.0324573 0.0913912
0.0335494 0.0950395
0.0318274 0.0887416
0.0325075 0.0911555
0.0324784 0.0914623
0.0311324 0.0866626
0.0321503 0.0898649
0.0322609 0.0899951
0.0334461 0.0934357
0.0330712 0.0918664
0.0335935 0.0935584
0.0337481 0.094274
0.032474 0.0904343
0.033484 0.0943094
0.0327017 0.0921394
0.0320961 0.0914634
0.0330753 0.09439
0.0324165 0.0922017
0.0323089 0.0927252
0.0326683 0.0928975
0.0334381 0.0954831
0.033369 0.0943956
0.0329898 0.093543
0.0335094 0.0945022
0.0334037 0.0941957
0.0338437 0.0959747
0.033042 0.0940358
0.0323607 0.0916605
0.03352 0.094769
0.0330373 0.0935749
0.0318311 0.0900427
0.0329383 0.0927688
0.0326885 0.0911776
0.0327955 0.0923039
0.033284 0.0931267
0.0329741 0.0920809
0.0321557 0.088893
0.0326099 0.0911731
0.0329247 0.0932172
0.0327915 0.0923238
0.033054 0.0921351
0.0324316 0.089966
0.0319703 0.0893031
0.0321098 0.0896976
0.0311114 0.0859305
0.0314146 0.0873592
0.0313155 0.0873155
0.030701 0.0849701
0.0314237 0.086298
0.0302656 0.0826574
0.0307956 0.0838793
0.031536 0.0862294
0.030861 0.0848792
0.0333268 0.0920264
0.0314436 0.0869591
0.0313482 0.0876444
0.0321288 0.0892641
0.0313606 0.0874686
0.0320808 0.0898595
0.033233 0.0926273
0.0320257 0.0899167
0.0322808 0.0905891
0.0334573 0.0937866
0.032628 0.0920017
0.0336749 0.0948715
0.0341163 0.096224
0.0341137 0.0952235
0.0335274 0.0932058
0.0334235 0.0929493
0.0334896 0.0929992
0.0344554 0.095866
0.0334517 0.0926421
0.0355745 0.0983886
0.0356496 0.0983966
0.0347797 0.0952294
0.0347615 0.0948593
0.0348265 0.0950711
0.0342925 0.0952381
0.0353423 0.0979827
0.0341732 0.0927053
0.034791 0.0946011
0.0336897 0.0928445
0.033947 0.094471
0.0349339 0.0948111
0.0335721 0.0906116
0.0326484 0.0894946
0.0331731 0.0907126
0.0330144 0.0902508
0.0333537 0.091328
0.0325597 0.0886861
0.0330195 0.0907186
0.0318085 0.0869097
0.0322334 0.0879809
0.0317939 0.0860368
0.0319008 0.0867896
0.0329899 0.0893287
0.0336705 0.0904555
0.0324389 0.0866792
0.031948 0.0856398
0.0328314 0.0878437
0.0335259 0.0902496
0.0334681 0.0892888
0.0336654 0.0896273
0.0326859 0.086195
0.0327779 0.086748
0.0323924 0.0849871
0.0331107 0.0865412
0.031869 0.0830685
0.0332868 0.0864709
0.0333051 0.0867176
0.032897 0.0865747
0.0329988 0.0869839
0.0323322 0.0860755
0.0327847 0.086841
0.0333718 0.0885344
0.0337542 0.0894849
0.0323201 0.0853638
0.0319426 0.0840496
0.0326422 0.0844822
0.0331263 0.0870163
0.0327535 0.0859393
0.0319927 0.0836615
0.0323714 0.0840511
0.0336461 0.0874845
0.0325417 0.0843699
0.032896 0.0855861
0.032524 0.0846342
0.0324602 0.0848692
0.0324925 0.0849449
0.0321366 0.0841601
0.0322553 0.0846915
0.0325335 0.085742
0.0324936 0.0850495
0.0320603 0.0839977
0.0321031 0.0841009
0.0324959 0.0854064
0.033283 0.0871533
0.0323513 0.0840016
0.0329821 0.0863986
0.0334813 0.087048
0.0326776 0.084957
0.0337885 0.0879364
0.0330559 0.0863618
0.0323991 0.0843099
0.0324553 0.0853965
0.0322161 0.0843025
0.0333894 0.0878161
0.0333819 0.0879322
0.0328465 0.0866644
0.032763 0.0867735
0.0329422 0.0868248
0.0329778 0.0867379
0.0327406 0.0862725
0.0336421 0.088771
0.0331075 0.0887695
0.032855 0.087508
0.0319675 0.0856674
0.0327316 0.0863484
0.033206 0.0888657
0.0333101 0.0885951
0.0336888 0.0896536
0.0329503 0.0869615
0.033584 0.0882488
0.0334568 0.0890695
0.0330681 0.0873686
0.0325 0.0852824
0.0334165 0.0872472
0.0329778 0.0864268
0.0328176 0.0850895
0.0326104 0.084764
0.0326742 0.0849755
0.0327402 0.0848729
0.0323851 0.0841486
0.0310778 0.0799709
0.0321128 0.0831744
0.0329951 0.0859535
0.0321963 0.0838911
0.0321639 0.0834936
0.0337325 0.0875618
0.0328088 0.0857257
0.0331321 0.086119
0.0343302 0.0903355
0.0335337 0.0887886
0.0337992 0.0895479
0.0333516 0.0877638
0.0334376 0.0887045
0.0335015 0.0891809
0.0339346 0.0895557
0.0325298 0.0862109
0.0331248 0.0878761
0.0334993 0.0884915
0.0336879 0.0893023
0.0334386 0.0889661
0.0329389 0.0881887
0.0334621 0.0896049
0.0344933 0.0933444
0.0331978 0.0895795
0.0342852 0.0923387
0.0347878 0.093275
0.0348909 0.0940706
0.0333421 0.0886988
0.0342761 0.0908985
0.0340507 0.0895136
0.0329685 0.0876092
0.033721 0.0906834
0.0343374 0.0918973
0.0343873 0.0917566
0.0333867 0.0897292
0.0339654 0.0905253
0.0334051 0.0906869
0.0336748 0.0908445
0.0342514 0.0923714
0.0337859 0.0917222
0.0337456 0.0916522
0.0335589 0.0915351
0.0334444 0.0907847
0.0334098 0.0906237
0.0329501 0.0891153
0.0334929 0.0905507
0.0340785 0.0915514
0.0347642 0.0937059
0.0343962 0.0937165
0.0336629 0.0915853
0.0331471 0.0884951
0.0326726 0.0881135
0.0331898 0.0895106
0.0330454 0.0872043
0.032097 0.0856262
0.0323878 0.0858974
0.032899 0.0885185
0.0324303 0.0864695
0.0317044 0.0846746
0.033381 0.089636
0.0324918 0.0864494
0.0330089 0.0883129
0.0333128 0.0882387
0.0335602 0.0900201
0.0341069 0.0916134
0.0334833 0.0904379
0.0339605 0.0917458
0.0347216 0.0932389
0.0342632 0.09275
0.0338255 0.0917317
0.0340147 0.0928027
0.0333414 0.0908277
0.0340849 0.0921247
0.0336065 0.0910272
0.0335313 0.0907043
0.0346401 0.0936283
0.0330557 0.0896332
0.0330064 0.0897695
0.0339842 0.0923013
0.0336012 0.092222
0.0329305 0.0907613
0.0330777 0.0913907
0.0326543 0.0902992
0.0340031 0.0939537
0.0347154 0.0959792
0.0337022 0.092636
0.0336153 0.0927785
0.033837 0.0932101
0.0337206 0.0921265
0.0329637 0.0896221
0.0326669 0.0875964
0.0334848 0.0896157
0.0333582 0.0886157
0.0329589 0.0883417
0.033313 0.0893776
0.033223 0.0889576
0.0314242 0.0835263
0.0320346 0.0851666
0.0316131 0.0847359
0.0323483 0.0878112
0.0326254 0.0873883
0.0320846 0.0855866
0.0324171 0.0873594
0.032161 0.0861633
0.0328747 0.088279
0.032201 0.0866906
0.0326954 0.0883184
0.0329997 0.088134
0.0318233 0.0849681
0.0324455 0.0879438
0.0314177 0.0848671
0.0315219 0.0856586
0.0314664 0.0855688
0.0319073 0.0871606
0.0304438 0.0830274
0.0309783 0.0840496
0.0301634 0.0829629
0.0311707 0.0859314
0.0322448 0.088625
0.031605 0.0869251
0.0316587 0.0869383
0.0327808 0.0892698
0.033176 0.0907895
0.0325384 0.0893594
0.0316237 0.086167
0.0333261 0.0921053
0.0329147 0.0915867
0.0328746 0.0917207
0.0331931 0.0933211
0.0322503 0.0903622
0.0313018 0.0879485
0.0324692 0.0915263
0.0324445 0.0913236
0.0322672 0.0917631
0.0332061 0.0942976
0.0322461 0.0911341
0.0318892 0.091203
0.0330074 0.0944828
0.0328887 0.0934914
0.0323525 0.0932617
0.0323587 0.0926065
0.0322313 0.0918768
0.0322182 0.0927996
0.0324436 0.0932548
0.0311923 0.0898743
0.0322208 0.0924385
0.0324635 0.0931635
0.0321926 0.091706
0.0324794 0.0931681
0.0319882 0.0918565
0.0326665 0.094212
0.0319691 0.0920326
0.0324227 0.0945895
0.0323499 0.0951073
0.0312857 0.0919759
0.0316862 0.0927224
0.0322173 0.0939069
0.032166 0.0942265
0.033035 0.0976693
0.0332515 0.0985326
0.0324234 0.096948
0.0325931 0.0965686
0.032337 0.0951108
0.0315268 0.0924679
0.032088 0.096654
0.031364 0.0969453
0.0305093 0.0957352
0.031974 0.0982274
0.0310143 0.0950462
0.0317646 0.0989604
0.03306 0.102937
0.0331426 0.101011
0.0328659 0.0988702
0.0327467 0.097048
0.0332652 0.0976824
0.0330512 0.0969893
0.0327468 0.0955358
0.0330053 0.0952321
0.0326622 0.0935967
0.0319197 0.0914907
0.0325538 0.0929091
0.0327538 0.0930419
0.0330237 0.0937095
0.0335459 0.0958981
0.0320357 0.0903533
0.0322987 0.0914462
0.0306861 0.0872854
0.0323319 0.092491
0.0318151 0.0910741
0.0321641 0.0922516
0.0320017 0.0920276
0.0324275 0.0932448
0.0333152 0.0950218
0.0321765 0.0924743
0.0312973 0.0906494
0.0329008 0.09479
0.0314713 0.0915448
0.0335239 0.0975114
0.0323825 0.0931603
0.0323366 0.0937087
0.0317593 0.0904033
0.032294 0.0936313
0.0324688 0.0937559
0.0324327 0.0927669
0.032151 0.0920821
0.0331946 0.0950627
0.0332678 0.0946055
0.0324834 0.0926064
0.0329098 0.0936608
0.0330919 0.092999
0.0331774 0.0941279
0.0325586 0.0920363
0.0325613 0.0919731
0.0326941 0.0924137
0.0311004 0.0877764
0.0330155 0.0922055
0.0323136 0.0904375
0.0324837 0.0906769
0.0323873 0.0910927
0.0324895 0.0911246
0.0316683 0.0888268
0.0318312 0.0884366
0.0320981 0.0900879
0.0325007 0.0911815
0.0335603 0.0950615
0.0329544 0.0933095
0.0336179 0.0948207
0.0327708 0.0932723
0.0332733 0.0944431
0.032443 0.0931222
0.0331545 0.0958386
0.0322756 0.0934862
0.0337339 0.0986425
0.0325115 0.0946092
0.0322616 0.093984
0.0320474 0.0932354
0.0323192 0.0932411
0.0325318 0.0950724
0.0323446 0.093124
0.0314577 0.0901619
0.0319754 0.0929092
0.0317443 0.0920705
0.031095 0.0898905
0.0312958 0.0902419
0.0321976 0.0928522
0.0317391 0.0912548
0.0309355 0.0873528
0.0324046 0.0931642
0.0323012 0.0951322
0.0327724 0.0954809
0.0320675 0.0921044
0.032748 0.0940113
0.0323791 0.0926715
0.032612 0.0934181
0.032968 0.0937769
0.031801 0.0906233
0.0320925 0.0916682
0.033094 0.0941083
0.0334823 0.0957179
0.0336798 0.0966225
0.0325038 0.0936742
0.0333947 0.0960952
0.0336846 0.0972438
0.0342159 0.0977819
0.0354044 0.100535
0.0331116 0.0963848
0.0328223 0.0963504
0.0325696 0.09609
0.0340174 0.100172
0.0342651 0.101864
0.0336234 0.0980617
0.0333203 0.0974063
0.0342458 0.101049
0.0341971 0.100234
0.0327577 0.0960448
0.0344687 0.100723
0.0340328 0.100463
0.0343877 0.102326
0.0346325 0.103093
0.0355378 0.105684
0.034523 0.101895
0.0340027 0.100853
0.0334867 0.0982272
0.0341478 0.100101
0.0337901 0.0983059
0.0340378 0.0995882
0.0333118 0.0981751
0.0346195 0.101472
0.03452 0.101803
0.0339825 0.100758
0.0333957 0.0987851
0.0345901 0.10263
0.0330335 0.0984353
0.0336578 0.100748
0.0335 0.10031
0.0337724 0.100793
0.0345952 0.101414
0.0331355 0.0970342
0.0329213 0.0978017
0.0327731 0.0965129
0.0333844 0.0978879
0.0326171 0.0964347
0.032693 0.09774
0.0339184 0.10139
0.0333744 0.0999353
0.0338745 0.101843
0.0333211 0.100305
0.0331466 0.0993604
0.0333692 0.0990997
0.0325881 0.0976552
0.0334838 0.0995654
0.0336214 0.100747
0.0328564 0.0984027
0.0322351 0.0966992
0.0326702 0.0978359
0.0316073 0.0949449
0.0329128 0.0988854
0.0327557 0.0975264
0.0316889 0.0943165
0.0314006 0.0914757
0.0305321 0.0895335
0.0310141 0.0891065
0.0309261 0.0905884
0.0309473 0.0910297
0.0313325 0.092195
0.0312206 0.0926643
0.0318952 0.0947604
0.0316929 0.0928129
0.0316824 0.0940585
0.0315553 0.0941146
0.0314272 0.0934855
0.0311112 0.0922811
0.0319181 0.0945808
0.0306157 0.0894537
0.0304979 0.0886028
0.0296365 0.0871961
0.0307513 0.0894961
0.0305667 0.0882408
0.0298878 0.0869782
0.0301628 0.087008
0.0302835 0.0879422
0.0302076 0.0874235
0.0309619 0.0901076
0.0308422 0.0901469
0.0305183 0.089909
0.030305 0.0894494
0.0307194 0.0907134
0.0311243 0.0920776
0.0304013 0.089591
0.0306146 0.0903915
0.0303127 0.0899917
0.0303646 0.0900095
0.0312155 0.0918692
0.0311802 0.0922428
0.0310038 0.0912978
0.0311968 0.0910349
0.0305963 0.0903059
0.0306699 0.0893374
0.0315161 0.0911358
0.0312817 0.0908465
0.031975 0.0932875
0.0299154 0.0867404
0.0305993 0.0881897
0.0308475 0.088567
0.0306342 0.0880534
0.0305979 0.0885365
0.0305777 0.089585
0.0307028 0.0894075
0.0300446 0.0878997
0.0304885 0.0900164
0.0300088 0.0874017
0.0307712 0.0910989
0.0304817 0.0894959
0.0302543 0.0887574
0.029837 0.0880642
0.0300415 0.0880813
0.0307106 0.0899737
0.0302717 0.0884072
0.0297479 0.0883638
0.0307761 0.0908288
0.0312648 0.0925761
0.0304852 0.0904804
0.0309666 0.0933419
0.0304983 0.0916602
0.0316696 0.0961827
0.0314456 0.0959626
0.031782 0.0967063
0.0325533 0.0988788
0.0317252 0.0970076
0.0315592 0.0963982
0.0319653 0.0971313
0.0321839 0.0981511
0.0311093 0.096357
0.0315891 0.0963759
0.0313131 0.0966472
0.0321066 0.0996621
0.0319843 0.0986084
0.0332459 0.102432
0.0334542 0.101446
0.0328299 0.0998691
0.0327989 0.098759
0.0328604 0.098666
0.0330958 0.0988081
0.0322643 0.0953138
0.0326162 0.0968935
0.0318477 0.0948209
0.0312092 0.0920041
0.0312828 0.0921493
0.0298413 0.0860046
0.030184 0.0869265
0.0302826 0.088428
0.0309617 0.0913468
0.0297075 0.0870913
0.0290743 0.0851941
0.0286949 0.0847371
0.0295213 0.0863127
0.0295456 0.0866207
0.0310327 0.0903649
0.0303561 0.0886995
0.0307411 0.0901361
0.0310091 0.0894707
0.0310857 0.0915087
0.0309802 0.0896288
0.0306795 0.0885537
0.0304611 0.0890506
0.0307726 0.0901437
0.0300884 0.0869592
0.0316478 0.092392
0.0307343 0.0901774
0.0308592 0.0898026
0.0306195 0.0888735
0.0309283 0.0902791
0.0307696 0.0906899
0.0314312 0.0925832
0.0316468 0.0934615
0.0308697 0.0917148
0.0306485 0.0908626
0.0309665 0.0925542
0.0307982 0.0918064
0.0300108 0.0901432
0.0306603 0.0912793
0.0308252 0.0925531
0.0315071 0.0953532
0.0323605 0.0976186
0.0320959 0.097529
0.0319267 0.0961614
0.0330573 0.0994963
0.0334655 0.101047
0.0337303 0.101431
0.0325207 0.0985112
0.0316489 0.0954126
0.0319382 0.0949616
0.0323705 0.0967888
0.0316272 0.0948568
0.0323352 0.0961029
0.0323509 0.0964827
0.0334162 0.0981961
0.0329157 0.0979395
0.0324685 0.0961674
0.0316534 0.0938582
0.032104 0.0952442
0.0315433 0.0933589
0.0320074 0.0936728
0.0319561 0.0953451
0.0316759 0.0929021
0.0322686 0.0949496
0.0331743 0.0967558
0.0332505 0.096721
0.0327121 0.0953138
0.0325773 0.0958107
0.0326375 0.0964653
0.0329821 0.0969476
0.032709 0.0953737
0.0316732 0.0915029
0.032819 0.0950522
0.0339204 0.0976374
0.0340549 0.100538
0.032755 0.0950709
0.0336478 0.0954046
0.0331169 0.0929425
0.0327209 0.0928867
0.031725 0.0896742
0.0326668 0.0918985
0.0331382 0.0939138
0.0332723 0.093282
0.0327912 0.0914697
0.0331475 0.0925349
0.0323361 0.0904379
0.0320756 0.0902549
0.0317976 0.0888334
0.032137 0.0902443
0.0311735 0.0873233
0.0315771 0.0880354
0.0312139 0.0880944
0.0317537 0.0890415
0.0319184 0.0903792
0.0318296 0.0904652
0.0318995 0.0892125
0.0319031 0.0902629
0.0319707 0.0897584
0.0313244 0.0864443
0.0312411 0.0883432
0.0305724 0.0871351
0.0315891 0.089373
0.0316149 0.0905213
0.0323048 0.0918336
0.0322856 0.0914385
0.032949 0.0940727
0.0336936 0.095953
0.0331869 0.0958152
0.0338043 0.0956473
0.0332534 0.0939097
0.0321686 0.0910834
0.0318074 0.0892912
0.032374 0.0911447
0.0333808 0.0921158
0.0325574 0.0911481
0.0322765 0.0897091
0.0330522 0.0924277
0.0322588 0.0902786
0.0320922 0.0896699
0.0312009 0.087771
0.0327689 0.0927694
0.0322757 0.0914279
0.0326922 0.0936384
0.0314015 0.0896788
0.0331593 0.094441
0.0320568 0.0906389
0.0320211 0.0911361
0.0319499 0.0906486
0.0310178 0.0871627
0.0306982 0.0854921
0.0318731 0.087488
0.0320724 0.0897467
0.0312676 0.0863443
0.0316626 0.0882727
0.0318 0.0888657
0.0320613 0.0903282
0.0317606 0.0895799
0.0314533 0.0891981
0.0325246 0.0914766
0.033674 0.0951758
0.0315531 0.0897931
0.032414 0.0924475
0.031779 0.0902652
0.0331735 0.09519
0.0330917 0.0948532
0.0325268 0.0929356
0.0315711 0.089965
0.0317509 0.0905958
0.0334537 0.0948361
0.0332164 0.0944858
0.032669 0.092301
0.032887 0.093006
0.0330532 0.0937577
0.0322827 0.0908477
0.0317832 0.0900527
0.0321943 0.0898182
0.0325819 0.0913709
0.0321093 0.0909875
0.0315547 0.0886742
0.0310922 0.0868291
0.0314655 0.0881149
0.0319612 0.0890649
0.0309395 0.0867516
0.0320849 0.0904615
0.0316498 0.0892001
0.0320084 0.089962
0.0322736 0.0903084
0.0313611 0.0871198
0.0325886 0.0909928
0.0323958 0.0900627
0.0321004 0.0897608
0.0321584 0.0892564
0.0318528 0.0887904
0.0322376 0.0898938
0.0320012 0.0893913
0.0315911 0.0877608
0.0307517 0.0855817
0.0317238 0.0882693
0.0321583 0.0893194
0.0311119 0.0866769
0.0320454 0.0895787
0.0324046 0.090353
0.0317891 0.0890713
0.0324163 0.090603
0.0323674 0.0907419
0.0316778 0.088844
0.0320773 0.089968
0.0329197 0.092488
0.032263 0.0906911
0.0326666 0.0913346
0.0326056 0.0913169
0.0328791 0.092158
0.0324796 0.0910265
0.0331665 0.0922416
0.0338134 0.0949192
0.0331699 0.0925369
0.0328415 0.092221
0.0336543 0.0936636
0.0331572 0.0933333
0.0329148 0.0913585
0.0328563 0.0918067
0.0334727 0.0926799
0.0330835 0.0924902
0.0333311 0.0922136
0.0318515 0.0866043
0.0332769 0.0910459
0.0329203 0.0906127
0.0329589 0.091466
0.0341764 0.094213
0.0338668 0.0932265
0.0331343 0.0903668
0.0324075 0.0889279
0.0331334 0.0908379
0.0320914 0.0878565
0.0320746 0.0881645
0.0320791 0.0881541
0.032424 0.088223
0.0330265 0.0909146
0.0332981 0.0903334
0.0347675 0.0949717
0.0335253 0.0915446
0.0340551 0.0930933
0.0329094 0.0896708
0.0334776 0.0905183
0.0334389 0.0901917
0.0345047 0.0939101
0.0338753 0.0922454
0.0340612 0.0932412
0.0332449 0.0911275
0.0340403 0.0937519
0.034326 0.0939472
0.0344458 0.0943102
0.0340629 0.0933445
0.0327972 0.0894593
0.0334866 0.0906785
0.0334199 0.089885
0.0343851 0.0950117
0.0336658 0.0924088
0.0338468 0.0908879
0.0342897 0.0915783
0.0328953 0.0880144
0.0342285 0.0911349
0.0335909 0.0886782
0.0331922 0.0878568
0.0333108 0.0876891
0.0332971 0.0878421
0.0336732 0.088489
0.033147 0.0876212
0.0340525 0.0899764
0.0348002 0.0923157
0.0330306 0.0877041
0.0332213 0.0877638
0.0332214 0.0867806
0.0336602 0.0880467
0.0336086 0.0875236
0.0316814 0.0816819
0.0334788 0.0871442
0.0329983 0.0850884
0.0333618 0.0858173
0.0336381 0.0865406
0.0327612 0.0852946
0.0334527 0.087199
0.0328943 0.0861951
0.0329909 0.0868469
0.0330123 0.0857744
0.033177 0.0874037
0.0338581 0.089596
0.0335071 0.087902
0.0328719 0.0868964
0.0330385 0.0875427
0.0330701 0.0868668
0.033512 0.0889044
0.0333695 0.0893864
0.0326136 0.0872032
0.0336547 0.0894389
0.0338722 0.0907349
0.0330254 0.0870335
0.0328423 0.0876529
0.032919 0.0888195
0.0340191 0.0907616
0.0340363 0.090403
0.0337076 0.0898512
0.0334046 0.0886303
0.0334264 0.0889521
0.0331685 0.0890403
0.0336531 0.0902387
0.0332194 0.0886003
0.0333261 0.0883536
0.0338789 0.0892013
0.0340123 0.0908776
0.0337873 0.0899931
0.0335891 0.0890595
0.0342614 0.0903477
0.0341854 0.0902453
0.0346666 0.0924779
0.034017 0.0897684
0.0342441 0.0903487
0.0342052 0.0904721
0.0334762 0.0893925
0.0339682 0.0900984
0.0336679 0.0895471
0.0327115 0.0863639
0.0327819 0.0861784
0.0340071 0.0896949
0.0340838 0.090606
0.034254 0.0914034
0.0342405 0.0911497
0.0342209 0.0907099
0.0343607 0.0915177
0.0349152 0.0937683
0.0348393 0.0930192
0.0356947 0.0963827
0.0343026 0.0939095
0.0337391 0.0912212
0.0354233 0.0971384
0.0344978 0.0931407
0.0357998 0.0945915
0.0347857 0.0927944
0.0355225 0.0967858
0.0342311 0.0954301
0.0335434 0.0931001
0.0329873 0.0879724
0.0339031 0.0900029
0.0342337 0.0935878
0.0337476 0.0943431
0.033452 0.0930135
0.0344503 0.0952208
0.0346167 0.0968399
0.0333749 0.0957762
0.0343264 0.0934321
0.0344266 0.0926424
0.0333902 0.0904621
0.0339652 0.09457
0.0346692 0.0998242
0.0349517 0.0986914
0.0340536 0.0929774
0.0336814 0.0924596
0.0332425 0.0936049
0.033387 0.0945455
0.0343321 0.0951724
0.0345016 0.095172
0.0350622 0.0997738
0.0346984 0.0981452
0.0343308 0.0928723
0.0350556 0.0984647
0.034344 0.0990395
0.0340784 0.0977235
0.0335059 0.0936951
0.0342774 0.0939194
0.0344491 0.094772
0.0338906 0.0943441
0.0337211 0.094343
0.034798 0.0974105
0.0343397 0.0969139
0.0342413 0.0971628
0.0345884 0.0973639
0.0337296 0.09556
0.0334055 0.0948403
0.0336742 0.0957805
0.0332756 0.0942656
0.0334134 0.0948694
0.0339049 0.09635
0.0337694 0.0956324
0.0339986 0.096275
0.0342036 0.0968968
0.0329423 0.0939618
0.0342375 0.097381
0.0341116 0.096798
0.0341476 0.0970951
0.0340757 0.0967524
0.0344686 0.0978154
0.0341413 0.0971154
0.03367 0.0953635
0.034179 0.0970273
0.0341273 0.0970796
0.0342098 0.0967466
0.0334184 0.0945161
0.0341466 0.0968314
0.0333218 0.0944564
0.0341231 0.0969266
0.0342617 0.0969185
0.0335599 0.0951827
0.0334512 0.0944679
0.0340158 0.0964788
0.0330301 0.0934322
0.0350448 0.0995511
0.0337254 0.0958466
0.0344537 0.0978468
0.0338224 0.0961728
0.0338789 0.0965096
0.0345186 0.0975535
0.0335798 0.0954048
0.0341829 0.0970039
0.0346229 0.0978501
0.0332579 0.0945871
0.0337442 0.0957277
0.0345541 0.0985976
0.0336513 0.0955145
0.0340158 0.0968116
0.0342871 0.0975745
0.0339893 0.0967663
0.0334296 0.0948972
0.0346242 0.098104
0.0347913 0.0984574
0.0338454 0.0959115
0.0344222 0.097356
0.0340423 0.0967088
0.0338224 0.0963209
0.0337444 0.0957682
0.0337069 0.0954915
0.0341 0.097091
0.0338793 0.0963353
0.0343973 0.0981429
0.034196 0.0975234
0.0341758 0.0971864
0.0342877 0.0974738
0.0341923 0.0969813
0.0351154 0.100099
0.0343934 0.0983333
0.034826 0.0992768
0.0344034 0.0977972
0.0340014 0.0965996
0.0342028 0.097567
0.0341557 0.0972265
0.0344065 0.0973261
0.0343165 0.097397
0.0343588 0.0973663
0.0336366 0.0955648
0.0344865 0.0983627
0.0333957 0.095101
0.0343277 0.0971172
0.0345336 0.0981746
0.0336419 0.0952992
0.0338859 0.0958377
0.0336933 0.0953487
0.0343223 0.0975864
0.0337444 0.0958685
0.0343125 0.0972555
0.0340401 0.0965074
0.0345294 0.0980177
0.0335004 0.0947472
0.0342501 0.0974932
0.0341106 0.0976289
0.0343714 0.0981496
0.0350877 0.10062
0.0347055 0.0998637
0.0344284 0.0992837
0.0348021 0.100767
0.0345156 0.100094
0.0345202 0.100132
0.0353087 0.102382
0.0343517 0.100227
0.0352674 0.102455
0.0351937 0.102868
0.0348118 0.101707
0.034581 0.101941
0.0344196 0.101339
0.0346175 0.102088
0.0343211 0.101961
0.0336612 0.100166
0.0343912 0.102969
0.0341271 0.102743
0.0340332 0.10326
0.0335093 0.101686
0.0340121 0.104373
0.0337028 0.103156
0.0351741 0.103453
0.0353145 0.102184
0.0351474 0.102875
0.0348641 0.101547
0.0346811 0.101548
0.0351849 0.103011
0.0346479 0.101022
0.035721 0.104417
0.0350159 0.102962
0.0352227 0.103384
0.0346043 0.101576
0.0347962 0.101989
0.035757 0.104611
0.0352753 0.102963
0.0351049 0.102521
0.035652 0.104969
0.0345284 0.103388
0.0345848 0.103489
0.0352433 0.106676
0.0341746 0.101595
0.0355439 0.102522
0.0340475 0.097318
0.0353279 0.100756
0.0344252 0.0980094
0.0341502 0.0977377
0.0337702 0.0958065
0.0350562 0.0991606
0.0343381 0.0973104
0.0352783 0.0997512
0.0338588 0.0956581
0.0347027 0.0980489
0.0335607 0.0945267
0.0343883 0.0971457
0.0343835 0.0975006
0.0343529 0.0968514
0.0338608 0.0952821
0.0337863 0.0956661
0.0350671 0.0988383
0.0338994 0.09578
0.0339386 0.0956923
0.0341546 0.0961184
0.0334547 0.0948228
0.0335309 0.0946087
0.034394 0.0972376
0.0340411 0.0956703
0.0346889 0.0980198
0.0344994 0.0975082
0.033739 0.0957776
0.0344676 0.0971851
0.0340277 0.0965379
0.0336463 0.0960392
0.0341243 0.096758
0.0341502 0.0975104
0.0341942 0.0973058
0.0343651 0.0975137
0.0348784 0.0990346
0.0339277 0.0964419
0.0346624 0.0989335
0.0336497 0.0951847
0.0336432 0.0959935
0.0342187 0.0978911
0.0342877 0.0979012
0.0338389 0.0961684
0.0339386 0.0963589
0.0344147 0.0978562
0.0339129 0.0970464
0.0341878 0.0972942
0.0338772 0.0963384
0.0354033 0.10128
0.033812 0.0961248
0.0335404 0.0957689
0.034727 0.0990281
0.0343107 0.0983369
0.0338191 0.0960438
0.0351945 0.100183
0.0341873 0.0969394
0.0355734 0.101791
0.0340811 0.0966894
0.0346192 0.0982768
0.0341225 0.0975869
0.0346757 0.0985606
0.0336425 0.095533
0.0346872 0.0989253
0.0347691 0.0991453
0.0349623 0.0995193
0.033822 0.0958276
0.0342276 0.0971698
0.0340902 0.0970488
0.034634 0.098506
0.0346475 0.0986646
0.0344873 0.0979912
0.0336335 0.0955434
0.0345002 0.0982311
0.0348373 0.0994834
0.0347027 0.0990644
0.0347505 0.0992733
0.0341073 0.0966141
0.0351195 0.100063
0.0341421 0.0968591
0.0340613 0.0970419
0.0337387 0.0953571
0.0339431 0.0960399
0.0346845 0.0981078
0.0347033 0.0982699
0.0348766 0.0986274
0.034142 0.0970603
0.0335385 0.0947708
0.0342955 0.0967981
0.0344104 0.0971503
0.0350873 0.099084
0.034336 0.0972428
0.0333056 0.0939817
0.0339914 0.0961015
