1628062035.500000000 -16.1150 -17.3374 -0.2081 0 0 0 0
1628062035.630000114 -16.1148 -17.3374 -0.2081 0 0 0 0
1628062035.750000000 -16.1149 -17.3373 -0.2081 0 0 0 0
1628062035.870000124 -16.1149 -17.3373 -0.2083 0 0 0 0
1628062035.990000010 -16.1148 -17.3372 -0.2083 0 0 0 0
1628062036.100000143 -16.1149 -17.3373 -0.2083 0 0 0 0
1628062036.259999990 -16.1150 -17.3372 -0.2082 0 0 0 0
1628062036.380000114 -16.1149 -17.3374 -0.2083 0 0 0 0
1628062036.509999990 -16.1149 -17.3374 -0.2083 0 0 0 0
1628062036.620000124 -16.1150 -17.3372 -0.2084 0 0 0 0
1628062036.800000191 -16.1148 -17.3373 -0.2083 0 0 0 0
1628062036.970000029 -16.1148 -17.3374 -0.2080 0 0 0 0
1628062037.070000172 -16.1149 -17.3373 -0.2083 0 0 0 0
1628062037.200000048 -16.1148 -17.3372 -0.2085 0 0 0 0
1628062037.340000153 -16.1150 -17.3373 -0.2084 0 0 0 0
1628062037.500000000 -16.1146 -17.3374 -0.2086 0 0 0 0
1628062037.610000134 -16.1149 -17.3373 -0.2084 0 0 0 0
1628062037.730000019 -16.1149 -17.3372 -0.2083 0 0 0 0
1628062037.850000143 -16.1149 -17.3372 -0.2082 0 0 0 0
1628062037.980000019 -16.1148 -17.3372 -0.2082 0 0 0 0
1628062038.120000124 -16.1150 -17.3371 -0.2083 0 0 0 0
1628062038.230000019 -16.1150 -17.3372 -0.2082 0 0 0 0
1628062038.390000105 -16.1149 -17.3373 -0.2082 0 0 0 0
1628062038.509999990 -16.1149 -17.3372 -0.2082 0 0 0 0
1628062038.680000067 -16.1148 -17.3371 -0.2080 0 0 0 0
1628062038.820000172 -16.1148 -17.3373 -0.2083 0 0 0 0
1628062038.940000057 -16.1149 -17.3373 -0.2080 0 0 0 0
1628062039.140000105 -16.1150 -17.3372 -0.2082 0 0 0 0
1628062039.250000000 -16.1148 -17.3374 -0.2084 0 0 0 0
1628062039.440000057 -16.1148 -17.3373 -0.2084 0 0 0 0
1628062039.540000200 -16.1147 -17.3374 -0.2083 0 0 0 0
1628062039.680000067 -16.1148 -17.3374 -0.2081 0 0 0 0
1628062039.850000143 -16.1151 -17.3371 -0.2083 0 0 0 0
1628062039.980000019 -16.1148 -17.3374 -0.2083 0 0 0 0
1628062040.140000105 -16.1151 -17.3369 -0.2085 0 0 0 0
1628062040.250000000 -16.1145 -17.3370 -0.2085 0 0 0 0
1628062040.390000105 -16.1145 -17.3373 -0.2081 0 0 0 0
1628062040.560000181 -16.1148 -17.3371 -0.2084 0 0 0 0
1628062040.730000019 -16.1147 -17.3371 -0.2082 0 0 0 0
1628062040.850000143 -16.1153 -17.3369 -0.2080 0 0 0 0
1628062040.990000010 -16.1149 -17.3370 -0.2084 0 0 0 0
1628062041.160000086 -16.1149 -17.3370 -0.2083 0 0 0 0
1628062041.259999990 -16.1150 -17.3371 -0.2085 0 0 0 0
1628062041.460000038 -16.1147 -17.3374 -0.2084 0 0 0 0
1628062041.600000143 -16.1151 -17.3373 -0.2084 0 0 0 0
1628062041.710000038 -16.1154 -17.3374 -0.2086 0 0 0 0
1628062041.840000153 -16.1152 -17.3377 -0.2084 0 0 0 0
1628062042.020000219 -16.1155 -17.3382 -0.2083 0 0 0 0
1628062042.180000067 -16.1165 -17.3394 -0.2085 0 0 0 0
1628062042.290000200 -16.1167 -17.3395 -0.2085 0 0 0 0
1628062042.420000076 -16.1167 -17.3399 -0.2086 0 0 0 0
1628062042.580000162 -16.1173 -17.3403 -0.2083 0 0 0 0
1628062042.700000048 -16.1187 -17.3415 -0.2081 0 0 0 0
1628062042.810000181 -16.1196 -17.3426 -0.2082 0 0 0 0
1628062042.960000038 -16.1210 -17.3443 -0.2080 0 0 0 0
1628062043.070000172 -16.1215 -17.3448 -0.2080 0 0 0 0
1628062043.190000057 -16.1219 -17.3453 -0.2081 0 0 0 0
1628062043.360000134 -16.1229 -17.3467 -0.2080 0 0 0 0
1628062043.509999990 -16.1250 -17.3486 -0.2080 0 0 0 0
1628062043.670000076 -16.1292 -17.3525 -0.2077 0 0 0 0
1628062043.820000172 -16.1337 -17.3570 -0.2075 0 0 0 0
1628062043.950000048 -16.1397 -17.3629 -0.2070 0 0 0 0
1628062044.070000172 -16.1505 -17.3729 -0.2071 0 0 0 0
1628062044.270000219 -16.1680 -17.3937 -0.2072 0 0 0 0
1628062044.420000076 -16.1811 -17.4081 -0.2071 0 0 0 0
1628062044.530000210 -16.1981 -17.4248 -0.2076 0 0 0 0
1628062044.660000086 -16.2070 -17.4344 -0.2076 0 0 0 0
1628062044.800000191 -16.2148 -17.4427 -0.2075 0 0 0 0
1628062044.920000076 -16.2214 -17.4493 -0.2076 0 0 0 0
1628062045.040000200 -16.2415 -17.4677 -0.2078 0 0 0 0
1628062045.200000048 -16.2497 -17.4762 -0.2075 0 0 0 0
1628062045.340000153 -16.2554 -17.4821 -0.2073 0 0 0 0
1628062045.470000029 -16.2684 -17.4935 -0.2079 0 0 0 0
1628062045.650000095 -16.2795 -17.5038 -0.2074 0 0 0 0
1628062045.870000124 -16.3218 -17.5419 -0.2066 0 0 0 0
1628062046.009999990 -16.3359 -17.5576 -0.2065 0 0 0 0
1628062046.150000095 -16.3746 -17.5989 -0.2070 0 0 0 0
1628062046.259999990 -16.4022 -17.6284 -0.2085 0 0 0 0
1628062046.400000095 -16.4332 -17.6621 -0.2083 0 0 0 0
1628062046.500000000 -16.4585 -17.6872 -0.2073 0 0 0 0
1628062046.640000105 -16.5088 -17.7354 -0.2081 0 0 0 0
1628062046.770000219 -16.5526 -17.7768 -0.2072 0 0 0 0
1628062046.950000048 -16.6225 -17.8390 -0.2052 0 0 0 0
1628062047.060000181 -16.6470 -17.8612 -0.2048 0 0 0 0
1628062047.190000057 -16.6662 -17.8790 -0.2046 0 0 0 0
1628062047.330000162 -16.6970 -17.9044 -0.2035 0 0 0 0
1628062047.480000019 -16.7140 -17.9190 -0.2029 0 0 0 0
1628062047.690000057 -16.7180 -17.9236 -0.2027 0 0 0 0
1628062047.790000200 -16.7166 -17.9212 -0.2031 0 0 0 0
1628062048.020000219 -16.7033 -17.9113 -0.2031 0 0 0 0
1628062048.180000067 -16.6982 -17.9067 -0.2032 0 0 0 0
1628062048.280000210 -16.6968 -17.9047 -0.2031 0 0 0 0
1628062048.420000076 -16.6925 -17.8997 -0.2024 0 0 0 0
1628062048.600000143 -16.6679 -17.8740 -0.2026 0 0 0 0
1628062048.780000210 -16.6328 -17.8412 -0.2031 0 0 0 0
1628062048.950000048 -16.5827 -17.8013 -0.2037 0 0 0 0
1628062049.060000181 -16.5621 -17.7817 -0.2039 0 0 0 0
1628062049.400000095 -16.4848 -17.7101 -0.2047 0 0 0 0
1628062049.530000210 -16.4848 -17.7101 -0.2047 0 0 0 0
1628062049.680000067 -16.4049 -17.6350 -0.2046 0 0 0 0
1628062049.870000124 -16.3674 -17.5974 -0.2052 0 0 0 0
1628062050.000000000 -16.3548 -17.5868 -0.2052 0 0 0 0
1628062050.180000067 -16.3374 -17.5682 -0.2057 0 0 0 0
1628062050.290000200 -16.3354 -17.5652 -0.2059 0 0 0 0
1628062050.450000048 -16.3349 -17.5665 -0.2056 0 0 0 0
1628062050.670000076 -16.3368 -17.5684 -0.2056 0 0 0 0
1628062050.770000219 -16.3393 -17.5695 -0.2058 0 0 0 0
1628062050.890000105 -16.3399 -17.5700 -0.2058 0 0 0 0
1628062051.060000181 -16.3399 -17.5705 -0.2058 0 0 0 0
1628062051.170000076 -16.3400 -17.5702 -0.2060 0 0 0 0
1628062051.350000143 -16.3401 -17.5703 -0.2060 0 0 0 0
1628062051.500000000 -16.3400 -17.5704 -0.2061 0 0 0 0
1628062051.670000076 -16.3402 -17.5701 -0.2058 0 0 0 0
1628062051.790000200 -16.3403 -17.5702 -0.2061 0 0 0 0
1628062051.950000048 -16.3404 -17.5710 -0.2057 0 0 0 0
1628062052.150000095 -16.3407 -17.5706 -0.2057 0 0 0 0
1628062052.330000162 -16.3405 -17.5707 -0.2061 0 0 0 0
1628062052.440000057 -16.3407 -17.5709 -0.2060 0 0 0 0
1628062052.590000153 -16.3407 -17.5709 -0.2060 0 0 0 0
1628062052.690000057 -16.3407 -17.5709 -0.2061 0 0 0 0
1628062052.870000124 -16.3402 -17.5707 -0.2059 0 0 0 0
1628062053.060000181 -16.3400 -17.5711 -0.2062 0 0 0 0
1628062053.250000000 -16.3406 -17.5709 -0.2059 0 0 0 0
1628062053.480000019 -16.3405 -17.5711 -0.2058 0 0 0 0
1628062053.650000095 -16.3406 -17.5710 -0.2062 0 0 0 0
1628062053.780000210 -16.3405 -17.5710 -0.2060 0 0 0 0
1628062053.950000048 -16.3404 -17.5712 -0.2061 0 0 0 0
1628062054.110000134 -16.3406 -17.5712 -0.2063 0 0 0 0
1628062054.250000000 -16.3405 -17.5713 -0.2055 0 0 0 0
1628062054.400000095 -16.3406 -17.5712 -0.2058 0 0 0 0
1628062054.570000172 -16.3408 -17.5713 -0.2059 0 0 0 0
1628062054.670000076 -16.3405 -17.5712 -0.2059 0 0 0 0
1628062054.780000210 -16.3405 -17.5715 -0.2060 0 0 0 0
1628062054.880000114 -16.3405 -17.5713 -0.2058 0 0 0 0
1628062054.990000010 -16.3405 -17.5715 -0.2060 0 0 0 0
1628062055.100000143 -16.3406 -17.5713 -0.2063 0 0 0 0
1628062055.240000010 -16.3406 -17.5713 -0.2059 0 0 0 0
1628062055.390000105 -16.3404 -17.5714 -0.2060 0 0 0 0
1628062055.550000191 -16.3405 -17.5715 -0.2060 0 0 0 0
1628062055.740000010 -16.3406 -17.5717 -0.2061 0 0 0 0
1628062055.920000076 -16.3405 -17.5717 -0.2059 0 0 0 0
1628062056.020000219 -16.3404 -17.5716 -0.2061 0 0 0 0
1628062056.160000086 -16.3408 -17.5713 -0.2062 0 0 0 0
1628062056.270000219 -16.3407 -17.5715 -0.2061 0 0 0 0
1628062056.390000105 -16.3407 -17.5716 -0.2062 0 0 0 0
1628062056.520000219 -16.3406 -17.5713 -0.2063 0 0 0 0
1628062056.650000095 -16.3448 -17.5748 -0.2061 0 0 0 0
1628062056.870000124 -16.3590 -17.5894 -0.2061 0 0 0 0
1628062057.009999990 -16.3665 -17.5979 -0.2060 0 0 0 0
1628062057.150000095 -16.3757 -17.6083 -0.2060 0 0 0 0
1628062057.300000191 -16.4046 -17.6376 -0.2053 0 0 0 0
1628062057.430000067 -16.4558 -17.6861 -0.2053 0 0 0 0
1628062057.600000143 -16.4917 -17.7229 -0.2052 0 0 0 0
1628062057.750000000 -16.5492 -17.7811 -0.2028 0 0 0 0
1628062057.850000143 -16.5716 -17.8000 -0.2029 0 0 0 0
1628062057.990000010 -16.5994 -17.8249 -0.2034 0 0 0 0
1628062058.120000124 -16.6209 -17.8464 -0.2026 0 0 0 0
1628062058.310000181 -16.6412 -17.8665 -0.2021 0 0 0 0
1628062058.520000219 -16.6543 -17.8763 -0.2031 0 0 0 0
1628062058.690000057 -16.6521 -17.8756 -0.2033 0 0 0 0
1628062058.820000172 -16.6480 -17.8717 -0.2034 0 0 0 0
1628062058.920000076 -16.6456 -17.8686 -0.2035 0 0 0 0
1628062059.080000162 -16.6395 -17.8642 -0.2034 0 0 0 0
1628062059.259999990 -16.6370 -17.8621 -0.2034 0 0 0 0
1628062059.380000114 -16.6275 -17.8522 -0.2031 0 0 0 0
1628062059.530000210 -16.6212 -17.8468 -0.2030 0 0 0 0
1628062059.660000086 -16.6042 -17.8304 -0.2030 0 0 0 0
1628062059.800000191 -16.5922 -17.8199 -0.2036 0 0 0 0
1628062059.970000029 -16.5459 -17.7776 -0.2030 0 0 0 0
1628062060.130000114 -16.5015 -17.7327 -0.2039 0 0 0 0
1628062060.240000010 -16.4826 -17.7136 -0.2039 0 0 0 0
1628062060.380000114 -16.4544 -17.6846 -0.2041 0 0 0 0
1628062060.500000000 -16.4161 -17.6364 -0.2042 0 0 0 0
1628062060.660000086 -16.4078 -17.6254 -0.2041 0 0 0 0
1628062060.770000219 -16.3649 -17.5680 -0.2046 0 0 0 0
1628062060.970000029 -16.3393 -17.5339 -0.2051 0 0 0 0
1628062061.080000162 -16.3030 -17.4892 -0.2058 0 0 0 0
1628062061.390000105 -16.2504 -17.4061 -0.2066 0 0 0 0
1628062061.540000200 -16.2219 -17.3616 -0.2068 0 0 0 0
1628062061.660000086 -16.1962 -17.3218 -0.2066 0 0 0 0
1628062061.890000105 -16.1726 -17.2765 -0.2063 0 0 0 0
1628062062.080000162 -16.1492 -17.2291 -0.2065 0 0 0 0
1628062062.200000048 -16.1305 -17.1979 -0.2066 0 0 0 0
1628062062.390000105 -16.0997 -17.1446 -0.2074 0 0 0 0
1628062062.610000134 -16.0607 -17.0739 -0.2069 0 0 0 0
1628062062.770000219 -16.0477 -17.0551 -0.2065 0 0 0 0
1628062062.940000057 -16.0188 -17.0062 -0.2062 0 0 0 0
1628062063.050000191 -15.9987 -16.9761 -0.2058 0 0 0 0
1628062063.200000048 -15.9767 -16.9459 -0.2060 0 0 0 0
1628062063.350000143 -15.9619 -16.9240 -0.2065 0 0 0 0
1628062063.460000038 -15.9329 -16.8778 -0.2078 0 0 0 0
1628062063.680000067 -15.8838 -16.8002 -0.2091 0 0 0 0
1628062063.810000181 -15.8667 -16.7783 -0.2091 0 0 0 0
1628062063.970000029 -15.8355 -16.7325 -0.2101 0 0 0 0
1628062064.210000038 -15.7957 -16.6712 -0.2114 0 0 0 0
1628062064.660000086 -15.7323 -16.5823 -0.2125 0 0 0 0
1628062064.880000114 -15.6687 -16.5000 -0.2140 0 0 0 0
1628062065.110000134 -15.6353 -16.4610 -0.2145 0 0 0 0
1628062065.420000076 -15.5945 -16.4093 -0.2157 0 0 0 0
1628062065.590000153 -15.5375 -16.3416 -0.2160 0 0 0 0
1628062065.770000219 -15.5102 -16.3022 -0.2157 0 0 0 0
1628062065.880000114 -15.4944 -16.2809 -0.2163 0 0 0 0
1628062066.050000191 -15.4236 -16.1903 -0.2172 0 0 0 0
1628062066.190000057 -15.4107 -16.1730 -0.2172 0 0 0 0
1628062066.300000191 -15.3969 -16.1550 -0.2170 0 0 0 0
1628062066.410000086 -15.3808 -16.1355 -0.2172 0 0 0 0
1628062066.520000219 -15.3449 -16.0899 -0.2169 0 0 0 0
1628062066.630000114 -15.3254 -16.0581 -0.2170 0 0 0 0
1628062066.780000210 -15.3051 -16.0319 -0.2166 0 0 0 0
1628062066.970000029 -15.2754 -15.9989 -0.2162 0 0 0 0
1628062067.090000153 -15.2575 -15.9708 -0.2165 0 0 0 0
1628062067.190000057 -15.2396 -15.9407 -0.2167 0 0 0 0
1628062067.380000114 -15.2038 -15.8913 -0.2175 0 0 0 0
1628062067.509999990 -15.1908 -15.8701 -0.2180 0 0 0 0
1628062067.640000105 -15.1648 -15.8262 -0.2190 0 0 0 0
1628062067.759999990 -15.1505 -15.8037 -0.2187 0 0 0 0
1628062067.970000029 -15.1048 -15.7440 -0.2185 0 0 0 0
1628062068.070000172 -15.0834 -15.7139 -0.2186 0 0 0 0
1628062068.190000057 -15.0701 -15.6922 -0.2184 0 0 0 0
1628062068.380000114 -15.0438 -15.6486 -0.2189 0 0 0 0
1628062068.580000162 -15.0152 -15.6079 -0.2185 0 0 0 0
1628062068.770000219 -14.9800 -15.5488 -0.2186 0 0 0 0
1628062068.980000019 -14.9551 -15.5080 -0.2183 0 0 0 0
1628062069.080000162 -14.9366 -15.4786 -0.2180 0 0 0 0
1628062069.259999990 -14.9150 -15.4376 -0.2174 0 0 0 0
1628062069.390000105 -14.8969 -15.4099 -0.2171 0 0 0 0
1628062069.550000191 -14.8642 -15.3602 -0.2171 0 0 0 0
1628062069.660000086 -14.8436 -15.3255 -0.2169 0 0 0 0
1628062069.780000210 -14.8297 -15.3039 -0.2172 0 0 0 0
1628062069.890000105 -14.8161 -15.2825 -0.2173 0 0 0 0
1628062070.080000162 -14.7798 -15.2278 -0.2167 0 0 0 0
1628062070.240000010 -14.7497 -15.1750 -0.2169 0 0 0 0
1628062070.390000105 -14.7391 -15.1544 -0.2160 0 0 0 0
1628062070.500000000 -14.7270 -15.1358 -0.2158 0 0 0 0
1628062070.640000105 -14.6953 -15.0831 -0.2160 0 0 0 0
1628062070.870000124 -14.6819 -15.0496 -0.2149 0 0 0 0
1628062070.970000029 -14.6507 -14.9989 -0.2144 0 0 0 0
1628062071.150000095 -14.6322 -14.9694 -0.2140 0 0 0 0
1628062071.340000153 -14.6143 -14.9377 -0.2140 0 0 0 0
1628062071.480000019 -14.5801 -14.8689 -0.2140 0 0 0 0
1628062071.640000105 -14.5536 -14.8186 -0.2140 0 0 0 0
1628062071.810000181 -14.5318 -14.7816 -0.2140 0 0 0 0
1628062072.020000219 -14.4974 -14.7216 -0.2132 0 0 0 0
1628062072.150000095 -14.4716 -14.6681 -0.2128 0 0 0 0
1628062072.270000219 -14.4619 -14.6431 -0.2128 0 0 0 0
1628062072.410000086 -14.4383 -14.5904 -0.2125 0 0 0 0
1628062072.640000105 -14.3847 -14.5030 -0.2126 0 0 0 0
1628062072.759999990 -14.3654 -14.4674 -0.2120 0 0 0 0
1628062072.880000114 -14.3468 -14.4271 -0.2116 0 0 0 0
1628062073.130000114 -14.3029 -14.3537 -0.2117 0 0 0 0
1628062073.390000105 -14.2698 -14.3029 -0.2118 0 0 0 0
1628062073.560000181 -14.2314 -14.2322 -0.2124 0 0 0 0
1628062073.670000076 -14.2063 -14.1938 -0.2124 0 0 0 0
1628062073.880000114 -14.1623 -14.1324 -0.2117 0 0 0 0
1628062074.030000210 -14.1230 -14.0711 -0.2108 0 0 0 0
1628062074.230000019 -14.1086 -14.0479 -0.2103 0 0 0 0
1628062074.380000114 -14.0673 -13.9781 -0.2109 0 0 0 0
1628062074.550000191 -14.0325 -13.9275 -0.2109 0 0 0 0
1628062074.720000029 -14.0143 -13.9019 -0.2108 0 0 0 0
1628062074.880000114 -13.9653 -13.8227 -0.2104 0 0 0 0
1628062075.030000210 -13.9501 -13.7949 -0.2102 0 0 0 0
1628062075.200000048 -13.9129 -13.7322 -0.2094 0 0 0 0
1628062075.380000114 -13.8642 -13.6622 -0.2084 0 0 0 0
1628062075.509999990 -13.8480 -13.6377 -0.2081 0 0 0 0
1628062075.650000095 -13.8171 -13.5909 -0.2083 0 0 0 0
1628062075.810000181 -13.8015 -13.5670 -0.2078 0 0 0 0
1628062075.920000076 -13.7808 -13.5339 -0.2075 0 0 0 0
1628062076.090000153 -13.7483 -13.4778 -0.2064 0 0 0 0
1628062076.290000200 -13.7110 -13.4240 -0.2062 0 0 0 0
1628062076.420000076 -13.6977 -13.4045 -0.2054 0 0 0 0
1628062076.580000162 -13.6628 -13.3507 -0.2052 0 0 0 0
1628062076.700000048 -13.6327 -13.3073 -0.2055 0 0 0 0
1628062076.810000181 -13.6109 -13.2721 -0.2061 0 0 0 0
1628062076.970000029 -13.5907 -13.2313 -0.2060 0 0 0 0
1628062077.240000010 -13.5360 -13.1475 -0.2066 0 0 0 0
1628062077.460000038 -13.4982 -13.0906 -0.2063 0 0 0 0
1628062077.590000153 -13.4845 -13.0686 -0.2063 0 0 0 0
1628062077.700000048 -13.4598 -13.0314 -0.2061 0 0 0 0
1628062077.820000172 -13.4519 -13.0209 -0.2058 0 0 0 0
1628062077.990000010 -13.4107 -12.9676 -0.2048 0 0 0 0
1628062078.170000076 -13.3562 -12.9010 -0.2039 0 0 0 0
1628062078.320000172 -13.3189 -12.8556 -0.2042 0 0 0 0
1628062078.450000048 -13.3023 -12.8287 -0.2039 0 0 0 0
1628062078.580000162 -13.2602 -12.7614 -0.2039 0 0 0 0
1628062078.680000067 -13.2505 -12.7480 -0.2038 0 0 0 0
1628062078.830000162 -13.2295 -12.7224 -0.2030 0 0 0 0
1628062078.970000029 -13.1874 -12.6612 -0.2019 0 0 0 0
1628062079.180000067 -13.1438 -12.5946 -0.2008 0 0 0 0
1628062079.340000153 -13.1249 -12.5683 -0.2008 0 0 0 0
1628062079.490000010 -13.0797 -12.5058 -0.1997 0 0 0 0
1628062079.590000153 -13.0506 -12.4666 -0.1990 0 0 0 0
1628062079.750000000 -13.0124 -12.4081 -0.1989 0 0 0 0
1628062079.860000134 -12.9814 -12.3594 -0.1988 0 0 0 0
1628062080.000000000 -12.9609 -12.3264 -0.1991 0 0 0 0
1628062080.100000143 -12.9288 -12.2735 -0.1990 0 0 0 0
1628062080.240000010 -12.9177 -12.2550 -0.1992 0 0 0 0
1628062080.520000219 -12.8211 -12.0896 -0.1989 0 0 0 0
1628062080.660000086 -12.7725 -12.0220 -0.1987 0 0 0 0
1628062080.790000200 -12.7536 -11.9846 -0.1991 0 0 0 0
1628062080.890000105 -12.7338 -11.9433 -0.1989 0 0 0 0
1628062081.220000029 -12.6397 -11.8058 -0.1984 0 0 0 0
1628062081.380000114 -12.5946 -11.7292 -0.1980 0 0 0 0
1628062081.500000000 -12.5620 -11.6744 -0.1978 0 0 0 0
1628062081.660000086 -12.5072 -11.6004 -0.1978 0 0 0 0
1628062081.850000143 -12.4459 -11.5134 -0.1957 0 0 0 0
1628062081.980000019 -12.4252 -11.4766 -0.1951 0 0 0 0
1628062082.100000143 -12.3946 -11.4211 -0.1948 0 0 0 0
1628062082.240000010 -12.3713 -11.3800 -0.1941 0 0 0 0
1628062082.340000153 -12.3487 -11.3441 -0.1940 0 0 0 0
1628062082.470000029 -12.2822 -11.2554 -0.1943 0 0 0 0
1628062082.690000057 -12.2150 -11.1655 -0.1941 0 0 0 0
1628062082.880000114 -12.1468 -11.0704 -0.1937 0 0 0 0
1628062083.020000219 -12.1185 -11.0352 -0.1935 0 0 0 0
1628062083.180000067 -12.0611 -10.9604 -0.1930 0 0 0 0
1628062083.340000153 -12.0259 -10.9063 -0.1927 0 0 0 0
1628062083.450000048 -11.9801 -10.8345 -0.1923 0 0 0 0
1628062083.590000153 -11.9395 -10.7813 -0.1926 0 0 0 0
1628062083.759999990 -11.8659 -10.6951 -0.1925 0 0 0 0
1628062083.920000076 -11.8104 -10.6188 -0.1932 0 0 0 0
1628062084.050000191 -11.7804 -10.5826 -0.1928 0 0 0 0
1628062084.180000067 -11.7489 -10.5491 -0.1925 0 0 0 0
1628062084.410000086 -11.6728 -10.4685 -0.1917 0 0 0 0
1628062084.530000210 -11.6477 -10.4320 -0.1917 0 0 0 0
1628062084.680000067 -11.5793 -10.3270 -0.1931 0 0 0 0
1628062084.810000181 -11.5523 -10.2910 -0.1933 0 0 0 0
1628062084.960000038 -11.4656 -10.1775 -0.1930 0 0 0 0
1628062085.080000162 -11.4534 -10.1585 -0.1927 0 0 0 0
1628062085.240000010 -11.3801 -10.0741 -0.1923 0 0 0 0
1628062085.370000124 -11.3304 -10.0248 -0.1926 0 0 0 0
1628062085.500000000 -11.2723 -9.9543 -0.1928 0 0 0 0
1628062085.620000124 -11.2311 -9.8992 -0.1933 0 0 0 0
1628062085.759999990 -11.1857 -9.8408 -0.1932 0 0 0 0
1628062085.870000124 -11.1702 -9.8228 -0.1930 0 0 0 0
1628062086.180000067 -11.0705 -9.6970 -0.1910 0 0 0 0
1628062086.300000191 -11.0705 -9.6970 -0.1910 0 0 0 0
1628062086.430000067 -10.9816 -9.5890 -0.1908 0 0 0 0
1628062086.660000086 -10.8896 -9.4794 -0.1906 0 0 0 0
1628062086.810000181 -10.8589 -9.4412 -0.1907 0 0 0 0
1628062087.009999990 -10.7782 -9.3484 -0.1915 0 0 0 0
1628062087.190000057 -10.6942 -9.2529 -0.1915 0 0 0 0
1628062087.350000143 -10.6650 -9.2120 -0.1916 0 0 0 0
1628062087.620000124 -10.5216 -9.0323 -0.1906 0 0 0 0
1628062087.759999990 -10.4914 -8.9960 -0.1902 0 0 0 0
1628062087.950000048 -10.4355 -8.9196 -0.1898 0 0 0 0
1628062088.150000095 -10.3596 -8.8336 -0.1883 0 0 0 0
1628062088.270000219 -10.3169 -8.7835 -0.1881 0 0 0 0
1628062088.480000019 -10.2518 -8.6940 -0.1871 0 0 0 0
1628062088.630000114 -10.1920 -8.6229 -0.1868 0 0 0 0
1628062088.800000191 -10.1618 -8.5932 -0.1863 0 0 0 0
1628062089.009999990 -10.0934 -8.5069 -0.1852 0 0 0 0
1628062089.120000124 -10.0704 -8.4728 -0.1845 0 0 0 0
1628062089.410000086 -9.9816 -8.3624 -0.1817 0 0 0 0
1628062089.560000181 -9.9058 -8.2663 -0.1805 0 0 0 0
1628062089.680000067 -9.8945 -8.2523 -0.1802 0 0 0 0
1628062089.820000172 -9.8311 -8.1720 -0.1791 0 0 0 0
1628062089.980000019 -9.7925 -8.1200 -0.1785 0 0 0 0
1628062090.150000095 -9.7449 -8.0515 -0.1781 0 0 0 0
1628062090.259999990 -9.7219 -8.0155 -0.1779 0 0 0 0
1628062090.540000200 -9.6635 -7.9258 -0.1768 0 0 0 0
1628062090.710000038 -9.6020 -7.8509 -0.1754 0 0 0 0
1628062090.820000172 -9.5755 -7.8179 -0.1753 0 0 0 0
1628062090.930000067 -9.5507 -7.7817 -0.1757 0 0 0 0
1628062091.120000124 -9.4882 -7.6849 -0.1767 0 0 0 0
1628062091.360000134 -9.4617 -7.6495 -0.1772 0 0 0 0
1628062091.530000210 -9.3614 -7.4769 -0.1767 0 0 0 0
1628062091.630000114 -9.3204 -7.4217 -0.1767 0 0 0 0
1628062091.740000010 -9.2936 -7.3896 -0.1758 0 0 0 0
1628062091.950000048 -9.2360 -7.2975 -0.1763 0 0 0 0
1628062092.080000162 -9.2146 -7.2606 -0.1761 0 0 0 0
1628062092.250000000 -9.1509 -7.1743 -0.1750 0 0 0 0
1628062092.380000114 -9.1278 -7.1391 -0.1740 0 0 0 0
1628062092.480000019 -9.1055 -7.1020 -0.1740 0 0 0 0
1628062092.680000067 -9.0446 -7.0123 -0.1737 0 0 0 0
1628062092.780000210 -8.9999 -6.9509 -0.1737 0 0 0 0
1628062092.890000105 -8.9722 -6.9095 -0.1737 0 0 0 0
1628062093.009999990 -8.9501 -6.8696 -0.1730 0 0 0 0
1628062093.240000010 -8.8864 -6.7690 -0.1729 0 0 0 0
1628062093.380000114 -8.8263 -6.6841 -0.1713 0 0 0 0
1628062093.530000210 -8.7977 -6.6409 -0.1661 0 0 0 0
1628062093.700000048 -8.7558 -6.5802 -0.1603 0 0 0 0
1628062093.840000153 -8.7055 -6.5129 -0.1529 0 0 0 0
1628062094.009999990 -8.6826 -6.4812 -0.1510 0 0 0 0
1628062094.210000038 -8.6354 -6.3985 -0.1442 0 0 0 0
1628062094.400000095 -8.5786 -6.3275 -0.1390 0 0 0 0
1628062094.770000219 -8.4626 -6.1606 -0.1263 0 0 0 0
1628062094.910000086 -8.4332 -6.1239 -0.1237 0 0 0 0
1628062095.070000172 -8.3664 -6.0321 -0.1167 0 0 0 0
1628062095.170000076 -8.3399 -5.9923 -0.1140 0 0 0 0
1628062095.350000143 -8.3127 -5.9562 -0.1111 0 0 0 0
1628062095.580000162 -8.1890 -5.7957 -0.0998 0 0 0 0
1628062095.710000038 -8.1606 -5.7562 -0.0973 0 0 0 0
1628062095.830000162 -8.1286 -5.7152 -0.0952 0 0 0 0
1628062096.000000000 -8.0486 -5.6114 -0.0884 0 0 0 0
1628062096.100000143 -8.0002 -5.5507 -0.0843 0 0 0 0
1628062096.200000048 -7.9488 -5.4891 -0.0801 0 0 0 0
1628062096.300000191 -7.9157 -5.4467 -0.0780 0 0 0 0
1628062096.430000067 -7.8670 -5.3820 -0.0742 0 0 0 0
1628062096.620000124 -7.8184 -5.3193 -0.0703 0 0 0 0
1628062096.790000200 -7.7167 -5.1914 -0.0618 0 0 0 0
1628062096.970000029 -7.6278 -5.0865 -0.0552 0 0 0 0
1628062097.160000086 -7.5774 -5.0204 -0.0509 0 0 0 0
1628062097.400000095 -7.4930 -4.9130 -0.0450 0 0 0 0
1628062097.530000210 -7.4244 -4.8301 -0.0391 0 0 0 0
1628062097.680000067 -7.4075 -4.8107 -0.0377 0 0 0 0
1628062097.870000124 -7.2863 -4.6608 -0.0289 0 0 0 0
1628062098.009999990 -7.2554 -4.6164 -0.0266 0 0 0 0
1628062098.110000134 -7.2073 -4.5512 -0.0228 0 0 0 0
1628062098.270000219 -7.1365 -4.4599 -0.0173 0 0 0 0
1628062098.410000086 -7.1018 -4.4170 -0.0141 0 0 0 0
1628062098.530000210 -7.0481 -4.3513 -0.0098 0 0 0 0
1628062098.660000086 -7.0130 -4.3037 -0.0078 0 0 0 0
1628062098.790000200 -6.9326 -4.1869 -0.0008 0 0 0 0
1628062098.920000076 -6.8986 -4.1396 0.0016 0 0 0 0
1628062099.020000219 -6.8652 -4.0939 0.0044 0 0 0 0
1628062099.200000048 -6.7820 -3.9831 0.0109 0 0 0 0
1628062099.340000153 -6.7295 -3.9103 0.0149 0 0 0 0
1628062099.509999990 -6.6662 -3.8173 0.0203 0 0 0 0
1628062099.640000105 -6.5833 -3.6936 0.0274 0 0 0 0
1628062099.780000210 -6.5485 -3.6489 0.0311 0 0 0 0
1628062099.950000048 -6.4600 -3.5321 0.0382 0 0 0 0
1628062100.060000181 -6.4286 -3.4840 0.0414 0 0 0 0
1628062100.190000057 -6.3807 -3.4110 0.0456 0 0 0 0
1628062100.320000172 -6.3468 -3.3622 0.0481 0 0 0 0
1628062100.440000057 -6.2903 -3.2816 0.0523 0 0 0 0
1628062100.550000191 -6.2538 -3.2337 0.0554 0 0 0 0
1628062100.710000038 -6.1573 -3.1057 0.0624 0 0 0 0
1628062100.870000124 -6.0665 -2.9753 0.0691 0 0 0 0
1628062101.020000219 -6.0307 -2.9241 0.0721 0 0 0 0
1628062101.130000114 -5.9943 -2.8751 0.0747 0 0 0 0
1628062101.480000019 -5.8632 -2.7027 0.0849 0 0 0 0
1628062101.610000134 -5.7765 -2.5814 0.0915 0 0 0 0
1628062101.780000210 -5.7072 -2.4854 0.0976 0 0 0 0
1628062101.960000038 -5.6149 -2.3663 0.1043 0 0 0 0
1628062102.150000095 -5.5275 -2.2452 0.1112 0 0 0 0
1628062102.280000210 -5.4733 -2.1715 0.1151 0 0 0 0
1628062102.509999990 -5.3851 -2.0564 0.1220 0 0 0 0
1628062102.650000095 -5.3123 -1.9579 0.1273 0 0 0 0
1628062102.900000095 -5.2314 -1.8380 0.1349 0 0 0 0
1628062103.009999990 -5.1954 -1.7871 0.1383 0 0 0 0
1628062103.170000076 -5.1035 -1.6787 0.1464 0 0 0 0
1628062103.360000134 -5.0676 -1.6346 0.1496 0 0 0 0
1628062103.550000191 -4.9832 -1.5170 0.1571 0 0 0 0
1628062103.710000038 -4.8978 -1.4012 0.1653 0 0 0 0
1628062103.850000143 -4.8260 -1.3089 0.1718 0 0 0 0
1628062104.000000000 -4.7893 -1.2655 0.1753 0 0 0 0
1628062104.140000105 -4.7012 -1.1495 0.1829 0 0 0 0
1628062104.320000172 -4.6115 -1.0323 0.1915 0 0 0 0
1628062104.440000057 -4.5758 -0.9860 0.1947 0 0 0 0
1628062104.580000162 -4.5226 -0.9248 0.2000 0 0 0 0
1628062104.800000191 -4.4849 -0.8808 0.2038 0 0 0 0
1628062104.990000010 -4.3615 -0.7184 0.2161 0 0 0 0
1628062105.140000105 -4.2870 -0.6223 0.2233 0 0 0 0
1628062105.300000191 -4.2314 -0.5546 0.2287 0 0 0 0
1628062105.430000067 -4.1579 -0.4607 0.2361 0 0 0 0
1628062105.610000134 -4.0655 -0.3421 0.2459 0 0 0 0
1628062105.840000153 -3.9728 -0.2254 0.2557 0 0 0 0
1628062106.009999990 -3.9019 -0.1380 0.2633 0 0 0 0
1628062106.240000010 -3.8082 -0.0152 0.2714 0 0 0 0
1628062106.370000124 -3.7693 0.0378 0.2746 0 0 0 0
1628062106.470000029 -3.7103 0.1174 0.2791 0 0 0 0
1628062106.590000153 -3.6466 0.1955 0.2838 0 0 0 0
1628062106.740000010 -3.5622 0.3018 0.2895 0 0 0 0
1628062106.990000010 -3.4835 0.4094 0.2954 0 0 0 0
1628062107.150000095 -3.3795 0.5441 0.3004 0 0 0 0
1628062107.259999990 -3.3315 0.6035 0.3015 0 0 0 0
1628062107.540000200 -3.2463 0.7176 0.3036 0 0 0 0
1628062107.660000086 -3.1457 0.8611 0.3066 0 0 0 0
1628062107.850000143 -3.0450 1.0038 0.3086 0 0 0 0
1628062107.980000019 -3.0082 1.0529 0.3092 0 0 0 0
1628062108.130000114 -2.9276 1.1739 0.3107 0 0 0 0
1628062108.240000010 -2.9022 1.2189 0.3112 0 0 0 0
1628062108.360000134 -2.8795 1.2594 0.3120 0 0 0 0
1628062108.560000181 -2.8227 1.3614 0.3138 0 0 0 0
1628062108.750000000 -2.7852 1.4296 0.3154 0 0 0 0
1628062108.900000095 -2.7865 1.4821 0.3231 0 0 0 0
1628062109.040000200 -2.7863 1.4945 0.3274 0 0 0 0
1628062109.160000086 -2.7732 1.5000 0.3294 0 0 0 0
1628062109.380000114 -2.7163 1.5478 0.3300 0 0 0 0
1628062109.540000200 -2.6886 1.6369 0.3303 0 0 0 0
1628062109.720000029 -2.6574 1.7180 0.3305 0 0 0 0
1628062109.850000143 -2.6376 1.7576 0.3311 0 0 0 0
1628062109.990000010 -2.6087 1.8194 0.3314 0 0 0 0
1628062110.150000095 -2.5766 1.9137 0.3321 0 0 0 0
1628062110.300000191 -2.5717 2.0457 0.3315 0 0 0 0
1628062110.420000076 -2.5621 2.0870 0.3335 0 0 0 0
1628062110.570000172 -2.5336 2.1338 0.3334 0 0 0 0
1628062110.680000067 -2.4893 2.1809 0.3345 0 0 0 0
1628062110.820000172 -2.4724 2.2160 0.3374 0 0 0 0
1628062110.980000019 -2.4556 2.3127 0.3409 0 0 0 0
1628062111.110000134 -2.4330 2.3872 0.3405 0 0 0 0
1628062111.340000153 -2.4018 2.4775 0.3411 0 0 0 0
1628062111.490000010 -2.3799 2.5717 0.3413 0 0 0 0
1628062111.730000019 -2.3529 2.6906 0.3426 0 0 0 0
1628062111.900000095 -2.3299 2.7961 0.3442 0 0 0 0
1628062112.020000219 -2.3173 2.8434 0.3435 0 0 0 0
1628062112.160000086 -2.2867 2.9420 0.3455 0 0 0 0
1628062112.270000219 -2.2788 2.9880 0.3455 0 0 0 0
1628062112.400000095 -2.2749 3.0290 0.3462 0 0 0 0
1628062112.540000200 -2.2604 3.1318 0.3477 0 0 0 0
1628062112.730000019 -2.2449 3.2101 0.3488 0 0 0 0
1628062112.830000162 -2.2359 3.2726 0.3497 0 0 0 0
1628062112.980000019 -2.2307 3.3125 0.3501 0 0 0 0
1628062113.160000086 -2.2121 3.4138 0.3514 0 0 0 0
1628062113.370000124 -2.2017 3.4927 0.3525 0 0 0 0
1628062113.550000191 -2.1983 3.5913 0.3551 0 0 0 0
1628062113.650000095 -2.1943 3.6288 0.3560 0 0 0 0
1628062113.880000114 -2.1902 3.7257 0.3575 0 0 0 0
1628062114.009999990 -2.1926 3.7656 0.3587 0 0 0 0
1628062114.200000048 -2.1888 3.8597 0.3605 0 0 0 0
1628062114.320000172 -2.1844 3.8981 0.3614 0 0 0 0
1628062114.509999990 -2.1843 3.9772 0.3628 0 0 0 0
1628062114.690000057 -2.1982 4.0766 0.3649 0 0 0 0
1628062114.830000162 -2.1982 4.1144 0.3656 0 0 0 0
1628062115.000000000 -2.2051 4.2106 0.3681 0 0 0 0
1628062115.110000134 -2.2151 4.2512 0.3683 0 0 0 0
1628062115.220000029 -2.2318 4.3129 0.3680 0 0 0 0
1628062115.340000153 -2.2413 4.3573 0.3684 0 0 0 0
1628062115.460000038 -2.2494 4.4614 0.3697 0 0 0 0
1628062115.600000143 -2.2571 4.5270 0.3701 0 0 0 0
1628062115.700000048 -2.2605 4.5468 0.3706 0 0 0 0
1628062115.830000162 -2.2666 4.5877 0.3711 0 0 0 0
1628062115.950000048 -2.2801 4.6884 0.3720 0 0 0 0
1628062116.140000105 -2.2872 4.7338 0.3716 0 0 0 0
1628062116.320000172 -2.3010 4.8424 0.3711 0 0 0 0
1628062116.420000076 -2.3007 4.8843 0.3704 0 0 0 0
1628062116.560000181 -2.3113 4.9226 0.3704 0 0 0 0
1628062116.810000181 -2.3490 5.0232 0.3693 0 0 0 0
1628062116.950000048 -2.3634 5.1036 0.3691 0 0 0 0
1628062117.170000076 -2.3824 5.2015 0.3688 0 0 0 0
1628062117.340000153 -2.4144 5.2971 0.3680 0 0 0 0
1628062117.509999990 -2.4233 5.3843 0.3677 0 0 0 0
1628062117.650000095 -2.4355 5.4580 0.3679 0 0 0 0
1628062117.759999990 -2.4494 5.4914 0.3679 0 0 0 0
1628062117.950000048 -2.4751 5.5802 0.3676 0 0 0 0
1628062118.050000191 -2.4794 5.6172 0.3678 0 0 0 0
1628062118.180000067 -2.4905 5.6707 0.3678 0 0 0 0
1628062118.340000153 -2.5183 5.7428 0.3673 0 0 0 0
1628062118.450000048 -2.5282 5.7749 0.3677 0 0 0 0
1628062118.580000162 -2.5340 5.8270 0.3685 0 0 0 0
1628062118.690000057 -2.5369 5.8636 0.3690 0 0 0 0
1628062118.790000200 -2.5436 5.8979 0.3695 0 0 0 0
1628062118.950000048 -2.5819 5.9828 0.3685 0 0 0 0
1628062119.130000114 -2.6208 6.0469 0.3678 0 0 0 0
1628062119.240000010 -2.6390 6.0848 0.3674 0 0 0 0
1628062119.430000067 -2.6553 6.1420 0.3673 0 0 0 0
1628062119.580000162 -2.6752 6.2177 0.3670 0 0 0 0
1628062119.730000019 -2.7081 6.3132 0.3673 0 0 0 0
1628062119.850000143 -2.7165 6.3524 0.3672 0 0 0 0
1628062119.990000010 -2.7226 6.3872 0.3676 0 0 0 0
1628062120.190000057 -2.7410 6.4820 0.3679 0 0 0 0
1628062120.320000172 -2.7834 6.5693 0.3670 0 0 0 0
1628062120.450000048 -2.8055 6.6080 0.3653 0 0 0 0
1628062120.650000095 -2.8198 6.6519 0.3641 0 0 0 0
1628062120.830000162 -2.8187 6.8149 0.3622 0 0 0 0
1628062120.960000038 -2.8240 6.8581 0.3622 0 0 0 0
1628062121.080000162 -2.8399 6.9222 0.3614 0 0 0 0
1628062121.180000067 -2.8490 6.9646 0.3612 0 0 0 0
1628062121.360000134 -2.8517 7.0077 0.3610 0 0 0 0
1628062121.470000029 -2.8514 7.1168 0.3610 0 0 0 0
1628062121.650000095 -2.8616 7.2241 0.3601 0 0 0 0
1628062121.770000219 -2.8562 7.2655 0.3602 0 0 0 0
1628062121.950000048 -2.8328 7.3721 0.3607 0 0 0 0
1628062122.070000172 -2.8321 7.4178 0.3606 0 0 0 0
1628062122.200000048 -2.8384 7.4791 0.3604 0 0 0 0
1628062122.360000134 -2.8377 7.5665 0.3591 0 0 0 0
1628062122.550000191 -2.8266 7.6548 0.3580 0 0 0 0
1628062122.660000086 -2.8206 7.6999 0.3578 0 0 0 0
1628062122.790000200 -2.8097 7.7631 0.3576 0 0 0 0
1628062122.960000038 -2.7936 7.8449 0.3571 0 0 0 0
1628062123.140000105 -2.7733 7.9502 0.3566 0 0 0 0
1628062123.250000000 -2.7645 7.9886 0.3565 0 0 0 0
1628062123.480000019 -2.7446 8.0862 0.3559 0 0 0 0
1628062123.620000124 -2.7362 8.1278 0.3554 0 0 0 0
1628062123.730000019 -2.7003 8.2266 0.3552 0 0 0 0
1628062124.009999990 -2.6700 8.3037 0.3548 0 0 0 0
1628062124.210000038 -2.6331 8.4008 0.3540 0 0 0 0
1628062124.420000076 -2.5987 8.4734 0.3537 0 0 0 0
1628062124.630000114 -2.5531 8.5678 0.3536 0 0 0 0
1628062124.759999990 -2.4999 8.6520 0.3539 0 0 0 0
1628062125.000000000 -2.4622 8.7229 0.3535 0 0 0 0
1628062125.270000219 -2.3817 8.8376 0.3533 0 0 0 0
1628062125.380000114 -2.3596 8.8716 0.3531 0 0 0 0
1628062125.550000191 -2.3003 8.9575 0.3531 0 0 0 0
1628062125.660000086 -2.2725 8.9869 0.3534 0 0 0 0
1628062125.900000095 -2.2047 9.0636 0.3533 0 0 0 0
1628062126.060000181 -2.1383 9.1420 0.3531 0 0 0 0
1628062126.180000067 -2.1086 9.1712 0.3531 0 0 0 0
1628062126.330000162 -2.0326 9.2477 0.3528 0 0 0 0
1628062126.550000191 -1.9688 9.3045 0.3530 0 0 0 0
1628062126.660000086 -1.9220 9.3451 0.3531 0 0 0 0
1628062126.910000086 -1.8505 9.4167 0.3527 0 0 0 0
1628062127.020000219 -1.8256 9.4429 0.3526 0 0 0 0
1628062127.180000067 -1.7852 9.4887 0.3525 0 0 0 0
1628062127.430000067 -1.7321 9.5532 0.3518 0 0 0 0
1628062127.570000172 -1.7188 9.5701 0.3515 0 0 0 0
1628062127.690000057 -1.7137 9.5758 0.3515 0 0 0 0
1628062127.830000162 -1.7104 9.5789 0.3514 0 0 0 0
1628062127.930000067 -1.7131 9.5766 0.3513 0 0 0 0
1628062128.100000143 -1.7191 9.5693 0.3514 0 0 0 0
1628062128.240000010 -1.7234 9.5628 0.3513 0 0 0 0
1628062128.360000134 -1.7399 9.5433 0.3514 0 0 0 0
1628062128.550000191 -1.7653 9.5084 0.3519 0 0 0 0
1628062128.650000095 -1.7779 9.4914 0.3521 0 0 0 0
1628062128.780000210 -1.7928 9.4712 0.3524 0 0 0 0
1628062128.880000114 -1.8111 9.4498 0.3525 0 0 0 0
1628062128.980000019 -1.8274 9.4289 0.3525 0 0 0 0
1628062129.150000095 -1.8843 9.3599 0.3527 0 0 0 0
1628062129.250000000 -1.9225 9.3172 0.3526 0 0 0 0
1628062129.540000200 -1.9859 9.2489 0.3528 0 0 0 0
1628062129.660000086 -2.0175 9.2137 0.3531 0 0 0 0
1628062129.780000210 -2.1070 9.1341 0.3539 0 0 0 0
1628062130.000000000 -2.1822 9.0839 0.3543 0 0 0 0
1628062130.250000000 -2.3107 8.9974 0.3547 0 0 0 0
1628062130.400000095 -2.3478 8.9778 0.3552 0 0 0 0
1628062130.550000191 -2.4321 8.9313 0.3539 0 0 0 0
1628062130.670000076 -2.4673 8.9125 0.3536 0 0 0 0
1628062130.790000200 -2.5164 8.8888 0.3537 0 0 0 0
1628062130.940000057 -2.5984 8.8622 0.3534 0 0 0 0
1628062131.040000200 -2.6294 8.8514 0.3534 0 0 0 0
1628062131.410000086 -2.7405 8.8110 0.3534 0 0 0 0
1628062131.530000210 -2.7735 8.8046 0.3532 0 0 0 0
1628062131.730000019 -2.8366 8.7922 0.3535 0 0 0 0
1628062131.970000029 -2.9491 8.7699 0.3536 0 0 0 0
1628062132.150000095 -3.0282 8.7638 0.3532 0 0 0 0
1628062132.330000162 -3.1104 8.7538 0.3531 0 0 0 0
1628062132.450000048 -3.1431 8.7507 0.3534 0 0 0 0
1628062132.580000162 -3.1763 8.7493 0.3532 0 0 0 0
1628062132.750000000 -3.2576 8.7507 0.3530 0 0 0 0
1628062132.940000057 -3.3263 8.7516 0.3531 0 0 0 0
1628062133.100000143 -3.4147 8.7569 0.3533 0 0 0 0
1628062133.240000010 -3.4494 8.7606 0.3518 0 0 0 0
1628062133.380000114 -3.5017 8.7685 0.3526 0 0 0 0
1628062133.550000191 -3.5745 8.7777 0.3526 0 0 0 0
1628062133.740000010 -3.6863 8.8042 0.3523 0 0 0 0
1628062133.850000143 -3.7255 8.8127 0.3524 0 0 0 0
1628062134.040000200 -3.8071 8.8326 0.3521 0 0 0 0
1628062134.170000076 -3.8477 8.8472 0.3520 0 0 0 0
1628062134.310000181 -3.9516 8.8848 0.3515 0 0 0 0
1628062134.420000076 -3.9973 8.9012 0.3516 0 0 0 0
1628062134.530000210 -4.0370 8.9185 0.3514 0 0 0 0
1628062134.740000010 -4.1624 8.9891 0.3514 0 0 0 0
1628062134.860000134 -4.2033 9.0086 0.3514 0 0 0 0
1628062135.000000000 -4.2443 9.0303 0.3513 0 0 0 0
1628062135.170000076 -4.3422 9.0980 0.3508 0 0 0 0
1628062135.400000095 -4.4161 9.1589 0.3510 0 0 0 0
1628062135.580000162 -4.4993 9.2426 0.3512 0 0 0 0
1628062135.710000038 -4.5309 9.2771 0.3509 0 0 0 0
1628062136.090000153 -4.6546 9.4073 0.3510 0 0 0 0
1628062136.310000181 -4.7296 9.4908 0.3513 0 0 0 0
1628062136.410000086 -4.7967 9.5706 0.3510 0 0 0 0
1628062136.570000172 -4.8109 9.5866 0.3513 0 0 0 0
1628062136.700000048 -4.8792 9.6575 0.3513 0 0 0 0
1628062136.870000124 -4.9352 9.7147 0.3512 0 0 0 0
1628062137.030000210 -4.9612 9.7414 0.3512 0 0 0 0
1628062137.180000067 -5.0325 9.8109 0.3517 0 0 0 0
1628062137.350000143 -5.0996 9.8792 0.3516 0 0 0 0
1628062137.560000181 -5.1552 9.9377 0.3519 0 0 0 0
1628062137.750000000 -5.2295 10.0023 0.3522 0 0 0 0
1628062137.930000067 -5.2985 10.0659 0.3523 0 0 0 0
1628062138.040000200 -5.3258 10.0905 0.3525 0 0 0 0
1628062138.160000086 -5.3539 10.1143 0.3525 0 0 0 0
1628062138.360000134 -5.4296 10.1746 0.3531 0 0 0 0
1628062138.460000038 -5.4577 10.2011 0.3531 0 0 0 0
1628062138.590000153 -5.4854 10.2279 0.3532 0 0 0 0
1628062138.730000019 -5.5620 10.2847 0.3538 0 0 0 0
1628062138.840000153 -5.6080 10.3140 0.3541 0 0 0 0
1628062138.970000029 -5.6404 10.3369 0.3544 0 0 0 0
1628062139.080000162 -5.6700 10.3598 0.3546 0 0 0 0
1628062139.180000067 -5.7163 10.3930 0.3545 0 0 0 0
1628062139.320000172 -5.7507 10.4124 0.3548 0 0 0 0
1628062139.470000029 -5.8359 10.4597 0.3554 0 0 0 0
1628062139.590000153 -5.8710 10.4829 0.3557 0 0 0 0
1628062139.750000000 -5.9599 10.5327 0.3560 0 0 0 0
1628062139.860000134 -5.9965 10.5474 0.3564 0 0 0 0
1628062139.970000029 -6.0512 10.5716 0.3567 0 0 0 0
1628062140.070000172 -6.0878 10.5896 0.3568 0 0 0 0
1628062140.180000067 -6.1264 10.6077 0.3572 0 0 0 0
1628062140.350000143 -6.1998 10.6347 0.3573 0 0 0 0
1628062140.540000200 -6.2980 10.6692 0.3578 0 0 0 0
1628062140.730000019 -6.3936 10.6989 0.3585 0 0 0 0
1628062140.850000143 -6.4340 10.7086 0.3587 0 0 0 0
1628062140.970000029 -6.4729 10.7187 0.3589 0 0 0 0
1628062141.130000114 -6.5720 10.7414 0.3596 0 0 0 0
1628062141.230000019 -6.6122 10.7488 0.3599 0 0 0 0
1628062141.460000038 -6.7125 10.7662 0.3603 0 0 0 0
1628062141.640000105 -6.8137 10.7759 0.3611 0 0 0 0
1628062141.759999990 -6.8951 10.7779 0.3618 0 0 0 0
1628062141.870000124 -6.9152 10.7798 0.3619 0 0 0 0
1628062142.000000000 -6.9565 10.7848 0.3623 0 0 0 0
1628062142.140000105 -7.0593 10.7846 0.3631 0 0 0 0
1628062142.259999990 -7.1014 10.7825 0.3632 0 0 0 0
1628062142.380000114 -7.1639 10.7814 0.3637 0 0 0 0
1628062142.490000010 -7.2042 10.7814 0.3638 0 0 0 0
1628062142.590000153 -7.2439 10.7785 0.3639 0 0 0 0
1628062142.710000038 -7.2832 10.7723 0.3641 0 0 0 0
1628062142.830000162 -7.3414 10.7606 0.3643 0 0 0 0
1628062142.940000057 -7.3826 10.7547 0.3648 0 0 0 0
1628062143.170000076 -7.4845 10.7402 0.3653 0 0 0 0
1628062143.340000153 -7.5873 10.7171 0.3659 0 0 0 0
1628062143.470000029 -7.6665 10.6973 0.3662 0 0 0 0
1628062143.710000038 -7.7623 10.6658 0.3667 0 0 0 0
1628062143.890000105 -7.8556 10.6270 0.3671 0 0 0 0
1628062144.030000210 -7.8924 10.6084 0.3676 0 0 0 0
1628062144.160000086 -8.0024 10.5481 0.3682 0 0 0 0
1628062144.340000153 -8.0733 10.5042 0.3686 0 0 0 0
1628062144.530000210 -8.1395 10.4575 0.3693 0 0 0 0
1628062144.740000010 -8.2259 10.4050 0.3695 0 0 0 0
1628062144.920000076 -8.3135 10.3550 0.3704 0 0 0 0
1628062145.050000191 -8.3475 10.3367 0.3705 0 0 0 0
1628062145.170000076 -8.4023 10.3129 0.3710 0 0 0 0
1628062145.390000105 -8.4789 10.2820 0.3709 0 0 0 0
1628062145.530000210 -8.5358 10.2605 0.3712 0 0 0 0
1628062145.670000076 -8.5743 10.2464 0.3710 0 0 0 0
1628062145.830000162 -8.7079 10.2031 0.3715 0 0 0 0
1628062145.980000019 -8.7455 10.1964 0.3717 0 0 0 0
1628062146.140000105 -8.8495 10.1766 0.3722 0 0 0 0
1628062146.240000010 -8.8879 10.1684 0.3723 0 0 0 0
1628062146.380000114 -8.9465 10.1622 0.3724 0 0 0 0
1628062146.480000019 -8.9849 10.1613 0.3721 0 0 0 0
1628062146.730000019 -9.0851 10.1551 0.3724 0 0 0 0
1628062146.910000086 -9.1649 10.1531 0.3728 0 0 0 0
1628062147.090000153 -9.2623 10.1620 0.3732 0 0 0 0
1628062147.270000219 -9.3621 10.1697 0.3734 0 0 0 0
1628062147.440000057 -9.4391 10.1823 0.3735 0 0 0 0
1628062147.550000191 -9.4977 10.1938 0.3737 0 0 0 0
1628062147.720000029 -9.5925 10.2231 0.3739 0 0 0 0
1628062147.870000124 -9.6306 10.2373 0.3741 0 0 0 0
1628062148.000000000 -9.6701 10.2494 0.3744 0 0 0 0
1628062148.100000143 -9.7090 10.2613 0.3743 0 0 0 0
1628062148.250000000 -9.8012 10.3062 0.3749 0 0 0 0
1628062148.410000086 -9.8347 10.3257 0.3750 0 0 0 0
1628062148.520000219 -9.8900 10.3545 0.3755 0 0 0 0
1628062148.650000095 -9.9267 10.3747 0.3758 0 0 0 0
1628062148.850000143 -10.0243 10.4529 0.3772 0 0 0 0
1628062149.020000219 -10.0453 10.4695 0.3774 0 0 0 0
1628062149.190000057 -10.0860 10.4955 0.3778 0 0 0 0
1628062149.370000124 -10.1035 10.5103 0.3777 0 0 0 0
1628062149.560000181 -10.0965 10.5046 0.3774 0 0 0 0
1628062149.670000076 -10.0899 10.4995 0.3774 0 0 0 0
1628062149.860000134 -10.0604 10.4772 0.3773 0 0 0 0
1628062150.020000219 -10.0432 10.4628 0.3773 0 0 0 0
1628062150.200000048 -9.9840 10.4156 0.3769 0 0 0 0
1628062150.390000105 -9.9106 10.3464 0.3763 0 0 0 0
1628062150.509999990 -9.8775 10.3142 0.3763 0 0 0 0
1628062150.770000219 -9.7359 10.1999 0.3750 0 0 0 0
1628062150.900000095 -9.6948 10.1630 0.3765 0 0 0 0
1628062151.009999990 -9.5898 10.0791 0.3739 0 0 0 0
1628062151.160000086 -9.5462 10.0475 0.3734 0 0 0 0
1628062151.360000134 -9.4454 9.9790 0.3727 0 0 0 0
1628062151.460000038 -9.4071 9.9537 0.3724 0 0 0 0
1628062151.570000172 -9.3517 9.9209 0.3722 0 0 0 0
1628062151.700000048 -9.3002 9.8894 0.3720 0 0 0 0
1628062151.840000153 -9.2667 9.8707 0.3714 0 0 0 0
1628062152.040000200 -9.2050 9.8387 0.3713 0 0 0 0
1628062152.190000057 -9.1509 9.8106 0.3709 0 0 0 0
1628062152.360000134 -9.0848 9.7797 0.3711 0 0 0 0
1628062152.470000029 -9.0445 9.7665 0.3710 0 0 0 0
1628062152.690000057 -8.9763 9.7402 0.3709 0 0 0 0
1628062152.900000095 -8.9172 9.7176 0.3709 0 0 0 0
1628062153.009999990 -8.8705 9.7051 0.3709 0 0 0 0
1628062153.160000086 -8.8048 9.6892 0.3704 0 0 0 0
1628062153.360000134 -8.7155 9.6653 0.3702 0 0 0 0
1628062153.540000200 -8.6194 9.6488 0.3701 0 0 0 0
1628062153.640000105 -8.5805 9.6442 0.3703 0 0 0 0
1628062153.750000000 -8.5409 9.6388 0.3701 0 0 0 0
1628062153.940000057 -8.4361 9.6276 0.3699 0 0 0 0
1628062154.050000191 -8.3927 9.6269 0.3694 0 0 0 0
1628062154.160000086 -8.3298 9.6268 0.3694 0 0 0 0
1628062154.340000153 -8.2209 9.6296 0.3690 0 0 0 0
1628062154.450000048 -8.1792 9.6331 0.3690 0 0 0 0
1628062154.690000057 -8.0956 9.6399 0.3689 0 0 0 0
1628062154.810000181 -8.0330 9.6463 0.3685 0 0 0 0
1628062154.910000086 -7.9891 9.6541 0.3685 0 0 0 0
1628062155.030000210 -7.8812 9.6784 0.3676 0 0 0 0
1628062155.200000048 -7.8391 9.6880 0.3676 0 0 0 0
1628062155.350000143 -7.7973 9.7000 0.3674 0 0 0 0
1628062155.470000029 -7.6941 9.7381 0.3669 0 0 0 0
1628062155.710000038 -7.5864 9.7734 0.3667 0 0 0 0
1628062155.830000162 -7.5430 9.7923 0.3661 0 0 0 0
1628062155.970000029 -7.4616 9.8331 0.3653 0 0 0 0
1628062156.160000086 -7.3426 9.9027 0.3627 0 0 0 0
1628062156.280000210 -7.3059 9.9236 0.3646 0 0 0 0
1628062156.450000048 -7.2266 9.9730 0.3641 0 0 0 0
1628062156.600000143 -7.1839 9.9986 0.3636 0 0 0 0
1628062156.730000019 -7.0754 10.0551 0.3629 0 0 0 0
1628062156.860000134 -7.0088 10.0899 0.3622 0 0 0 0
1628062157.110000134 -6.8991 10.1394 0.3618 0 0 0 0
1628062157.230000019 -6.8531 10.1553 0.3615 0 0 0 0
1628062157.370000124 -6.7370 10.1907 0.3609 0 0 0 0
1628062157.500000000 -6.6884 10.2031 0.3606 0 0 0 0
1628062157.620000124 -6.6424 10.2127 0.3606 0 0 0 0
1628062157.780000210 -6.5487 10.2331 0.3600 0 0 0 0
1628062157.940000057 -6.4334 10.2500 0.3595 0 0 0 0
1628062158.140000105 -6.3128 10.2569 0.3590 0 0 0 0
1628062158.259999990 -6.2456 10.2546 0.3585 0 0 0 0
1628062158.440000057 -6.1521 10.2502 0.3578 0 0 0 0
1628062158.580000162 -6.1063 10.2469 0.3576 0 0 0 0
1628062158.680000067 -6.0607 10.2411 0.3573 0 0 0 0
1628062158.790000200 -5.9951 10.2296 0.3561 0 0 0 0
1628062158.950000048 -5.9060 10.2149 0.3566 0 0 0 0
1628062159.050000191 -5.8434 10.1966 0.3564 0 0 0 0
1628062159.250000000 -5.7627 10.1701 0.3557 0 0 0 0
1628062159.460000038 -5.6700 10.1367 0.3554 0 0 0 0
1628062159.580000162 -5.6296 10.1193 0.3550 0 0 0 0
1628062159.810000181 -5.4941 10.0475 0.3538 0 0 0 0
1628062159.980000019 -5.4446 10.0146 0.3538 0 0 0 0
1628062160.170000076 -5.3538 9.9566 0.3530 0 0 0 0
1628062160.350000143 -5.2914 9.9083 0.3529 0 0 0 0
1628062160.480000019 -5.2610 9.8807 0.3529 0 0 0 0
1628062160.610000134 -5.2295 9.8527 0.3526 0 0 0 0
1628062160.720000029 -5.1828 9.8109 0.3523 0 0 0 0
1628062160.860000134 -5.1230 9.7460 0.3518 0 0 0 0
1628062160.970000029 -5.0938 9.7104 0.3518 0 0 0 0
1628062161.090000153 -5.0504 9.6593 0.3513 0 0 0 0
1628062161.240000010 -4.9971 9.5930 0.3517 0 0 0 0
1628062161.340000153 -4.9971 9.5930 0.3517 0 0 0 0
1628062161.550000191 -4.9109 9.4623 0.3517 0 0 0 0
1628062161.660000086 -4.8702 9.4022 0.3518 0 0 0 0
1628062161.800000191 -4.8422 9.3647 0.3518 0 0 0 0
1628062161.920000076 -4.7638 9.2760 0.3516 0 0 0 0
1628062162.060000181 -4.7303 9.2399 0.3516 0 0 0 0
1628062162.190000057 -4.6979 9.2070 0.3515 0 0 0 0
1628062162.370000124 -4.6095 9.1264 0.3518 0 0 0 0
1628062162.550000191 -4.5181 9.0463 0.3518 0 0 0 0
1628062162.740000010 -4.4216 8.9749 0.3519 0 0 0 0
1628062162.840000153 -4.3800 8.9497 0.3521 0 0 0 0
1628062162.950000048 -4.3025 8.9037 0.3524 0 0 0 0
1628062163.070000172 -4.2836 8.8917 0.3523 0 0 0 0
1628062163.200000048 -4.2405 8.8657 0.3523 0 0 0 0
1628062163.370000124 -4.2001 8.8463 0.3523 0 0 0 0
1628062163.520000219 -4.0564 8.7617 0.3517 0 0 0 0
1628062163.620000124 -4.0238 8.7386 0.3518 0 0 0 0
1628062163.850000143 -3.9815 8.7089 0.3514 0 0 0 0
1628062163.980000019 -3.9434 8.6779 0.3503 0 0 0 0
1628062164.150000095 -3.9459 8.6779 0.3501 0 0 0 0
1628062164.380000114 -3.9573 8.6893 0.3503 0 0 0 0
1628062164.530000210 -3.9975 8.7254 0.3502 0 0 0 0
1628062164.660000086 -4.0541 8.7704 0.3505 0 0 0 0
1628062164.770000219 -4.0902 8.7986 0.3506 0 0 0 0
1628062164.940000057 -4.2034 8.8870 0.3508 0 0 0 0
1628062165.070000172 -4.2536 8.9195 0.3511 0 0 0 0
1628062165.340000153 -4.4370 9.0124 0.3519 0 0 0 0
1628062165.509999990 -4.5745 9.0690 0.3520 0 0 0 0
1628062165.660000086 -4.6495 9.0913 0.3526 0 0 0 0
1628062165.820000172 -4.8318 9.1130 0.3534 0 0 0 0
1628062165.970000029 -4.9763 9.1192 0.3538 0 0 0 0
1628062166.130000114 -5.1448 9.1185 0.3548 0 0 0 0
1628062166.330000162 -5.2625 9.1095 0.3553 0 0 0 0
1628062166.450000048 -5.3702 9.1051 0.3560 0 0 0 0
1628062166.590000153 -5.4195 9.1032 0.3558 0 0 0 0
1628062166.770000219 -5.5137 9.0988 0.3558 0 0 0 0
1628062166.890000105 -5.5785 9.0962 0.3561 0 0 0 0
1628062167.040000200 -5.6596 9.0968 0.3563 0 0 0 0
1628062167.420000076 -5.7992 9.1089 0.3568 0 0 0 0
1628062167.560000181 -5.8387 9.1101 0.3569 0 0 0 0
1628062167.660000086 -5.9659 9.1243 0.3569 0 0 0 0
1628062167.820000172 -6.0630 9.1297 0.3575 0 0 0 0
1628062168.030000210 -6.1898 9.1328 0.3553 0 0 0 0
1628062168.150000095 -6.2413 9.1428 0.3587 0 0 0 0
1628062168.259999990 -6.2944 9.1452 0.3590 0 0 0 0
1628062168.360000134 -6.3750 9.1451 0.3593 0 0 0 0
1628062168.470000029 -6.4336 9.1458 0.3595 0 0 0 0
1628062168.580000162 -6.4895 9.1454 0.3598 0 0 0 0
1628062168.740000010 -6.6401 9.1339 0.3607 0 0 0 0
1628062168.940000057 -6.7546 9.1235 0.3613 0 0 0 0
1628062169.060000181 -6.8532 9.1095 0.3619 0 0 0 0
1628062169.200000048 -6.9151 9.0973 0.3625 0 0 0 0
1628062169.350000143 -6.9723 9.0824 0.3625 0 0 0 0
1628062169.560000181 -7.1852 9.0144 0.3639 0 0 0 0
1628062169.690000057 -7.2708 8.9915 0.3641 0 0 0 0
1628062169.810000181 -7.3287 8.9763 0.3640 0 0 0 0
1628062169.960000038 -7.4476 8.9468 0.3644 0 0 0 0
1628062170.060000181 -7.5368 8.9255 0.3649 0 0 0 0
1628062170.180000067 -7.5960 8.9150 0.3651 0 0 0 0
1628062170.340000153 -7.7168 8.9005 0.3659 0 0 0 0
1628062170.540000200 -7.8743 8.8847 0.3661 0 0 0 0
1628062170.730000019 -8.0227 8.8728 0.3669 0 0 0 0
1628062170.840000153 -8.1142 8.8709 0.3673 0 0 0 0
1628062171.000000000 -8.1762 8.8724 0.3680 0 0 0 0
1628062171.130000114 -8.2934 8.8773 0.3676 0 0 0 0
1628062171.259999990 -8.3481 8.8809 0.3678 0 0 0 0
1628062171.530000210 -8.4815 8.8933 0.3687 0 0 0 0
1628062171.660000086 -8.6000 8.9143 0.3695 0 0 0 0
1628062171.850000143 -8.6864 8.9298 0.3700 0 0 0 0
1628062172.009999990 -8.7417 8.9407 0.3704 0 0 0 0
1628062172.180000067 -8.8045 8.9547 0.3702 0 0 0 0
1628062172.320000172 -8.8695 8.9653 0.3705 0 0 0 0
1628062172.420000076 -8.8901 8.9690 0.3706 0 0 0 0
1628062172.560000181 -8.9199 8.9754 0.3707 0 0 0 0
1628062172.680000067 -8.9393 8.9787 0.3708 0 0 0 0
1628062172.940000057 -8.9889 8.9856 0.3709 0 0 0 0
1628062173.120000124 -9.0105 8.9895 0.3710 0 0 0 0
1628062173.230000019 -9.0759 8.9997 0.3711 0 0 0 0
1628062173.370000124 -9.1453 9.0098 0.3718 0 0 0 0
1628062173.490000010 -9.2014 9.0179 0.3719 0 0 0 0
1628062173.610000134 -9.2423 9.0252 0.3718 0 0 0 0
1628062173.800000191 -9.3530 9.0397 0.3724 0 0 0 0
1628062173.950000048 -9.4493 9.0479 0.3734 0 0 0 0
1628062174.150000095 -9.5645 9.0603 0.3747 0 0 0 0
1628062174.259999990 -9.6075 9.0629 0.3753 0 0 0 0
1628062174.509999990 -9.7031 9.0680 0.3758 0 0 0 0
1628062174.680000067 -9.7769 9.0752 0.3762 0 0 0 0
1628062174.840000153 -9.7988 9.0756 0.3769 0 0 0 0
1628062174.990000010 -9.8145 9.0738 0.3763 0 0 0 0
1628062175.120000124 -9.8135 9.0741 0.3763 0 0 0 0
1628062175.360000134 -9.8014 9.0754 0.3758 0 0 0 0
1628062175.500000000 -9.7912 9.0741 0.3756 0 0 0 0
1628062175.680000067 -9.7849 9.0745 0.3756 0 0 0 0
1628062175.850000143 -9.7808 9.0741 0.3757 0 0 0 0
1628062176.020000219 -9.7679 9.0730 0.3757 0 0 0 0
1628062176.130000114 -9.7614 9.0728 0.3757 0 0 0 0
1628062176.250000000 -9.7424 9.0717 0.3757 0 0 0 0
1628062176.380000114 -9.7304 9.0710 0.3757 0 0 0 0
1628062176.570000172 -9.7119 9.0705 0.3757 0 0 0 0
1628062176.670000076 -9.7023 9.0703 0.3757 0 0 0 0
1628062176.820000172 -9.6882 9.0691 0.3757 0 0 0 0
1628062176.980000019 -9.6694 9.0671 0.3756 0 0 0 0
1628062177.130000114 -9.6505 9.0664 0.3751 0 0 0 0
1628062177.370000124 -9.6474 9.0659 0.3749 0 0 0 0
1628062177.480000019 -9.6504 9.0661 0.3750 0 0 0 0
1628062177.590000153 -9.6524 9.0665 0.3749 0 0 0 0
1628062177.740000010 -9.6582 9.0669 0.3750 0 0 0 0
1628062177.860000134 -9.6591 9.0668 0.3749 0 0 0 0
1628062177.970000029 -9.6600 9.0670 0.3749 0 0 0 0
1628062178.080000162 -9.6594 9.0671 0.3749 0 0 0 0
1628062178.190000057 -9.6591 9.0671 0.3749 0 0 0 0
1628062178.350000143 -9.6586 9.0670 0.3749 0 0 0 0
1628062178.460000038 -9.6589 9.0671 0.3749 0 0 0 0
1628062178.610000134 -9.6592 9.0671 0.3749 0 0 0 0
1628062178.860000134 -9.6593 9.0671 0.3749 0 0 0 0
1628062179.009999990 -9.6592 9.0671 0.3748 0 0 0 0
1628062179.150000095 -9.6592 9.0670 0.3748 0 0 0 0
1628062179.330000162 -9.6593 9.0670 0.3748 0 0 0 0
1628062179.500000000 -9.6593 9.0670 0.3748 0 0 0 0
1628062179.620000124 -9.6593 9.0670 0.3748 0 0 0 0
1628062179.790000200 -9.6595 9.0671 0.3748 0 0 0 0
1628062179.890000105 -9.6594 9.0671 0.3748 0 0 0 0
1628062180.000000000 -9.6593 9.0670 0.3748 0 0 0 0
1628062180.110000134 -9.6593 9.0671 0.3748 0 0 0 0
1628062180.230000019 -9.6594 9.0671 0.3748 0 0 0 0
1628062180.340000153 -9.6595 9.0671 0.3748 0 0 0 0
1628062180.460000038 -9.6595 9.0671 0.3748 0 0 0 0
1628062180.570000172 -9.6595 9.0671 0.3748 0 0 0 0
1628062180.740000010 -9.6596 9.0671 0.3748 0 0 0 0
1628062180.930000067 -9.6595 9.0672 0.3748 0 0 0 0
1628062181.090000153 -9.6596 9.0670 0.3748 0 0 0 0
1628062181.340000153 -9.6595 9.0671 0.3748 0 0 0 0
1628062181.450000048 -9.6596 9.0670 0.3748 0 0 0 0
1628062181.580000162 -9.6596 9.0670 0.3748 0 0 0 0
1628062181.700000048 -9.6595 9.0671 0.3748 0 0 0 0
1628062181.840000153 -9.6596 9.0671 0.3748 0 0 0 0
1628062181.950000048 -9.6597 9.0672 0.3748 0 0 0 0
1628062182.100000143 -9.6596 9.0671 0.3748 0 0 0 0
1628062182.280000210 -9.6596 9.0671 0.3748 0 0 0 0
1628062182.400000095 -9.6597 9.0672 0.3748 0 0 0 0
1628062182.509999990 -9.6597 9.0671 0.3748 0 0 0 0
1628062182.640000105 -9.6596 9.0671 0.3747 0 0 0 0
1628062182.770000219 -9.6595 9.0671 0.3747 0 0 0 0
1628062182.940000057 -9.6596 9.0671 0.3748 0 0 0 0
1628062183.070000172 -9.6596 9.0672 0.3747 0 0 0 0
1628062183.180000067 -9.6596 9.0671 0.3748 0 0 0 0
1628062183.340000153 -9.6598 9.0672 0.3747 0 0 0 0
1628062183.500000000 -9.6596 9.0671 0.3747 0 0 0 0
1628062183.620000124 -9.6597 9.0672 0.3747 0 0 0 0
1628062183.759999990 -9.6597 9.0671 0.3747 0 0 0 0
1628062183.910000086 -9.6597 9.0672 0.3747 0 0 0 0
1628062184.009999990 -9.6598 9.0672 0.3747 0 0 0 0
1628062184.130000114 -9.6598 9.0672 0.3748 0 0 0 0
1628062184.330000162 -9.6597 9.0672 0.3747 0 0 0 0
1628062184.450000048 -9.6597 9.0672 0.3747 0 0 0 0
1628062184.590000153 -9.6596 9.0672 0.3748 0 0 0 0
1628062184.700000048 -9.6598 9.0672 0.3747 0 0 0 0
1628062184.830000162 -9.6596 9.0671 0.3747 0 0 0 0
1628062184.940000057 -9.6597 9.0672 0.3747 0 0 0 0
1628062185.070000172 -9.6599 9.0671 0.3746 0 0 0 0
1628062185.200000048 -9.6610 9.0694 0.3746 0 0 0 0
1628062185.380000114 -9.6614 9.0683 0.3746 0 0 0 0
1628062185.580000162 -9.6628 9.0689 0.3747 0 0 0 0
1628062185.750000000 -9.6642 9.0699 0.3748 0 0 0 0
1628062185.950000048 -9.6635 9.0679 0.3747 0 0 0 0
1628062186.070000172 -9.6630 9.0694 0.3746 0 0 0 0
1628062186.280000210 -9.6628 9.0698 0.3746 0 0 0 0
1628062186.450000048 -9.6638 9.0693 0.3747 0 0 0 0
1628062186.590000153 -9.6637 9.0697 0.3747 0 0 0 0
1628062186.700000048 -9.6639 9.0692 0.3746 0 0 0 0
1628062186.860000134 -9.6641 9.0693 0.3746 0 0 0 0
1628062186.960000038 -9.6641 9.0696 0.3746 0 0 0 0
1628062187.140000105 -9.6642 9.0695 0.3747 0 0 0 0
1628062187.360000134 -9.6643 9.0697 0.3747 0 0 0 0
1628062187.500000000 -9.6645 9.0699 0.3747 0 0 0 0
1628062187.670000076 -9.6647 9.0699 0.3747 0 0 0 0
1628062187.820000172 -9.6644 9.0699 0.3747 0 0 0 0
1628062187.950000048 -9.6644 9.0699 0.3747 0 0 0 0
1628062188.060000181 -9.6643 9.0698 0.3747 0 0 0 0
1628062188.259999990 -9.6643 9.0699 0.3747 0 0 0 0
1628062188.390000105 -9.6643 9.0698 0.3746 0 0 0 0
1628062188.540000200 -9.6642 9.0698 0.3746 0 0 0 0
1628062188.660000086 -9.6640 9.0698 0.3746 0 0 0 0
1628062188.810000181 -9.6639 9.0697 0.3746 0 0 0 0
1628062188.960000038 -9.6643 9.0697 0.3746 0 0 0 0
1628062189.070000172 -9.6644 9.0698 0.3746 0 0 0 0
1628062189.180000067 -9.6644 9.0697 0.3746 0 0 0 0
1628062189.390000105 -9.6642 9.0697 0.3746 0 0 0 0
1628062189.560000181 -9.6644 9.0696 0.3746 0 0 0 0
1628062189.750000000 -9.6644 9.0694 0.3745 0 0 0 0
1628062189.850000143 -9.6628 9.0694 0.3745 0 0 0 0
1628062189.990000010 -9.6622 9.0692 0.3746 0 0 0 0
1628062190.090000153 -9.6623 9.0688 0.3745 0 0 0 0
1628062190.230000019 -9.6631 9.0687 0.3745 0 0 0 0
1628062190.420000076 -9.6642 9.0694 0.3745 0 0 0 0
1628062190.540000200 -9.6638 9.0689 0.3746 0 0 0 0
