60.8742   16.4505   77.3247 0.10344   0.0879708
62.9269   18.5684   81.4953 0.110852   0.0931524
63.1023   18.1324   81.2348 0.110771   0.0953501
61.6339   18.0538   79.6877 0.107127   0.0967515
65.2579   19.924   85.1819 0.109739   0.104042
64.0707   17.602   81.6727 0.110188   0.0965905
67.3767   19.8085   87.1853 0.113684   0.097579
62.6304   18.0871   80.7175 0.108557   0.0955475
61.5873   19.5773   81.1646 0.107457   0.101753
65.7387   17.8451   83.5838 0.116304   0.0965123
67.2611   19.4197   86.6808 0.119215   0.110507
69.9222   18.4108   88.3329 0.121133   0.111154
68.7394   18.6409   87.3803 0.124378   0.120264
69.7641   17.1126   86.8767 0.125701   0.124304
67.457   17.2301   84.6871 0.122835   0.11788
72.335   16.5   88.835 0.124415   0.114029
69.4205   17.3931   86.8137 0.11975   0.122651
74.0669   16.938   91.0049 0.123678   0.11917
73.407   17.2046   90.6117 0.121989   0.12322
76.3653   16.1704   92.5357 0.125539   0.113716
73.6393   19.0128   92.6521 0.127132   0.123167
74.0279   15.4969   89.5248 0.12436   0.110263
72.9866   15.7402   88.7269 0.1246   0.110329
73.99   15.1624   89.1524 0.124311   0.0998404
71.0136   16.101   87.1146 0.125097   0.112937
69.1505   15.8886   85.0391 0.123351   0.103374
72.8359   20.1949   93.0308 0.124826   0.115443
71.8862   19.9966   91.8828 0.123304   0.120545
78.1056   19.0257   97.1313 0.124076   0.12126
70.9855   16.2894   87.2749 0.121843   0.103315
72.5333   20.1781   92.7114 0.126512   0.127039
70.8639   16.1058   86.9697 0.121524   0.117829
69.2992   16.4757   85.7749 0.123279   0.122983
71.2058   16.6384   87.8442 0.12909   0.125352
61.3611   17.4558   78.8168 0.103139   0.091264
58.6375   18.6791   77.3167 0.0994418   0.0936454
54.72   22.4175   77.1375 0.102517   0.105461
62.0278   22.5136   84.5415 0.108088   0.11105
69.8872   20.1733   90.0605 0.11952   0.109163
68.2458   21.6674   89.9132 0.116826   0.106256
65.8199   20.1343   85.9542 0.11645   0.0998397
64.216   20.9681   85.1841 0.112785   0.114873
65.2937   19.1668   84.4605 0.112106   0.11218
70.0416   18.7509   88.7925 0.116976   0.112799
72.0457   16.1705   88.2162 0.118464   0.106572
69.6601   17.238   86.8981 0.118453   0.109913
68.3099   19.1849   87.4947 0.11721   0.123006
69.6578   16.4637   86.1215 0.121742   0.117343
71.6438   15.1808   86.8246 0.12174   0.0993288
67.2073   18.541   85.7483 0.119162   0.113795
67.3089   19.2507   86.5596 0.120187   0.119917
55.9987   20.7986   76.7973 0.0937217   0.0993722
63.5944   21.8258   85.4202 0.0997739   0.0995912
65.1883   23.1585   88.3468 0.106003   0.110524
65.6965   21.6854   87.3819 0.105171   0.106058
63.4319   19.444   82.8759 0.102874   0.0981525
61.9661   20.2886   82.2547 0.106152   0.0982498
67.1901   21.2794   88.4695 0.110124   0.105623
68.2762   19.3594   87.6356 0.109079   0.0986549
65.4316   21.8811   87.3127 0.111133   0.105979
71.6508   20.5233   92.1742 0.10987   0.109961
69.8418   19.6122   89.454 0.113055   0.103695
69.7067   20.2023   89.909 0.112714   0.104135
70.6624   20.0376   90.7 0.112097   0.108487
63.823   21.7975   85.6206 0.108266   0.11189
71.2837   20.6724   91.956 0.11477   0.106614
66.5529   18.7055   85.2584 0.111541   0.100965
72.2106   25.5515   97.7621 0.116959   0.123021
55.1065   24.6219   79.7284 0.0936442   0.0986849
56.9676   24.8194   81.787 0.0909833   0.10047
55.7693   22.6479   78.4172 0.0932597   0.0939017
59.8412   24.4794   84.3206 0.100293   0.099848
58.1343   27.0508   85.1851 0.10324   0.107629
61.6237   24.8962   86.5198 0.104838   0.109901
62.4204   22.8653   85.2857 0.105156   0.10635
58.775   24.2518   83.0268 0.102718   0.111349
58.8994   23.5687   82.4681 0.10499   0.110999
57.8353   23.6653   81.5006 0.107634   0.107326
62.9151   24.9471   87.8622 0.109443   0.11507
64.1064   23.9293   88.0357 0.111231   0.108245
64.2935   24.6358   88.9292 0.11306   0.110419
63.4754   26.4373   89.9127 0.113124   0.117674
64.1691   26.4694   90.6385 0.110987   0.110689
65.5171   26.8946   92.4116 0.111436   0.107952
65.898   24.2446   90.1426 0.116634   0.10872
52.3372   29.8826   82.2198 0.087282   0.108218
55.904   28.6292   84.5332 0.0938616   0.110538
56.8549   26.113   82.9679 0.0998272   0.104313
55.6928   31.6287   87.3215 0.0968127   0.112684
59.0196   29.7076   88.7271 0.0974993   0.106415
60.8863   28.2176   89.1039 0.101709   0.104548
67.6385   30.8644   98.5028 0.107374   0.115352
62.6851   26.3471   89.0322 0.103355   0.104916
64.5961   32.0892   96.6852 0.103464   0.115084
64.08   27.5902   91.6702 0.106418   0.105492
66.4893   29.1023   95.5916 0.110816   0.111333
66.6333   27.7952   94.4286 0.106836   0.110767
69.8656   25.9046   95.7702 0.112814   0.1016
72.9865   27.8929   100.879 0.113716   0.110351
75.1477   27.0359   102.184 0.117809   0.110831
64.635   25.8585   90.4935 0.0919199   0.0985586
66.0805   22.8888   88.9693 0.0956579   0.0981511
69.001   25.1097   94.1107 0.0986669   0.102164
69.6048   26.4278   96.0326 0.101498   0.105267
73.9326   25.7452   99.6778 0.101551   0.100306
70.4456   25.5565   96.002 0.101326   0.109014
69.6399   28.9705   98.6104 0.0995211   0.114735
68.6472   29.0296   97.6768 0.0989724   0.117751
75.4319   26.9741   102.406 0.104888   0.115069
72.9946   28.2576   101.252 0.103411   0.116414
75.3912   23.986   99.3772 0.107278   0.0988163
80.8547   24.5621   105.417 0.110034   0.101182
72.7727   26.884   99.6567 0.106762   0.107108
76.0357   25.7479   101.784 0.107672   0.0982573
76.8963   28.2791   105.175 0.109974   0.109373
73.7601   33.2201   106.98 0.108844   0.122358
61.6141   30.0711   91.6852 0.092034   0.109631
65.8354   27.8488   93.6842 0.0938405   0.102048
64.2271   26.2099   90.437 0.0938649   0.0993112
69.1232   26.6067   95.7299 0.097068   0.112159
63.436   26.0823   89.5183 0.0957621   0.102444
61.8578   25.5013   87.3591 0.092394   0.103203
67.4746   23.5179   90.9925 0.0978425   0.10558
67.2852   26.8868   94.172 0.0947679   0.117205
64.8439   23.3981   88.242 0.0958077   0.102008
65.002   24.6685   89.6705 0.0934518   0.107959
65.5839   23.2513   88.8351 0.0949207   0.099691
63.1559   24.2866   87.4425 0.0931878   0.104643
58.9122   24.3437   83.2559 0.084839   0.0998511
60.7959   24.8839   85.6798 0.0854675   0.109903
55.8797   24.8921   80.7719 0.0884329   0.0999684
58.3109   26.3022   84.6131 0.0910207   0.10941
64.9304   28.0605   92.9909 0.0972691   0.11336
63.2684   23.4247   86.6931 0.0971865   0.0977191
69.031   23.3233   92.3543 0.104156   0.100416
67.984   24.8408   92.8248 0.105005   0.109964
72.105   23.7414   95.8464 0.108358   0.103479
69.2914   22.7502   92.0416 0.106433   0.101745
71.4955   24.4559   95.9514 0.108108   0.105717
59.4377   25.0611   84.4988 0.0860169   0.101162
59.5359   28.2365   87.7725 0.0887838   0.117722
61.8278   25.8825   87.7103 0.0943408   0.114829
65.6342   27.6826   93.3168 0.100481   0.124584
65.4893   23.8331   89.3223 0.101362   0.116259
64.2861   25.7573   90.0434 0.100264   0.1233
64.7836   21.609   86.3926 0.100222   0.10899
63.0811   21.7429   84.824 0.101487   0.116459
66.4995   24.3562   90.8558 0.1044   0.117587
65.647   20.9177   86.5647 0.105187   0.12054
48.1412   20.635   68.7762 0.0850601   0.101918
53.4263   19.2858   72.712 0.0891924   0.107656
53.9577   24.0577   78.0154 0.0926207   0.116389
57.0563   17.0786   74.1349 0.0977494   0.0906347
58.455   19.7703   78.2253 0.0980569   0.0995317
58.7278   20.8906   79.6184 0.0997773   0.107196
60.4911   18.7849   79.276 0.100192   0.106204
64.51   18.8259   83.3359 0.101311   0.112984
60.2702   15.1599   75.43 0.103344   0.101926
45.9691   16.5232   62.4922 0.078604   0.0979282
54.7105   19.4697   74.1802 0.085162   0.106226
56.4394   17.1332   73.5726 0.0899768   0.10537
53.7615   18.2206   71.9822 0.0870867   0.101226
56.142   16.1834   72.3254 0.0920576   0.101874
55.4049   18.5337   73.9386 0.0927538   0.110123
55.5812   18.1195   73.7007 0.0924453   0.105673
54.6991   16.6155   71.3146 0.0926632   0.100781
55.2841   15.2952   70.5793 0.0957854   0.100034
60.9436   16.6385   77.5821 0.0973327   0.11201
48.2819   14.6665   62.9484 0.0810609   0.0899442
52.9525   15.7434   68.6959 0.0848382   0.0919253
51.6721   15.8134   67.4854 0.0852722   0.0939035
50.7172   15.2192   65.9364 0.0868446   0.0912785
55.0423   16.4841   71.5264 0.0894997   0.0875382
50.9085   18.5801   69.4886 0.0864248   0.101948
54.571   20.4315   75.0026 0.0889697   0.117355
51.5518   21.2528   72.8046 0.0907335   0.116859
57.1989   16.0006   73.1995 0.0896746   0.0989526
56.1178   14.3483   70.466 0.0913294   0.0927325
55.4688   15.6028   71.0716 0.0920785   0.111626
47.7107   12.6896   60.4003 0.0817564   0.0986968
44.9453   13.1884   58.1336 0.0841589   0.0949162
46.5381   13.7217   60.2598 0.0819669   0.104746
48.1348   12.2882   60.423 0.0881697   0.0949877
46.6852   11.2797   57.9649 0.0857343   0.0914816
48.4921   12.0872   60.5793 0.0888242   0.0965685
47.0121   14.4982   61.5102 0.0862924   0.109835
47.314   12.3452   59.6591 0.0865605   0.111863
45.2689   11.0618   56.3307 0.0871673   0.0987662
51.2069   13.3715   64.5784 0.0886035   0.109393
39.5317   13.1331   52.6648 0.0764144   0.1001
43.358   13.7305   57.0885 0.0791325   0.103757
45.2196   13.3619   58.5815 0.0820311   0.102341
44.6647   13.1166   57.7813 0.0827021   0.103552
47.9521   12.0637   60.0158 0.0900059   0.103285
52.1865   11.2175   63.404 0.0865975   0.114737
51.6163   10.0927   61.7089 0.0926517   0.110909
53.3313   9.56752   62.8989 0.0927878   0.115457
50.1769   11.4438   61.6206 0.0916863   0.122831
50.4238   12.0141   62.4379 0.0922065   0.127229
44.025   8.99765   53.0227 0.0773318   0.110401
44.4798   11.0367   55.5166 0.0761163   0.11343
43.6394   10.072   53.7114 0.0803574   0.12263
48.2626   10.1501   58.4127 0.0847804   0.111908
52.7797   8.86363   61.6433 0.0908011   0.108137
49.9823   9.41052   59.3928 0.0881664   0.110123
52.8857   10.0041   62.8899 0.0929599   0.113919
55.0965   7.5218   62.6183 0.0989758   0.0978976
54.6052   10.2506   64.8558 0.0990541   0.116572
39.6065   8.31497   47.9214 0.0773888   0.104123
46.0326   8.66414   54.6968 0.0854513   0.10912
44.7741   10.1626   54.9366 0.0886908   0.122146
47.0866   9.62176   56.7084 0.0937288   0.12654
49.2925   8.93557   58.2281 0.0961305   0.113588
50.9647   8.29648   59.2611 0.0991806   0.114097
49.7702   8.34509   58.1153 0.101056   0.10866
51.6252   8.89115   60.5164 0.10271   0.108827
42.8113   8.81651   51.6278 0.0859129   0.108753
50.1138   10.3249   60.4387 0.0988925   0.119019
50.207   9.39708   59.6041 0.101158   0.111728
54.6291   7.36163   61.9907 0.108048   0.113489
54.1138   6.11738   60.2312 0.110466   0.10034
55.3971   6.67794   62.0751 0.110507   0.102896
53.7868   7.10912   60.8959 0.108961   0.121732
56.1135   7.394   63.5075 0.11105   0.121412
37.7032   8.02523   45.7284 0.0817266   0.104179
40.3866   5.14762   45.5343 0.0892971   0.100131
46.9029   4.58123   51.4842 0.101365   0.088956
45.463   4.77749   50.2405 0.102147   0.102865
50.5032   3.58778   54.091 0.106539   0.101254
50.6314   4.31659   54.948 0.107331   0.109465
51.0928   5.2299   56.3227 0.111063   0.125417
52.0955   4.76778   56.8633 0.108865   0.140919
40.0173   4.71616   44.7335 0.0856779   0.100415
43.6331   4.66697   48.3001 0.091482   0.112683
49.5411   5.09155   54.6326 0.102322   0.112066
47.3048   5.03559   52.3404 0.107186   0.0963237
52.1934   4.96464   57.1581 0.113843   0.115906
51.1445   6.1774   57.3219 0.115327   0.124333
52.7913   4.83654   57.6278 0.115382   0.133976
52.8514   5.57048   58.4219 0.117781   0.122796
36.5637   4.97536   41.5391 0.0847363   0.101538
40.472   5.55362   46.0257 0.0899712   0.120731
42.8169   4.54661   47.3636 0.101515   0.109119
43.3783   5.38581   48.7642 0.100483   0.130724
50.7049   4.32614   55.031 0.111701   0.106555
52.4905   4.85636   57.3468 0.112399   0.132567
54.4358   5.03586   59.4717 0.118812   0.112996
54.3076   4.72978   59.0374 0.119183   0.113515
36.485   6.52081   43.0058 0.0850599   0.10269
46.6865   4.63072   51.3172 0.0993095   0.0913958
48.6799   4.70334   53.3832 0.102932   0.100499
53.4822   4.68656   58.1687 0.110721   0.115007
56.1936   4.68571   60.8793 0.114945   0.106192
54.1503   4.92778   59.0781 0.113024   0.102325
54.5673   5.02685   59.5942 0.118393   0.0941358
55.5904   3.82608   59.4165 0.111785   0.0936235
41.6466   5.37845   47.025 0.0922473   0.0848335
46.3024   4.86429   51.1667 0.101023   0.0827127
47.6272   5.48848   53.1157 0.107325   0.099309
49.7275   7.19956   56.9271 0.116653   0.111993
44.6273   5.54876   50.1761 0.111216   0.0992623
53.5187   6.73082   60.2495 0.120693   0.1106
50.5219   5.64076   56.1627 0.11909   0.103374
50.3559   7.67724   58.0332 0.0999976   0.0916295
50.7579   6.32166   57.0795 0.100675   0.078444
56.5862   6.33693   62.9231 0.110852   0.0946281
58.6589   9.29382   67.9528 0.116487   0.113431
60.7414   9.71449   70.4558 0.121102   0.111113
56.7955   10.6549   67.4503 0.117809   0.104494
54.2645   8.10454   62.369 0.113583   0.0956287
50.043   8.64109   58.6841 0.113092   0.103486
50.6028   8.8246   59.4274 0.111076   0.122564
51.3364   7.42815   58.7646 0.109991   0.0926973
51.4341   8.0876   59.5217 0.113764   0.104581
51.8724   9.91276   61.7852 0.0992901   0.0874913
57.2149   9.12513   66.34 0.109307   0.085951
51.3244   11.9122   63.2366 0.114538   0.0956038
54.2982   12.5963   66.8944 0.116653   0.107416
56.2278   13.5144   69.7422 0.113157   0.105829
50.0652   13.0959   63.1611 0.11692   0.112218
52.1362   12.685   64.8211 0.115747   0.110049
52.5427   11.1225   63.6651 0.118553   0.105194
54.972   11.1669   66.1388 0.121271   0.109194
59.9265   12.6236   72.5501 0.129909   0.123046
44.963   16.7995   61.7625 0.0839541   0.102791
49.8649   14.8499   64.7148 0.09203   0.0985065
52.9952   15.7811   68.7762 0.092428   0.102165
55.7302   14.0098   69.7399 0.0994649   0.103165
59.7911   14.5825   74.3736 0.10274   0.0954349
59.9265   16.5544   76.4809 0.101945   0.0978778
60.8351   12.8802   73.7153 0.10879   0.0909833
62.2874   14.5199   76.8073 0.113565   0.0988454
59.3879   16.68   76.068 0.110277   0.0968456
57.0899   16.4285   73.5184 0.110361   0.0986696
62.0698   14.0798   76.1496 0.108444   0.0909939
46.2245   17.3727   63.5972 0.0835062   0.0970544
48.0952   17.7257   65.8209 0.0877193   0.0996625
51.4239   19.8551   71.279 0.090855   0.111261
50.0881   17.6261   67.7142 0.0965089   0.103412
53.4742   16.1728   69.6471 0.0949738   0.0919782
50.4162   16.3534   66.7696 0.0915161   0.0901844
50.9408   16.6387   67.5795 0.0955439   0.0954782
57.7098   17.2072   74.917 0.10254   0.0994637
56.7472   14.3175   71.0647 0.103885   0.092745
55.911   15.7113   71.6223 0.104305   0.0951241
55.7117   13.5654   69.277 0.10429   0.0938564
47.7238   10.9867   58.7105 0.0843275   0.0666535
52.4863   13.3949   65.8812 0.0926297   0.0866286
57.4514   15.7207   73.1721 0.0955004   0.0874585
56.2109   12.0576   68.2685 0.0979177   0.0816081
60.3238   11.2178   71.5416 0.100939   0.0720823
63.1141   11.1213   74.2354 0.103195   0.0724831
62.9067   10.7202   73.6269 0.103593   0.0754283
60.3935   9.46144   69.8549 0.102704   0.0702582
57.4893   10.8797   68.369 0.0977847   0.0716555
57.6339   10.3199   67.9538 0.0985588   0.0721338
62.6003   12.4304   75.0307 0.104741   0.0802825
56.5134   9.55634   66.0698 0.100148   0.0719604
50.7025   9.78476   60.4873 0.0826514   0.069692
52.1881   11.914   64.1021 0.0856712   0.0741537
52.3307   10.556   62.8867 0.0876366   0.071793
51.7694   9.47121   61.2406 0.0874694   0.0662322
49.2821   8.89756   58.1797 0.0850181   0.0654072
51.3237   10.1493   61.473 0.0878129   0.0666691
54.3764   10.871   65.2473 0.0918597   0.0740782
56.6386   11.4831   68.1216 0.0984804   0.0803013
60.027   10.5743   70.6013 0.0954881   0.0699511
65.5803   12.0657   77.646 0.104151   0.084573
65.4494   10.6394   76.0887 0.105048   0.0803631
65.4407   10.7117   76.1523 0.108954   0.0820819
52.5098   11.9869   64.4967 0.0885068   0.0823436
56.6897   15.0118   71.7015 0.0951668   0.092487
59.3536   11.9918   71.3454 0.0971047   0.0773163
65.148   13.0713   78.2193 0.10062   0.0850627
58.2848   12.1347   70.4195 0.100839   0.0864294
61.6523   13.8808   75.533 0.0960166   0.0927859
59.1092   14.9263   74.0355 0.0992085   0.086337
57.349   17.2525   74.6014 0.0894913   0.0952297
65.3932   14.5196   79.9128 0.0947842   0.0870308
65.9528   17.1611   83.1139 0.0979012   0.0910403
66.3491   16.5759   82.9251 0.0973315   0.101835
60.0651   15.5208   75.5859 0.0937735   0.0874249
64.4995   14.1833   78.6828 0.102142   0.0913319
60.2884   14.82   75.1084 0.087459   0.0834148
63.0378   17.7058   80.7435 0.087777   0.093551
60.9881   16.1911   77.1792 0.0864487   0.0946464
70.6566   19.5267   90.1833 0.0920967   0.103755
73.6684   18.0491   91.7174 0.0957204   0.100311
69.3064   17.2978   86.6042 0.0963884   0.0990709
64.1405   15.6344   79.7749 0.0851638   0.0860382
63.6782   16.9877   80.6659 0.0835197   0.0857531
70.1481   17.1394   87.2875 0.0911062   0.0861625
68.4217   17.9239   86.3456 0.0951623   0.0921803
70.4087   21.6965   92.1052 0.0962197   0.0976221
70.0233   20.2727   90.296 0.0980375   0.103103
59.5058   17.2512   76.757 0.0811862   0.0837809
60.1762   16.2536   76.4299 0.0856753   0.0821409
59.0063   19.0926   78.0989 0.0837988   0.0906703
64.2932   20.1076   84.4008 0.0894769   0.0910222
68.4571   17.2115   85.6686 0.0960937   0.082987
71.2813   17.1124   88.3937 0.0993657   0.0824873
73.4116   19.0264   92.438 0.101659   0.094895
71.2198   18.1541   89.3739 0.0971179   0.0898506
68.1399   17.2155   85.3554 0.0928126   0.0853663
67.586   16.9707   84.5567 0.0908088   0.0839025
68.4642   19.328   87.7922 0.0928916   0.092449
69.6895   19.7335   89.423 0.0961898   0.100408
66.5771   18.5683   85.1454 0.0913893   0.0861638
64.8502   21.914   86.7642 0.089572   0.098623
64.7748   18.1834   82.9582 0.0886072   0.0880835
70.2989   20.2067   90.5055 0.095558   0.0952396
53.5914   18.152   71.7435 0.0788109   0.0775728
51.4622   22.2153   73.6775 0.0819679   0.0907365
54.9914   17.2526   72.244 0.0844908   0.0815451
58.0035   17.9056   75.9091 0.0870575   0.0851295
50.8291   15.0967   65.9257 0.0765652   0.0801593
46.186   15.1347   61.3206 0.0718066   0.0748623
54.1967   16.3894   70.5861 0.0788889   0.0805156
54.6895   17.8546   72.544 0.0795257   0.0788507
46.9293   17.3648   64.2941 0.0703482   0.0832977
50.4282   15.6108   66.039 0.0763229   0.0761091
49.7712   16.871   66.6422 0.0792325   0.0846371
50.7972   18.1444   68.9417 0.0812755   0.0895285
52.3513   15.4079   67.7592 0.0808128   0.0855766
50.7034   16.6293   67.3327 0.0804337   0.0841991
56.8494   17.6362   74.4856 0.0820338   0.0856958
57.3122   22.536   79.8482 0.0840509   0.0926931
62.4991   17.4032   79.9023 0.0899786   0.0897072
53.2556   22.4424   75.698 0.0836438   0.0949025
58.0751   19.9029   77.978 0.0883272   0.0860357
48.3988   19.4802   67.879 0.0759595   0.0926158
50.6238   18.8359   69.4597 0.0814019   0.0867614
55.0089   21.1788   76.1877 0.0848728   0.0914457
57.4071   20.2983   77.7054 0.0882733   0.0983761
59.3476   19.6698   79.0174 0.0875908   0.0899077
47.6835   18.1377   65.8212 0.075638   0.0836803
51.2425   19.9127   71.1552 0.0796001   0.0884026
57.1471   19.8294   76.9765 0.0854855   0.0905748
60.0253   19.7904   79.8157 0.0930337   0.0856726
49.1184   20.7476   69.8661 0.0770888   0.0904035
48.3461   17.3485   65.6946 0.077457   0.0730719
53.1128   23.2218   76.3346 0.0865414   0.0909361
60.3192   22.1698   82.4891 0.0939552   0.0952858
59.8702   21.9428   81.8131 0.0937003   0.0940652
56.5015   22.098   78.5994 0.0927497   0.0904644
56.622   20.3993   77.0213 0.0937168   0.0918137
58.1853   19.3709   77.5562 0.0977356   0.0913723
57.2666   17.376   74.6425 0.0973149   0.0897674
57.672   18.5717   76.2437 0.0971272   0.0869869
44.5257   18.7685   63.2942 0.0813795   0.0847859
48.0464   21.1664   69.2128 0.0885036   0.0879643
51.8126   19.6127   71.4253 0.0937615   0.0907156
53.7069   19.0611   72.768 0.095649   0.084037
48.473   18.6799   67.153 0.0959048   0.08447
49.8119   19.8683   69.6802 0.0942897   0.0907231
58.0887   20.5916   78.6803 0.0993535   0.0916677
57.8752   15.5357   73.4109 0.102646   0.0868725
56.8612   16.0781   72.9393 0.101703   0.0819553
44.2344   19.8948   64.1292 0.0840426   0.0870415
48.3432   16.8318   65.175 0.0890709   0.0860962
51.6173   16.1881   67.8054 0.0900616   0.078992
48.8088   16.0923   64.9011 0.0841308   0.0823297
53.2091   16.7479   69.9569 0.093612   0.0876698
54.3937   17.7438   72.1375 0.094928   0.095025
43.7577   15.3365   59.0941 0.0788426   0.0864028
45.896   14.7573   60.6534 0.0868147   0.0792695
46.1238   15.2563   61.3801 0.0839959   0.0863498
43.2404   12.0649   55.3054 0.083742   0.0735931
47.353   11.5675   58.9204 0.0900714   0.0815655
37.5041   14.3665   51.8706 0.0772718   0.0822879
39.7871   14.1883   53.9754 0.079606   0.08016
39.912   15.8624   55.7743 0.0775141   0.0840167
43.0369   14.3526   57.3895 0.0817675   0.0820147
47.7706   13.5503   61.3209 0.0870733   0.0866524
46.6356   15.1668   61.8024 0.0852375   0.0918503
52.2472   16.5271   68.7744 0.0921468   0.101269
47.8981   16.6221   64.5203 0.0831462   0.0907251
42.0993   14.8062   56.9056 0.0804382   0.0866177
44.7711   15.8273   60.5983 0.085878   0.0913112
37.5151   16.857   54.3721 0.074038   0.0879955
41.26   16.1306   57.3906 0.0771832   0.0874626
40.2875   15.0643   55.3518 0.0791263   0.089792
44.76   18.0183   62.7783 0.0833325   0.0967101
47.7612   19.6131   67.3742 0.0890125   0.0960484
48.1275   15.6762   63.8037 0.0899412   0.0849198
37.8827   16.6075   54.4903 0.0749305   0.0807311
38.0287   16.2676   54.2963 0.0753819   0.0915555
41.9061   16.0939   58.0001 0.0814107   0.0846491
39.6076   14.8495   54.4571 0.0822075   0.079922
45.5646   14.4864   60.0511 0.086444   0.0894407
41.1422   14.5872   55.7293 0.0782595   0.0878745
39.3534   15.6486   55.002 0.0776456   0.0855893
42.8597   11.3444   54.2041 0.0837759   0.0776481
40.0918   12.1261   52.2178 0.0853079   0.073599
31.1911   13.1676   44.3587 0.0735232   0.0836193
30.9574   14.5143   45.4716 0.0779455   0.0893552
36.1458   14.141   50.2868 0.0846506   0.0878323
36.5053   13.5116   50.0169 0.086752   0.0856249
31.3681   12.4314   43.7995 0.0776438   0.0894348
35.7882   12.0444   47.8326 0.0851898   0.0817307
35.0483   8.85844   43.9067 0.0828826   0.079282
36.2554   11.3648   47.6202 0.0858658   0.0871086
31.6205   15.5988   47.2193 0.0764333   0.103212
35.3726   17.0489   52.4214 0.0838511   0.0856726
32.8901   15.0292   47.9193 0.0849872   0.0930025
32.8762   14.4686   47.3448 0.0825752   0.0839642
31.1567   17.0251   48.1818 0.0839652   0.0938367
31.7521   15.5877   47.3397 0.0852519   0.0920712
31.7132   13.9125   45.6258 0.0881814   0.0941771
38.3709   13.1997   51.5707 0.095872   0.0867088
36.1295   13.4248   49.5543 0.0922554   0.0878872
34.6536   16.2031   50.8568 0.0898539   0.0976092
32.6791   13.8583   46.5374 0.0847829   0.0890252
35.7087   10.3338   46.0425 0.090831   0.0750824
37.5877   14.0585   51.6463 0.0955095   0.0918859
37.7883   13.9575   51.7458 0.0970175   0.0907802
27.4588   13.842   41.3007 0.0743468   0.0744859
30.8723   13.6178   44.49 0.0824222   0.0838016
34.5224   14.0421   48.5646 0.0910402   0.0898985
36.2329   16.6109   52.8438 0.0918321   0.0951008
39.1688   12.1136   51.2823 0.092883   0.086279
35.0842   12.2908   47.375 0.0866277   0.0827104
33.0242   13.8801   46.9044 0.0854222   0.0821795
31.2159   14.0564   45.2724 0.0790744   0.0861477
34.8752   12.5419   47.4171 0.0845459   0.0765218
34.1161   17.42   51.5361 0.0817831   0.0975701
32.5401   16.0424   48.5825 0.07303   0.0927308
34.4909   16.6814   51.1723 0.0771609   0.0987067
37.2379   13.2669   50.5048 0.0848346   0.0913302
35.3062   15.5295   50.8358 0.0809776   0.102553
32.3904   13.4835   45.8739 0.0792824   0.100351
30.0229   13.6119   43.6347 0.0777929   0.0916008
34.0225   15.7262   49.7487 0.0790531   0.0981357
35.9602   15.8645   51.8247 0.0819538   0.101186
34.7146   14.5576   49.2721 0.0834184   0.0915283
37.0937   15.9894   53.0831 0.0851127   0.0969588
31.9838   14.7555   46.7393 0.0738891   0.0849027
37.8294   15.9782   53.8075 0.077424   0.0942108
39.1488   13.6556   52.8044 0.0812919   0.0780691
42.6901   18.3382   61.0283 0.0834732   0.0951112
44.7173   20.0434   64.7607 0.0808291   0.088064
45.5427   16.474   62.0167 0.0887773   0.0864018
47.919   20.6581   68.5771 0.0880171   0.0921062
46.568   16.1404   62.7084 0.0888137   0.087151
39.2003   16.1448   55.3451 0.0772478   0.080016
41.4001   20.3559   61.7561 0.0838908   0.0951953
48.1276   17.3332   65.4608 0.0899102   0.0897427
42.554   14.5387   57.0927 0.081966   0.0764792
45.3561   17.202   62.5581 0.0861465   0.0851907
48.4068   16.7185   65.1253 0.0907951   0.0795578
55.0762   20.4144   75.4906 0.0960417   0.0890261
48.8584   17.3607   66.2191 0.0898006   0.0887141
50.2671   18.8819   69.149 0.0942616   0.0838857
42.5339   16.2509   58.7848 0.0794797   0.0842185
43.5317   16.6067   60.1384 0.0808592   0.078977
43.0915   19.4798   62.5713 0.0772111   0.0932343
40.9954   16.5998   57.5952 0.0750374   0.0824491
43.461   20.2267   63.6877 0.0810638   0.0905267
45.6478   16.3183   61.9662 0.0842988   0.0808839
48.8708   18.4822   67.353 0.0866311   0.0915528
42.6857   17.1182   59.8038 0.0813946   0.0805291
39.5341   18.9001   58.4343 0.0713847   0.0789899
44.1515   18.844   62.9954 0.07895   0.0850615
45.8425   19.2969   65.1393 0.0814072   0.0798629
43.2787   20.8357   64.1144 0.0822187   0.0802798
39.5197   19.6107   59.1305 0.0731847   0.0809108
54.5816   22.8384   77.4201 0.0984932   0.0960944
40.6214   21.2085   61.8299 0.0765358   0.0832522
37.2628   18.7724   56.0351 0.075926   0.080453
38.1638   17.1697   55.3335 0.0674271   0.0684235
40.9335   20.4058   61.3393 0.0742999   0.0832628
44.3955   21.3455   65.741 0.0808073   0.088644
51.2984   18.8481   70.1465 0.0857832   0.0785338
45.6717   21.8211   67.4928 0.0793187   0.0931729
46.1363   20.3487   66.4849 0.078027   0.0839863
53.086   24.7166   77.8026 0.0864124   0.0874409
44.7914   22.1844   66.9758 0.0784286   0.0931681
50.6998   21.7111   72.4109 0.0849243   0.0871932
44.6358   21.0535   65.6893 0.0749063   0.092205
45.2563   20.4656   65.7219 0.0788633   0.0767734
45.6109   22.4356   68.0465 0.0760744   0.0879828
46.3025   20.6568   66.9593 0.0795234   0.0896174
39.074   21.1983   60.2723 0.0686674   0.0852936
39.1193   17.9999   57.1192 0.0685211   0.0762119
41.6316   18.9591   60.5907 0.069309   0.0804486
38.66   18.6999   57.3599 0.0666409   0.0800851
39.9827   22.0247   62.0074 0.0694345   0.0910489
42.5932   23.2142   65.8074 0.0745505   0.0936434
46.5448   21.6884   68.2332 0.0763155   0.0993969
62.0407   23.4149   85.4555 0.101606   0.111765
75.4981   22.9817   98.4798 0.108944   0.109112
46.4845   21.9056   68.3901 0.0799023   0.093308
43.3212   18.4401   61.7613 0.0788756   0.0907065
43.6705   17.5006   61.1711 0.0759676   0.0848368
45.0226   14.6862   59.7087 0.0770369   0.0751485
42.9923   13.9486   56.9409 0.0746134   0.0695693
40.1486   16.4071   56.5557 0.0715194   0.0790703
36.8219   17.1942   54.0161 0.0700702   0.0835076
34.9196   14.5996   49.5192 0.0683507   0.071295
35.9335   12.9339   48.8674 0.0668738   0.0656914
38.7965   14.9342   53.7307 0.0718986   0.0731354
28.8325   15.5987   44.4312 0.0591072   0.0808223
32.9671   14.1443   47.1114 0.0660795   0.0709342
35.4301   14.5859   50.016 0.0681239   0.0720292
40.7234   14.6483   55.3717 0.072623   0.0798273
38.0965   14.0375   52.1339 0.0713539   0.0787817
39.5639   16.6897   56.2536 0.0753956   0.0823506
43.669   16.3249   59.9939 0.0810749   0.081017
38.5459   17.1357   55.6816 0.0739667   0.0818913
43.7037   17.3133   61.0171 0.080659   0.0857803
42.1097   19.7376   61.8473 0.0778559   0.0937209
49.8021   20.5992   70.4013 0.095182   0.106371
52.8754   15.8347   68.7102 0.0986405   0.096333
52.6611   16.0892   68.7502 0.098987   0.0941438
55.666   15.1439   70.8099 0.103468   0.0997767
38.067   15.8423   53.9093 0.0866143   0.105674
38.1019   16.7495   54.8514 0.0857378   0.0946834
36.6959   13.1896   49.8855 0.0885092   0.0845849
39.5223   14.2942   53.8166 0.0891705   0.0859947
33.7484   14.2354   47.9838 0.0838193   0.0854467
30.4252   10.6176   41.0428 0.0766378   0.0752132
30.7198   12.9993   43.7191 0.0747076   0.0932964
30.6972   11.4322   42.1293 0.0777143   0.0840601
30.1916   14.4955   44.6872 0.0788294   0.0917439
31.1547   12.882   44.0367 0.0797815   0.0795186
30.3539   11.6143   41.9682 0.0808718   0.0754173
29.2249   11.5522   40.7771 0.0799367   0.0792334
29.3962   10.4056   39.8018 0.0824578   0.0751308
28.6068   10.2382   38.845 0.083564   0.075652
29.2314   10.1377   39.3691 0.0825279   0.0732495
31.0875   11.042   42.1294 0.0864227   0.073543
31.649   11.6129   43.2619 0.0867437   0.0767611
39.8547   10.5285   50.3832 0.102388   0.0729878
29.2811   12.2782   41.5593 0.08372   0.0784551
32.7936   13.8365   46.6301 0.0873331   0.0885254
35.0991   12.6724   47.7715 0.0986484   0.0911687
32.9644   12.6845   45.6488 0.0947252   0.0821002
38.2703   14.1603   52.4306 0.0975785   0.0877345
34.3139   11.9522   46.266 0.0913818   0.0771937
33.6954   13.2908   46.9862 0.0936504   0.0834325
35.7779   10.3364   46.1143 0.0941299   0.0713299
33.1737   12.3585   45.5322 0.0904365   0.0792674
27.3653   10.2107   37.576 0.0835581   0.0765039
31.3315   10.5727   41.9042 0.0839536   0.0740214
30.0856   11.1823   41.2679 0.0820516   0.0799212
29.5693   9.81775   39.3871 0.0859887   0.0734724
29.4454   13.609   43.0544 0.0824801   0.0884001
30.4989   12.2802   42.779 0.0817665   0.079569
31.2228   10.7188   41.9416 0.0837765   0.0781515
30.0457   9.9127   39.9584 0.0829992   0.0752101
31.5202   11.7322   43.2524 0.0843839   0.0875754
27.1063   10.5693   37.6756 0.0802752   0.0793095
27.2079   11.3004   38.5083 0.0794971   0.0843315
30.3845   10.5772   40.9617 0.0849519   0.0782211
32.1518   10.1944   42.3462 0.0877266   0.0756634
31.6797   11.9873   43.667 0.0883181   0.0835353
30.2375   11.2824   41.5199 0.0888468   0.0811684
31.8324   10.7299   42.5623 0.0878215   0.0793634
31.7298   10.7314   42.4611 0.0846127   0.0803246
31.4378   11.0506   42.4884 0.0894645   0.0811948
30.5791   11.2964   41.8754 0.0853178   0.0799988
27.7255   11.0415   38.7671 0.0803084   0.081818
29.4013   12.1667   41.568 0.0807508   0.0843345
29.9485   12.1089   42.0574 0.0809492   0.0845593
30.8618   11.3742   42.236 0.0849718   0.0832668
28.9942   12.1515   41.1457 0.0845311   0.0847782
29.0251   12.1413   41.1664 0.0807598   0.0874734
30.0864   13.005   43.0914 0.083253   0.0897375
28.0428   12.6156   40.6584 0.0815434   0.0858402
30.0244   11.9905   42.0149 0.0824167   0.08823
28.2476   11.908   40.1557 0.0813733   0.0866899
30.5941   12.5197   43.1138 0.0831285   0.0903083
