1367         1367
1271         571
1290         588
1273         567
1299         569
1306         575
1329         594
1361         581
1352         592
1366         576
1311         573
1294         565
1309         564
1292         577
1296         552
1239         555
1267         549
1288         581
1328         579
1367         598
1398         601
1363         608
1344         579
1376         595
1323         585
1334         595
1305         567
1273         560
1302         583
1325         583
1385         629
1378         582
1317         573
1339         583
1310         562
1337         551
1303         594
1292         589
1216         533
1264         573
1263         584
1271         584
1255         565
1253         569
1295         582
1301         598
1280         608
1285         588
1259         582
1263         572
1242         588
1237         564
1228         560
1301         597
1330         637
1313         614
1297         624
1322         616
1325         583
1334         610
1338         625
1317         588
1369         652
1349         617
1352         618
1337         630
1321         589
1346         621
1318         596
1346         617
1351         588
1360         626
1317         598
1375         596
1327         563
1344         587
1310         593
1290         572
1270         561
1277         537
1324         574
1334         576
1304         568
1273         561
1326         578
1308         587
1317         565
1365         599
1325         595
1327         569
1349         575
1353         605
1352         598
1394         629
1417         606
1369         624
1396         602
1372         600
1395         623
1408         619
1424         641
1398         637
1455         703
1435         690
1419         699
1421         685
1457         728
1433         695
1455         699
1488         693
1490         719
1445         705
1445         702
1476         734
1441         681
1494         706
1510         699
1444         677
1427         669
1448         701
1471         684
1513         712
1463         662
1432         669
1498         689
1474         710
1492         676
1509         695
1496         690
1484         677
1514         694
1513         711
1448         631
1486         640
1459         667
1425         651
1440         662
1427         647
1488         665
1422         651
1405         661
1404         691
1376         670
1329         655
1329         653
1326         646
1319         641
1339         646
1332         621
1298         636
1289         624
1265         565
1319         599
1300         582
1262         583
1297         596
1277         588
1308         603
1343         636
1299         583
1319         584
1363         642
1335         627
1334         617
1312         609
1298         597
1312         601
1292         590
1270         577
1307         626
1331         595
1305         624
1329         605
1346         584
1336         615
1339         589
1305         613
1302         568
1367         637
1350         614
1320         602
1318         583
1247         534
1291         567
1230         545
1260         544
1243         545
1279         544
1249         546
1278         519
1275         577
1253         517
1263         547
1213         551
1242         540
1241         532
1270         602
1248         557
1306         574
1255         547
1279         546
1223         569
1249         584
1187         543
1202         569
1250         581
1233         566
1200         568
1177         556
1175         551
1144         511
1159         538
1128         504
1103         502
1147         512
1104         513
1080         492
1060         502
1060         498
1080         506
1042         496
1041         505
1013         489
1024         501
1025         493
1065         505
1052         461
1029         452
1026         462
1006         445
1027         474
1045         471
1029         460
1028         478
1028         467
1001         476
1039         484
1001         441
1031         458
1014         443
1024         457
1041         448
1008         431
1032         449
978         421
1008         431
989         453
986         467
990         458
984         455
993         428
1053         470
1044         472
1073         483
1080         488
1056         479
1052         460
1070         497
1095         451
1090         458
1074         443
1059         426
1030         401
1051         443
1081         424
1136         503
1149         504
1246         510
1199         503
1151         501
1131         482
1076         477
1074         442
1094         455
1104         466
1059         452
1086         522
1045         523
1007         448
1054         465
1040         496
1045         428
1078         450
1065         443
1065         453
1084         461
1078         535
1077         541
1120         573
1091         560
1111         581
1079         587
1051         559
1022         548
1028         538
1018         517
1068         572
1062         553
1040         548
1051         566
1032         519
1060         563
1067         550
1045         533
1070         562
1037         546
1068         536
1042         534
1120         565
1088         566
1149         601
1108         574
1163         597
1212         611
1198         607
1158         588
1143         587
1123         584
1166         597
1102         564
1147         613
1186         609
1154         597
1160         591
1174         579
1165         584
1199         591
1153         575
1226         628
1210         629
1218         623
1225         600
1170         593
1203         595
1217         611
1244         647
1202         578
1255         642
1263         595
1256         640
1283         689
1248         673
1286         681
1258         640
1250         631
1239         689
1298         718
1294         705
1377         767
1393         769
1323         719
1336         753
1373         762
1337         769
1284         719
1261         731
1268         714
1362         732
1289         702
1274         704
1266         718
1267         712
1276         717
1317         722
1280         733
1283         734
1289         744
1298         737
1293         724
1266         728
1264         724
1319         731
1313         735
1294         680
1198         627
1256         650
1254         666
1270         663
1229         643
1265         687
1275         687
1279         667
1267         660
1228         628
1240         625
1283         647
1251         630
1302         693
1314         681
1335         694
1270         636
1265         657
1259         637
1241         621
1265         648
1237         650
1258         677
1215         630
1206         643
1221         668
1224         645
1232         637
1249         624
1249         613
1237         642
1251         638
1207         609
1209         604
1231         595
1178         588
1172         593
1130         547
1153         542
1152         552
1121         561
1107         505
1108         528
1146         584
1138         563
1118         559
1134         526
1149         542
1167         573
1142         580
1138         568
1184         573
1155         555
1109         528
1141         549
1106         516
1137         525
1110         485
1139         499
1133         514
1185         526
1189         548
1175         547
1164         567
1196         576
1101         523
1138         521
1129         506
1119         534
1136         509
1113         537
1120         536
1122         535
1109         505
1122         504
1092         514
1035         481
1129         527
1078         525
1058         506
1046         511
1006         469
934         424
898         397
892         427
884         420
896         404
907         420
902         422
875         422
886         413
906         421
834         387
856         398
806         371
807         372
825         359
844         400
815         391
845         385
822         385
835         393
813         393
818         389
799         369
816         374
816         379
840         394
865         421
833         405
841         386
848         394
871         412
901         417
940         445
938         447
886         438
936         436
920         408
894         385
930         430
936         438
913         416
981         435
1008         432
1051         488
1063         481
1075         511
1172         553
1114         513
1151         544
1178         524
1177         507
1127         493
1144         535
1138         519
1134         526
1138         533
1224         573
1147         544
1143         533
1144         535
1120         538
1197         558
1167         546
1183         536
1192         541
1199         564
1187         524
1212         553
1229         559
1161         563
1161         526
1189         540
1143         554
1153         530
1126         490
1233         566
1210         550
1204         549
1238         598
1265         575
1250         591
1279         614
1246         571
1259         597
1259         595
1263         573
1315         599
1270         582
1252         569
1292         570
1268         600
1262         580
1250         575
1226         571
1327         609
1280         610
1392         693
1309         581
1242         549
1233         574
1245         584
1204         576
1219         561
1171         525
1148         510
1174         537
1147         539
1140         487
1114         498
1170         520
1199         560
1219         533
1178         524
1169         538
1176         521
1167         541
1161         540
1125         523
1154         536
1147         532
1089         538
1044         439
1012         444
969         414
971         443
965         402
955         397
960         411
933         395
928         383
891         390
876         375
879         365
874         356
886         342
868         354
867         359
880         364
857         389
823         349
907         375
856         355
864         348
898         392
905         375
861         359
889         380
837         366
831         327
902         373
896         366
870         343
891         357
886         373
876         372
865         362
889         373
876         337
859         342
857         357
863         366
871         358
850         340
866         362
862         375
848         351
846         358
852         345
846         364
867         369
872         363
816         343
847         359
827         361
853         343
871         364
821         347
846         368
