3803       3803
3569       189
3548       187
3592       199
3599       190
3637       186
3627       191
3608       182
3596       203
3589       189
3569       192
3546       184
3617       175
3709       165
3757       155
3737       137
3756       146
3636       144
3653       141
3716       142
3732       139
3718       142
3731       154
3715       140
3725       142
3701       151
3746       142
3756       153
3817       174
3841       165
3896       156
3928       157
3823       158
3838       136
3834       133
3778       132
3766       191
3784       199
3804       212
3781       202
3715       184
3704       203
3634       201
3557       182
3588       170
3566       166
3531       151
3473       156
3479       155
3512       140
3469       152
3422       162
3377       160
3347       209
3463       219
3414       209
3390       204
3368       198
3408       206
3365       201
3338       196
3305       206
3301       186
3307       189
3319       194
3344       184
3327       194
3310       193
3356       185
3380       207
3354       249
3355       247
3346       241
3341       245
3286       251
3250       226
3259       215
3256       217
3293       212
3235       220
3300       216
3307       221
3268       223
3273       224
3273       239
3292       249
3189       223
3224       276
3215       259
3250       250
3231       280
3213       279
3218       269
3194       267
3190       251
3186       278
3205       261
3163       261
3176       250
3167       254
3146       252
3101       243
3097       262
3040       233
3056       245
3053       251
3006       256
2983       234
2983       252
3015       246
3007       234
2936       242
2938       242
2927       242
2883       251
2947       262
2924       258
2956       271
2958       274
2932       272
2863       263
2833       237
2813       254
2796       247
2778       222
2769       229
2739       229
2770       228
2882       233
2866       232
2849       243
2937       226
2898       249
2895       240
2837       247
2798       239
2772       232
2710       225
2688       229
2690       223
2651       231
2597       247
2545       239
2592       225
2510       222
2473       205
2424       208
2384       198
2312       186
2299       207
2301       173
2269       202
2204       179
2217       206
2133       188
2131       198
2093       194
2038       176
2001       166
1907       148
1872       168
1864       183
1822       162
1828       180
1771       158
1735       168
1703       171
1664       164
1643       152
1663       148
1674       163
1649       171
1637       168
1606       166
1627       188
1595       182
1578       174
1599       181
1585       161
1583       154
1556       139
1545       128
1526       138
1535       131
1497       129
1528       123
1518       125
1476       132
1466       110
1494       112
1469       122
1484       131
1472       132
1428       130
1366       126
1363       116
1290       97
1271       91
1196       82
1226       93
1219       94
1220       81
1210       97
1213       82
1200       90
1182       81
1178       85
1160       87
1136       76
1149       87
1160       79
1115       79
1103       83
1092       76
1104       78
1087       72
1094       76
1106       81
1120       81
1109       86
1102       84
1046       64
1042       60
1015       64
1002       58
946       60
954       77
913       51
897       51
890       46
812       35
833       39
842       41
803       33
781       46
793       41
801       45
800       52
810       42
814       49
821       36
858       45
873       49
880       46
896       41
904       41
932       40
948       36
954       44
974       41
1010       63
992       50
1038       46
1038       40
1029       44
1014       48
1079       53
1120       40
1100       63
1085       58
1106       55
1145       64
1156       55
1191       60
1149       54
1139       83
1231       80
1210       66
1277       81
1280       87
1335       101
1320       84
1324       83
1316       72
1285       80
1331       77
1352       113
1319       106
1357       124
1347       117
1326       127
1311       116
1331       115
1354       105
1381       102
1411       102
1463       163
1413       150
1436       154
1460       135
1461       152
1519       169
1522       141
1584       146
1650       172
1664       166
1604       154
1605       179
1604       177
1625       178
1597       170
1567       175
1567       181
1555       174
1514       173
1542       154
1524       165
1502       144
1458       164
1500       154
1446       179
1440       147
1465       155
1419       153
1383       142
1333       134
1311       151
1310       143
1286       154
1280       132
1297       140
1326       160
1346       147
1339       143
1332       136
1390       152
1340       146
1344       143
1377       151
1371       142
1359       132
1392       130
1438       145
1425       162
1418       155
1449       153
1416       140
1469       149
1430       172
1485       181
1453       166
1490       188
1493       162
1524       177
1510       155
1509       177
1515       189
1503       171
1526       188
1593       179
1480       174
1520       181
1519       198
1566       198
1540       194
1593       222
1585       196
1603       205
1587       197
1590       210
1590       220
1587       207
1566       207
1585       200
1628       202
1634       201
1618       202
1642       209
1627       196
1576       215
1635       222
1565       206
1587       212
1572       234
1559       244
1491       211
1539       210
1506       188
1461       202
1512       203
1465       226
1435       208
1434       205
1441       199
1467       202
1475       180
1502       197
1530       205
1557       243
1536       194
1606       236
1600       231
1627       210
1616       217
1596       231
1602       206
1591       218
1521       216
1555       225
1543       218
1572       231
1591       229
1559       237
1592       255
1582       232
1545       233
1576       244
1591       222
1598       212
1578       193
1584       213
1591       221
1590       240
1597       216
1582       226
1553       221
1553       219
1562       224
1513       178
1506       196
1581       228
1538       195
1540       204
1501       195
1524       191
1532       186
1516       177
1515       186
1456       176
1476       163
1447       141
1476       174
1466       177
1427       188
1424       175
1458       156
1474       165
1547       163
1600       183
1644       170
1601       173
1624       191
1515       184
1540       167
1560       186
1642       204
1595       184
1543       205
1539       177
1535       190
1532       185
1496       161
1520       166
1467       182
1405       146
1363       164
1276       157
1251       162
1295       161
1289       157
1325       139
1324       147
1299       111
1332       130
1298       151
1368       199
1328       161
1308       172
1317       181
1282       169
1226       147
1184       152
1196       152
1223       166
1224       155
1236       137
1280       153
1272       153
1278       185
1301       162
1292       156
1364       174
1254       140
1316       148
1347       168
1371       163
1342       163
1352       178
1282       173
1289       169
1290       145
1292       151
1305       134
1333       148
1334       160
1374       156
1361       159
1360       164
1328       173
1386       169
1390       174
1497       192
1588       227
1579       190
1599       224
1563       185
1538       201
1557       213
1531       193
1570       190
1595       201
1576       210
1609       229
1603       195
1616       225
1548       192
1506       210
1455       208
1486       201
1529       223
1543       201
1534       201
1532       212
1558       239
1530       221
1560       241
1604       259
1575       242
1570       237
1582       254
1578       233
1641       250
1565       245
1577       240
1619       240
1591       234
1572       242
1612       282
1563       238
1594       249
1538       228
1574       266
1578       255
1525       230
1581       248
1571       236
1511       235
1578       233
1576       241
1552       247
1546       218
1612       209
1544       210
1582       234
1476       203
1471       206
1464       195
1471       200
1455       207
1428       205
1496       204
1444       196
1460       204
1435       193
1413       199
1413       202
1351       183
1376       178
1397       202
1407       201
1466       209
1495       201
1502       210
1460       193
1460       164
1403       170
1398       151
1303       149
1297       176
1338       155
1359       166
1336       166
1348       141
1352       139
1362       136
1348       158
1320       162
1335       154
1301       145
1284       138
1260       135
1254       138
1252       150
1258       151
1258       144
1240       156
1240       156
1224       139
1211       154
1240       161
1250       154
1256       159
1236       144
1240       155
1235       133
1236       142
1232       139
1225       133
1220       153
1223       154
1213       137
1206       131
1205       133
1211       133
1201       134
1213       135
1216       134
1221       143
1211       139
1209       135
1210       133
1214       136
1207       141
1201       134
1213       144
1213       143
1220       136
1184       143
1202       138
1207       144
1213       146
1217       135
1207       137
1203       138
