0  3295405
109  1840
18  1729
13  3145
96  2785
112  5301
119  2230
111  3644
113  4786
109  2686
141  8119
96  4004
108  2561
115  2298
43  2695
29  2261
137  2022
45  2507
61  1729
90  2720
36  2540
95  2838
131  2967
48  2682
131  2207
152  3057
146  2952
136  5431
137  3304
125  2361
135  2463
102  2659
38  1971
51  1785
131  3219
142  225905
130  2556
132  2020
128  3292
44  2279
105  2446
51  1923
35  2338
91  2051
41  2158
103  2243
91  4912
91  1946
122  1864
69  1984
139  2313
132  1660
129  334302
98  1592
40  1782
122  1774
92  2681
45  4424
17  2538
114  1846
132  1909
129  2000
43  1758
92  2458
59  2324
101  3379
57  2649
108  5617
89  2505
94  216229
143  1983
143  2203
58  2554
32  3701
111  2289
116  1937
105  2113
74  1916
29  2578
26  2691
164  3925
123  2568
33  3496
33  4219
128  4267
148  9684
35  325762
126  1626
100  7704
122  3400
96  3386
32  8426
156  2087
127  2395
78  2231
28  2685
59  2335
17  2470
109  5224
107  1904
118  5341
81  216483
124  2912
17  2256
62  2216
62  2490
105  3076
101  3720
34  2197
135  2591
58  2957
108  2784
116  3860
60  2484
55  3772
120  2830
45  2245
127  187423
60  1666
96  1710
57  1833
39  2111
134  2519
133  1883
35  2217
24  2511
69  2634
122  2723
97  2495
34  197042
107  1957
57  1790
73  2505
92  2890
45  2904
34  2699
90  2289
90  2360
94  2521
87  3454
108  227297
98  3045
60  2959
82  2946
85  1604
28  4074
94  1901
38  2449
77  2407
77  2428
123  218875
110  2792
24  4306
77  2530
73  2885
113  3801
57  1856
53  2707
27  2854
95  518219
44  2609
42  2426
70  3064
66  2696
16  1800
102  5040
90  2908
64  2167
64  3675
48  328507
54  2354
55  2351
90  2082
79  2314
30  1751
68  2820
99  2284
99  2085
66  2303
36  2344
88  320796
16  1615
37  1706
62  1832
85  2022
87  3044
64  2584
64  2267
52  1791
65  2923
89  288369
62  2218
24  2409
32  2251
57  2057
91  3492
79  2111
58  2097
78  2440
56  2472
22  304256
27  2007
78  2210
63  4501
54  2722
86  2340
33  1921
28  1902
16  2233
72  303859
37  2572
67  2114
52  2223
48  3752
49  2749
18  2393
73  2630
71  644179
64  2886
8  1733
46  3388
69  2616
46  2706
44  2205
48  2862
47  232566
68  2180
33  1798
21  1825
38  3065
64  1838
52  2921
43  4095
41  170712
39  2474
38  2619
43  1828
24  2398
59  3027
38  21849
46  1788
23  206896
14  2035
61  1946
20  2404
68  2072
66  1892
65  2015
54  3207
44  195585
66  2046
39  1850
65  2021
61  2047
19  2215
47  2366
70  2572
71  186016
49  2804
33  4284
69  2440
18  2011
70  2509
51  2113
72  221933
36  2351
45  3660
82  2746
52  2243
26  2520
57  2564
23  2252
9  25606
14  2005
51  2411
20  199777
73  2055
72  2475
17  1814
57  2118
75  2255
68  3580
54  2312
54  1937
56  1960
52  208389
54  2872
24  4516
54  4933
20  2673
78  2636
79  2161
61  3060
45  2232
64  2703
51  3572
57  189648
21  3332
20  1723
31  2762
21  3018
44  1728
59  2126
58  2547
11  2651
17  2352
58  2087
55  231724
56  2492
16  2308
24  2072
30  2367
23  1706
86  2215
23  2933
81  1928
33  2620
82  2587
18  2549
56  197659
39  3484
14  1652
60  1812
15  1847
66  2392
88  2940
42  2614
17  2929
61  2515
28  2876
58  2309
18  215591
16  2092
37  3048
61  2139
33  1912
22  2378
63  2692
55  245154
20  2246
36  2304
18  2980
51  2664
31  2100
40  195294
43  1978
42  3631
83  3228
88  2530
98  2321
82  347092
24  2179
64  2605
85  2725
32  2740
30  2163
27  188192
71  3537
28  2091
25  2245
37  1711
18  2969
36  1617
98  4232
47  2302
26  2580
95  4429
72  2791
110  2164
23  2745
94  1804
95  2370
27  327924
23  2923
26  3348
29  3019
92  235622
92  1800
66  2441
26  3052
62  206392
63  2886
40  1733
21  2098
94  2525
47  415509
20  2043
14  2290
21  2255
15  2242
57  2371
18  517167
18  1753
70  2420
70  3049
18  2124
22  195601
27  2122
19  2225
31  2173
14  305824
94  2298
30  2728
26  2473
32  2608
54  2026
37  1580
37  2097
22  2188
94  3574
58  471411
69  2922
28  2381
19  2886
69  2421
24  1993
24  1824
63  2242
63  1756
28  544414
74  4314
15  3552
90  2371
40  1919
92  3609
36  541518
12  2756
15  1837
75  2239
52  3635
35  235731
37  2317
13  1708
64  1979
21  2588
19  567180
19  2362
17  1902
32  1865
45  2369
16  259411
64  1846
17  2768
29  2202
44  2716
92  2790
33  456716
23  2234
74  2358
27  2171
60  2335
75  434717
17  2895
16  1681
73  1915
80  331959
45  2930
75  2233
30  3235
16  228202
21  2368
53  1919
55  2547
51  652164
72  3179
39  1984
12  2153
39  1874
50  2245
46  3336
23  2855
33  2184
21  2504
9  3106
18  1864
70  2098
49  2125
13  342968
51  2654
40  2395
16  2018
25  2214
28  2760
27  3067
26  2054
53  1756
22  2689
27  496589
15  3597
16  3000
48  2915
21  2713
23  2413
57  569317
18  2587
28  1822
52  2559
22  212493
59  2378
14  2183
51  2275
88  711411
105  2818
17  1796
22  3744
81  314041
31  3670
16  1852
18  2850
90  2242
70  4624
32  3253
61  2879
98  3744
39  475633
69  1978
35  1882
75  3092
89  205996
102  3883
17  2190
29  1929
18  572807
69  3388
93  2395
27  2053
31  240764
27  2615
16  2140
69  1763
27  238529
73  2133
31  4252
15  1819
18  523488
26  2891
36  6692
18  6295
32  2958
15  309587
32  2545
26  2188
26  2842
16  2396
77  2497
29  2882
17  1844
23  2106
75  2224
100  407701
100  3934
37  2353
31  643546
82  3014
40  288075
26  3178
26  2618
98  2928
79  2487
33  2076
30  2145
30  2869
16  612993
23  3250
66  3518
31  4486
19  2314
27  3528
28  4302
27  238167
27  2876
21  2035
92  2553
81  3254
77  4470
33  1923
29  765898
35  2472
30  3850
83  2734
28  3149
83  590224
76  3710
57  2488
19  2568
19  2160
10  3495
14  1974
13  2724
12  19861
13  2293
12  2708
15  2442
15  1768
12  525622
18  2475
20  2500
12  3051
19  2095
16  2960
19  2739
19  2463
24  3006
26  2908
73  2807
69  2768
24  2820
16  2219
35  2552
32  2801
31  2470
19  2574
55  2658
73  1881
14  2446
24  2125
66  3655
53  2810
9  2295
53  2334
19  3029
35  2961
51  3430
36  3124
53  2810
51  2370
11  2019
17  2585
16  2860
30  2819
63  2965
51  2511
37  3408
50  2324
