60.83   232.505   293.335 0.10434   0.0538332
63.1439   251.187   314.331 0.111365   0.059096
63.7923   248.304   312.096 0.11133   0.058583
61.3522   251.161   312.514 0.107134   0.0582156
65.7936   249.92   315.713 0.109565   0.0572423
63.5834   251.697   315.281 0.110292   0.0582498
67.5445   244.92   312.465 0.113775   0.0567471
63.0361   255.913   318.949 0.108496   0.0603141
62.546   268.83   331.376 0.108305   0.0640529
65.1952   275.538   340.733 0.116559   0.0672865
65.5082   318.248   383.756 0.118836   0.0771556
70.1975   324.467   394.664 0.122083   0.0792348
70.1121   337.795   407.907 0.125649   0.0834423
70.4288   329.583   400.012 0.125803   0.0848238
67.1368   301.999   369.136 0.123869   0.0788303
71.8175   296.419   368.237 0.124282   0.0776025
70.229   302.845   373.074 0.119804   0.0782262
72.4097   293.23   365.64 0.122417   0.0760451
73.4989   294.146   367.645 0.122172   0.0760303
75.1835   296.294   371.477 0.124322   0.0769444
73.299   302.799   376.098 0.126596   0.0775545
74.2166   297.533   371.749 0.124264   0.0765161
72.6031   299.287   371.89 0.125232   0.076266
73.5668   297.449   371.016 0.124479   0.0765142
71.2467   314.991   386.238 0.125545   0.0799217
70.2797   329.524   399.804 0.124499   0.081849
72.6427   345.978   418.621 0.125506   0.0843973
73.0093   339.747   412.756 0.124165   0.0824028
78.0426   340.493   418.535 0.125841   0.0846891
76.3484   325.698   402.047 0.127078   0.0820358
71.18   319.821   391.001 0.126971   0.0830402
73.7074   317.179   390.886 0.124632   0.083759
69.8432   321.511   391.355 0.125488   0.0870799
60.4105   323.845   384.255 0.10035   0.0694946
65.9328   356.413   422.346 0.108944   0.0778127
59.8172   319.245   379.062 0.106484   0.0693784
60.3533   320.397   380.75 0.110984   0.0691913
67.258   340.566   407.824 0.116464   0.0749651
69.4745   332.696   402.171 0.119784   0.0748431
68.5975   329.792   398.39 0.122803   0.07713
66.9139   348.056   414.97 0.120187   0.0818089
67.9971   335.123   403.12 0.114899   0.0798444
70.8512   343.316   414.167 0.11963   0.0810807
70.9375   324.437   395.375 0.120335   0.0777654
74.4166   340.484   414.9 0.124526   0.0799596
71.1591   327.372   398.531 0.123219   0.0788468
67.7776   345.026   412.803 0.120067   0.0836122
66.6956   359.422   426.118 0.122287   0.0886368
73.9528   376.077   450.029 0.126329   0.092393
67.5201   385.397   452.917 0.123437   0.0954095
54.7421   335.666   390.408 0.0969316   0.0715096
60.3538   343.286   403.639 0.0992661   0.0730706
60.1762   341.837   402.014 0.100967   0.0724201
61.5396   340.737   402.277 0.101752   0.0737335
61.5731   350.121   411.694 0.102409   0.0752665
62.6046   355.87   418.474 0.101796   0.0763628
66.4865   345.808   412.295 0.105075   0.0759059
67.5819   356.961   424.543 0.105638   0.0784831
64.6886   345.323   410.011 0.107308   0.0756154
65.3167   356.138   421.455 0.108545   0.0815708
67.2237   353.961   421.185 0.111359   0.0812396
71.8713   368.66   440.531 0.11258   0.0835433
72.0821   369.205   441.288 0.113372   0.0831357
70.0241   371.073   441.097 0.113696   0.0828946
67.2272   380.439   447.666 0.111303   0.0871034
68.5451   382.133   450.679 0.117011   0.0901939
66.3885   375.138   441.526 0.111278   0.0877515
58.1028   351.153   409.256 0.0942845   0.0727892
60.3301   337.89   398.22 0.0978194   0.0723378
56.9936   334.684   391.678 0.091814   0.0713765
59.9601   339.466   399.426 0.0959362   0.0721194
66.1262   342.875   409.001 0.102872   0.0730143
64.3104   356.101   420.411 0.106651   0.0763183
63.4317   372.802   436.234 0.104243   0.0810836
62.743   378.558   441.301 0.104456   0.0827148
64.7916   383.643   448.434 0.107914   0.0844656
61.0798   391.968   453.047 0.105601   0.0854444
61.5492   397.755   459.304 0.107042   0.087703
65.1984   404.442   469.641 0.110787   0.0883351
67.1297   393.913   461.043 0.110702   0.0877938
64.5741   394.366   458.94 0.108455   0.0878437
64.2911   399.734   464.025 0.111908   0.0894209
66.3595   397.311   463.67 0.113727   0.0898588
64.177   395.038   459.214 0.11389   0.0891699
57.057   358.164   415.221 0.0931923   0.0769749
63.1974   357.158   420.355 0.0974366   0.0762864
62.1979   344.348   406.546 0.0988446   0.0720807
60.85   357.994   418.844 0.100912   0.0750393
59.8172   396.136   455.953 0.0978204   0.0834454
64.6508   380.646   445.297 0.101844   0.0803593
66.336   372.153   438.489 0.10473   0.0802885
68.4357   379.658   448.094 0.106184   0.0832812
65.9899   383.415   449.405 0.101732   0.0836085
66.7902   408.878   475.668 0.103615   0.0877044
69.8743   398.801   468.675 0.105328   0.0866017
69.9305   399.874   469.804 0.108084   0.0879568
70.7107   398.71   469.421 0.10873   0.0871624
76.8105   408.172   484.982 0.113123   0.0887871
77.5687   401.442   479.011 0.113837   0.0881244
60.6955   336.521   397.216 0.0914089   0.0710949
62.8259   346.259   409.085 0.0963292   0.073497
66.1496   344.176   410.326 0.0991748   0.073542
67.1573   339.379   406.536 0.101446   0.0735025
66.8493   342.747   409.596 0.0990604   0.0749856
71.1237   341.891   413.015 0.103982   0.0753065
65.6294   351.796   417.425 0.0956139   0.0781352
66.8007   355.443   422.244 0.0961438   0.0798354
67.6974   362.393   430.091 0.0980766   0.0809998
76.2581   361.304   437.562 0.101759   0.0822417
73.8969   352.378   426.275 0.103875   0.0794503
73.2982   334.178   407.477 0.105769   0.0757731
76.2689   345.494   421.763 0.104169   0.0791782
73.9896   345.719   419.708 0.107348   0.0786528
78.3524   347.324   425.676 0.108551   0.0786512
58.1001   322.099   380.199 0.0849417   0.0706899
55.9909   339.06   395.051 0.084366   0.0749193
61.279   354.347   415.626 0.0919829   0.0787333
62.0529   351.933   413.986 0.0923957   0.0780721
64.9265   339.141   404.068 0.0922252   0.076126
67.2386   345.303   412.542 0.0973344   0.0792053
67.1214   320.216   387.337 0.0985919   0.0738335
63.9697   332.616   396.586 0.0936325   0.0750996
65.7367   332.892   398.629 0.0964588   0.0769041
65.2917   338.301   403.593 0.094956   0.0796227
66.9717   340.549   407.521 0.0971449   0.0811875
66.5916   341.687   408.279 0.0957326   0.0818962
66.9637   348.095   415.058 0.0974159   0.081361
58.6545   308.497   367.151 0.0850065   0.0699507
59.7644   319.164   378.928 0.0865732   0.0728214
62.157   350.18   412.337 0.0915419   0.0813079
59.0316   338.883   397.915 0.0905948   0.0795911
63.3877   346.471   409.859 0.0959257   0.0813046
67.1701   359.166   426.336 0.0999059   0.0852653
64.9103   339.748   404.658 0.10196   0.0829766
72.7471   346.497   419.244 0.10874   0.0849188
67.3405   340.422   407.762 0.110259   0.0852333
76.099   354.266   430.365 0.111938   0.0891347
72.6429   349.428   422.071 0.111685   0.0894691
58.2762   280.041   338.317 0.0888628   0.0687015
61.4672   288.078   349.545 0.0953571   0.0720988
61.792   294.164   355.956 0.0997611   0.0769057
62.3013   302.098   364.399 0.10014   0.0788562
66.7111   302.31   369.021 0.10243   0.0805422
68.1634   297.804   365.967 0.105163   0.0808114
67.1346   285.096   352.231 0.106058   0.0792412
65.4903   291.631   357.122 0.106143   0.0821998
64.4955   272.958   337.453 0.104446   0.0787075
70.6554   282.952   353.608 0.109855   0.0817348
50.1481   258.272   308.42 0.0854312   0.0735357
53.2248   262.845   316.07 0.0916406   0.0762445
53.9006   267.211   321.111 0.0898593   0.0782385
59.6881   250.255   309.943 0.0980744   0.0727993
56.3881   246.153   302.541 0.0992748   0.0731781
58.937   242.042   300.979 0.100233   0.0722944
60.5029   245.035   305.538 0.105528   0.073437
64.8629   242.326   307.189 0.105175   0.0730182
65.3114   240.115   305.427 0.103271   0.0746926
63.6525   227.01   290.662 0.10674   0.0745803
47.7323   200.081   247.813 0.0805473   0.0658074
52.13   222.986   275.116 0.083142   0.072876
56.0743   225.834   281.908 0.0888256   0.0737262
56.6295   246.19   302.819 0.091456   0.0817417
54.7542   242.777   297.531 0.091543   0.0825492
54.9897   228.221   283.211 0.0960239   0.0776292
54.3661   219.255   273.621 0.0916025   0.0785016
55.4871   210.073   265.56 0.0950121   0.0763623
56.2016   194.868   251.07 0.0961327   0.0722235
59.2627   204.474   263.737 0.0980476   0.075194
49.2598   192.226   241.486 0.0841569   0.0695715
48.8474   184.001   232.848 0.0866088   0.0681324
53.1562   183.191   236.348 0.0877648   0.0687226
54.719   175.493   230.212 0.0899984   0.0694267
53.001   189.65   242.651 0.0922903   0.0725755
53.0641   191.736   244.8 0.0905311   0.0740661
56.5605   198.528   255.088 0.0930271   0.0770263
49.9544   198.264   248.219 0.0907601   0.0768616
51.7376   183.459   235.196 0.0889836   0.0730205
56.3747   196.493   252.867 0.0936456   0.0781697
53.3656   190.828   244.194 0.0907321   0.0801239
50.5907   181.114   231.705 0.0830717   0.0716338
48.9815   186.7   235.681 0.085782   0.0748896
49.6201   190.383   240.003 0.0852369   0.0787591
52.1422   200.407   252.549 0.0892234   0.0832878
54.0149   200.866   254.881 0.091675   0.0842204
55.2349   206.947   262.182 0.0930776   0.0864387
53.2614   191.669   244.93 0.0894209   0.0826336
51.8884   188.645   240.533 0.0898612   0.0787567
53.4563   181.064   234.52 0.089918   0.0769828
52.5474   181.944   234.492 0.090775   0.0786998
41.9313   173.435   215.366 0.0787295   0.0752038
44.4346   163.971   208.406 0.0813076   0.0715096
44.2038   175.429   219.632 0.0819094   0.0778414
48.9106   168.19   217.101 0.0853588   0.0750962
49.3491   166.159   215.508 0.0918978   0.077108
52.0685   158.578   210.647 0.0874856   0.0765463
52.4685   157.824   210.293 0.0912231   0.0754117
52.3207   144.134   196.455 0.0922997   0.0740287
50.9402   153.064   204.004 0.0907378   0.0788747
50.5892   147.531   198.12 0.0898793   0.075885
40.5987   132.955   173.553 0.0763954   0.0672652
45.306   138.599   183.905 0.0810483   0.07044
43.2696   135.369   178.639 0.0829374   0.0720872
46.713   140.145   186.858 0.086437   0.0734897
52.5717   140.891   193.462 0.0921502   0.0753427
51.1021   140.042   191.144 0.0901954   0.0751011
50.2925   135.27   185.563 0.0926708   0.0753343
52.533   139.825   192.358 0.0966442   0.0753656
54.1026   140.678   194.781 0.0995056   0.0758607
39.9064   126.689   166.595 0.0813704   0.0669958
43.5525   125.863   169.416 0.0890038   0.0686463
44.6397   133.929   178.569 0.0924217   0.0731122
48.2224   136.751   184.973 0.0957337   0.07485
50.4729   137.552   188.025 0.0999904   0.0772618
50.8807   133.305   184.186 0.101316   0.0781984
51.6188   139.392   191.011 0.103907   0.0791602
52.3222   149.422   201.744 0.108612   0.0840253
43.2234   122.363   165.586 0.0904797   0.0698076
49.1966   129.196   178.393 0.0987554   0.0735741
48.6645   135.64   184.305 0.103377   0.0784218
50.8606   144.825   195.685 0.109495   0.0858052
52.6996   136.371   189.071 0.112167   0.083732
54.5755   135.894   190.47 0.114869   0.0844006
57.7385   136.41   194.149 0.117117   0.0902353
57.0653   128.726   185.792 0.112389   0.0868086
39.812   111.518   151.33 0.0876641   0.0733809
40.9234   110.089   151.012 0.0949498   0.0754964
45.4008   121.903   167.304 0.10285   0.0877902
45.7105   120.98   166.69 0.104418   0.0877067
49.7171   112.112   161.829 0.107799   0.0898189
50.704   115.991   166.695 0.109012   0.0924695
51.2466   115.688   166.935 0.109563   0.0931702
45.3173   101.879   147.197 0.0913349   0.0762378
51.5931   100.632   152.225 0.101905   0.0794706
50.2273   102.382   152.609 0.104395   0.0792428
54.4063   102.514   156.921 0.111947   0.0829117
55.3405   104.757   160.097 0.116262   0.0847609
63.1216   102.625   165.747 0.122329   0.0879772
58.9895   98.3702   157.36 0.12169   0.0875063
36.9879   93.9507   130.939 0.0838332   0.0725955
44.5803   99.645   144.225 0.0961966   0.0789223
47.8457   106.173   154.019 0.103402   0.0840834
52.5021   106.143   158.646 0.109061   0.0850373
49.8749   106.484   156.358 0.113191   0.0843017
56.3995   112.194   168.593 0.115471   0.086636
58.3567   114.949   173.305 0.121169   0.0927119
56.5536   108.348   164.902 0.121464   0.0883321
38.7676   111.791   150.559 0.0879832   0.0778355
39.0543   121.525   160.58 0.090871   0.0834334
41.936   127.44   169.376 0.0987891   0.0877987
51.4094   129.725   181.134 0.106954   0.0886342
51.5847   124.724   176.309 0.110629   0.0896465
54.1131   125.466   179.579 0.118194   0.0911707
54.5246   131.367   185.891 0.117662   0.0934063
54.1705   128.241   182.411 0.119465   0.0937051
41.7649   138.584   180.349 0.0926051   0.080713
43.8678   136.215   180.083 0.0951305   0.0780932
48.3564   144.124   192.48 0.0981524   0.0830314
46.7909   160.213   207.004 0.101308   0.0915017
48.3998   157.758   206.158 0.10381   0.094951
48.6968   154.808   203.505 0.112529   0.0968912
46.3724   159.328   205.7 0.111427   0.100724
43.4106   154.295   197.706 0.0955129   0.08205
49.0321   155.548   204.58 0.102129   0.0849989
60.2807   163.967   224.248 0.116244   0.0885078
60.2865   182.209   242.496 0.116759   0.0931222
60.5348   172.803   233.337 0.119015   0.0881212
62.7019   167.613   230.315 0.125153   0.0871624
59.8499   168.541   228.391 0.122918   0.0873556
53.8951   175.833   229.728 0.119266   0.0920807
50.2911   157.089   207.38 0.093961   0.0726412
50.4185   156.082   206.5 0.100837   0.0733251
53.8606   154.1   207.96 0.104112   0.0746908
54.0458   155.537   209.583 0.108272   0.0746399
50.2979   170.79   221.088 0.106531   0.0789807
60.4117   176.691   237.103 0.115879   0.0827075
53.8606   174.114   227.974 0.116455   0.0819487
50.836   179.871   230.707 0.117269   0.0853145
56.0765   185.202   241.279 0.123728   0.0885194
44.4393   162.121   206.56 0.0885245   0.0697954
47.3759   167.254   214.63 0.094676   0.072776
46.1165   161.319   207.435 0.095053   0.071623
53.2188   162.138   215.357 0.101535   0.0721025
58.3185   169.63   227.948 0.112627   0.0750907
61.7017   185.694   247.396 0.115893   0.0800683
63.7451   193.592   257.337 0.118412   0.0823444
66.4842   194.114   260.598 0.120181   0.0828625
69.9927   190.853   260.846 0.119892   0.0825491
67.7282   190.416   258.145 0.123097   0.0818011
48.8035   159.349   208.152 0.0890169   0.061829
51.2647   186.581   237.845 0.0945407   0.0688426
51.1158   180.628   231.744 0.0975028   0.0681809
55.1974   198.346   253.544 0.101934   0.072841
56.9466   196.137   253.084 0.104222   0.071562
55.2636   206.366   261.63 0.105991   0.0741471
57.2738   192.314   249.588 0.107759   0.0706949
57.8734   208.596   266.469 0.107915   0.0754454
55.7659   209.975   265.741 0.110793   0.07786
44.0407   192.943   236.983 0.0855823   0.0654043
50.1021   250.035   300.137 0.0953963   0.0885456
48.6842   209.875   258.559 0.0918281   0.0738866
46.8361   206.886   253.722 0.0908028   0.0751494
50.8795   217.375   268.254 0.0953245   0.0800054
52.889   196.465   249.354 0.0964775   0.0741826
53.9491   201.319   255.268 0.0974984   0.0763632
57.4522   216.656   274.108 0.102777   0.0809073
58.72   220   278.72 0.107506   0.0826446
66.0899   210.699   276.789 0.111789   0.0807771
63.4601   193.214   256.674 0.11312   0.0774448
54.7828   197.269   252.052 0.0897711   0.0734914
55.9693   179.41   235.379 0.0952669   0.0676955
57.1888   187.577   244.766 0.094998   0.0691097
64.8039   188.414   253.218 0.100254   0.0702302
66.313   175.221   241.534 0.10305   0.0681087
68.5543   178.423   246.978 0.104313   0.0685242
63.399   179.396   242.795 0.0994105   0.0704413
66.3712   176.546   242.917 0.102361   0.0715978
68.8853   177.289   246.174 0.105685   0.0708985
65.2494   175.031   240.281 0.104232   0.0722226
65.0766   172.43   237.506 0.103625   0.0713817
67.9799   173.298   241.278 0.102585   0.0711454
51.9552   160.029   211.984 0.0828368   0.0635591
52.0415   157.691   209.732 0.0835338   0.0633042
51.1799   159.136   210.316 0.0846508   0.0635832
54.8817   168.318   223.2 0.0874191   0.0669789
56.9018   174.378   231.28 0.0908103   0.0695898
60.6642   174.447   235.111 0.0973743   0.0694099
65.3021   185.261   250.563 0.0977943   0.0710426
74.1413   183.515   257.657 0.108712   0.0711208
70.7783   193.148   263.926 0.108058   0.0754337
70.7676   204.133   274.901 0.108539   0.0794912
65.8599   200.568   266.428 0.107264   0.0790105
67.1184   197.284   264.403 0.107665   0.0786746
60.1728   176.45   236.623 0.0909503   0.0644025
64.0251   184.602   248.627 0.0972287   0.0667759
61.8477   187.81   249.658 0.100457   0.0689803
67.0229   186.501   253.524 0.0994774   0.0697526
69.7788   177.273   247.052 0.10356   0.0668703
68.6872   174.521   243.208 0.103072   0.0645425
71.6043   190.4   262.004 0.105892   0.0706282
58.9694   188.165   247.135 0.0851237   0.0639149
62.8944   198.915   261.81 0.090626   0.067812
57.8167   196.32   254.136 0.0871719   0.0656697
61.3692   205.985   267.354 0.0947055   0.0691457
67.2766   206.164   273.44 0.0989362   0.0698434
67.7351   202.357   270.092 0.0970881   0.0696781
60.0428   189.332   249.375 0.086318   0.0628467
68.315   189.251   257.566 0.0905134   0.0635924
74.9859   205.542   280.528 0.096756   0.0686744
73.9492   198.014   271.964 0.0974298   0.0677204
71.177   205.975   277.152 0.0970375   0.0693052
76.2026   197.059   273.262 0.100864   0.0688417
58.225   188.775   247 0.0819839   0.0626411
60.2663   192.866   253.132 0.0893495   0.0643476
60.7344   210.424   271.158 0.090345   0.0692924
58.6672   217.138   275.805 0.089728   0.0716548
69.473   220.927   290.4 0.0953514   0.0736668
67.5059   232.368   299.874 0.0976224   0.0774045
57.4168   202.91   260.327 0.084842   0.0650144
59.6287   205.137   264.765 0.0886277   0.0669943
65.3666   215.754   281.121 0.0939175   0.0711356
71.8788   231.218   303.097 0.104971   0.0776746
76.895   236.372   313.267 0.108724   0.0793393
66.1121   209.679   275.791 0.0966316   0.0693078
61.7891   202.706   264.495 0.0927765   0.067963
63.6528   193.644   257.297 0.0930597   0.0641152
62.0729   195.877   257.95 0.0912837   0.0641958
63.5499   198.662   262.212 0.0921346   0.0653117
64.2276   190.505   254.733 0.0922148   0.0642514
58.532   204.284   262.816 0.0892256   0.066838
64.5872   210.816   275.403 0.0911283   0.0698644
70.5108   213.653   284.164 0.0969887   0.0706467
64.2997   211.382   275.681 0.0915624   0.0697227
59.7649   205.03   264.795 0.0930048   0.0677426
53.7539   184.723   238.477 0.0856295   0.0616361
63.5888   237.996   301.585 0.102151   0.0808044
65.2955   240.276   305.571 0.102558   0.0834677
50.2595   181.433   231.692 0.08328   0.0636829
46.1779   161.302   207.48 0.0760757   0.0569118
50.7555   165.104   215.859 0.0791817   0.058506
53.2414   171.229   224.47 0.0821626   0.06043
55.2245   171.396   226.621 0.0876579   0.0604999
52.4777   172.336   224.814 0.08674   0.0603945
43.0104   163.997   207.008 0.0759566   0.0566338
57.3835   210.776   268.16 0.0907679   0.0718295
63.7884   210.533   274.322 0.0975856   0.0726436
62.8212   182.852   245.673 0.0946815   0.0619888
63.1694   181.857   245.026 0.0941072   0.0613604
61.6845   198.069   259.753 0.0949357   0.0655694
48.166   182.495   230.661 0.0770163   0.0582902
54.2936   195.818   250.111 0.0885703   0.0628628
57.367   190.904   248.271 0.091107   0.0615357
54.6371   199.474   254.111 0.0898637   0.0651183
51.2165   199.116   250.333 0.0843209   0.06499
47.7184   188.857   236.575 0.0819199   0.0614368
57.3676   204.866   262.234 0.0905209   0.0679434
54.3131   185.276   239.589 0.0864072   0.0633421
53.7732   203.295   257.068 0.0913345   0.0694789
48.6377   195.451   244.089 0.0822277   0.0660252
50.0095   205.996   256.005 0.0858532   0.0696049
60.4562   211.89   272.346 0.0958405   0.0717249
56.1249   203.963   260.088 0.0944466   0.0693163
45.1381   187.167   232.305 0.07708   0.0632576
53.5039   210.633   264.137 0.0889952   0.0708534
57.2696   208.883   266.152 0.0935472   0.0718204
58.8057   218.669   277.475 0.0969751   0.073765
59.9375   225.584   285.522 0.100693   0.0760696
61.5453   229.272   290.818 0.101093   0.0779202
63.6554   222.893   286.549 0.106225   0.0777512
62.8178   230.973   293.791 0.106924   0.0789651
60.6379   218.615   279.253 0.105936   0.0754
59.1805   222.202   281.383 0.107328   0.0772286
47.1278   192.392   239.52 0.0861253   0.0667797
47.3618   192.012   239.374 0.0889006   0.0678368
51.0398   192.112   243.151 0.0943871   0.0698715
51.3289   190.541   241.87 0.0950095   0.0678385
53.8759   190.842   244.718 0.0997241   0.0677105
59.3131   193.509   252.822 0.105539   0.0700949
56.7794   191.557   248.336 0.102749   0.0706749
59.5711   192.942   252.513 0.107821   0.0699192
47.1199   178.047   225.167 0.0844443   0.0638849
51.6179   186.167   237.785 0.0905578   0.0647255
50.3213   179.649   229.97 0.0914101   0.0641088
53.1844   194.166   247.351 0.093772   0.0707431
56.3601   188.015   244.376 0.0985808   0.0686438
56.049   187.699   243.748 0.0982971   0.0691187
44.9375   167.409   212.346 0.0889265   0.0631017
45.619   167.993   213.612 0.0886237   0.0639123
43.923   164.932   208.855 0.0877758   0.0631924
47.6364   164.959   212.596 0.0908919   0.0647407
50.3706   191.175   241.546 0.0953086   0.0752906
39.6385   161.107   200.745 0.0783756   0.0608754
42.4712   156.185   198.656 0.0805397   0.0605719
46.436   164.873   211.309 0.0827367   0.0630732
51.0559   162.765   213.821 0.0897607   0.0628
52.0894   189.332   241.421 0.0965896   0.0717515
52.8607   199.771   252.632 0.0934264   0.073005
47.7469   169.704   217.451 0.0836344   0.0599032
44.3593   189.211   233.57 0.0850772   0.0640091
44.8308   181.196   226.027 0.0851756   0.0635181
47.4751   193.456   240.931 0.0868553   0.0672562
44.9987   168.149   213.148 0.0825664   0.0610729
44.5394   179.472   224.011 0.0849989   0.0632077
47.664   174.115   221.779 0.0913103   0.0618174
50.4412   182.162   232.603 0.0937278   0.0629628
50.4743   187.595   238.07 0.0936155   0.0651222
46.4649   191.837   238.302 0.0914663   0.0683229
49.0575   190.078   239.136 0.0935141   0.0696666
47.5486   191.203   238.752 0.0930274   0.0707929
44.9476   194.741   239.689 0.0936018   0.0714175
49.3518   193.015   242.366 0.0944352   0.071577
47.5026   189.478   236.981 0.0922381   0.0702663
39.9509   170.382   210.332 0.0796152   0.0648036
42.592   158.874   201.466 0.0860445   0.0634632
39.5168   157.468   196.985 0.0815621   0.066191
36.9825   146.608   183.591 0.0873602   0.0665694
30.121   146.178   176.299 0.0744187   0.0650332
33.0339   146.234   179.268 0.0801406   0.0646423
35.472   144.342   179.814 0.086517   0.0646059
37.156   152.262   189.418 0.0889325   0.0665948
33.2711   148.374   181.645 0.0814968   0.0626843
34.363   151.918   186.281 0.0824052   0.0638445
37.8471   165.954   203.801 0.0900584   0.0689822
37.3357   158.04   195.376 0.0884733   0.0676833
35.754   147.426   183.18 0.0861541   0.0594699
33.0351   146.992   180.027 0.0844167   0.0609379
35.2934   144.363   179.656 0.0881783   0.0609448
32.8966   140.863   173.759 0.0879587   0.0618525
35.9047   146.822   182.727 0.0920927   0.0663265
36.8186   151.432   188.251 0.0963838   0.0679799
40.0637   145.99   186.053 0.0972026   0.067019
35.8476   145.358   181.206 0.0904101   0.0673007
35.077   151.454   186.531 0.090991   0.0679319
35.617   144.22   179.837 0.0876187   0.0647962
36.8578   141.702   178.56 0.0873063   0.0645321
38.2653   144.013   182.278 0.0941566   0.0656094
36.4612   147.941   184.403 0.0930132   0.0655406
35.3139   146.068   181.382 0.0898573   0.063975
33.7815   152.28   186.062 0.0863608   0.0652956
37.1067   155.771   192.878 0.0919052   0.0677341
39.2644   164.844   204.108 0.098161   0.0693277
36.5992   148.38   184.98 0.0878521   0.0629958
34.9692   146.638   181.607 0.0883506   0.0628968
33.6343   148.015   181.65 0.0856925   0.0622764
32.7697   148.103   180.872 0.081598   0.06291
35.373   149.515   184.888 0.0864337   0.0628543
37.0284   152.471   189.499 0.086263   0.0625971
41.0743   152.995   194.07 0.0897996   0.0639667
36.5959   142.164   178.76 0.0804305   0.0588591
38.6351   147.774   186.409 0.0868204   0.0618367
38.2635   142.219   180.483 0.087111   0.0613212
35.9493   153.356   189.305 0.0842299   0.0633597
36.6574   151.497   188.154 0.0869484   0.0623956
35.2576   147.57   182.827 0.0807272   0.0632058
37.4353   155.747   193.182 0.0866056   0.0651455
38.2126   159.144   197.357 0.0889183   0.0669164
38.0038   166.709   204.713 0.08483   0.067379
35.3683   149.17   184.538 0.0761262   0.0635685
37.0031   159.17   196.173 0.0803368   0.0647506
39.4097   160.782   200.192 0.0824472   0.0629432
44.4558   174.787   219.243 0.0874827   0.0649767
48.3295   171.595   219.924 0.0870801   0.0613422
51.4516   173.256   224.707 0.0935484   0.0609412
52.4247   184.003   236.428 0.0949034   0.0645808
48.3039   191.365   239.669 0.0915714   0.0679683
45.5258   175.505   221.031 0.0838027   0.0628542
45.2588   176.465   221.724 0.0879238   0.0639134
47.4624   184.726   232.188 0.0883514   0.0672905
44.5723   188.972   233.545 0.0866885   0.068176
46.3692   189.485   235.855 0.0872421   0.0664511
49.5519   192.39   241.942 0.0952189   0.0682766
54.6068   201.857   256.464 0.0993453   0.0696418
49.6398   216.833   266.473 0.0950226   0.0723886
50.5989   212.039   262.638 0.0939337   0.0711341
41.493   186.118   227.611 0.0795756   0.0647721
42.5591   178.822   221.382 0.0838107   0.0649366
41.963   180.133   222.096 0.0810722   0.0667307
41.9157   175.23   217.146 0.0823491   0.0666478
43.3004   178.938   222.239 0.0812694   0.0647388
45.4641   178.065   223.529 0.0844664   0.0651537
49.6943   172.816   222.51 0.0882148   0.0645838
44.1571   182.749   226.906 0.0826293   0.0651047
45.0111   180.597   225.608 0.0796657   0.0638286
48.1908   191.571   239.761 0.0845453   0.0671118
47.2019   186.925   234.127 0.0854487   0.0648596
47.7931   192.25   240.043 0.0861758   0.0661199
41.0675   187.715   228.782 0.0761074   0.0632164
57.0755   252.708   309.783 0.100515   0.0900277
49.4922   261.657   311.15 0.0927109   0.089313
40.9758   197.488   238.464 0.0765187   0.0652476
39.8779   189.555   229.432 0.0716197   0.0609735
40.2294   185.787   226.016 0.0751249   0.0632681
44.2424   214.525   258.767 0.0784718   0.0681118
48.5239   213.733   262.257 0.0826642   0.0696518
43.3676   206.277   249.645 0.0761904   0.0678723
40.8996   199.856   240.756 0.0751555   0.0654922
45.9072   202.875   248.782 0.0801173   0.0662989
47.6291   196.411   244.041 0.0840613   0.0671905
48.0913   196.261   244.353 0.083275   0.0669377
47.2034   196.086   243.289 0.0797085   0.0664336
48.1179   187.241   235.359 0.0800631   0.0636442
51.3441   186.219   237.563 0.0822493   0.0630501
46.5773   186.377   232.954 0.0791862   0.064047
44.1118   184.308   228.419 0.0767496   0.062695
44.9434   179.26   224.203 0.0756305   0.0614483
40.4328   167.987   208.419 0.0708601   0.0587571
40.4511   174.507   214.958 0.0685902   0.0600815
41.7878   173.672   215.46 0.0701608   0.0597591
44.7657   191.293   236.058 0.0775835   0.0652709
50.9765   196.585   247.562 0.0817259   0.0672948
67.2704   279.556   346.826 0.1104   0.0978874
80.6425   296.02   376.663 0.119017   0.107016
48.1579   210.877   259.035 0.0873059   0.0757244
45.9018   196.991   242.893 0.0834957   0.0722937
43.0328   183.763   226.795 0.0793671   0.0665036
44.3   174.345   218.645 0.0810464   0.0651174
47.2577   182.488   229.746 0.0862366   0.0676258
42.8275   175.766   218.593 0.078843   0.0651033
39.0161   161.755   200.771 0.0758477   0.0611922
37.3914   154.871   192.263 0.0732016   0.0576287
37.0878   146.094   183.182 0.0698671   0.0553842
37.335   150.292   187.627 0.0730866   0.0564302
27.3095   141.809   169.118 0.0579409   0.0538685
33.0774   142.106   175.183 0.0695779   0.0554365
35.2068   151.988   187.195 0.0693593   0.0591072
36.7848   149.106   185.891 0.0701109   0.0597781
38.2911   156.55   194.841 0.0753169   0.0626951
41.1171   164.182   205.299 0.0781992   0.0641185
43.7711   175.697   219.468 0.0817236   0.0658631
37.8667   162.286   200.153 0.0739826   0.0601505
41.3666   193.466   234.833 0.0821744   0.0685515
44.5459   205.139   249.685 0.0850382   0.0734521
49.3434   211.086   260.429 0.0930422   0.0773587
49.6594   206.34   256 0.0931914   0.0776592
50.5088   202.152   252.661 0.0954798   0.0785159
53.7576   213.921   267.679 0.104066   0.0857155
38.2634   185.624   223.888 0.0866015   0.0788884
36.6721   158.732   195.404 0.0840782   0.0676657
37.9492   160.328   198.277 0.0879132   0.0692131
38.9361   159.926   198.862 0.0886591   0.0683201
36.2421   162.449   198.692 0.0851609   0.0688137
31.7085   142.051   173.76 0.0756164   0.0590527
31.2696   142.016   173.285 0.0788045   0.0597507
28.4368   140.126   168.563 0.0726169   0.0584247
29.5736   140.251   169.825 0.0782785   0.0591678
26.6197   140.34   166.96 0.0749428   0.0591004
26.8534   140.164   167.018 0.075857   0.0595999
25.0214   130.994   156.015 0.0705324   0.0575164
25.3954   126.398   151.794 0.0737167   0.0557988
29.4735   128.589   158.063 0.0772569   0.0569923
29.6058   130.606   160.211 0.0780127   0.0586201
29.9244   129.619   159.543 0.0832389   0.0580556
29.4436   137.026   166.47 0.0811865   0.060842
34.7284   137.012   171.74 0.0928568   0.0621763
27.4153   145.474   172.889 0.0831774   0.0657656
34.1208   149.038   183.158 0.0884874   0.0669651
32.0883   153.009   185.097 0.0930636   0.0689415
31.0686   145.032   176.101 0.088013   0.0666876
32.9324   146.031   178.963 0.0867621   0.0663
31.4724   139.712   171.184 0.0815952   0.0628725
32.474   137.263   169.737 0.0864245   0.0621309
33.5138   130.065   163.579 0.0916304   0.058913
30.6738   132.598   163.272 0.0886527   0.0599856
25.8095   138.222   164.031 0.0775835   0.0617888
28.5628   138.399   166.962 0.0796731   0.0620207
26.839   135.618   162.457 0.0737841   0.061041
26.337   132.9   159.237 0.0767843   0.0602925
26.5503   132.961   159.511 0.0764257   0.060846
26.668   133.915   160.583 0.0763032   0.0620522
29.0006   132.001   161.002 0.0766342   0.0611481
27.1649   127.544   154.709 0.0747314   0.0597536
26.6469   132.068   158.715 0.07694   0.0615317
26.0679   127.797   153.864 0.0710683   0.0595622
26.1197   130.391   156.511 0.0738539   0.0606283
26.6509   132.206   158.857 0.075799   0.0609467
29.0042   133.214   162.218 0.0795726   0.0612057
31.4613   130.96   162.422 0.084893   0.0607198
29.2648   134.408   163.672 0.0812912   0.0619009
30.8177   128.176   158.993 0.0852889   0.059998
29.9416   130.882   160.824 0.0828032   0.060437
29.6102   128.979   158.589 0.0830348   0.0600572
26.791   126.703   153.494 0.0754677   0.0591243
26.9017   126.68   153.581 0.0739058   0.059502
27.8532   129.697   157.55 0.0774776   0.0598855
27.3496   132.346   159.696 0.0742523   0.060961
29.0483   133.01   162.058 0.0756958   0.0610627
28.4697   125.879   154.348 0.0791557   0.0588217
26.2732   128.793   155.066 0.0749058   0.0595023
28.3814   126.687   155.069 0.0772634   0.058833
29.9409   125.726   155.667 0.0790693   0.0582694
28.5304   131.377   159.908 0.0759797   0.0601201
26.6905   128.517   155.208 0.0754395   0.0601447
27.8777   128.852   156.73 0.0769572   0.0593856
