1367         1367
1271         568
1290         583
1273         567
1299         573
1306         572
1329         600
1361         576
1352         593
1366         581
1311         577
1294         559
1309         551
1292         575
1296         558
1239         559
1267         542
1288         577
1328         586
1367         591
1398         601
1363         604
1344         579
1376         597
1323         579
1334         591
1305         567
1273         564
1302         578
1325         588
1385         620
1378         600
1317         560
1339         591
1310         556
1337         602
1303         605
1292         561
1216         543
1264         577
1263         580
1271         558
1255         556
1253         591
1295         592
1301         589
1280         597
1285         577
1259         564
1263         545
1242         585
1237         547
1228         564
1301         608
1330         596
1313         604
1297         601
1322         615
1325         632
1334         639
1338         602
1317         601
1369         603
1349         638
1352         635
1337         615
1321         604
1346         585
1318         596
1346         616
1351         616
1360         620
1317         625
1375         642
1327         603
1344         608
1310         600
1290         600
1270         578
1277         575
1324         588
1334         606
1304         595
1273         574
1326         583
1308         563
1317         612
1365         648
1325         629
1327         603
1349         611
1353         634
1352         633
1394         644
1417         648
1369         644
1396         663
1372         647
1395         650
1408         679
1424         681
1398         664
1455         652
1435         667
1419         662
1421         674
1457         684
1433         686
1455         694
1488         690
1490         749
1445         711
1445         693
1476         732
1441         689
1494         721
1510         684
1444         663
1427         666
1448         671
1471         704
1513         690
1463         680
1432         683
1498         681
1474         687
1492         689
1509         695
1496         687
1484         690
1514         690
1513         679
1448         651
1486         660
1459         672
1425         636
1440         669
1427         610
1488         679
1422         650
1405         655
1404         644
1376         619
1329         622
1329         651
1326         648
1319         633
1339         617
1332         617
1298         643
1289         587
1265         580
1319         599
1300         608
1262         568
1297         588
1277         573
1308         616
1343         632
1299         596
1319         592
1363         627
1335         631
1334         619
1312         598
1298         572
1312         593
1292         584
1270         584
1307         604
1331         585
1305         564
1329         605
1346         608
1336         574
1339         586
1305         608
1302         550
1367         581
1350         602
1320         588
1318         609
1247         571
1291         582
1230         584
1260         589
1243         593
1279         595
1249         577
1278         594
1275         578
1253         532
1263         546
1213         539
1242         573
1241         537
1270         595
1248         575
1306         566
1255         561
1279         562
1223         531
1249         559
1187         521
1202         540
1250         570
1233         566
1200         542
1177         543
1175         543
1144         490
1159         489
1128         483
1103         503
1147         504
1104         502
1080         496
1060         481
1060         477
1080         498
1042         470
1041         464
1013         469
1024         475
1025         493
1065         507
1052         454
1029         431
1026         441
1006         437
1027         461
1045         465
1029         467
1028         496
1028         506
1001         481
1039         486
1001         476
1031         516
1014         484
1024         441
1041         463
1008         462
1032         481
978         440
1008         488
989         481
986         465
990         440
984         429
993         424
1053         480
1044         466
1073         457
1080         463
1056         453
1052         451
1070         461
1095         492
1090         461
1074         466
1059         432
1030         416
1051         454
1081         480
1136         518
1149         516
1246         508
1199         501
1151         486
1131         451
1076         535
1074         500
1094         517
1104         499
1059         472
1086         521
1045         462
1007         433
1054         453
1040         502
1045         500
1078         485
1065         524
1065         517
1084         532
1078         538
1077         553
1120         583
1091         550
1111         548
1079         542
1051         524
1022         541
1028         546
1018         521
1068         531
1062         536
1040         503
1051         514
1032         525
1060         530
1067         515
1045         533
1070         548
1037         553
1068         559
1042         546
1120         591
1088         561
1149         610
1108         587
1163         602
1212         646
1198         643
1158         657
1143         637
1123         648
1166         651
1102         626
1147         628
1186         662
1154         627
1160         623
1174         604
1165         627
1199         626
1153         623
1226         667
1210         682
1218         655
1225         652
1170         614
1203         623
1217         661
1244         658
1202         615
1255         673
1263         673
1256         666
1283         676
1248         692
1286         694
1258         663
1250         648
1239         680
1298         697
1294         695
1377         754
1393         775
1323         759
1336         733
1373         755
1337         710
1284         674
1261         672
1268         653
1362         728
1289         691
1274         676
1266         672
1267         696
1276         684
1317         707
1280         684
1283         666
1289         684
1298         680
1293         689
1266         696
1264         656
1319         708
1313         727
1294         702
1198         642
1256         627
1254         622
1270         636
1229         603
1265         607
1275         641
1279         648
1267         630
1228         605
1240         566
1283         632
1251         653
1302         663
1314         671
1335         649
1270         625
1265         613
1259         629
1241         608
1265         607
1237         582
1258         633
1215         628
1206         588
1221         591
1224         582
1232         630
1249         594
1249         585
1237         601
1251         612
1207         606
1209         595
1231         608
1178         599
1172         587
1130         572
1153         551
1152         547
1121         532
1107         540
1108         540
1146         540
1138         562
1118         552
1134         552
1149         558
1167         570
1142         550
1138         567
1184         571
1155         570
1109         505
1141         514
1106         500
1137         524
1110         528
1139         505
1133         527
1185         561
1189         568
1175         539
1164         565
1196         570
1101         521
1138         526
1129         546
1119         545
1136         524
1113         522
1120         538
1122         539
1109         508
1122         524
1092         511
1035         480
1129         522
1078         515
1058         501
1046         495
1006         484
934         423
898         404
892         412
884         410
896         417
907         408
902         417
875         420
886         422
906         415
834         391
856         400
806         374
807         389
825         382
844         412
815         396
845         385
822         406
835         422
813         406
818         392
799         393
816         391
816         403
840         400
865         416
833         395
841         392
848         401
871         409
901         429
940         457
938         455
886         445
936         439
920         426
894         421
930         436
936         432
913         429
981         448
1008         464
1051         460
1063         478
1075         508
1172         555
1114         550
1151         552
1178         527
1177         543
1127         514
1144         537
1138         514
1134         531
1138         520
1224         549
1147         522
1143         538
1144         521
1120         507
1197         517
1167         509
1183         532
1192         538
1199         563
1187         534
1212         565
1229         570
1161         552
1161         554
1189         539
1143         567
1153         533
1126         535
1233         556
1210         535
1204         563
1238         587
1265         569
1250         544
1279         573
1246         566
1259         577
1259         592
1263         601
1315         624
1270         588
1252         574
1292         594
1268         570
1262         589
1250         595
1226         577
1327         623
1280         609
1392         677
1309         551
1242         549
1233         542
1245         546
1204         548
1219         543
1171         514
1148         510
1174         530
1147         510
1140         471
1114         475
1170         507
1199         524
1219         508
1178         525
1169         535
1176         511
1167         503
1161         523
1125         530
1154         532
1147         529
1089         516
1044         441
1012         436
969         431
971         439
965         425
955         419
960         396
933         391
928         377
891         355
876         354
879         354
874         344
886         381
868         379
867         359
880         362
857         374
823         329
907         385
856         344
864         353
898         379
905         385
861         375
889         365
837         346
831         332
902         358
896         363
870         343
891         347
886         349
876         378
865         363
889         346
876         366
859         353
857         351
863         364
871         370
850         360
866         361
862         361
848         356
846         355
852         364
846         359
867         368
872         383
816         359
847         350
827         367
853         378
871         375
821         353
846         362
