7969       7969
7514       4291
7518       4319
7594       4250
7591       4238
7648       4314
7702       4366
7611       4321
7574       4316
7585       4243
7567       4197
7481       4095
7637       4124
7794       4095
7850       4048
7716       3885
7692       3831
7603       3819
7691       3871
7765       3856
7851       3868
7791       3850
7851       3904
7823       3888
7782       3924
7753       3887
7715       3941
7838       4026
7939       4099
7953       4123
8047       4020
8036       3970
7884       3851
7896       3786
7865       3692
7717       4660
7738       4580
7791       4601
7796       4630
7773       4543
7626       4445
7507       4275
7425       4254
7332       4197
7408       4234
7347       4172
7354       4258
7250       4152
7234       4126
7241       4055
7212       4070
7121       4039
7045       4694
6998       4698
7196       4720
7127       4621
7167       4651
7174       4660
7072       4555
7114       4548
7030       4566
6904       4366
6909       4357
6953       4412
7019       4441
7076       4476
7043       4367
6866       4236
6937       4275
7035       4824
6935       4671
6958       4689
6989       4707
6994       4696
6906       4666
6874       4597
6927       4576
6867       4542
6923       4587
6863       4535
6923       4578
6861       4486
6934       4489
6901       4470
6902       4421
6927       4430
6792       4653
6812       4681
6850       4777
6900       4770
6916       4747
6891       4736
6872       4635
6732       4558
6781       4585
6864       4662
6845       4605
6787       4546
6768       4574
6799       4597
6772       4555
6717       4733
6695       4711
6679       4680
6668       4617
6642       4570
6572       4540
6537       4502
6493       4452
6580       4474
6517       4393
6513       4435
6474       4410
6476       4363
6473       4395
6494       4416
6458       4556
6521       4525
6520       4500
6499       4507
6449       4455
6348       4359
6326       4337
6390       4429
6348       4328
6297       4248
6246       4194
6262       4172
6428       4278
6441       4410
6441       4382
6455       4306
6385       4257
6306       4261
6254       4212
6205       4094
6137       4080
6032       3994
5959       3974
5962       3905
5944       4076
5814       3995
5656       3825
5717       3831
5572       3753
5489       3685
5370       3597
5354       3547
5271       3468
5210       3461
5127       3512
5090       3447
5035       3415
5017       3437
4915       3363
4949       3348
4931       3336
4829       3318
4707       3214
4531       3043
4486       3040
4486       3059
4444       3063
4399       3011
4336       2941
4318       2939
4208       2793
4131       2751
4082       2698
4065       2719
4113       2763
4014       2700
3986       2665
3848       2527
3946       2613
3881       2588
3885       2577
3906       2579
3854       2512
3841       2513
3782       2381
3827       2528
3775       2493
3766       2417
3712       2406
3688       2385
3688       2394
3658       2319
3689       2395
3696       2352
3645       2311
3608       2306
3586       2293
3533       2253
3450       2239
3354       2154
3301       2071
3272       2092
3092       1947
3107       1940
3163       1944
3125       1976
3115       1967
3059       1877
3084       1907
3065       1870
3039       1864
2972       1795
3002       1855
3032       1854
3026       1891
2948       1833
2921       1831
2903       1827
2914       1780
2805       1704
2846       1760
2875       1778
2833       1752
2796       1756
2738       1729
2705       1687
2623       1628
2626       1610
2498       1511
2429       1482
2378       1519
2321       1458
2296       1388
2272       1379
2155       1248
2204       1254
2223       1241
2149       1336
2084       1266
2187       1292
2140       1236
2133       1235
2116       1166
2092       1124
2127       1294
2143       1262
2191       1262
2220       1248
2278       1263
2324       1295
2335       1239
2373       1226
2398       1436
2516       1456
2583       1451
2557       1463
2636       1391
2656       1376
2651       1406
2651       1368
2836       1717
2932       1744
2970       1735
2991       1750
2960       1661
2937       1597
2988       1581
3024       1880
3007       1830
3029       1852
3195       1956
3185       1960
3199       1923
3188       1929
3214       1909
3244       2162
3241       2128
3183       2063
3175       2083
3263       2162
3262       2136
3238       2124
3133       2108
3160       2092
3228       2322
3162       2298
3135       2252
3185       2248
3240       2259
3364       2319
3395       2351
3405       2342
3455       2312
3436       2327
3494       2577
3682       2710
3692       2649
3763       2723
3782       2740
3842       2783
3760       2720
3868       2764
3858       2696
3920       2950
3834       2823
3838       2840
3784       2753
3804       2717
3759       2648
3789       2636
3860       2677
3886       2662
3830       2608
3826       2494
3770       2684
3740       2650
3824       2714
3783       2682
3614       2572
3632       2603
3530       2546
3493       2465
3443       2500
3434       2423
3444       2415
3469       2435
3410       2517
3406       2491
3458       2502
3479       2513
3447       2505
3442       2513
3525       2607
3518       2580
3528       2560
3601       2568
3579       2538
3593       2507
3629       2739
3657       2764
3650       2722
3664       2673
3653       2651
3723       2703
3715       2695
3841       2944
3833       2933
3925       2989
3899       2979
3922       2951
3899       2904
3894       3012
3882       2976
3892       2993
3797       2924
3940       2972
3853       2862
3913       3013
3921       2997
4007       3036
4029       3030
4028       2999
4041       3002
4071       3121
4014       3062
4016       3033
3962       2976
3945       2979
4001       3025
3986       2982
4002       3020
4077       3051
4026       3041
3975       2965
4029       3056
3940       3017
3937       3024
3941       3031
3922       3026
3864       2997
3896       2945
3852       2878
3750       2849
3723       2834
3736       2822
3737       2833
3756       2833
3764       2853
3772       2895
3888       2934
3863       2898
3908       2949
3952       2963
4016       3020
4082       3130
4083       3115
4114       3102
4070       3063
4036       3063
3950       3074
3903       3015
3790       2925
3839       2926
3864       2960
3922       2959
3964       2954
3955       2942
3917       2958
3953       2972
3894       2908
3992       2964
4006       2965
3975       2942
3957       2866
3973       2925
3959       2899
3970       2877
3885       2881
3853       2830
3758       2749
3819       2808
3884       2818
3849       2760
3819       2710
3888       2759
3851       2787
3948       2876
3844       2802
3814       2744
3800       2739
3817       2715
3679       2653
3671       2628
3666       2610
3672       2548
3689       2539
3696       2646
3601       2578
3705       2614
3651       2591
3753       2638
3818       2736
3922       2832
4023       2956
3925       2852
4009       2876
3825       2753
3885       2839
3883       2816
3950       2893
3936       2880
3873       2807
3807       2728
3762       2700
3793       2726
3753       2696
3750       2696
3601       2629
3498       2503
3388       2379
3229       2202
3174       2247
3219       2262
3165       2234
3246       2286
3277       2367
3265       2379
3269       2405
3204       2335
3298       2479
3230       2412
3157       2368
3097       2277
3023       2213
3001       2227
2973       2178
2918       2159
3015       2229
3019       2225
3045       2195
3034       2195
3118       2257
3077       2283
3054       2332
3065       2299
3162       2377
3133       2355
3166       2331
3205       2376
3227       2354
3241       2378
3306       2435
3245       2391
3244       2415
3256       2389
3196       2319
3340       2420
3363       2428
3271       2334
3380       2390
3365       2378
3486       2474
3338       2346
3475       2458
3568       2554
3698       2690
3845       2797
3865       2843
3939       2849
3928       2815
3858       2792
3833       2761
3803       2745
3841       2771
3885       2851
3878       2817
4000       2898
4099       2995
4057       2980
3894       2873
3774       2753
3716       2699
3673       2629
3813       2764
3836       2733
3782       2675
3890       2807
3860       2829
3876       2854
3904       2882
3934       2907
3950       2969
3854       2807
3943       2929
3967       3026
4043       3108
3887       2936
4144       3149
4046       3068
4024       3039
3963       3051
3989       3060
3876       2923
3917       2932
3898       2951
3874       2942
3890       2953
3806       2910
3852       2939
3837       2917
3789       2859
3833       2904
3883       2906
3880       2930
3875       2921
4013       2855
3952       2766
3896       2784
3816       2724
3780       2763
3687       2677
3724       2698
3730       2699
3675       2643
3739       2687
3682       2637
3710       2663
3668       2632
3552       2563
3582       2571
3507       2494
3509       2497
3600       2560
3676       2667
3716       2698
3810       2822
3793       2792
3716       2728
3642       2657
3558       2574
3537       2495
3361       2353
3328       2345
3336       2316
3367       2340
3391       2360
3394       2405
3385       2376
3386       2398
3340       2370
3337       2374
3303       2351
3224       2277
3172       2265
3147       2256
3148       2228
3118       2232
3153       2252
3122       2203
3110       2212
3107       2225
3084       2219
3056       2174
3137       2202
3126       2222
3124       2209
3122       2207
3107       2210
3114       2237
3116       2231
3111       2221
3096       2204
3072       2185
3068       2158
3058       2158
3049       2134
3031       2146
3034       2145
3043       2150
3045       2169
3042       2176
3052       2156
3048       2171
3033       2136
3056       2165
3041       2147
3039       2143
3010       2129
3057       2165
3045       2171
3064       2178
3020       2140
3038       2164
3049       2153
3049       2157
3082       2185
3044       2136
3047       2169
