0  1471622
38  2065
14  3308
26  3017
16  5926
36  2235
20  5589
18  3206
22  3085
15  2931
26  3467
29  2490
26  4111
30  3831
23  1790
39  4876
35  2384
53  6078
43  1559
42  2615
47  3033
25  2421
35  2471
27  2167
27  1854
44  2270
28  6030
27  3061
49  8728
40  2212
58  1970
36  5914
46  19685
52  5772
54  402125
39  4080
50  4221
41  2934
34  1620
33  1878
35  2023
37  4250
44  2202
46  2612
32  2260
35  2094
33  4361
28  2426
48  1675
55  1672
33  2039
36  486656
36  2836
32  1845
45  3267
45  3302
28  1747
27  3522
25  1937
39  2740
48  2275
44  2547
39  3023
46  2496
48  1780
68  2924
52  2068
30  5212
38  180957
32  1694
30  7369
32  2446
31  1645
48  20049
34  1786
28  1852
57  2704
55  12107
46  2371
28  2615
27  2101
34  2454
36  3314
34  1856
42  3413
39  323547
30  2425
36  2080
29  2703
26  1777
30  1880
32  3000
33  2637
31  2398
38  23694
35  2708
48  5875
27  2869
23  2304
32  3405
48  241026
34  2959
33  1681
32  4004
26  2787
45  3019
32  2056
37  2247
50  2319
38  2410
34  2518
35  25332
25  1737
40  4603
32  2407
31  236225
26  2280
39  22282
35  2389
33  2753
50  2218
65  2063
40  3914
46  10825
48  2740
45  2255
45  2440
41  2098
30  214628
46  32830
56  2507
45  2651
52  1999
35  12311
36  2894
76  10061
39  4293
59  3027
54  3167
100  206910
34  2813
79  6114
27  1900
92  2327
44  2618
71  5232
52  8032
56  2014
32  2595
37  839562
34  2741
36  1861
35  2524
42  3934
47  4236
36  4392
42  1557
41  2689
40  2248
57  376336
36  7086
44  4258
59  2153
49  2432
58  4134
61  2567
39  2469
35  2520
41  3017
35  517896
32  2683
51  2294
32  2415
46  3894
33  4385
38  1678
26  4359
63  3476
40  2065
30  4954
28  351640
28  3615
24  9116
46  2847
24  5205
23  2339
29  2598
36  2269
30  2865
55  1946
44  319289
24  3507
30  4087
44  2317
30  5019
39  2094
27  3287
27  5877
30  2215
21  1935
36  388616
28  3444
32  4446
30  2194
31  4760
33  2950
28  2679
44  5735
29  7572
28  261443
27  3624
23  5696
36  2442
35  2796
45  2726
36  2337
42  7612
99  287125
26  2655
24  3530
29  1494
30  3913
28  1968
45  4089
33  4443
49  205172
29  1783
24  2155
24  2298
81  3024
31  8794
25  1949
54  220611
20  2815
23  2608
24  2035
25  3682
39  5451
34  2311
71  247367
74  10650
32  9257
33  7244
32  2583
37  3591
31  2681
35  2119
32  185993
29  8921
29  1554
26  1679
92  1649
23  1630
30  3006
44  1915
39  173414
31  1963
120  2791
33  2391
105  2627
101  4930
38  5311
25  203952
32  2482
51  2217
36  2704
27  5359
110  3221
36  4075
41  2189
34  180928
148  3574
33  3226
25  2043
28  2254
36  2456
24  2374
27  2604
24  2648
33  391934
26  2897
20  1732
24  2378
32  2600
25  5847
21  2428
35  2379
24  3284
24  2240
28  241093
22  1628
24  20773
28  21535
29  2300
26  2001
35  2847
34  5734
34  1701
29  463022
25  3607
26  7215
28  2124
25  2789
28  2684
26  3195
45  3632
41  2614
35  2442
31  3763
32  217436
21  1975
25  6583
36  4682
36  3669
34  2339
31  3336
27  2804
23  3773
25  2941
23  1967
27  2370
38  205395
34  2569
21  3483
32  2422
25  1517
35  3173
32  4140
22  3824
26  3399
27  2188
19  1801
28  5422
33  349281
33  5018
28  21913
20  2254
21  3081
26  2517
131  7488
26  199076
24  4079
25  5085
23  2312
19  3295
28  2418
32  211752
24  1848
28  7555
28  5104
30  1738
21  2913
30  171237
35  1679
25  22665
22  2077
31  1490
36  2520
32  326245
27  2544
26  2178
23  1815
23  3439
32  4761
42  5175
38  3372
37  2740
32  2429
29  2505
27  3765
30  6001
22  8169
24  3924
30  2800
28  259791
24  2265
32  4188
34  5285
22  345912
22  2879
34  27004
28  2840
23  2055
32  226871
23  2670
29  1923
30  2825
28  3830
24  3804
26  660157
38  3118
32  2656
37  20298
40  3058
29  574100
27  3529
27  2831
33  6586
24  556710
32  2461
31  2461
38  2644
31  269371
37  3718
29  4374
34  3978
29  8543
23  2795
38  4096
25  4056
24  7263
52  3383
35  653900
35  4966
25  3218
29  2101
30  2298
24  4491
19  3112
29  2777
25  861543
24  4055
23  2592
29  3598
32  23710
41  3356
42  230916
28  5156
26  4964
27  7124
124  3604
32  560245
29  2230
32  3285
32  7768
34  3040
45  330804
27  2806
129  2530
29  3013
42  2880
37  539982
32  1824
37  3688
28  4310
33  3076
29  25482
26  3244
27  1832
45  4452
29  3731
33  2649
45  921221
29  2908
24  4464
20  3228
35  225229
25  2998
28  3092
55  3862
33  515784
27  2775
28  2367
22  1750
27  499983
27  2961
28  4226
23  2782
25  4705
50  3142
32  2884
34  3471
26  2683
23  3001
27  25735
29  4402
27  3634
22  3893
24  710285
27  2747
24  4684
22  2521
25  5308
26  2179
21  1896
24  3191
23  3469
20  2267
24  487506
17  20429
21  3262
21  22668
26  3040
32  590292
26  4919
27  3443
22  2694
28  477367
24  4137
28  8173
37  3441
31  241454
31  1699
25  3214
35  4706
28  295335
23  5294
27  6413
36  4179
32  2975
43  3709
28  1995
32  3205
28  2642
43  599317
41  2506
28  3530
27  2967
27  495505
31  2696
25  2940
41  3123
44  374375
43  2897
26  3500
31  4267
37  281989
39  3626
41  2314
38  3222
24  669385
30  6740
26  6616
32  3324
29  365745
32  3778
30  2617
29  3132
32  4782
39  563991
32  4420
32  2511
33  4804
38  4072
31  2418
30  3116
44  2681
25  5000
35  5878
27  520804
31  2631
66  3335
47  206639
33  2412
41  449573
29  2073
32  2324
24  6498
32  4287
29  6361
34  2375
34  3220
30  575031
32  3143
25  2386
27  1868
31  2794
33  3185
31  4069
36  622195
46  5715
39  3778
47  2615
49  4113
57  3945
48  5075
47  649389
40  3832
37  4004
49  3326
46  4065
43  1517485
31  26909
33  5420
31  3583
25  4098
25  24676
25  3425
24  2803
22  4737
20  4379
26  3275
33  4347
36  4411
25  1281207
27  3671
24  2004
31  6772
28  3486
33  2848
43  2740
20  7078
22  3776
26  3514
28  2987
31  6904
28  4237
28  27163
29  4627
137  7034
32  6167
23  3107
23  3228
27  5493
23  2578
30  4169
24  2106
32  20080
19  5721
19  2446
26  2079
23  4425
20  24667
17  2150
21  2720
21  4621
27  3232
20  2289
24  3888
23  2884
19  20259
24  2077
31  4378
23  3875
