29257
28292
27952
28132
28279
28340
28399
28351
28524
28433
28671
28705
28876
28796
28596
28665
28777
28619
28556
28602
28578
28470
28195
28372
28367
28436
28714
28590
28541
28168
27822
27886
28005
28046
28019
28089
28278
28739
28759
29115
29281
29341
29196
29368
29400
29361
29370
29117
29104
29207
29055
28998
28970
28926
28918
28974
29168
29315
29274
29642
29535
29485
29473
29460
29355
29023
28955
28761
28837
28680
28450
28421
28562
28651
28585
28606
28301
28349
28492
28315
28109
28184
27949
27826
27802
27778
27903
28056
28239
28443
28232
28042
28008
27996
27955
27722
27713
27456
27287
27416
27371
27524
27731
27611
27719
27592
27569
27851
27899
27968
27973
28002
28167
28267
28152
28224
28296
28037
28142
28228
28135
28380
28210
28115
28173
28142
28210
28243
28222
28287
28230
28331
28289
28073
28105
28278
28048
28152
28407
28331
28449
28245
28267
28198
28173
28299
28496
28419
28086
28113
28256
28258
28403
28284
28270
28342
28345
28247
28226
28176
28453
28495
28403
28401
28412
28285
28420
28511
28475
28533
28420
28543
28397
28599
28560
28629
28686
28703
28567
28706
28760
28726
28609
28747
28683
28688
28692
28876
28617
28620
28824
28843
28785
28950
28904
28822
28893
28959
28830
28870
29077
28804
28946
28908
28895
28923
28949
28981
29250
29174
29193
29069
29281
29231
29280
29187
29228
29472
29406
29243
29381
29300
29283
29492
29371
29276
29401
29548
29353
29499
29527
29591
29575
29727
29694
29619
29854
29712
29721
29691
29686
29608
29493
29714
29577
29481
29367
29657
29549
29565
29489
29591
29327
29389
29428
29283
29486
29537
29475
29514
29440
29424
29294
29331
29417
29335
29202
29363
29344
29509
29274
29162
29287
29181
29050
28884
28715
28696
28626
28516
28324
28444
28286
28147
28139
28106
27787
27758
27660
27505
27422
27512
27403
27404
27230
27102
27072
27050
27040
27344
26874
26961
26715
26768
26703
26777
26701
26556
26763
26746
26707
26612
26703
26648
26665
26384
26599
26294
26274
26346
26339
26192
26246
26222
26254
26432
26351
26376
26091
26312
26223
26177
26205
26173
26134
26142
26163
26106
26138
26188
26154
26223
26141
26124
26025
26168
26115
26125
26051
25967
25962
26174
26125
26099
26058
26163
26034
25923
26065
25924
25972
25850
25893
25876
25795
25865
25760
25819
25826
25680
25684
25615
25548
25609
25629
25656
25708
25596
25640
25615
25520
25417
25424
25514
25334
25289
25265
25258
25272
25600
25403
25425
25587
25572
25518
25510
25462
25427
25300
25232
25204
25055
25056
24747
24821
24820
24804
24712
24602
24504
24525
24249
24324
24143
23965
23979
23841
23625
23702
23501
23468
23459
23262
23258
23160
23069
23014
22852
22776
22657
22301
22363
22226
21927
21850
21831
21744
21617
21485
21484
21264
21171
21149
20974
21059
21193
20820
20916
20825
20884
20716
20822
20730
20585
20625
20559
20817
20674
20808
20913
20877
21004
21051
20965
20834
20805
20798
20670
20642
20504
20557
20285
20305
20190
20145
19958
20129
20352
20156
20246
20389
20416
20166
20407
20278
20223
20364
20329
20349
20360
20353
20233
20469
20514
20644
20773
20741
20677
20960
20905
20990
20929
21130
21261
21204
21267
21210
21321
21187
21168
21373
21451
21482
21388
21535
21666
21803
21820
21520
21498
21508
21451
21678
21485
21433
21169
21193
21409
21475
21565
21514
22167
22293
22434
22170
21726
21759
21186
21490
21173
21164
20994
21147
20922
21005
20793
20720
20692
20376
20389
20629
20509
20471
20251
20444
20379
20471
20643
20610
20445
20815
20916
20818
20847
21197
21057
21242
21237
21400
21516
21526
21729
21792
22051
22268
22326
22405
22401
22494
22706
22563
22886
22766
22745
22669
22882
22879
22884
22958
22869
22866
22783
22952
22840
23196
23144
23215
23347
23654
23395
23270
23593
23794
23581
23521
23594
23877
23931
23817
23953
24004
24004
23948
24079
24123
24332
24186
24376
24771
24416
24697
24753
24583
24706
24766
24954
24898
24720
24426
24421
24603
24445
24361
24122
24250
24194
24310
24193
24136
24064
24186
24156
24149
24328
24241
24184
24310
24135
24470
24185
24544
24381
24434
24269
24209
24197
24364
24369
24367
24490
24659
24780
24819
24719
24637
24614
24986
24896
24860
25184
25185
25110
25222
25101
24934
25193
25143
25181
25195
25518
25414
25266
25399
25517
25742
25748
25699
25717
25647
25471
25465
25517
25591
25461
25442
25312
25259
25187
25245
25350
25460
25316
25289
25163
25346
25204
25149
25115
25345
25283
25246
25320
25265
25204
25236
25438
25351
25216
25237
25374
25149
25204
25093
25262
25215
25045
25121
24751
24943
24973
24871
24790
25045
25153
25112
25174
25102
25057
25122
25079
25404
25316
25323
25390
25382
25573
25580
25370
25506
25424
25449
25741
25602
25693
25819
25653
25654
25543
25873
25706
25860
25878
25812
25551
25839
25884
25807
25505
25755
25800
25953
25858
25742
25604
25520
25759
25616
25831
25790
25899
25612
25710
25707
25874
25848
25555
25620
25652
25370
25460
25473
25481
25448
25457
25421
25350
25169
25251
25591
25272
25361
25546
25622
25505
25562
25538
25436
25450
25590
25621
25760
25664
25601
25596
25677
25641
25335
25663
25582
25576
25551
25404
25298
25260
25159
25266
25040
24798
24939
24996
24793
24694
24845
24876
24942
24900
24958
24829
24956
24812
24779
24744
24936
24832
24832
25094
25246
24773
24896
24857
24587
24903
24604
24566
24517
24671
24283
24430
24103
24383
24404
24409
24370
24469
24408
24547
24491
24245
24142
24132
23872
23767
23726
23659
23712
23807
23811
23528
24010
23734
23794
23659
23462
23267
23302
23342
23189
23198
23436
23450
23549
23671
23532
23365
23313
23063
23138
23012
23102
23069
22870
22971
22729
22524
22509
22178
22124
22085
21911
21634
21969
21706
21657
21490
21559
21510
21600
21551
21374
21319
21425
21527
21329
21243
21267
21142
21081
21185
21001
20703
20818
20517
20642
20541
20368
20199
20216
19986
20380
20269
20315
20509
20321
20206
20184
20508
20412
20437
20494
20462
20417
20570
20438
20287
20090
20071
19842
19721
19678
19825
19789
19940
20029
20245
20210
20207
20228
20412
20238
20368
20322
20604
20681
20685
20886
20801
20835
20966
21134
20979
21155
21319
21370
21518
21702
21468
21504
21501
21631
21870
22008
22164
22243
22477
22576
22545
22713
22559
22709
22830
22701
23360
23287
23535
23377
23617
23539
23678
23916
23850
23906
23656
23611
23689
23421
23366
23652
23363
23655
23569
23722
23869
24016
24207
24260
24634
24547
24913
24821
24589
24524
24658
24750
24700
24635
24621
25077
24704
24803
24727
24823
24660
24714
24930
24843
24997
25268
24919
25184
25187
25191
25091
25060
25024
25151
25074
25018
24827
25183
25085
25246
25559
25514
25451
25310
25643
26029
25903
25932
25971
25868
25891
25731
25900
25884
25720
25458
25534
25576
25772
25601
25553
25307
25264
25346
25667
25416
25291
25235
25063
25092
25055
25032
25142
24989
25260
25124
25222
24997
25415
25220
25383
25455
25562
25706
25752
25658
25620
25822
25688
25430
25593
25504
25361
25360
25397
25454
25450
25243
25159
25118
25149
24854
24888
24836
24733
24976
24503
24589
24616
24646
24664
24525
24497
24459
24407
24516
24237
24415
24420
24189
24371
24203
23858
24268
24105
24280
24134
24001
23957
23548
23440
23465
23188
23062
22956
22836
22974
22839
22628
22755
22667
22570
22512
22318
22261
22269
22294
22187
22049
21896
22022
22067
21965
21936
22028
21862
21906
21821
21750
21814
21991
21591
21542
21580
21558
21248
21262
21497
21550
21291
21231
21270
21202
21252
21183
20906
20826
20855
20895
20984
20837
20756
20916
20782
20918
20961
21015
20903
20812
20969
20741
20862
20998
21020
20952
21119
21017
21001
20946
20936
20941
20910
20950
20929
20932
21030
20846
20922
20972
20833
20886
20834
20876
21052
20917
21003
20835
20931
21054
20792
20945
21028
20760
21006
20844
21038
20923
21063
21068
21111
21140
21201
21132
21061
21007
21207
21048
21132
21084
21075
21145
21013
21063
21098
20997
21082
21052
