1837
1756
1749
1802
1817
1802
1788
1801
1773
1792
1828
1812
1833
1832
1850
1839
1856
1845
1887
1890
1822
1857
1819
1795
1790
1730
1720
1781
1773
1771
1730
1780
1767
1759
1771
1768
1818
1892
1871
1851
1928
1948
1912
1916
1848
1897
1925
1939
1864
1881
1818
1808
1804
1904
1868
1872
1859
1869
1827
1878
1898
1882
1872
1848
1868
1840
1838
1835
1831
1812
1860
1833
1824
1809
1809
1776
1766
1812
1747
1796
1786
1808
1825
1832
1805
1801
1807
1812
1830
1805
1807
1809
1746
1722
1731
1775
1735
1738
1755
1754
1756
1771
1780
1796
1751
1759
1808
1874
1860
1857
1833
1844
1827
1883
1861
1834
1833
1829
1844
1827
1803
1854
1845
1885
1906
1883
1870
1917
1855
1896
1838
1834
1836
1845
1877
1861
1867
1859
1868
1841
1865
1881
1889
1871
1866
1890
1887
1851
1876
1886
1893
1868
1830
1859
1813
1783
1821
1827
1778
1832
1867
1851
1831
1826
1823
1843
1793
1825
1856
1835
1815
1830
1836
1888
1912
1894
1839
1891
1871
1851
1864
1856
1897
1948
1874
1865
1944
1878
1905
1858
1890
1900
1926
1907
1918
1934
1891
1938
1908
1945
1948
1892
1937
1965
1946
1980
1954
1987
1954
1934
1959
1938
1974
1941
1953
1963
1994
1947
1995
1946
1974
2031
1962
1972
1955
1996
1985
1934
1985
1975
1995
1990
1959
1965
1911
1935
1908
1912
1960
1897
1942
1961
2007
1944
1933
1954
1936
1989
2011
1966
1973
2039
1998
2020
2024
2020
2009
2020
2003
1972
2006
2006
2000
1946
1950
1996
1975
1959
1926
1959
1943
1925
1905
1930
1916
1890
2000
1856
1865
1896
1842
1853
1892
1878
1825
1856
1811
1835
1804
1811
1812
1768
1818
1823
1848
1815
1858
1811
1802
1831
1793
1799
1765
1777
1803
1835
1847
1778
1814
1865
1905
1867
1839
1867
1846
1898
1919
1919
1895
1965
1894
1865
1909
1945
1927
1978
1933
1914
1897
1919
1939
1931
1956
1902
1906
1896
1942
1966
1933
2022
2012
2001
1993
2025
1982
2035
1971
1983
2025
2032
1986
1997
2000
2077
2027
2076
2069
2062
2069
2012
2035
2064
2057
2033
1989
2000
2034
2001
1989
1934
1974
2002
2011
1986
2033
2058
1999
2006
1992
2022
2012
2035
2020
2028
2019
2009
1980
2008
2027
2026
2066
2032
2030
2027
2047
2050
2099
2033
2044
2060
2110
2087
2045
2103
2055
2092
1975
2058
2034
2077
2088
2102
2071
2038
2057
2029
2055
2072
2021
2028
1997
1986
2048
2063
2023
2053
2025
2011
2060
1998
2029
2049
1998
2003
1967
2030
1969
2036
2048
1999
2028
2076
2059
2084
2029
2037
2016
2063
2054
2038
2064
2045
2073
2077
2041
2046
2044
2045
2010
2020
2031
2004
2028
2013
2027
1976
2052
2068
1976
1966
1959
1991
2015
1943
1985
1958
2009
2020
2040
2071
1995
2023
2027
1963
1959
1987
1974
1968
1938
1954
1935
1944
1933
1964
1995
1981
1927
1934
1930
1886
1911
1896
1988
1963
2023
2104
2068
2033
2027
2036
1998
2062
2044
2031
1961
1974
2042
2008
1972
1932
1886
1917
1834
1802
1818
1804
1816
1860
1853
1866
1935
1961
1949
1940
2034
2006
1971
1949
1861
1860
1837
1866
1826
1855
1797
1848
1839
1794
1865
1796
1802
1909
1899
1897
1818
1817
1773
1809
1759
1814
1780
1856
1813
1831
1808
1826
1829
1861
1847
1828
1869
1838
1852
1867
1894
1898
1902
1858
1845
1861
1827
1779
1780
1752
1771
1758
1721
1702
1743
1722
1713
1741
1736
1726
1740
1742
1737
1715
1806
1810
1786
1762
1795
1803
1792
1789
1752
1754
1765
1736
1738
1749
1787
1760
1699
1753
1791
1802
1747
1763
1783
1783
1804
1771
1805
1811
1873
1894
1888
1922
1892
1930
1868
1896
1872
1878
1868
1844
1840
1849
1848
1870
1877
1873
1852
1813
1833
1830
1846
1854
1844
1835
1820
1882
1841
1881
1895
1949
1903
1892
1916
1941
1914
1873
1878
1883
1903
1939
1913
1934
1935
1918
1938
1990
1959
1972
1957
1977
1955
1974
1999
1958
1964
1973
1941
1925
1895
1893
1906
1884
1854
1919
1955
2012
1978
2001
2037
2065
2077
2032
2014
2048
2048
2021
2015
1980
1977
1928
1945
1914
1937
1927
1910
1913
1981
1936
1923
1921
1935
1918
1904
1890
1920
1928
1931
1939
1990
1955
1969
1952
1944
1943
1937
1915
1912
1915
1913
1910
1922
1934
1926
1960
1984
2011
2008
2009
1998
1990
1885
1957
1927
1937
1984
1982
1897
1931
1882
1898
1964
1930
1952
1981
1925
1949
1953
1908
1920
1861
1893
1915
1958
1918
1937
2010
1978
2008
2023
2025
2079
2122
2009
1988
1976
1972
1893
1911
1900
1907
1939
1936
1879
1895
1896
1839
1842
1860
1840
1884
1876
1863
1843
1795
1901
1907
1898
1869
1890
1862
1844
1860
1864
1837
1840
1740
1812
1837
1846
1836
1777
1789
1769
1769
1697
1659
1697
1686
1702
1716
1690
1711
1711
1629
1676
1677
1712
1736
1683
1674
1660
1678
1703
1687
1740
1734
1761
1756
1744
1737
1688
1722
1766
1756
1710
1669
1673
1696
1728
1726
1735
1708
1748
1751
1707
1731
1745
1762
1731
1772
1785
1786
1823
1752
1792
1771
1716
1754
1726
1709
1638
1588
1643
1607
1642
1644
1641
1669
1626
1630
1655
1560
1579
1580
1606
1539
1617
1566
1615
1630
1584
1566
1521
1521
1575
1581
1551
1575
1581
1607
1570
1566
1561
1515
1454
1450
1355
1424
1417
1423
1388
1389
1430
1440
1446
1447
1431
1421
1401
1382
1330
1316
1345
1278
1246
1270
1359
1310
1279
1295
1301
1279
1274
1224
1278
1249
1265
1278
1317
1263
1252
1243
1270
1292
1250
1204
1208
1171
1203
1232
1276
1285
1289
1326
1318
1346
1376
1402
1341
1354
1321
1337
1317
1310
1331
1354
1364
1392
1404
1428
1463
1426
1406
1454
1428
1475
1463
1432
1393
1465
1461
1483
1450
1420
1416
1408
1488
1466
1519
1552
1624
1627
1646
1684
1626
1693
1751
1768
1728
1765
1747
1795
1756
1704
1723
1753
1693
1758
1731
1687
1714
1658
1724
1746
1749
1739
1809
1801
1751
1754
1708
1728
1687
1686
1667
1720
1794
1772
1769
1785
1814
1805
1819
1828
1821
1812
1793
1829
1798
1784
1809
1785
1759
1807
1725
1759
1772
1716
1719
1727
1698
1732
1700
1787
1800
1818
1807
1825
1801
1836
1813
1812
1844
1838
1894
1940
1943
1960
1925
1902
1912
1927
1938
1949
1923
1950
2018
1970
1952
2013
1978
1949
1965
1952
1951
1955
1910
1878
1904
1954
1882
1919
1969
1881
1946
2021
2095
2014
1986
1875
1887
1890
1914
1901
1874
1822
1846
1855
1858
1822
1822
1867
1802
1802
1806
1787
1796
1752
1787
1756
1730
1806
1785
1721
1835
1810
1860
1832
1862
1879
1848
1864
1848
1849
1823
1797
1787
1754
1753
1782
1786
1760
1789
1736
1721
1694
1648
1608
1604
1545
1507
1541
1516
1486
1516
1497
1520
1512
1538
1516
1494
1480
1467
1435
1397
1385
1416
1388
1374
1401
1389
1397
1374
1392
1368
1349
1370
1385
1364
1344
1403
1410
1376
1396
1429
1399
1420
1394
1411
1407
1424
1427
1419
1400
1356
1398
1407
1377
1363
1410
1337
1370
1421
1369
1401
1415
1405
1422
1389
1414
1406
1375
1394
1411
1407
1421
1418
1397
1395
1382
1372
1370
1351
1378
1331
1369
1377
1367
1357
1364
1353
1341
1357
1395
1329
1343
1332
1341
1341
1318
1322
1304
1354
1337
1346
1337
1297
1337
1302
1340
1299
1305
1346
1323
1338
1328
1293
1326
1324
1317
