1628062055.039612054 -0.00294592 0.00770815 0.0253783 0.0157927 0.00203221 -2.75452e-05 0.999873
1628062055.039612054 -0.00294592 0.00770815 0.0253783 0.0157927 0.00203221 -2.75452e-05 0.999873
1628062055.142908096 -0.00435109 0.00935026 0.0402147 0.0158076 0.00207907 -5.09191e-05 0.999873
1628062055.238318920 -0.00352417 0.00359292 0.036081 0.0158119 0.00212418 -7.26665e-05 0.999873
1628062055.339534044 -0.00505196 0.0038622 0.0533361 0.0157982 0.00210965 -0.000104775 0.999873
1628062055.435324907 -0.0066655 0.00406856 0.0726545 0.0157529 0.00212935 -9.46675e-05 0.999874
1628062055.543782949 -9.06514e-05 0.00455407 0.0691004 0.015743 0.00226331 -0.000108861 0.999874
1628062055.638855934 0.000424879 0.000255272 0.0571556 0.0158897 0.00223209 -0.000102962 0.999871
1628062055.740621089 -0.000708659 -0.000142971 0.0790341 0.0159065 0.00220469 -0.000114958 0.999871
1628062055.841233015 -0.00215061 -0.000662607 0.103722 0.0158425 0.00217892 -1.80646e-05 0.999872
1628062055.943279027 -0.0065981 -0.000894376 0.0913132 0.0158856 0.00208462 -5.23986e-05 0.999872
1628062056.044250011 -0.00905459 -0.00121381 0.117261 0.0158533 0.00207098 -1.05021e-05 0.999872
1628062056.139190912 -0.0094617 0.00156231 0.0971488 0.0156801 0.00212824 -7.38971e-05 0.999875
1628062056.240833997 -0.00983852 0.00293516 0.076309 0.0156076 0.00220218 -6.92181e-05 0.999876
1628062056.342597007 -0.0129808 0.00331564 0.100308 0.0156346 0.00248112 -0.000114779 0.999875
1628062056.443999052 -0.0188314 0.00372616 0.127679 0.0156448 0.00281218 -0.000155622 0.999874
1628062056.538887977 -0.0274667 0.0019889 0.102042 0.0157031 0.00269046 -0.000195594 0.999873
1628062056.639642000 -0.0385831 0.0024539 0.129374 0.0156088 0.00303925 -0.000504477 0.999873
1628062056.740454912 -0.0417262 0.00132088 0.106423 0.0154198 0.0036244 -0.000784551 0.999874
1628062056.841737031 -0.0583521 0.00175349 0.135018 0.0151692 0.00411086 -0.00106305 0.999876
1628062056.942655086 -0.0686684 0.00117093 0.107288 0.0149027 0.00484045 -0.000987128 0.999877
1628062057.043111085 -0.0942297 -2.14185e-05 0.135296 0.0145586 0.00475693 -0.000122671 0.999883
1628062057.143327951 -0.109036 0.00158153 0.109096 0.0143811 0.00507333 0.0022372 0.999881
1628062057.244604110 -0.143566 -0.00232324 0.138675 0.0144405 0.00515447 0.00566661 0.999866
1628062057.338516950 -0.175226 -0.000443013 0.111177 0.0144258 0.00460366 0.00981421 0.999837
1628062057.438549995 -0.214113 -0.00589072 0.140147 0.0144383 0.00443409 0.0151917 0.999771
1628062057.539741992 -0.2605 -0.0135214 0.111382 0.0145755 0.0038942 0.0210916 0.999664
1628062057.627002954 -0.293683 -0.0203915 0.135049 0.015025 0.0031361 0.026466 0.999532
1628062057.741878986 -0.328435 -0.0283998 0.105658 0.0158893 0.00263884 0.033231 0.999318
1628062057.836772918 -0.356342 -0.0352702 0.130814 0.0161772 0.00252185 0.0382647 0.999134
1628062057.944060087 -0.388006 -0.0336896 0.103067 0.0161398 0.00204881 0.0430195 0.998942
1628062058.038192987 -0.407767 -0.0375829 0.127573 0.0161429 0.00222059 0.0467816 0.998772
1628062058.139086961 -0.428037 -0.0292919 0.0981961 0.0159825 0.00205126 0.0497528 0.998632
1628062058.240855932 -0.440807 -0.0294092 0.123705 0.0161904 0.00214087 0.0515899 0.998535
1628062058.341507911 -0.442017 -0.0121557 0.097884 0.0159549 0.00232477 0.0525144 0.99849
1628062058.443756103 -0.444884 -0.00676051 0.123772 0.015836 0.00250512 0.0524893 0.998493
1628062058.543191909 -0.446157 0.00686874 0.0994323 0.0156158 0.00283608 0.0519178 0.998525
1628062058.636708974 -0.44593 0.0138484 0.12326 0.015708 0.00289975 0.0511932 0.998561
1628062058.743530988 -0.441028 0.0155408 0.0993326 0.0159433 0.00319904 0.0503928 0.998597
1628062058.843765020 -0.441543 0.0221237 0.124952 0.0158456 0.00322299 0.0498943 0.998624
1628062058.942291975 -0.439018 0.0172017 0.0992851 0.0159319 0.00284208 0.0493683 0.99865
1628062059.042097091 -0.438513 0.0225645 0.124427 0.0158646 0.00273495 0.0484905 0.998694
1628062059.141762018 -0.422233 0.0118698 0.098744 0.0162941 0.00295022 0.0473163 0.998743
1628062059.235608100 -0.416886 0.0157199 0.122266 0.0163276 0.00270312 0.0456544 0.99882
1628062059.342406034 -0.40266 0.0108379 0.0985817 0.0162308 0.00261762 0.0433236 0.998926
1628062059.443068981 -0.390443 0.015773 0.124452 0.0159436 0.00253109 0.0403101 0.999057
1628062059.538086891 -0.364541 0.00788059 0.098532 0.0160977 0.00283655 0.03671 0.999192
1628062059.638958930 -0.343682 0.0128893 0.123999 0.0158151 0.0028946 0.0321331 0.999354
1628062059.740039110 -0.320505 0.0174815 0.0979303 0.0152865 0.00297919 0.0264348 0.999529
1628062059.842168092 -0.290108 0.0244515 0.0789926 0.0147428 0.00329379 0.0200225 0.999685
1628062059.939910888 -0.261762 0.0309898 0.101415 0.0145402 0.00325719 0.0133927 0.999799
1628062060.027173995 -0.234783 0.0373138 0.124132 0.014241 0.00345101 0.00679327 0.99987
1628062060.140646934 -0.191369 0.0443191 0.103547 0.0134684 0.00334531 -0.00172055 0.999902
1628062060.241539955 -0.156422 0.0508666 0.129892 0.0130509 0.00315915 -0.00974936 0.999862
1628062060.342777967 -0.122999 0.0512568 0.105629 0.013375 0.00344837 -0.0177588 0.999747
1628062060.429918050 -0.0919437 0.0551576 0.128242 0.013565 0.00330458 -0.0250482 0.999589
1628062060.542841911 -0.0472333 0.0415275 0.101628 0.0139975 0.00313109 -0.0338428 0.999324
1628062060.636759042 -0.0130904 0.0426347 0.124184 0.0140482 0.00295601 -0.0418679 0.99902
1628062060.743542909 0.0301243 0.0313645 0.098805 0.0140314 0.00283995 -0.0508084 0.998606
1628062060.843812942 0.0675271 0.0303805 0.123354 0.0132596 0.00321638 -0.0590069 0.998164
1628062060.943805932 0.108637 0.0081795 0.0956641 0.0130777 0.00325302 -0.0675214 0.997627
1628062061.026030063 0.139261 0.00393778 0.115784 0.0127407 0.00349102 -0.0743767 0.997143
1628062061.144643068 0.175147 -0.00836924 0.0937352 0.0129412 0.00352149 -0.0837722 0.996395
1628062061.238497972 0.207764 -0.0159475 0.116557 0.0129068 0.00339515 -0.0910572 0.995756
1628062061.344463109 0.245479 -0.0263988 0.0956633 0.0127896 0.00342608 -0.0990766 0.994992
1628062061.432882070 0.275564 -0.033537 0.116586 0.0122733 0.00272554 -0.105879 0.9943
1628062061.538697004 0.311692 -0.0426179 0.144631 0.0114262 0.00197905 -0.113878 0.993427
1628062061.631850957 0.343912 -0.0504608 0.117117 0.0112301 0.00184468 -0.119904 0.99272
1628062061.740017890 0.385021 -0.0649062 0.0964802 0.0117162 0.00175103 -0.126593 0.991884
1628062061.839776039 0.419106 -0.0798156 0.123029 0.0123135 0.0021668 -0.130916 0.991315
1628062061.940601110 0.437183 -0.0808446 0.100201 0.0122178 0.00201958 -0.134348 0.990857
1628062062.040930986 0.468885 -0.0948265 0.126128 0.0117672 0.00179349 -0.137043 0.990494
1628062062.141773939 0.483811 -0.0987357 0.103482 0.011807 0.00166779 -0.139116 0.990204
1628062062.234563112 0.509528 -0.112592 0.127293 0.012575 0.00133132 -0.140485 0.990002
1628062062.342745065 0.53379 -0.119838 0.098535 0.0130573 0.000237603 -0.141716 0.989821
1628062062.442677974 0.560898 -0.13398 0.123047 0.012876 -0.000280875 -0.141603 0.98984
1628062062.541492938 0.578776 -0.134302 0.0976288 0.0123034 -0.000681858 -0.141676 0.989836
1628062062.641252040 0.604073 -0.147466 0.121511 0.0122159 -0.00138522 -0.141198 0.989905
1628062062.741779088 0.623595 -0.146016 0.0969365 0.0122513 -0.00184497 -0.140817 0.989958
1628062062.834429979 0.646932 -0.156335 0.118985 0.0121005 -0.00201104 -0.140033 0.990071
1628062062.940792083 0.678982 -0.151444 0.0957879 0.0112744 -0.00207499 -0.139192 0.990199
1628062063.033832073 0.704464 -0.159834 0.118291 0.0107529 -0.00237667 -0.137923 0.990382
1628062063.140048027 0.74465 -0.165041 0.0996062 0.0105859 -0.00171775 -0.136418 0.990593
1628062063.228224039 0.771791 -0.173624 0.121659 0.0108399 -0.00161212 -0.134724 0.990823
1628062063.341237068 0.807438 -0.185094 0.0985194 0.0118534 -0.000811063 -0.132061 0.99117
1628062063.441420078 0.840557 -0.19456 0.124106 0.0124851 0.000315389 -0.130123 0.991419
1628062063.541874885 0.872484 -0.200152 0.0989205 0.0124033 0.000705984 -0.127389 0.991775
1628062063.641696929 0.9053 -0.20812 0.123313 0.0119054 0.00101442 -0.124703 0.992122
1628062063.742944002 0.936114 -0.209391 0.101961 0.0121472 0.00121564 -0.121777 0.992482
1628062063.842801094 0.969005 -0.217576 0.126731 0.0127932 0.00124259 -0.119127 0.992796
1628062063.943737983 1.00449 -0.230692 0.0980586 0.0136546 0.00218876 -0.116236 0.993125
1628062064.037122011 1.03529 -0.237662 0.121514 0.0136919 0.00283222 -0.113847 0.9934
1628062064.144454002 1.06758 -0.240531 0.103536 0.0137055 0.00364726 -0.110882 0.993732
1628062064.237257003 1.09653 -0.246803 0.127879 0.0140285 0.00426974 -0.108724 0.993964
1628062064.344235897 1.13572 -0.258879 0.104549 0.0146204 0.00516275 -0.106139 0.99423
1628062064.444555044 1.16719 -0.266093 0.13081 0.0146781 0.00569788 -0.103638 0.99449
1628062064.537715911 1.19536 -0.280476 0.0982016 0.0146385 0.00582361 -0.101483 0.994713
1628062064.644153118 1.22955 -0.289007 0.123819 0.0145577 0.00621001 -0.0989612 0.994965
1628062064.744154930 1.25332 -0.295522 0.0925441 0.0143785 0.00587539 -0.0962898 0.995232
1628062064.837165117 1.28305 -0.302147 0.112889 0.0140765 0.00619414 -0.0937879 0.995473
1628062064.944801092 1.32147 -0.298973 0.0808908 0.0139404 0.00623914 -0.0907248 0.995759
1628062065.037645101 1.35172 -0.305636 0.0984432 0.0140658 0.00597687 -0.0880253 0.996001
1628062065.138829946 1.3811 -0.307684 0.0684614 0.0138067 0.00555107 -0.0853649 0.996239
1628062065.238980054 1.41271 -0.313737 0.0874667 0.0136785 0.00512603 -0.0826715 0.99647
1628062065.345016956 1.43921 -0.311159 0.0595697 0.0137228 0.0038044 -0.0805832 0.996646
1628062065.431448936 1.46494 -0.314128 0.0754464 0.0139586 0.00324523 -0.0797888 0.996709
1628062065.539033889 1.49304 -0.317119 0.0591626 0.0143846 0.00311984 -0.0797355 0.996707
1628062065.638206005 1.5221 -0.318489 0.0784707 0.0144536 0.00314627 -0.0802625 0.996664
1628062065.738104104 1.55111 -0.319133 0.0996907 0.014084 0.0025214 -0.0813679 0.996581
1628062065.837903022 1.5841 -0.320544 0.0861311 0.0139458 0.00293331 -0.0825228 0.996487
1628062065.945095062 1.61557 -0.329046 0.0680741 0.0140319 0.00292274 -0.0842177 0.996344
1628062066.039511919 1.6422 -0.330909 0.0871609 0.0138007 0.00189135 -0.0857874 0.996216
1628062066.138977050 1.68094 -0.339435 0.0663239 0.0135333 0.00162567 -0.0877507 0.996049
1628062066.239001035 1.71028 -0.342164 0.0882052 0.0128661 0.0013881 -0.0896337 0.995891
1628062066.334315061 1.74555 -0.355915 0.0698026 0.01251 0.000861161 -0.0909472 0.995777
1628062066.438314914 1.77623 -0.361777 0.0925175 0.0126333 0.000425376 -0.0928624 0.995599
1628062066.538444042 1.80387 -0.37336 0.075707 0.0131312 0.000427035 -0.0947674 0.995413
1628062066.638662099 1.83188 -0.379381 0.0975198 0.0124041 -0.000303882 -0.0964568 0.99526
1628062066.738404035 1.85333 -0.382196 0.0726044 0.0111788 -0.00111979 -0.0979607 0.995127
1628062066.839076042 1.87982 -0.388662 0.0946497 0.0107434 -0.00121275 -0.0994629 0.994983
1628062066.944448947 1.90762 -0.399599 0.0734354 0.0112005 -0.00173779 -0.101155 0.994806
1628062067.044428110 1.93342 -0.40791 0.0953573 0.0116439 -0.00192416 -0.102858 0.994626
1628062067.142908096 1.96173 -0.417775 0.0697962 0.0116329 -0.0012926 -0.104295 0.994478
1628062067.243020057 1.98899 -0.426361 0.0919299 0.0114927 -0.000781496 -0.106047 0.994294
1628062067.343300104 2.01779 -0.428042 0.0768979 0.0115954 -0.000210339 -0.107946 0.994089
1628062067.442702054 2.04533 -0.437507 0.100021 0.0121316 0.000214763 -0.109895 0.993869
1628062067.542901992 2.07303 -0.435295 0.0749476 0.0122071 0.000512455 -0.111652 0.993672
1628062067.643004894 2.10156 -0.443159 0.09773 0.0116777 0.000446353 -0.11368 0.993449
1628062067.743016958 2.14073 -0.451704 0.0745426 0.0108187 7.96894e-05 -0.115465 0.993253
1628062067.843518972 2.17116 -0.459836 0.0987327 0.0101283 5.78726e-05 -0.117728 0.992994
1628062067.943552970 2.20556 -0.471723 0.0769674 0.00978424 -0.000116173 -0.11927 0.992814
1628062068.043920040 2.23536 -0.482065 0.100402 0.00978644 -0.000582497 -0.121268 0.992571
1628062068.144376993 2.26605 -0.493868 0.0740503 0.010061 -0.000438853 -0.122913 0.992366
1628062068.243829965 2.29445 -0.504381 0.0972785 0.00991151 -0.000346516 -0.124386 0.992184
1628062068.336826086 2.31984 -0.500665 0.0677876 0.0091599 -0.000200887 -0.125475 0.992055
1628062068.442817926 2.34918 -0.510107 0.0924237 0.00889856 0.000279933 -0.126858 0.991881
1628062068.542587041 2.37509 -0.514679 0.0735894 0.00907641 0.000166677 -0.127821 0.991756
1628062068.642174959 2.40112 -0.524076 0.0964243 0.00937357 -0.00037901 -0.129205 0.991574
1628062068.742918968 2.42703 -0.526097 0.0709524 0.00942057 -0.0003279 -0.130074 0.99146
1628062068.844136953 2.45399 -0.534568 0.094377 0.00930307 -0.00025875 -0.131061 0.991331
1628062068.935648918 2.48236 -0.529049 0.0734963 0.009182 -0.000679381 -0.132177 0.991183
1628062069.040502071 2.51038 -0.536228 0.0990182 0.00953435 -0.00115569 -0.133286 0.991031
1628062069.140177011 2.54049 -0.542384 0.0761478 0.00959975 -0.00150799 -0.13443 0.990875
1628062069.239319086 2.56844 -0.548737 0.0994002 0.0091695 -0.00254517 -0.135598 0.990718
1628062069.339034080 2.59542 -0.562035 0.0813113 0.00885222 -0.00332544 -0.136804 0.990553
1628062069.439492940 2.62535 -0.570466 0.105541 0.00859417 -0.00370316 -0.13803 0.990384
1628062069.539889097 2.6539 -0.579049 0.0856892 0.00840153 -0.00386448 -0.139221 0.990218
1628062069.640701055 2.68425 -0.588462 0.10992 0.0081041 -0.00387697 -0.140379 0.990057
1628062069.739725112 2.71291 -0.587698 0.081718 0.00767679 -0.00346703 -0.141589 0.98989
1628062069.839391946 2.7422 -0.59583 0.106097 0.00698795 -0.00294153 -0.142664 0.989742
1628062069.940109968 2.77478 -0.599922 0.0801592 0.00652754 -0.00291803 -0.143546 0.989618
1628062070.038837909 2.80245 -0.607975 0.103882 0.00664381 -0.00278311 -0.14463 0.98946
1628062070.132563114 2.83196 -0.618317 0.0731756 0.00706953 -0.0030845 -0.145858 0.989275
1628062070.238509893 2.86139 -0.627671 0.0967483 0.00681401 -0.00400738 -0.146793 0.989136
1628062070.339088916 2.89775 -0.639972 0.0716624 0.00659999 -0.00380536 -0.148282 0.988916
1628062070.444483041 2.92904 -0.649985 0.0965041 0.00654436 -0.00353905 -0.14926 0.98877
1628062070.538476943 2.95001 -0.65863 0.0760515 0.00725265 -0.0038486 -0.150726 0.988541
1628062070.638298988 2.97801 -0.668607 0.0985931 0.00768446 -0.00420173 -0.152262 0.988301
1628062070.744693994 3.0157 -0.677749 0.0731724 0.00749734 -0.00394099 -0.15391 0.988049
1628062070.837493896 3.04315 -0.686441 0.0950814 0.00676119 -0.00389688 -0.155184 0.987855
1628062070.943521022 3.06884 -0.697569 0.0792807 0.00654962 -0.00388624 -0.156754 0.987608
1628062071.044158935 3.09823 -0.708285 0.102937 0.00642448 -0.00391663 -0.158325 0.987358
1628062071.143779993 3.12281 -0.722026 0.077857 0.00659177 -0.00412097 -0.159466 0.987173
1628062071.244164943 3.15295 -0.734562 0.100792 0.00684186 -0.00403134 -0.161134 0.986901
1628062071.344055891 3.17959 -0.745901 0.0734921 0.0070663 -0.0039205 -0.162604 0.986658
1628062071.444439888 3.21282 -0.759336 0.0963119 0.00709192 -0.00372225 -0.164528 0.98634
1628062071.544795989 3.25045 -0.76705 0.074688 0.00686282 -0.00341367 -0.1656 0.986163
1628062071.638720035 3.28257 -0.779065 0.0954692 0.0062778 -0.00354322 -0.167456 0.985853
1628062071.731585979 3.30839 -0.776493 0.0690294 0.00547297 -0.0040934 -0.168651 0.985652
1628062071.838581085 3.34372 -0.789074 0.0929767 0.00514752 -0.00424144 -0.170334 0.985364
1628062071.938307046 3.3769 -0.798093 0.0705314 0.00546294 -0.0038798 -0.171502 0.985161
1628062072.038615942 3.4096 -0.810675 0.0933678 0.00618947 -0.00387645 -0.17295 0.984903
1628062072.132246971 3.43098 -0.815349 0.069294 0.00690573 -0.0040944 -0.173944 0.984723
1628062072.238142013 3.46444 -0.828011 0.0933402 0.00711142 -0.00376317 -0.175037 0.984529
1628062072.338943004 3.49317 -0.834795 0.0708106 0.00648941 -0.00375356 -0.175699 0.984415
1628062072.438193082 3.52408 -0.847552 0.0933079 0.00572988 -0.00297549 -0.1753 0.984494
1628062072.538450956 3.55388 -0.862801 0.0754572 0.00542836 -0.00251404 -0.174549 0.98463
1628062072.638668060 3.58398 -0.878196 0.0972486 0.00546538 -0.00306638 -0.173046 0.984894
1628062072.738773107 3.61347 -0.88942 0.0710812 0.0061657 -0.00316162 -0.17136 0.985184
1628062072.839212894 3.64433 -0.905494 0.093315 0.00662271 -0.00290064 -0.169219 0.985552
1628062072.939482927 3.67309 -0.910604 0.0695485 0.00619527 -0.0033555 -0.167015 0.985929
1628062073.040930032 3.70486 -0.925677 0.0905755 0.00538579 -0.00367762 -0.16407 0.986427
1628062073.140609025 3.74071 -0.930211 0.0692664 0.00481499 -0.00359548 -0.161828 0.986801
1628062073.240675926 3.77314 -0.94526 0.0912146 0.00509276 -0.00336162 -0.158969 0.987265
1628062073.341909885 3.81904 -0.955882 0.0702127 0.0056274 -0.00221668 -0.156469 0.987664
1628062073.442429065 3.85354 -0.969934 0.0918416 0.00582315 -0.00178557 -0.153576 0.988118
1628062073.542438030 3.89783 -0.974726 0.0665201 0.0053249 -0.00156372 -0.151322 0.988469
1628062073.643744945 3.93425 -0.987327 0.087221 0.00471173 -0.00148427 -0.148225 0.988941
1628062073.743462085 3.97087 -0.994713 0.0617958 0.00440121 -0.00193978 -0.145508 0.989345
1628062073.844460964 4.00682 -1.00793 0.0810435 0.00436062 -0.00254712 -0.142515 0.98978
1628062073.938988924 4.0398 -1.0144 0.0562189 0.0043128 -0.00339415 -0.139432 0.990216
1628062074.031550884 4.07261 -1.0259 0.072751 0.00439578 -0.00429433 -0.136805 0.990579
1628062074.139641046 4.10905 -1.03156 0.0604652 0.00513758 -0.00362193 -0.133983 0.990964
1628062074.239598989 4.14526 -1.04412 0.0818072 0.00579473 -0.00273909 -0.130943 0.991369
1628062074.341173887 4.18347 -1.05132 0.0640309 0.00569869 -0.00275552 -0.128177 0.991731
1628062074.440673112 4.22027 -1.06108 0.0844505 0.00543332 -0.00273556 -0.126578 0.991938
1628062074.541387081 4.24608 -1.06828 0.0616778 0.00512193 -0.00325439 -0.125925 0.992021
1628062074.641912937 4.28215 -1.07707 0.0816103 0.00526993 -0.00338913 -0.125973 0.992014
1628062074.742935895 4.32139 -1.08467 0.0625417 0.00584662 -0.00336973 -0.126938 0.991888
1628062074.843054056 4.35739 -1.09247 0.0828359 0.00647643 -0.00382139 -0.128627 0.991664
1628062074.943836927 4.39684 -1.10125 0.0733287 0.00653921 -0.0043753 -0.130532 0.991413
1628062075.043445110 4.43173 -1.1092 0.0953116 0.00613967 -0.0049542 -0.132108 0.991204
1628062075.144056081 4.46739 -1.12859 0.0709422 0.0056286 -0.00531628 -0.134155 0.99093
1628062075.243166923 4.50069 -1.13847 0.0910209 0.00489961 -0.00575399 -0.135323 0.990773
1628062075.344211101 4.54309 -1.15308 0.0696508 0.00460059 -0.00510084 -0.136822 0.990572
1628062075.443876028 4.57613 -1.16496 0.0901988 0.00427588 -0.00462192 -0.137833 0.990435
1628062075.544131040 4.60611 -1.17352 0.0654222 0.00399847 -0.00380843 -0.138313 0.990373
1628062075.643935918 4.63708 -1.18677 0.0850027 0.00380525 -0.00396164 -0.138197 0.99039
1628062075.744126081 4.66459 -1.19255 0.0627226 0.00381503 -0.00488049 -0.138565 0.990334
1628062075.843868970 4.69407 -1.20649 0.0821291 0.00403606 -0.00556757 -0.138257 0.990372
1628062075.943820953 4.72384 -1.20874 0.0602433 0.00363876 -0.00621254 -0.138291 0.990365
1628062076.043839931 4.75327 -1.22121 0.0794335 0.00338406 -0.00609593 -0.137698 0.99045
1628062076.137489080 4.78567 -1.22159 0.0625576 0.00291442 -0.00605033 -0.137352 0.990499
1628062076.237737894 4.81434 -1.23298 0.0808748 0.00273415 -0.00656559 -0.136521 0.990612
1628062076.339457035 4.84639 -1.23168 0.0590935 0.00240261 -0.0062343 -0.136311 0.990644
1628062076.439232110 4.87576 -1.24155 0.0780723 0.00210107 -0.00632298 -0.135637 0.990736
1628062076.539700984 4.90796 -1.23634 0.0607873 0.00157827 -0.0060707 -0.134994 0.990827
1628062076.638957977 4.93816 -1.24511 0.0801856 0.00157994 -0.00561003 -0.13447 0.990901
1628062076.739089965 4.97225 -1.2492 0.0636603 0.00217501 -0.00519251 -0.133614 0.991017
1628062076.839068889 5.00326 -1.25893 0.0847878 0.00334785 -0.00406457 -0.133106 0.991088
1628062076.938369035 5.03836 -1.26885 0.0630431 0.00414067 -0.00342924 -0.131769 0.991266
1628062077.038062095 5.07104 -1.2782 0.0830263 0.00405263 -0.00295569 -0.130759 0.991402
1628062077.138464927 5.10052 -1.29196 0.0625552 0.00372672 -0.00269873 -0.129126 0.991618
1628062077.238859891 5.13271 -1.30247 0.0815342 0.00380564 -0.00277378 -0.127621 0.991812
1628062077.338187932 5.16309 -1.32182 0.064196 0.00438893 -0.00356159 -0.126172 0.991992
1628062077.438424110 5.19469 -1.33405 0.0834563 0.00466299 -0.00377922 -0.124455 0.992207
1628062077.538417100 5.22642 -1.33294 0.0632115 0.0045123 -0.00324421 -0.122945 0.992398
1628062077.639060974 5.25748 -1.34307 0.0829365 0.0040291 -0.00331744 -0.121071 0.99263
1628062077.739061117 5.28639 -1.34724 0.0653126 0.00356324 -0.00352588 -0.119199 0.992858
1628062077.839767932 5.31698 -1.35653 0.0858941 0.00329479 -0.00268602 -0.117614 0.99305
1628062077.939203023 5.3522 -1.36205 0.0653486 0.00270708 -0.00263492 -0.116229 0.993215
1628062078.039109945 5.38344 -1.37084 0.0839858 0.00163204 -0.0027436 -0.114473 0.993421
1628062078.139919996 5.419 -1.3738 0.0627566 0.000784247 -0.00261956 -0.11259 0.993638
1628062078.240370035 5.45343 -1.38461 0.0811364 0.00097876 -0.00284054 -0.110349 0.993888
1628062078.340892076 5.49046 -1.38967 0.0603723 0.00209767 -0.0032454 -0.108285 0.994112
1628062078.440738916 5.52664 -1.40118 0.0786949 0.00318124 -0.00401725 -0.106091 0.994343
1628062078.540709018 5.57192 -1.40209 0.064086 0.00295467 -0.0041748 -0.104145 0.994549
1628062078.640914916 5.60977 -1.40999 0.0829642 0.00259669 -0.00526434 -0.102376 0.994728
1628062078.740550994 5.64944 -1.41466 0.07286 0.00260026 -0.00647867 -0.101301 0.994831
1628062078.840575933 5.68617 -1.42217 0.0943247 0.00333632 -0.0068938 -0.100984 0.994859
1628062078.941611051 5.71818 -1.42956 0.0730407 0.00404419 -0.00693673 -0.101335 0.99482
1628062079.040961980 5.75322 -1.4352 0.0948984 0.00416044 -0.00660374 -0.10203 0.994751
1628062079.141012907 5.7965 -1.44446 0.0789177 0.00406117 -0.00606583 -0.103553 0.994597
1628062079.240753889 5.83317 -1.4496 0.100626 0.00379942 -0.00630951 -0.105502 0.994392
1628062079.341633081 5.88252 -1.46344 0.0777243 0.00349754 -0.00678293 -0.108262 0.994093
1628062079.442677021 5.92355 -1.46993 0.0985411 0.00288046 -0.00698047 -0.111258 0.993763
1628062079.543401956 5.96676 -1.48309 0.0741131 0.00253491 -0.00740358 -0.114552 0.993386
1628062079.644546031 6.0117 -1.49211 0.0939034 0.00236294 -0.0074591 -0.11831 0.992946
1628062079.738739013 6.05202 -1.51164 0.0735211 0.00270332 -0.00698653 -0.121587 0.992553
1628062079.840102910 6.09879 -1.52477 0.093056 0.00286488 -0.00666283 -0.12505 0.992124
1628062079.940514087 6.14024 -1.54344 0.070712 0.00333135 -0.00605183 -0.127761 0.991781
1628062080.041666030 6.18701 -1.56059 0.0916666 0.0041579 -0.00450047 -0.129775 0.991525
1628062080.141902923 6.23262 -1.57958 0.11521 0.00557842 -0.00324206 -0.131494 0.991296
1628062080.241632938 6.27529 -1.59596 0.0896215 0.0062461 -0.00285781 -0.132316 0.991184
1628062080.342308044 6.32522 -1.6043 0.0678116 0.00527905 -0.00283316 -0.132802 0.991125
1628062080.442580938 6.37229 -1.62158 0.0860739 0.00428758 -0.00255319 -0.132867 0.991121
1628062080.542004108 6.4212 -1.62461 0.0638889 0.00419119 -0.00243478 -0.132117 0.991222
1628062080.642014980 6.46868 -1.64371 0.0821202 0.00579892 -0.00182898 -0.132462 0.991169
1628062080.741487979 6.52099 -1.65097 0.0699037 0.0067577 -0.00125837 -0.131917 0.991237
1628062080.842243909 6.57013 -1.6673 0.0876867 0.00637377 -0.00154288 -0.131635 0.991277
1628062080.942173957 6.61693 -1.67045 0.0664824 0.00531338 -0.0026513 -0.130264 0.991462
1628062081.042397022 6.66491 -1.68649 0.0836145 0.00509992 -0.00320634 -0.128947 0.991633
1628062081.141921043 6.71113 -1.6935 0.0667108 0.0057871 -0.00377387 -0.1279 0.991763
1628062081.241307020 6.75793 -1.71057 0.0817238 0.00665789 -0.00458187 -0.126737 0.991903
1628062081.342246055 6.7973 -1.71736 0.0638741 0.00677071 -0.00467099 -0.125624 0.992044
1628062081.442332029 6.84473 -1.73073 0.080395 0.00603861 -0.00453336 -0.124456 0.992196
1628062081.543291091 6.88831 -1.7352 0.0655126 0.00514941 -0.00512942 -0.122615 0.992428
1628062081.643749952 6.93398 -1.74858 0.0821086 0.00493112 -0.00565267 -0.12087 0.99264
1628062081.744029045 6.9718 -1.7587 0.0619015 0.00579566 -0.00708224 -0.119267 0.99282
1628062081.844141006 7.0147 -1.7726 0.0774619 0.0071637 -0.00854383 -0.11754 0.993006
1628062081.943459033 7.06351 -1.78275 0.0632687 0.00862382 -0.00876397 -0.116563 0.993107
1628062082.043803930 7.10688 -1.79519 0.081522 0.00979533 -0.00824075 -0.115578 0.993216
1628062082.143783092 7.16812 -1.80747 0.0701451 0.0101741 -0.00779211 -0.11433 0.99336
1628062082.242940902 7.21389 -1.81868 0.0880584 0.00949901 -0.0076465 -0.113303 0.993486
1628062082.344274997 7.27646 -1.83074 0.0706868 0.00857989 -0.00713183 -0.111674 0.993682
1628062082.443578958 7.32536 -1.84205 0.0886121 0.0081333 -0.0071816 -0.1104 0.993828
1628062082.537395954 7.37907 -1.85514 0.0674653 0.00848523 -0.00671536 -0.108859 0.993998
1628062082.638283014 7.43014 -1.86786 0.0870042 0.009005 -0.00591734 -0.107562 0.99414
1628062082.731451988 7.47978 -1.87849 0.0696598 0.00869222 -0.00577938 -0.106309 0.994278
1628062082.844758033 7.53602 -1.89098 0.0911782 0.00789844 -0.00511571 -0.104625 0.994467
1628062082.937894105 7.60381 -1.89438 0.0727995 0.00744907 -0.00365411 -0.103481 0.994597
1628062083.044255018 7.65861 -1.9059 0.0923899 0.00797212 -0.0032337 -0.101798 0.994768
1628062083.144325017 7.71603 -1.91402 0.0753743 0.00913029 -0.00351022 -0.10077 0.994862
1628062083.237911939 7.76484 -1.92409 0.0908477 0.00998205 -0.00409818 -0.100087 0.99492
1628062083.338584899 7.81431 -1.93138 0.0660406 0.010282 -0.004474 -0.0985877 0.995065
1628062083.439903974 7.86805 -1.94109 0.0835852 0.00997172 -0.00376276 -0.0976909 0.99516
1628062083.540770053 7.92089 -1.95891 0.0699644 0.00915698 -0.00361674 -0.0955897 0.995372
1628062083.640945911 7.97381 -1.97007 0.0862068 0.00866714 -0.00428666 -0.0942471 0.995502
1628062083.740638971 8.01607 -1.97872 0.0667423 0.0088584 -0.00441087 -0.0934301 0.995577
1628062083.840481996 8.06698 -1.99002 0.0856158 0.00890411 -0.00325597 -0.0926651 0.995652
1628062083.940740108 8.11515 -1.9939 0.068963 0.00759119 -0.00306957 -0.091833 0.995741
1628062084.039788007 8.16493 -2.00086 0.0869542 0.00542053 -0.00333005 -0.0916883 0.995767
1628062084.139751911 8.21898 -2.00716 0.0687147 0.0038262 -0.0034895 -0.0908309 0.995853
1628062084.240329980 8.26929 -2.01696 0.0864906 0.00406933 -0.00375127 -0.0902323 0.995905
1628062084.340790033 8.33028 -2.03378 0.0780116 0.00583636 -0.00260391 -0.0895487 0.995962
1628062084.440157890 8.38199 -2.04715 0.0969148 0.00719329 -0.00198959 -0.0884702 0.996051
1628062084.539515972 8.44015 -2.05127 0.0721215 0.0076284 -0.00239332 -0.0880143 0.996087
1628062084.640641927 8.49338 -2.06142 0.0902377 0.00734795 -0.0022471 -0.0880666 0.996085
1628062084.741345882 8.55049 -2.06983 0.0709887 0.00744792 -0.00168534 -0.0877421 0.996114
1628062084.841315031 8.60274 -2.08193 0.0883362 0.00808983 -0.0016888 -0.0869269 0.99618
1628062084.941431045 8.65286 -2.09395 0.0773249 0.00843485 -0.00254834 -0.0872918 0.996144
1628062085.041549921 8.70378 -2.10535 0.0943722 0.00725019 -0.00274224 -0.0859577 0.996269
1628062085.141860008 8.75906 -2.11431 0.076265 0.00511437 -0.00234583 -0.0847924 0.996383
1628062085.241831064 8.81116 -2.12608 0.094889 0.00368001 -0.00168419 -0.0828993 0.99655
1628062085.342183113 8.86195 -2.13208 0.0812051 0.00326415 -0.00196764 -0.0809065 0.996714
1628062085.442959070 8.914 -2.14616 0.097651 0.00367112 -0.00271661 -0.0786051 0.996895
1628062085.537293910 8.96309 -2.15025 0.0745576 0.00432906 -0.00274726 -0.0771351 0.997007
1628062085.643758058 9.01869 -2.16331 0.0919829 0.00469021 -0.00278933 -0.0751796 0.997155
1628062085.744137048 9.08359 -2.16293 0.0745036 0.00453097 -0.0030172 -0.0736091 0.997272
1628062085.837416887 9.13291 -2.173 0.0894767 0.00458343 -0.00347413 -0.0718882 0.997396
1628062085.937591075 9.18654 -2.18235 0.067157 0.00499566 -0.00422495 -0.0705018 0.99749
1628062086.038583993 9.2391 -2.19282 0.0824724 0.00576027 -0.00487908 -0.0701785 0.997506
1628062086.118210077 9.28062 -2.20089 0.0959217 0.00591837 -0.00507133 -0.0698199 0.997529
1628062086.118210077 9.28062 -2.20089 0.0959217 0.00591837 -0.00507133 -0.0698199 0.997529
1628062086.118210077 9.28062 -2.20089 0.0959217 0.00591837 -0.00507133 -0.0698199 0.997529
1628062086.118210077 9.28062 -2.20089 0.0959217 0.00591837 -0.00507133 -0.0698199 0.997529
1628062086.539323091 9.5178 -2.22213 0.0426343 0.00492929 -0.00589092 -0.0698818 0.997526
1628062086.639219045 9.57169 -2.23115 0.059157 0.00521434 -0.00502455 -0.0701412 0.997511
1628062086.738948106 9.61786 -2.25514 0.0517435 0.00488712 -0.0050228 -0.0703294 0.997499
1628062086.839323043 9.66946 -2.26649 0.0689507 0.00387003 -0.00486679 -0.0706079 0.997485
1628062086.939867973 9.72141 -2.27885 0.091758 0.00320946 -0.00328691 -0.0705538 0.997497
1628062087.040347099 9.77806 -2.26848 0.0975238 0.0032004 -0.00222372 -0.0702033 0.997525
1628062087.140512943 9.83846 -2.27399 0.0962778 0.00443046 -0.00227599 -0.0701487 0.997524
1628062087.240736007 9.88949 -2.28451 0.120585 0.00536127 -0.00270783 -0.0706403 0.997484
1628062087.340841054 9.95678 -2.28556 0.100915 0.00532785 -0.00225166 -0.071074 0.997454
1628062087.440794944 10.0081 -2.29389 0.125106 0.00489356 -0.00314105 -0.0711967 0.997445
1628062087.540478944 10.0589 -2.30182 0.103053 0.00411808 -0.00394179 -0.0712333 0.997443
1628062087.641834974 10.1101 -2.31155 0.127719 0.00435533 -0.0043945 -0.0711697 0.997445
1628062087.741777896 10.1727 -2.3189 0.101877 0.00492805 -0.0047457 -0.0718734 0.99739
1628062087.841578006 10.2248 -2.3285 0.126793 0.00503869 -0.00504864 -0.0719804 0.997381
1628062087.942694902 10.2823 -2.3285 0.0973613 0.00397644 -0.00585931 -0.0726059 0.997336
1628062088.041832923 10.3328 -2.33556 0.120363 0.00317877 -0.00700978 -0.0728916 0.99731
1628062088.143064975 10.3901 -2.34538 0.102294 0.00319363 -0.006984 -0.0740162 0.997227
1628062088.242249965 10.4395 -2.3548 0.126666 0.00383297 -0.0072458 -0.0743884 0.997196
1628062088.342106103 10.4947 -2.36272 0.103948 0.00478151 -0.00695276 -0.0750268 0.997146
1628062088.442650079 10.5444 -2.37086 0.130815 0.00473526 -0.00574958 -0.0762069 0.997064
1628062088.542576074 10.6001 -2.37597 0.102645 0.00320158 -0.00624607 -0.0769702 0.997009
1628062088.642896890 10.6493 -2.38335 0.127569 0.00206364 -0.0068052 -0.0773472 0.996979
1628062088.709620952 10.6816 -2.38919 0.146625 0.00208077 -0.0065937 -0.0783153 0.996905
1628062088.709620952 10.6816 -2.38919 0.146625 0.00208077 -0.0065937 -0.0783153 0.996905
1628062088.709620952 10.6816 -2.38919 0.146625 0.00208077 -0.0065937 -0.0783153 0.996905
1628062088.709620952 10.6816 -2.38919 0.146625 0.00208077 -0.0065937 -0.0783153 0.996905
1628062089.136568069 10.9014 -2.41128 0.038749 0.00468345 -0.00892073 -0.0837211 0.996438
1628062089.242945909 10.9507 -2.42041 0.0501692 0.00413835 -0.00904487 -0.0855202 0.996287
1628062089.336688995 10.9832 -2.43394 0.0602315 0.00395102 -0.00844597 -0.087689 0.996104
1628062089.444403886 11.029 -2.44469 0.0765217 0.00322516 -0.00932734 -0.0903133 0.995865
1628062089.538326025 11.071 -2.44348 0.0726205 0.00207021 -0.0102726 -0.0922303 0.995683
1628062089.638349056 11.1138 -2.45298 0.0913225 0.00153008 -0.0102813 -0.0947285 0.995449
1628062089.739079952 11.173 -2.46214 0.0870452 0.0013396 -0.00987616 -0.0970161 0.995233
1628062089.838274002 11.217 -2.47379 0.108889 0.00126693 -0.00937555 -0.0992209 0.99502
1628062089.938836097 11.271 -2.47933 0.100515 0.00116823 -0.00903598 -0.101677 0.994776
1628062090.033010005 11.3127 -2.49108 0.122877 0.00148597 -0.00894298 -0.103892 0.994547
1628062090.139801979 11.3552 -2.49518 0.105498 0.00206171 -0.00746023 -0.106737 0.994257
1628062090.240694999 11.3975 -2.50723 0.131668 0.00237177 -0.00705577 -0.109074 0.994006
1628062090.342279911 11.4519 -2.5186 0.11512 0.00182678 -0.00672859 -0.111824 0.993704
1628062090.442778110 11.4944 -2.52972 0.140949 0.00048999 -0.00672336 -0.114352 0.993417
1628062090.536843061 11.5335 -2.54079 0.167185 -0.00113611 -0.00714214 -0.116435 0.993172
1628062090.638001918 11.5972 -2.55569 0.144211 -0.00178892 -0.00563669 -0.11739 0.993068
1628062090.738259077 11.6439 -2.56711 0.12091 -0.00102811 -0.00380738 -0.118382 0.99296
1628062090.838423013 11.6891 -2.58457 0.147015 -0.000469751 -0.0029176 -0.118549 0.992944
1628062090.917676925 11.7252 -2.59725 0.168861 -0.000626134 -0.00256309 -0.119342 0.99285
1628062090.917676925 11.7252 -2.59725 0.168861 -0.000626134 -0.00256309 -0.119342 0.99285
1628062090.917676925 11.7252 -2.59725 0.168861 -0.000626134 -0.00256309 -0.119342 0.99285
1628062090.917676925 11.7252 -2.59725 0.168861 -0.000626134 -0.00256309 -0.119342 0.99285
1628062091.338206052 11.9395 -2.62641 0.0684723 0.00356152 -0.00365461 -0.122666 0.992435
1628062091.437225103 11.9823 -2.63868 0.0843018 0.00357277 -0.00327567 -0.123658 0.992313
1628062091.537734985 12.0513 -2.64169 0.0777851 0.00186104 -0.00287726 -0.123757 0.992307
1628062091.638503074 12.097 -2.65336 0.0961547 0.00108956 -0.0028159 -0.123768 0.992307
1628062091.738725900 12.1349 -2.67139 0.0930118 0.00154164 -0.00261103 -0.123808 0.992302
1628062091.839050054 12.1788 -2.68655 0.112293 0.00221766 -0.00361775 -0.124077 0.992264
1628062091.932398080 12.2319 -2.69971 0.105479 0.0018659 -0.00463163 -0.124436 0.992215
1628062092.038764953 12.2805 -2.71626 0.128503 0.00115087 -0.00526545 -0.124015 0.992266
1628062092.138803005 12.3468 -2.73224 0.113257 0.000608657 -0.00532327 -0.123286 0.992357
1628062092.239520072 12.3943 -2.75048 0.135344 0.00110887 -0.0061707 -0.122201 0.992486
1628062092.340348005 12.4506 -2.75611 0.119808 0.00134922 -0.00627538 -0.121821 0.992531
1628062092.440207958 12.4995 -2.77132 0.14336 0.0012156 -0.00648178 -0.121437 0.992577
1628062092.534579038 12.5524 -2.7791 0.117907 0.00026871 -0.0062287 -0.120442 0.992701
1628062092.641613960 12.6081 -2.79548 0.144971 0.000295378 -0.00496121 -0.119533 0.992818
1628062092.734798908 12.656 -2.81232 0.170296 0.000985937 -0.00529889 -0.118164 0.992979
1628062092.835964918 12.7148 -2.81822 0.148237 0.00171704 -0.00667469 -0.118213 0.992964
1628062092.936131954 12.7707 -2.82808 0.125161 0.00232406 -0.00673845 -0.116898 0.993118
1628062093.036638975 12.8247 -2.84289 0.151914 0.00289581 -0.00563066 -0.117051 0.993106
1628062093.136661052 12.8809 -2.85196 0.129466 0.00266458 -0.00475144 -0.115851 0.993252
1628062093.237498044 12.9316 -2.86596 0.155916 0.00252516 -0.00707689 -0.11513 0.993322
1628062093.337579965 12.976 -2.87502 0.128062 0.0018506 -0.0130352 -0.114153 0.993376
1628062093.439496040 13.0215 -2.88807 0.151089 0.00166503 -0.0167511 -0.11295 0.993458
1628062093.539134025 13.0768 -2.89345 0.123311 0.00143082 -0.018341 -0.112088 0.993528
1628062093.639650106 13.1212 -2.90521 0.143211 0.000472096 -0.0232922 -0.110539 0.993599
1628062093.740381956 13.1712 -2.91596 0.123934 9.49386e-05 -0.0266002 -0.110056 0.993569
1628062093.840054035 13.2155 -2.92802 0.148109 0.000632217 -0.028418 -0.108829 0.993654
1628062093.940735101 13.2686 -2.93797 0.129651 0.00193752 -0.0312206 -0.108 0.993659
1628062094.035326957 13.3124 -2.94899 0.150878 0.00226022 -0.0348208 -0.106943 0.993653
1628062094.135590076 13.3593 -2.95229 0.135699 0.0011697 -0.0384539 -0.106309 0.993589
1628062094.235486984 13.407 -2.9613 0.158615 -0.000137389 -0.0416016 -0.105076 0.993594
1628062094.344033956 13.4611 -2.98114 0.153471 0.000503285 -0.039245 -0.104218 0.99378
1628062094.443479061 13.507 -2.99277 0.184775 0.00162272 -0.0374461 -0.103488 0.993924
1628062094.543662071 13.5544 -2.99864 0.178206 0.00212789 -0.0382628 -0.102123 0.994033
1628062094.644200086 13.6011 -3.00827 0.210641 0.00198688 -0.0373893 -0.101585 0.994122
1628062094.737818956 13.6461 -3.01887 0.17816 0.00163931 -0.0366349 -0.100778 0.994233
1628062094.837656021 13.6932 -3.02973 0.207293 0.00174611 -0.0362721 -0.0998225 0.994342
1628062094.923609972 13.734 -3.04001 0.236058 0.00242627 -0.0355534 -0.0988332 0.994466
1628062094.923609972 13.734 -3.04001 0.236058 0.00242627 -0.0355534 -0.0988332 0.994466
1628062094.923609972 13.734 -3.04001 0.236058 0.00242627 -0.0355534 -0.0988332 0.994466
1628062094.923609972 13.734 -3.04001 0.236058 0.00242627 -0.0355534 -0.0988332 0.994466
1628062095.337238073 13.9647 -3.08219 0.151279 0.00312571 -0.0357176 -0.0943717 0.994891
1628062095.437403917 14.016 -3.09714 0.170287 0.00394218 -0.0352605 -0.0930671 0.995027
1628062095.544504880 14.0844 -3.10746 0.16758 0.00414643 -0.0356551 -0.0917984 0.99513
1628062095.644741058 14.1384 -3.12033 0.18844 0.00411666 -0.0347469 -0.0909166 0.995244
1628062095.737941026 14.1885 -3.13328 0.21161 0.00419683 -0.0337607 -0.0897519 0.995383
1628062095.844197988 14.2641 -3.14616 0.193697 0.00401667 -0.0332386 -0.0885651 0.995508
1628062095.937057018 14.3205 -3.15723 0.186353 0.00355204 -0.0328737 -0.0876004 0.995607
1628062096.043670892 14.3805 -3.17169 0.211463 0.00304919 -0.032298 -0.0860101 0.995766
1628062096.144505977 14.4494 -3.17528 0.198921 0.00281323 -0.0309635 -0.0845599 0.995933
1628062096.237140893 14.5027 -3.18828 0.221385 0.00326261 -0.0304422 -0.0831493 0.996067
1628062096.343539953 14.5768 -3.19187 0.215077 0.00332079 -0.0300706 -0.081988 0.996174
1628062096.443437099 14.6354 -3.20343 0.24114 0.00361648 -0.0297613 -0.0808695 0.996274
1628062096.536838054 14.7006 -3.21347 0.227113 0.00372929 -0.0293511 -0.0796339 0.996385
1628062096.636288881 14.7594 -3.22417 0.25257 0.00345391 -0.0297858 -0.0790396 0.99642
1628062096.716171026 14.8063 -3.23243 0.273853 0.00279116 -0.0303435 -0.07833 0.996462
1628062096.716171026 14.8063 -3.23243 0.273853 0.00279116 -0.0303435 -0.07833 0.996462
1628062096.716171026 14.8063 -3.23243 0.273853 0.00279116 -0.0303435 -0.07833 0.996462
1628062096.716171026 14.8063 -3.23243 0.273853 0.00279116 -0.0303435 -0.07833 0.996462
1628062097.143471956 15.0723 -3.26598 0.208452 0.00461558 -0.0319689 -0.0752022 0.996645
1628062097.244056940 15.1328 -3.27593 0.228229 0.00450755 -0.0314412 -0.0753077 0.996654
1628062097.324160099 15.1912 -3.27844 0.219828 0.00423456 -0.030951 -0.0759393 0.996623
1628062097.444689989 15.2635 -3.28699 0.244674 0.00328054 -0.0312376 -0.0776601 0.996485
1628062097.538414001 15.3224 -3.2909 0.242023 0.0025805 -0.0313973 -0.0785825 0.99641
1628062097.639139890 15.3829 -3.29862 0.266016 0.00276254 -0.0308094 -0.0801829 0.9963
1628062097.739228963 15.4416 -3.30835 0.292797 0.00368209 -0.0305752 -0.0814025 0.996205
1628062097.838808059 15.509 -3.32246 0.292546 0.00464606 -0.0307555 -0.0832131 0.996046
1628062097.939443111 15.5676 -3.33302 0.320977 0.00493992 -0.0305412 -0.0849783 0.995902
1628062098.039216041 15.6312 -3.35137 0.310639 0.00503933 -0.0297011 -0.0864648 0.995799
1628062098.140221118 15.6894 -3.36306 0.340221 0.00465082 -0.0299345 -0.0884751 0.995618
1628062098.239722967 15.767 -3.37208 0.327609 0.00362454 -0.0301825 -0.0898887 0.995488
1628062098.333606004 15.8229 -3.38381 0.357056 0.00324986 -0.0297723 -0.0914544 0.995359
1628062098.333606004 15.8229 -3.38381 0.357056 0.00324986 -0.0297723 -0.0914544 0.995359
1628062098.333606004 15.8229 -3.38381 0.357056 0.00324986 -0.0297723 -0.0914544 0.995359
1628062098.333606004 15.8229 -3.38381 0.357056 0.00324986 -0.0297723 -0.0914544 0.995359
1628062098.734352111 16.0944 -3.41772 0.287029 0.00613317 -0.0310036 -0.0983693 0.994648
1628062098.840992927 16.1594 -3.43188 0.309699 0.00609021 -0.0310208 -0.100465 0.994438
1628062098.941411018 16.2216 -3.45277 0.306127 0.00550619 -0.0318324 -0.102231 0.994236
1628062099.041352033 16.2815 -3.46925 0.331093 0.00522093 -0.0314273 -0.103312 0.994139
1628062099.135133981 16.3532 -3.47374 0.32221 0.0049943 -0.0303753 -0.104148 0.994085
1628062099.242825984 16.4194 -3.49288 0.349193 0.00534336 -0.0308259 -0.104428 0.99404
1628062099.336354970 16.4798 -3.49988 0.353988 0.00587238 -0.0315476 -0.104855 0.99397
1628062099.442691087 16.5443 -3.51838 0.384146 0.0065936 -0.0312396 -0.105546 0.993902
1628062099.543220996 16.6152 -3.53961 0.362918 0.00645303 -0.0310676 -0.106092 0.99385
1628062099.642455101 16.6756 -3.55689 0.38855 0.00517548 -0.0322926 -0.106488 0.993776
1628062099.743381977 16.7445 -3.57165 0.369435 0.00430895 -0.0323366 -0.10649 0.993779
1628062099.842552900 16.8058 -3.59133 0.397062 0.00479026 -0.0321702 -0.106388 0.993793
1628062099.942580938 16.8794 -3.61091 0.389194 0.00542038 -0.032877 -0.106563 0.993747
1628062100.042928934 16.9417 -3.63183 0.418548 0.00596887 -0.0335652 -0.106482 0.99373
1628062100.143640995 17.0226 -3.64234 0.410567 0.00596182 -0.0314532 -0.106369 0.993811
1628062100.243832111 17.0871 -3.66193 0.441704 0.00577342 -0.0307994 -0.106306 0.99384
1628062100.336817026 17.1463 -3.68019 0.471801 0.00498347 -0.0313779 -0.105812 0.993878
1628062100.443515062 17.2281 -3.68134 0.448771 0.00399923 -0.0296301 -0.105116 0.99401
1628062100.536797046 17.2881 -3.6989 0.481758 0.00412898 -0.0286529 -0.104025 0.994153
1628062100.642869949 17.3752 -3.708 0.470348 0.00421637 -0.0290429 -0.103366 0.99421
1628062100.743058919 17.4496 -3.71516 0.46292 0.00441827 -0.0279958 -0.102874 0.994291
1628062100.842780113 17.5145 -3.73003 0.497832 0.00456466 -0.0270358 -0.102443 0.994361
1628062100.943586111 17.5789 -3.744 0.5332 0.00363336 -0.0283846 -0.102242 0.994348
1628062101.044147968 17.6567 -3.7483 0.511858 0.0024872 -0.0287406 -0.101636 0.994403
1628062101.142976045 17.7208 -3.76055 0.549384 0.00250956 -0.0275007 -0.101281 0.994474
1628062101.243705987 17.7846 -3.77356 0.588763 0.00255362 -0.0282895 -0.100681 0.994513
1628062101.336298942 17.8593 -3.76717 0.559131 0.00191221 -0.0292367 -0.100502 0.994505
1628062101.443031072 17.945 -3.79313 0.541415 0.00234177 -0.028184 -0.100314 0.994554
1628062101.537412881 18.0218 -3.81934 0.501327 0.0024551 -0.0282008 -0.100092 0.994575
1628062101.643659114 18.0917 -3.83317 0.529746 0.00162183 -0.029418 -0.0998449 0.994567
1628062101.737020969 18.1586 -3.8422 0.500957 0.000879015 -0.0293032 -0.0993774 0.994618
1628062101.837043046 18.2247 -3.85566 0.527871 0.000973086 -0.0285846 -0.0985971 0.994716
1628062101.943897962 18.3001 -3.87326 0.50067 0.00107972 -0.0293253 -0.0982757 0.994726
1628062102.043718099 18.365 -3.88647 0.524323 0.00116981 -0.0297501 -0.0979259 0.994748
1628062102.143640041 18.4342 -3.90104 0.512507 0.00127315 -0.0289309 -0.0974908 0.994815
1628062102.244116067 18.4984 -3.91379 0.536522 0.00095399 -0.029124 -0.0972698 0.994831
1628062102.337721109 18.5739 -3.92202 0.518397 -5.64186e-05 -0.0296109 -0.0967409 0.994869
1628062102.443994998 18.6431 -3.93423 0.545473 -4.74504e-05 -0.0289581 -0.0963074 0.99493
1628062102.531183004 18.6993 -3.94499 0.570391 0.000372012 -0.0284837 -0.0953907 0.995032
1628062102.644655942 18.7787 -3.95335 0.557168 0.000880675 -0.0298579 -0.0947929 0.995049
1628062102.731677055 18.8332 -3.9621 0.580716 0.00161097 -0.0310383 -0.0946593 0.995024
1628062102.838264942 18.9156 -3.9831 0.57099 0.00159815 -0.0306347 -0.0944626 0.995056
1628062102.944948911 18.9829 -3.99211 0.601179 0.000181964 -0.0316887 -0.0943614 0.995034
1628062103.044624090 19.0688 -4.02409 0.57741 -0.00106962 -0.0327419 -0.0936674 0.995064
1628062103.139139890 19.1352 -4.03797 0.558405 -0.00134427 -0.0330658 -0.0933137 0.995087
1628062103.244764089 19.2031 -4.05161 0.586273 -0.000811318 -0.0334779 -0.0924619 0.995153
1628062103.338226079 19.2695 -4.06403 0.564783 -0.000917514 -0.0349859 -0.0923575 0.995111
1628062103.444564104 19.3369 -4.07538 0.59338 -0.000557311 -0.0352458 -0.0919595 0.995139
1628062103.538429975 19.3992 -4.0668 0.580122 -0.000921341 -0.0345076 -0.0919942 0.995161
1628062103.639532089 19.4615 -4.07341 0.607383 -0.00121655 -0.0350126 -0.0920701 0.995136
1628062103.740365028 19.5259 -4.07877 0.601182 -0.00245859 -0.0357908 -0.0918013 0.995131
1628062103.839283943 19.5864 -4.08339 0.630047 -0.00304404 -0.0351642 -0.0916998 0.995161
1628062103.941310882 19.6477 -4.0892 0.662244 -0.00305328 -0.0348173 -0.090928 0.995244
1628062104.038667917 19.7107 -4.11193 0.624853 -0.00281279 -0.0355457 -0.0910076 0.995212
1628062104.140789031 19.78 -4.12733 0.60304 -0.00263678 -0.0354926 -0.0909375 0.99522
1628062104.239694118 19.8386 -4.13364 0.630131 -0.00270639 -0.0348231 -0.0906923 0.995266
1628062104.339950084 19.9112 -4.14818 0.593954 -0.00343902 -0.0350349 -0.0907877 0.995248
1628062104.439723014 19.9703 -4.15433 0.615274 -0.00477874 -0.036025 -0.09017 0.995263
1628062104.534013032 20.0263 -4.15968 0.639856 -0.00553126 -0.036174 -0.0899462 0.995274
1628062104.641557931 20.0892 -4.1675 0.671559 -0.00548669 -0.0360261 -0.0890563 0.99536
1628062104.742394924 20.1933 -4.20542 0.618895 -0.0051577 -0.0362489 -0.0890699 0.995352
1628062104.842220067 20.2564 -4.21459 0.643491 -0.00526407 -0.036655 -0.0886758 0.995372
1628062104.935503959 20.3154 -4.22228 0.671392 -0.00528428 -0.0361121 -0.0883027 0.995425
1628062105.042088985 20.396 -4.22962 0.653828 -0.00597803 -0.0364789 -0.0882072 0.995416
1628062105.141863107 20.4684 -4.23848 0.647227 -0.00668732 -0.0369853 -0.08773 0.995435
1628062105.242779970 20.5347 -4.24462 0.675375 -0.00683133 -0.0366591 -0.087611 0.995457
1628062105.336416959 20.6011 -4.25132 0.649965 -0.00665586 -0.0364266 -0.0869305 0.995526
1628062105.444324970 20.6711 -4.25674 0.676821 -0.00688023 -0.037079 -0.0868841 0.995504
1628062105.531054019 20.7269 -4.26024 0.701331 -0.00712639 -0.0371931 -0.0867596 0.995509
1628062105.644622087 20.805 -4.27953 0.702123 -0.00683445 -0.0365929 -0.0865774 0.995549
1628062105.744235992 20.8782 -4.30506 0.687904 -0.00675867 -0.037318 -0.087176 0.995471
1628062105.837038040 20.938 -4.31134 0.71263 -0.00716553 -0.0384021 -0.0873918 0.995408
1628062105.939346075 21.0043 -4.31786 0.74514 -0.00744897 -0.0382991 -0.0881183 0.995346
1628062106.044483900 21.0903 -4.33477 0.715849 -0.00694891 -0.0378057 -0.0881585 0.995364
1628062106.144819974 21.1571 -4.34305 0.745961 -0.00634307 -0.037016 -0.0889345 0.995329
1628062106.244776964 21.2341 -4.36853 0.720294 -0.00516929 -0.0348262 -0.0896313 0.995353
1628062106.344434022 21.3021 -4.37822 0.752035 -0.00508218 -0.0331208 -0.0903269 0.995348
1628062106.443618059 21.3818 -4.38723 0.732516 -0.00597193 -0.0322211 -0.0911428 0.995299
1628062106.537506103 21.4475 -4.39481 0.761551 -0.00654427 -0.0307057 -0.0915787 0.995303
1628062106.637087106 21.5203 -4.40185 0.740614 -0.00648258 -0.0286143 -0.0919289 0.995333
1628062106.736994028 21.5897 -4.41038 0.771666 -0.00599982 -0.027231 -0.0926741 0.995306
1628062106.843241930 21.6805 -4.43336 0.756662 -0.00579806 -0.0264345 -0.0937151 0.995231
1628062106.942831039 21.7608 -4.44829 0.745236 -0.00619749 -0.0258316 -0.0945962 0.995161
1628062107.042911052 21.834 -4.45615 0.774592 -0.00673063 -0.023207 -0.0962121 0.995068
1628062107.143409967 21.9079 -4.46412 0.805742 -0.00732706 -0.0210932 -0.0977565 0.99496
1628062107.242923021 21.998 -4.48433 0.767796 -0.00718068 -0.0192823 -0.0998636 0.994788
1628062107.343324899 22.0737 -4.49511 0.797037 -0.00642977 -0.0160104 -0.101673 0.994668
1628062107.437931060 22.1446 -4.51455 0.766427 -0.00598253 -0.014745 -0.103994 0.994451
1628062107.537744998 22.2171 -4.52403 0.793058 -0.00574175 -0.0131818 -0.107172 0.994137
1628062107.638972043 22.3084 -4.53695 0.756857 -0.00569281 -0.0100664 -0.110663 0.993791
1628062107.740065097 22.3804 -4.54383 0.780767 -0.00638007 -0.00907261 -0.115263 0.993273
1628062107.840996980 22.4541 -4.5677 0.759455 -0.00734972 -0.00970855 -0.119716 0.992733
1628062107.935256004 22.5167 -4.5746 0.781999 -0.00783241 -0.00882412 -0.124896 0.9921
1628062108.042526960 22.5835 -4.60728 0.763394 -0.00739808 -0.00856789 -0.129665 0.991493
1628062108.138355970 22.6391 -4.61577 0.785695 -0.00715426 -0.00932504 -0.135543 0.990702
1628062108.239394903 22.7095 -4.64619 0.758887 -0.0066938 -0.00904082 -0.141134 0.989927
1628062108.341448068 22.7624 -4.65623 0.782991 -0.0064706 -0.00844485 -0.147011 0.989078
1628062108.441307067 22.7956 -4.67364 0.759909 -0.00652676 -0.00929775 -0.152498 0.988239
1628062108.544003009 22.8393 -4.68291 0.782489 -0.0068134 -0.00949393 -0.158192 0.987339
1628062108.643970012 22.8755 -4.70575 0.761413 -0.00630555 -0.00968064 -0.161112 0.986869
1628062108.731756925 22.8967 -4.71493 0.779534 -0.00393838 -0.0133427 -0.164545 0.986271
1628062108.839745044 22.923 -4.74559 0.746309 -0.000900836 -0.0205838 -0.172512 0.984792
1628062108.940697908 22.9408 -4.75564 0.765903 -0.00208852 -0.0248432 -0.173081 0.984592
1628062109.042520046 22.9771 -4.76994 0.744493 -0.00710071 -0.0263122 -0.177223 0.983793
1628062109.130860090 23.0031 -4.7763 0.765128 -0.0109223 -0.0248914 -0.180222 0.98325
1628062109.239067077 23.0614 -4.77421 0.742695 -0.013076 -0.0233247 -0.185795 0.982225
1628062109.340631008 23.1017 -4.78581 0.766519 -0.0118475 -0.0230646 -0.19162 0.981127
1628062109.441508054 23.1347 -4.80035 0.773292 -0.00973219 -0.0228884 -0.198327 0.97982
1628062109.535970926 23.1768 -4.81138 0.798836 -0.00914006 -0.0222048 -0.204777 0.978514
1628062109.644224882 23.2217 -4.80801 0.790224 -0.0103551 -0.0217676 -0.212367 0.976893
1628062109.737914085 23.2669 -4.8154 0.816769 -0.0118299 -0.0211764 -0.219673 0.975272
1628062109.838938951 23.3084 -4.82464 0.798954 -0.0128267 -0.019937 -0.227201 0.973559
1628062109.932275056 23.3532 -4.83443 0.826009 -0.012804 -0.0188948 -0.234298 0.971897
1628062110.041690111 23.3995 -4.87416 0.816156 -0.00725119 -0.0126298 -0.237353 0.971314
1628062110.136495113 23.4364 -4.88674 0.848296 -0.00153098 -0.00807306 -0.245525 0.969356
1628062110.244112014 23.4851 -4.91325 0.826231 0.00107899 -0.0100846 -0.253921 0.967172
1628062110.331657886 23.5218 -4.91884 0.855946 -0.000368389 -0.00585389 -0.261218 0.965262
1628062110.439424037 23.5583 -4.97823 0.847386 -0.00587093 -0.00159584 -0.265828 0.964001
1628062110.539242029 23.6022 -4.99226 0.871 -0.0118358 -0.00298345 -0.271202 0.962445
1628062110.639014005 23.6697 -5.02856 0.759802 -0.0132257 -0.00513518 -0.274186 0.961572
1628062110.739629030 23.7113 -5.05302 0.773382 -0.0129 -0.00770423 -0.277635 0.960569
1628062110.837990045 23.7456 -5.12361 0.746157 -0.0109738 -0.00730076 -0.279168 0.960152
1628062110.929961919 23.7863 -5.15306 0.763048 -0.0109032 -0.00605392 -0.280304 0.95983
1628062111.041858911 23.8368 -5.18909 0.729866 -0.0120767 -0.00629489 -0.280256 0.959829
1628062111.134464025 23.8798 -5.21989 0.745115 -0.0123007 -0.00628203 -0.280594 0.959727
1628062111.239425897 23.9113 -5.25606 0.733244 -0.0114024 -0.0065147 -0.280853 0.959661
1628062111.337217092 23.9549 -5.28959 0.751627 -0.010484 -0.00702752 -0.281729 0.959411
1628062111.442313909 24.0155 -5.31221 0.743858 -0.0103317 -0.00768699 -0.284331 0.95864
1628062111.541271924 24.0619 -5.34071 0.764277 -0.0104258 -0.00856598 -0.287326 0.957738
1628062111.641836881 24.1139 -5.35464 0.765038 -0.00972894 -0.006665 -0.291257 0.956572
1628062111.742151975 24.158 -5.37642 0.795787 -0.00868008 -0.00230267 -0.295296 0.955363
1628062111.841743946 24.2131 -5.38373 0.779778 -0.0103855 -0.00287484 -0.29891 0.954221
1628062111.934114933 24.2553 -5.39829 0.800048 -0.0122538 -0.00446061 -0.303197 0.952839
1628062112.040060043 24.3116 -5.42221 0.803507 -0.0126522 -0.00351179 -0.30691 0.951648
1628062112.139168024 24.3565 -5.44057 0.82995 -0.0119842 -0.0036617 -0.31075 0.950409
1628062112.244518995 24.4101 -5.48369 0.794668 -0.0104694 -0.0039299 -0.314692 0.949128
1628062112.339196920 24.4541 -5.50261 0.818079 -0.0100489 -0.00415646 -0.318992 0.947695
1628062112.442636966 24.4957 -5.5419 0.788182 -0.0103052 -0.00527856 -0.323505 0.946156
1628062112.541501998 24.5411 -5.56204 0.81103 -0.0110793 -0.00553882 -0.327994 0.944599
1628062112.640728950 24.5754 -5.6055 0.781862 -0.0106932 -0.00543242 -0.332 0.943203
1628062112.739655971 24.6187 -5.62858 0.804504 -0.0105704 -0.00551832 -0.336563 0.941585
1628062112.838727951 24.6506 -5.66395 0.781526 -0.0104632 -0.00539316 -0.340805 0.94006
1628062112.943979978 24.6961 -5.68908 0.806445 -0.0112448 -0.00469653 -0.345715 0.93826
1628062113.036721944 24.7263 -5.7148 0.797916 -0.012317 -0.00512331 -0.349671 0.936778
1628062113.142304897 24.7698 -5.73945 0.824369 -0.0129474 -0.00515839 -0.355113 0.93472
1628062113.241759061 24.8125 -5.77101 0.806098 -0.0122958 -0.00495625 -0.359893 0.9329
1628062113.341669082 24.853 -5.79498 0.830641 -0.0122507 -0.00553869 -0.365621 0.930667
1628062113.438878059 24.8818 -5.82413 0.784354 -0.0128558 -0.00658142 -0.371104 0.928479
1628062113.537764072 24.9211 -5.84743 0.805975 -0.0136438 -0.00662652 -0.376748 0.926192
1628062113.643347978 24.9568 -5.88264 0.787984 -0.0138629 -0.00674036 -0.382738 0.923728
1628062113.735683917 24.9925 -5.90655 0.808702 -0.0135946 -0.00710725 -0.388252 0.921426
1628062113.841268062 25.021 -5.94265 0.792455 -0.0130223 -0.00722837 -0.394582 0.91874
1628062113.940740108 25.0596 -5.96791 0.814614 -0.0139067 -0.00724663 -0.401329 0.9158
1628062114.040122985 25.0868 -6.00333 0.798929 -0.0157456 -0.00745621 -0.407321 0.913119
1628062114.138705015 25.1242 -6.02893 0.822836 -0.0172796 -0.00692884 -0.41386 0.91015
1628062114.244682073 25.1556 -6.06164 0.809074 -0.0176253 -0.00677256 -0.42051 0.907091
1628062114.336988925 25.1881 -6.0881 0.830961 -0.0169051 -0.00705579 -0.426818 0.904152
1628062114.443382978 25.2105 -6.12917 0.801874 -0.0163554 -0.00770998 -0.43379 0.900833
1628062114.542507886 25.2453 -6.15765 0.823751 -0.0173119 -0.00739649 -0.440708 0.897453
1628062114.640944957 25.2733 -6.19177 0.806012 -0.0186652 -0.00694878 -0.44712 0.894252
1628062114.740672111 25.3066 -6.22225 0.828037 -0.0195656 -0.00701207 -0.453193 0.89117
1628062114.839966058 25.3297 -6.26088 0.798952 -0.0184546 -0.00704557 -0.456507 0.8895
1628062114.941250085 25.3571 -6.29848 0.821545 -0.0160377 -0.00695045 -0.458585 0.888478
1628062115.044337987 25.3701 -6.35299 0.797955 -0.0127102 -0.00680137 -0.457797 0.88894
1628062115.142438888 25.3949 -6.39391 0.819136 -0.0109786 -0.00635399 -0.456577 0.889594
1628062115.241276025 25.3934 -6.44834 0.805726 -0.0100297 -0.0065054 -0.454248 0.890795
1628062115.341922998 25.4157 -6.49165 0.827514 -0.00961748 -0.00599469 -0.451179 0.892361
1628062115.439142942 25.4178 -6.54122 0.807253 -0.00831915 -0.00603787 -0.449576 0.893183
1628062115.544039964 25.4408 -6.58585 0.831709 -0.00754922 -0.00606095 -0.44946 0.893248
1628062115.642982959 25.462 -6.62328 0.81583 -0.00711574 -0.00614578 -0.451397 0.892274
1628062115.741947889 25.4858 -6.6625 0.839566 -0.00682681 -0.00593662 -0.453161 0.891383
1628062115.840538978 25.5357 -6.68213 0.818617 -0.00687188 -0.00505395 -0.456194 0.889839
1628062115.932379007 25.5613 -6.71627 0.841218 -0.0058332 -0.00371872 -0.458483 0.888676
1628062116.038501977 25.6256 -6.73514 0.820872 -0.00601783 -0.00142076 -0.461471 0.887134
1628062116.136641025 25.6593 -6.76828 0.844003 -0.00637604 -4.52422e-05 -0.463617 0.886013
1628062116.243172883 25.6947 -6.79318 0.819584 -0.00631371 -0.000318747 -0.466274 0.884618
1628062116.342235088 25.7269 -6.82637 0.841154 -0.00410204 -0.0014803 -0.469251 0.883054
1628062116.440798044 25.7556 -6.86535 0.814199 -0.000840112 -0.00218715 -0.472505 0.881325
1628062116.540149927 25.7873 -6.89834 0.836236 0.00149723 -0.00241399 -0.475829 0.879533
1628062116.639631986 25.8135 -6.94497 0.822571 0.00224272 -0.0021218 -0.479069 0.877772
1628062116.731878995 25.8447 -6.97484 0.843688 0.00177473 -0.00131112 -0.482024 0.876155
1628062116.838543891 25.8638 -7.03201 0.818195 0.00290738 -0.000772064 -0.485332 0.874325
1628062116.944259881 25.8935 -7.06964 0.84095 0.00470927 -0.00119109 -0.488335 0.872643
1628062117.042725086 25.9045 -7.12191 0.810058 0.00716259 -0.00165878 -0.491382 0.870913
1628062117.136312007 25.9291 -7.15661 0.828477 0.0078368 -0.00191457 -0.494265 0.869274
1628062117.241719961 25.9495 -7.20061 0.801346 0.00704608 -0.00175178 -0.498137 0.867068
1628062117.340917110 25.9787 -7.23668 0.820163 0.00498588 -0.000966539 -0.501891 0.864916
1628062117.441102981 25.9934 -7.28132 0.802266 0.00395582 -0.000308648 -0.505062 0.863074
1628062117.540225028 26.0175 -7.31994 0.821579 0.004433 -0.00079222 -0.508546 0.861023
1628062117.639638900 26.0262 -7.36381 0.794394 0.00588315 -0.00211301 -0.512123 0.858889
1628062117.739043951 26.0474 -7.40441 0.813747 0.00668218 -0.00218398 -0.515095 0.857104
1628062117.838339090 26.0709 -7.44226 0.788815 0.00593756 -0.00159405 -0.517253 0.855811
1628062117.943708896 26.0951 -7.48486 0.808094 0.00462252 -0.00155519 -0.51967 0.854353
1628062118.042975902 26.1104 -7.51925 0.794998 0.00455671 -0.00176809 -0.521309 0.853354
1628062118.135770082 26.128 -7.55839 0.814412 0.00572417 -0.00199579 -0.523209 0.852183
1628062118.241862058 26.1444 -7.59473 0.796338 0.00657506 -0.00289453 -0.525906 0.850513
1628062118.342346906 26.1642 -7.63346 0.816331 0.00544978 -0.00298338 -0.528358 0.848999
1628062118.440927028 26.1919 -7.66928 0.794861 0.00319905 -0.0020485 -0.530023 0.847975
1628062118.541275978 26.214 -7.70695 0.815689 0.0014799 -0.00109997 -0.532257 0.846581
1628062118.640098094 26.2316 -7.74264 0.800996 0.00131741 -0.00116195 -0.534319 0.845281
1628062118.740034103 26.2503 -7.78289 0.821893 0.0027421 -0.0019216 -0.536737 0.843743
1628062118.838443994 26.2592 -7.81664 0.789893 0.0051983 -0.00322403 -0.538982 0.842295
1628062118.937536001 26.2759 -7.85704 0.808769 0.0074683 -0.00472447 -0.541451 0.840686
1628062119.037463903 26.2981 -7.89102 0.782417 0.00949929 -0.00597826 -0.54377 0.839159
1628062119.142961025 26.3195 -7.93418 0.803531 0.0100709 -0.00590242 -0.545839 0.837809
1628062119.241890907 26.3381 -7.97746 0.802062 0.00924682 -0.00566399 -0.547093 0.837002
1628062119.340034961 26.357 -8.01879 0.822892 0.00872431 -0.00539571 -0.547331 0.836853
1628062119.439469099 26.3658 -8.06671 0.797559 0.0091482 -0.00549263 -0.546456 0.83742
1628062119.538316011 26.3799 -8.1112 0.819111 0.00971989 -0.00562208 -0.544936 0.838402
1628062119.644478082 26.3856 -8.15265 0.803629 0.0105356 -0.00428829 -0.542092 0.840242
1628062119.730499982 26.3972 -8.18946 0.823289 0.0101906 -0.00330555 -0.540005 0.841594
1628062119.836543083 26.4166 -8.21755 0.809521 0.00842683 -0.00293076 -0.536587 0.843798
1628062119.941931009 26.4296 -8.26137 0.832025 0.0075568 -0.00293407 -0.532269 0.846536
1628062120.042002916 26.4534 -8.29122 0.794239 0.00764744 -0.00386643 -0.527412 0.849566
1628062120.140893936 26.4631 -8.33543 0.81346 0.0102513 -0.00617711 -0.52114 0.853387
1628062120.240751028 26.4946 -8.36828 0.782823 0.0141737 -0.00848706 -0.51674 0.855983
1628062120.340714931 26.5101 -8.41365 0.803208 0.0178546 -0.00950761 -0.511845 0.85884
1628062120.440006017 26.5391 -8.4359 0.781539 0.018564 -0.0083023 -0.506671 0.861899
1628062120.539762020 26.5638 -8.47613 0.801647 0.0169531 -0.00608593 -0.501268 0.865105
1628062120.638485908 26.5939 -8.5215 0.792896 0.0143676 -0.00370989 -0.495033 0.868747
1628062120.738225936 26.619 -8.56297 0.814278 0.0132004 -0.00267358 -0.488954 0.872205
1628062120.837316036 26.6396 -8.60769 0.776596 0.0144758 -0.00285448 -0.482797 0.875608
1628062120.937051057 26.6615 -8.65101 0.794985 0.0163009 -0.00373222 -0.47667 0.878923
1628062121.042392969 26.7014 -8.69061 0.75556 0.0166827 -0.00385534 -0.469885 0.882562
1628062121.142179965 26.7291 -8.73049 0.771567 0.0156826 -0.00356745 -0.463389 0.886009
1628062121.241182088 26.7647 -8.77084 0.751692 0.014537 -0.00327151 -0.456673 0.88951
1628062121.339927911 26.793 -8.81092 0.768341 0.0149942 -0.00363889 -0.449762 0.893015
1628062121.439251899 26.8186 -8.84973 0.755356 0.0157199 -0.00440133 -0.442814 0.896465
1628062121.539047002 26.8485 -8.88856 0.772443 0.0150152 -0.00495167 -0.436122 0.899748
1628062121.638756036 26.8819 -8.9189 0.749163 0.011934 -0.00481644 -0.429184 0.903126
1628062121.744374990 26.9184 -8.9552 0.766745 0.00847932 -0.00439865 -0.421944 0.906571
1628062121.837212085 26.9433 -8.99086 0.764331 0.00711255 -0.0039141 -0.414829 0.909863
1628062121.941946029 26.9755 -9.02913 0.785326 0.0084918 -0.00424065 -0.407459 0.913174
1628062122.040468931 27.0048 -9.07004 0.764946 0.0102535 -0.00580234 -0.400316 0.916301
1628062122.140307903 27.0356 -9.10498 0.783581 0.0115895 -0.00648384 -0.393726 0.919132
1628062122.239726066 27.071 -9.14074 0.7642 0.0120111 -0.00604587 -0.385894 0.922445
1628062122.333584070 27.1021 -9.17267 0.782417 0.0123882 -0.00582067 -0.378609 0.925455
1628062122.437911987 27.1474 -9.21157 0.776077 0.0124136 -0.00507761 -0.37067 0.928668
1628062122.537688970 27.1814 -9.24461 0.797536 0.0125222 -0.00482939 -0.362894 0.931734
1628062122.643042087 27.2196 -9.27903 0.77626 0.012085 -0.00487558 -0.354767 0.934864
1628062122.743001937 27.2537 -9.31001 0.79651 0.0119421 -0.00491426 -0.346753 0.937867
1628062122.842303037 27.2904 -9.34232 0.768916 0.0122042 -0.00460236 -0.339117 0.940654
1628062122.941873073 27.3244 -9.37279 0.788498 0.0128099 -0.00464181 -0.330764 0.943615
1628062123.040260076 27.3572 -9.40083 0.764867 0.0130565 -0.00520394 -0.322711 0.946393
1628062123.138978004 27.3899 -9.42991 0.782521 0.013387 -0.00602401 -0.31381 0.949372
1628062123.244489908 27.4356 -9.46129 0.76639 0.0141743 -0.00689538 -0.304451 0.952398
1628062123.343249082 27.4701 -9.4896 0.786054 0.0158445 -0.00715243 -0.296275 0.954944
1628062123.442723035 27.506 -9.51634 0.767066 0.016552 -0.00761636 -0.288148 0.957413
1628062123.542537927 27.5418 -9.5423 0.786643 0.0162881 -0.007339 -0.279326 0.96003
1628062123.641259908 27.5828 -9.56834 0.774678 0.0153657 -0.0067775 -0.270474 0.962581
1628062123.740869998 27.6189 -9.59256 0.79411 0.0150404 -0.00692345 -0.261436 0.965079
1628062123.841286897 27.6637 -9.61921 0.774656 0.0155036 -0.00683572 -0.252317 0.967496
1628062123.942079067 27.701 -9.64277 0.794788 0.0161704 -0.00696294 -0.24338 0.969771
1628062124.035636901 27.7444 -9.6667 0.763606 0.0160957 -0.00676834 -0.234926 0.971857
1628062124.142349958 27.7848 -9.68906 0.783159 0.0160225 -0.00696177 -0.225235 0.974148
1628062124.236335039 27.8223 -9.70518 0.756966 0.0160465 -0.00727722 -0.216859 0.976044
1628062124.337707042 27.8601 -9.72399 0.775471 0.0163818 -0.0073371 -0.208174 0.977927
1628062124.438498973 27.9097 -9.74316 0.758966 0.0157392 -0.0070582 -0.199327 0.979781
1628062124.538578033 27.9484 -9.75874 0.77799 0.0150223 -0.00692902 -0.190587 0.981531
1628062124.638848066 27.9939 -9.78116 0.761403 0.0147581 -0.0071567 -0.181334 0.983285
1628062124.739121913 28.0327 -9.79728 0.780584 0.0154959 -0.00695543 -0.172658 0.984835
1628062124.839421033 28.0799 -9.81696 0.767078 0.0160537 -0.00690949 -0.1638 0.986339
1628062124.940757989 28.1198 -9.83066 0.785932 0.0157412 -0.00716891 -0.154883 0.987781
1628062125.041397094 28.1747 -9.83875 0.773332 0.0147749 -0.00700017 -0.145792 0.98918
1628062125.141017913 28.2152 -9.85013 0.792412 0.0148939 -0.00691113 -0.136724 0.990473
1628062125.241916894 28.257 -9.8701 0.780059 0.0159548 -0.00691578 -0.127929 0.991631
1628062125.342140913 28.2966 -9.881 0.799423 0.016637 -0.00705179 -0.119424 0.992679
1628062125.443274974 28.3432 -9.89582 0.783509 0.0159803 -0.00697296 -0.110507 0.993722
1628062125.543622016 28.3831 -9.9037 0.802874 0.0150468 -0.00706452 -0.101517 0.994695
1628062125.630142927 28.4295 -9.91781 0.776319 0.0146406 -0.00700195 -0.0933009 0.995506
1628062125.737790107 28.4732 -9.92749 0.796402 0.0154007 -0.00681414 -0.0835488 0.996361
1628062125.837666034 28.5236 -9.94566 0.773379 0.0161767 -0.00683121 -0.0740463 0.9971
1628062125.938302993 28.5655 -9.95348 0.791768 0.0162837 -0.00677349 -0.0646356 0.997753
1628062126.039319992 28.6182 -9.95798 0.77279 0.0157937 -0.0068079 -0.0548204 0.998348
1628062126.135215997 28.659 -9.96333 0.790174 0.0160423 -0.00670999 -0.0457427 0.998802
1628062126.232484102 28.7128 -9.96772 0.766193 0.0161244 -0.00636031 -0.0365396 0.999182
1628062126.340233087 28.759 -9.97026 0.786335 0.0159986 -0.00602213 -0.0270526 0.999488
1628062126.442733049 28.8067 -9.97275 0.768979 0.015486 -0.00611388 -0.0196633 0.999668
1628062126.541460037 28.8473 -9.96899 0.787319 0.0152303 -0.00643518 -0.0148645 0.999753
1628062126.641735076 28.8993 -9.96729 0.771559 0.015147 -0.00613979 -0.0141188 0.999767
1628062126.742351055 28.9373 -9.95572 0.791131 0.0151868 -0.00593264 -0.0164798 0.999731
1628062126.842875003 28.9894 -9.96033 0.779898 0.0152782 -0.00566536 -0.0205446 0.999656
1628062126.944490909 29.0197 -9.94659 0.799366 0.0151609 -0.00592782 -0.0261695 0.999525
1628062127.039067029 29.0549 -9.98327 0.77631 0.0156402 -0.00573509 -0.0307675 0.999388
1628062127.139585971 29.0771 -9.97588 0.796268 0.0154165 -0.00498978 -0.0362317 0.999212
1628062127.241473913 29.1102 -10.0128 0.774702 0.016162 -0.00509645 -0.0407049 0.999027
1628062127.342824935 29.1229 -10.012 0.793567 0.0162807 -0.00513567 -0.0449126 0.998845
1628062127.443617105 29.1454 -10.0374 0.774517 0.0164509 -0.00475055 -0.0474784 0.998725
1628062127.544323921 29.1471 -10.0409 0.792613 0.01608 -0.00491573 -0.0493707 0.998639
1628062127.643073081 29.1602 -10.056 0.772092 0.0158461 -0.00467147 -0.0497604 0.998625
1628062127.738931894 29.1516 -10.0623 0.788703 0.0159564 -0.00482217 -0.0493933 0.99864
1628062127.839052915 29.1553 -10.0604 0.760732 0.0156064 -0.00523068 -0.0483106 0.998697
1628062127.938982009 29.1408 -10.0663 0.777148 0.0155688 -0.00515796 -0.0464758 0.998785
1628062128.038959980 29.1405 -10.0463 0.756818 0.014751 -0.00523133 -0.044375 0.998892
1628062128.140141010 29.1215 -10.0492 0.773041 0.0148902 -0.00523114 -0.0416032 0.99901
1628062128.243149042 29.117 -10.0285 0.75855 0.014328 -0.00483207 -0.0379916 0.999164
1628062128.342518091 29.092 -10.0287 0.77445 0.0141385 -0.0048826 -0.0334703 0.999328
1628062128.436847925 29.0829 -10.0147 0.761875 0.0135581 -0.00475954 -0.0284785 0.999491
1628062128.537372112 29.0513 -10.0137 0.778665 0.0132705 -0.00455106 -0.0219498 0.999661
1628062128.631660938 29.0271 -10.0005 0.762097 0.0127653 -0.00499036 -0.0152023 0.99979
1628062128.739362001 28.985 -9.9999 0.780355 0.0129851 -0.00496817 -0.00533718 0.999889
1628062128.840595960 28.9602 -9.98999 0.761526 0.0129438 -0.00426385 0.00530765 0.999893
1628062128.934606075 28.9162 -9.99047 0.777714 0.0127087 -0.00434489 0.0164491 0.999775
1628062129.043147087 28.8828 -9.98251 0.760697 0.0122504 -0.00415386 0.0308256 0.999441
1628062129.143403053 28.8309 -9.98577 0.777236 0.0122372 -0.00386147 0.0451838 0.998896
1628062129.243623971 28.7912 -9.9752 0.754152 0.0113946 -0.0046793 0.0598298 0.998133
1628062129.342364072 28.7362 -9.97743 0.768279 0.0100364 -0.00592869 0.0744026 0.99716
1628062129.442044973 28.6979 -9.96609 0.743984 0.00838711 -0.00660172 0.0895158 0.995928
1628062129.534924983 28.6458 -9.96929 0.758034 0.00797584 -0.00709054 0.103926 0.994528
1628062129.633657932 28.5905 -9.97541 0.7744 0.00875395 -0.00746174 0.119095 0.992816
1628062129.740303039 28.5484 -9.98306 0.766605 0.00970375 -0.00722958 0.135117 0.990756
1628062129.819557905 28.5063 -9.98827 0.781727 0.00974859 -0.00716254 0.146836 0.989087
1628062129.819557905 28.5063 -9.98827 0.781727 0.00974859 -0.00716254 0.146836 0.989087
1628062129.819557905 28.5063 -9.98827 0.781727 0.00974859 -0.00716254 0.146836 0.989087
1628062129.819557905 28.5063 -9.98827 0.781727 0.00974859 -0.00716254 0.146836 0.989087
1628062130.236145973 28.2992 -10.0832 0.729558 0.00649568 -0.00998197 0.202826 0.979142
1628062130.341944932 28.2423 -10.099 0.74487 0.00599747 -0.00867102 0.216545 0.976216
1628062130.440507888 28.2074 -10.1167 0.738255 0.00495071 -0.00836514 0.229675 0.973219
1628062130.540057897 28.1554 -10.1296 0.754139 0.00431133 -0.00861089 0.241194 0.970429
1628062130.639352083 28.1272 -10.1533 0.743349 0.00418939 -0.00844944 0.251987 0.967685
1628062130.738387107 28.0785 -10.1676 0.761438 0.00469474 -0.0082392 0.262697 0.964832
1628062130.844201087 28.0491 -10.1908 0.767182 0.00556915 -0.00719205 0.273546 0.961816
1628062130.936691999 28.0047 -10.2036 0.787781 0.00549821 -0.00691882 0.283061 0.959061
1628062131.040678977 27.9766 -10.2293 0.774572 0.00502428 -0.00668476 0.293401 0.955953
1628062131.139951944 27.9289 -10.2431 0.797805 0.00433187 -0.00689291 0.302941 0.952975
1628062131.232379913 27.9115 -10.2744 0.774646 0.00492027 -0.00640469 0.311748 0.950131
1628062131.338033914 27.8629 -10.2936 0.799641 0.00550835 -0.00595626 0.321672 0.946816
1628062131.435821056 27.8566 -10.3289 0.776035 0.00657205 -0.0050258 0.331002 0.943594
1628062131.541306972 27.8104 -10.3499 0.800916 0.00632515 -0.00540177 0.340677 0.940144
1628062131.606813907 27.781 -10.3629 0.818555 0.00590585 -0.00541273 0.346691 0.937945
1628062131.606813907 27.781 -10.3629 0.818555 0.00590585 -0.00541273 0.346691 0.937945
1628062131.606813907 27.781 -10.3629 0.818555 0.00590585 -0.00541273 0.346691 0.937945
1628062131.606813907 27.781 -10.3629 0.818555 0.00590585 -0.00541273 0.346691 0.937945
1628062132.035700082 27.7025 -10.4804 0.717216 0.00246059 -0.00719772 0.386559 0.922233
1628062132.140399932 27.6598 -10.5042 0.730864 0.00208973 -0.00731773 0.39635 0.918068
1628062132.238814115 27.6331 -10.5356 0.719755 0.00146005 -0.0075729 0.4054 0.914107
1628062132.338181018 27.5911 -10.5592 0.734512 0.00121665 -0.00757472 0.414436 0.910046
1628062132.444773912 27.5692 -10.5942 0.729441 0.00144869 -0.00710773 0.423888 0.905686
1628062132.543514966 27.5274 -10.6193 0.747547 0.00169215 -0.006664 0.432875 0.901428
1628062132.642951965 27.5089 -10.6587 0.738563 0.00240934 -0.00637532 0.441996 0.896991
1628062132.741471052 27.4667 -10.6861 0.758488 0.00230454 -0.00642601 0.451093 0.892451
1628062132.841094017 27.4565 -10.7158 0.746024 0.00227832 -0.00559518 0.460396 0.887693
1628062132.940103054 27.4151 -10.7443 0.76793 0.00222538 -0.00572096 0.469528 0.882896
1628062133.038431882 27.4123 -10.7793 0.765108 0.00284766 -0.00449131 0.478555 0.878042
1628062133.143821001 27.3716 -10.8121 0.791471 0.00290861 -0.00384522 0.488512 0.872544
1628062133.243835926 27.3713 -10.85 0.772351 0.0034763 -0.00325466 0.497835 0.867259
1628062133.344085931 27.3343 -10.8828 0.7984 0.00327663 -0.00359162 0.507135 0.861853
1628062133.437861919 27.3394 -10.9183 0.771889 0.0035333 -0.00293072 0.516173 0.856472
1628062133.544759988 27.3056 -10.9572 0.800548 0.00388376 -0.00230296 0.526844 0.84995
1628062133.632596969 27.2996 -11.0031 0.778463 0.00437246 -0.00197882 0.535687 0.844403
1628062133.740195989 27.2663 -11.0468 0.806801 0.00419473 -0.00219859 0.546496 0.837448
1628062133.834069967 27.2367 -11.0866 0.834507 0.00370909 -0.00232153 0.556333 0.830948
1628062133.834069967 27.2367 -11.0866 0.834507 0.00370909 -0.00232153 0.556333 0.830948
1628062133.834069967 27.2367 -11.0866 0.834507 0.00370909 -0.00232153 0.556333 0.830948
1628062133.834069967 27.2367 -11.0866 0.834507 0.00370909 -0.00232153 0.556333 0.830948
1628062134.241499900 27.1932 -11.2654 0.717794 -0.00165198 -0.00609397 0.599626 0.800256
1628062134.341794967 27.163 -11.3111 0.732312 -0.00183044 -0.00612112 0.610618 0.791899
1628062134.442708969 27.1481 -11.375 0.72458 -0.00102218 -0.00564111 0.622202 0.782836
1628062134.543042898 27.1205 -11.4256 0.740667 3.50803e-05 -0.00516104 0.633222 0.773953
1628062134.643306970 27.1121 -11.4811 0.738578 0.00034813 -0.00502436 0.644001 0.765008
1628062134.736224889 27.0852 -11.5288 0.757651 -0.000486412 -0.00511891 0.654096 0.756394
1628062134.837749004 27.0867 -11.5868 0.752614 -0.000685977 -0.0047213 0.664579 0.747203
1628062134.944288969 27.0588 -11.6434 0.776643 -0.000496093 -0.00439152 0.675222 0.737602
1628062135.043900966 27.0591 -11.7056 0.766403 0.000786581 -0.00407231 0.683651 0.729798
1628062135.137628078 27.0317 -11.7575 0.789985 0.000761442 -0.0039855 0.689568 0.72421
1628062135.237489938 27.0302 -11.8242 0.767625 0.00124536 -0.00330442 0.694298 0.719679
1628062135.344726085 26.9952 -11.8855 0.793751 0.00197785 -0.00340391 0.697126 0.716938
1628062135.437192916 26.9614 -11.9385 0.818848 0.00257213 -0.00345138 0.697746 0.716333
1628062135.437192916 26.9614 -11.9385 0.818848 0.00257213 -0.00345138 0.697746 0.716333
1628062135.437192916 26.9614 -11.9385 0.818848 0.00257213 -0.00345138 0.697746 0.716333
1628062135.437192916 26.9614 -11.9385 0.818848 0.00257213 -0.00345138 0.697746 0.716333
1628062135.437192916 26.9614 -11.9385 0.818848 0.00257213 -0.00345138 0.697746 0.716333
1628062135.944125890 27.0593 -12.2235 0.680429 -0.00323574 -0.00603096 0.693155 0.720756
1628062136.039232969 27.0604 -12.2664 0.69679 -0.00311858 -0.00573372 0.69135 0.72249
1628062136.138657093 27.0381 -12.3163 0.712188 -0.00313971 -0.00509556 0.688944 0.72479
1628062136.239084005 27.0453 -12.3677 0.713096 -0.00207997 -0.0045211 0.686467 0.727143
1628062136.340337038 27.0199 -12.4182 0.732165 -0.00148855 -0.00472433 0.683698 0.729748
1628062136.440118074 27.0273 -12.4599 0.72067 -0.00130276 -0.00420637 0.68105 0.732223
1628062136.540214061 26.9993 -12.5087 0.741589 -0.00175383 -0.00454054 0.678175 0.734884
1628062136.641351938 27.017 -12.5623 0.727702 -0.00109856 -0.0038851 0.67505 0.737761
1628062136.740881919 26.9898 -12.6105 0.75011 -0.00157759 -0.00356877 0.671968 0.74057
1628062136.842072010 27.0082 -12.662 0.735369 -0.000562309 -0.00292836 0.669045 0.743216
1628062136.942857980 26.9813 -12.7111 0.758827 -0.000705101 -0.00329382 0.666062 0.745889
1628062137.042794942 26.9513 -12.7595 0.785356 -0.00110401 -0.00351813 0.663101 0.74852
1628062137.142910957 26.9825 -12.8065 0.767371 -0.000280862 -0.00223163 0.659647 0.751572
1628062137.243999958 26.9973 -12.8484 0.748486 0.000634415 -0.00110917 0.655935 0.754816
1628062137.337003946 26.9751 -12.8924 0.771655 0.00125195 -0.00112418 0.652394 0.757878
1628062137.431757926 26.949 -12.937 0.798224 0.00124194 -0.00130639 0.648724 0.761021
1628062137.431757926 26.949 -12.937 0.798224 0.00124194 -0.00130639 0.648724 0.761021
1628062137.431757926 26.949 -12.937 0.798224 0.00124194 -0.00130639 0.648724 0.761021
1628062137.431757926 26.949 -12.937 0.798224 0.00124194 -0.00130639 0.648724 0.761021
1628062137.839602947 27.0111 -13.0972 0.67552 -0.00326403 -0.00482992 0.631038 0.77573
1628062137.941298961 26.9883 -13.1398 0.687819 -0.003315 -0.00513549 0.626052 0.779758
1628062138.040868043 26.9715 -13.193 0.695677 -0.00355894 -0.00564655 0.620396 0.78426
1628062138.139009952 26.941 -13.2345 0.711725 -0.00410516 -0.00601227 0.614363 0.78899
1628062138.239777088 26.9337 -13.2782 0.698738 -0.00342859 -0.00563386 0.608129 0.793811
1628062138.340666055 26.8996 -13.3209 0.716237 -0.00253222 -0.0053162 0.601516 0.798839
1628062138.442270994 26.8946 -13.3693 0.712812 -0.00107598 -0.00460653 0.595009 0.803705
1628062138.541754007 26.8559 -13.4109 0.733255 -0.00153671 -0.00501171 0.588292 0.808632
1628062138.642477035 26.8646 -13.4605 0.721117 -0.0011581 -0.00465652 0.581606 0.813457
1628062138.736175060 26.8278 -13.5 0.741603 -0.00155602 -0.00503622 0.574936 0.818182
1628062138.843406915 26.8401 -13.5385 0.728819 -0.000527657 -0.00341102 0.567405 0.823432
1628062138.936956882 26.8063 -13.5774 0.750674 -5.98535e-05 -0.00311951 0.560837 0.827921
1628062139.038244009 26.7655 -13.619 0.7776 -0.000192942 -0.00312071 0.553673 0.832728
1628062139.044008016 26.763 -13.6214 0.779232 -0.000215431 -0.00312505 0.553257 0.833005
1628062139.044008016 26.763 -13.6214 0.779232 -0.000215431 -0.00312505 0.553257 0.833005
1628062139.044008016 26.763 -13.6214 0.779232 -0.000215431 -0.00312505 0.553257 0.833005
1628062139.440427064 26.8073 -13.7808 0.684778 -0.00173122 -0.00536518 0.523386 0.852077
1628062139.542521953 26.7755 -13.8202 0.700522 -0.00164746 -0.00501819 0.515187 0.857062
1628062139.623708009 26.7465 -13.8503 0.714429 -0.00194526 -0.0052982 0.508679 0.860938
1628062139.742738008 26.7146 -13.9033 0.712692 -0.00265312 -0.0057372 0.498491 0.866872
1628062139.835364103 26.6764 -13.9366 0.731135 -0.00278871 -0.00594191 0.490837 0.871227
1628062139.934320926 26.6578 -13.9773 0.721458 -0.0018765 -0.00537961 0.482328 0.875972
1628062140.027039051 26.6166 -14.0097 0.742269 -0.00176135 -0.00545378 0.474474 0.880251
1628062140.139965057 26.6024 -14.0616 0.737211 -0.00148686 -0.00451202 0.46453 0.885545
1628062140.232614994 26.558 -14.0924 0.759583 -0.0018846 -0.00478218 0.456188 0.889868
1628062140.338762998 26.5397 -14.136 0.745875 -0.00119206 -0.00444792 0.446738 0.894653
1628062140.444355964 26.5322 -14.1801 0.734701 -0.000390657 -0.003319 0.436809 0.899548
1628062140.543504953 26.4862 -14.2116 0.759117 -0.000696208 -0.00310341 0.427599 0.903963
1628062140.642134904 26.4802 -14.2529 0.745865 -0.000404262 -0.00216833 0.418367 0.908275
1628062140.741492033 26.4346 -14.2833 0.771463 -0.000520032 -0.00232374 0.40928 0.912406
1628062140.839714050 26.4296 -14.3272 0.750624 0.000224108 -0.00153939 0.400149 0.916449
1628062140.939227104 26.385 -14.3573 0.775987 0.000294016 -0.00176712 0.390986 0.920395
1628062141.041539907 26.37 -14.4108 0.755521 0.000666339 -0.00135915 0.38118 0.9245
1628062141.144330024 26.3227 -14.4421 0.782108 0.000475603 -0.00155662 0.371343 0.928494
1628062141.243936061 26.2747 -14.4713 0.810812 0.000749916 -0.00158402 0.361804 0.932252
1628062141.249640941 26.2718 -14.4729 0.812559 0.00078687 -0.00157161 0.36125 0.932467
1628062141.249640941 26.2718 -14.4729 0.812559 0.00078687 -0.00157161 0.36125 0.932467
1628062141.249640941 26.2718 -14.4729 0.812559 0.00078687 -0.00157161 0.36125 0.932467
1628062141.640749931 26.2062 -14.6114 0.678864 -0.00359856 -0.00352643 0.324578 0.945846
1628062141.739991903 26.1603 -14.637 0.691207 -0.00317943 -0.00333309 0.314884 0.949119
1628062141.837884902 26.1133 -14.661 0.705954 -0.00240195 -0.00319144 0.305548 0.952168
1628062141.937450885 26.0914 -14.6827 0.729112 -0.00204828 -0.00308234 0.295882 0.955217
1628062142.037604093 26.0504 -14.7079 0.718581 -0.00242961 -0.00335369 0.285859 0.958263
1628062142.136074066 25.9998 -14.7247 0.739155 -0.00267843 -0.00367655 0.276124 0.961111
1628062142.241874933 25.9575 -14.7401 0.721662 -0.00184452 -0.00362389 0.265283 0.964162
1628062142.342098951 25.9037 -14.7533 0.74478 -0.00146968 -0.00321948 0.255301 0.966855
1628062142.441118001 25.875 -14.792 0.740583 -0.000656008 -0.00240007 0.245244 0.969458
1628062142.540231943 25.82 -14.8027 0.766033 -0.00162903 -0.00275833 0.235386 0.971897
1628062142.640377998 25.7619 -14.8115 0.794675 -0.00236418 -0.00312793 0.225157 0.974315
1628062142.738765001 25.7411 -14.8542 0.766066 -0.000902159 -0.00252013 0.215159 0.976575
1628062142.844248056 25.7071 -14.8893 0.74915 0.000398177 -0.00190958 0.204388 0.978888
1628062142.937386035 25.6563 -14.8997 0.773702 0.000580771 -0.00187653 0.194931 0.980815
1628062143.044255018 25.6291 -14.9302 0.755053 0.00108323 -0.00153019 0.18408 0.98291
1628062143.137646913 25.5789 -14.9391 0.779266 0.00119202 -0.00203621 0.174426 0.984667
1628062143.216823101 25.5355 -14.9456 0.802034 0.00126437 -0.00204466 0.166393 0.986057
1628062143.216823101 25.5355 -14.9456 0.802034 0.00126437 -0.00204466 0.166393 0.986057
1628062143.216823101 25.5355 -14.9456 0.802034 0.00126437 -0.00204466 0.166393 0.986057
1628062143.216823101 25.5355 -14.9456 0.802034 0.00126437 -0.00204466 0.166393 0.986057
1628062143.640474081 25.392 -15.0461 0.679872 -0.00186141 -0.00285121 0.128381 0.991719
1628062143.739631891 25.3403 -15.0578 0.689841 -0.00213672 -0.00327889 0.123916 0.992285
1628062143.837794065 25.2877 -15.0692 0.703245 -0.00249322 -0.00342622 0.122006 0.99252
1628062143.937874078 25.2479 -15.0974 0.701174 -0.00191739 -0.00332386 0.123601 0.992325
1628062144.043561935 25.1928 -15.1161 0.719267 -0.00119868 -0.00342847 0.129264 0.991604
1628062144.143872022 25.1483 -15.1275 0.732493 -0.000559019 -0.00348606 0.136676 0.990609
1628062144.237701892 25.0993 -15.1434 0.753875 -0.000583016 -0.00335609 0.145712 0.989321
1628062144.343635082 25.0644 -15.1551 0.757034 -0.000963716 -0.00257486 0.156684 0.987645
1628062144.440751075 25.0317 -15.156 0.743417 -0.00149575 -0.00181345 0.167017 0.985951
1628062144.539880990 24.9841 -15.1706 0.767901 -0.00130082 -0.00123161 0.179335 0.983786
1628062144.644841909 24.9504 -15.1744 0.748129 -0.0012731 -0.00070774 0.191951 0.981403
1628062144.738188982 24.9067 -15.1854 0.770973 -0.00129463 -0.000971517 0.203866 0.978997
1628062144.837150096 24.8605 -15.197 0.798229 -0.00135398 -0.000552768 0.217262 0.976112
1628062144.943043947 24.8124 -15.2062 0.774575 -0.00117265 -0.000377154 0.230344 0.973108
1628062145.035037040 24.7696 -15.2162 0.799387 -0.000569482 -0.000504573 0.242522 0.970145
1628062145.140856027 24.7233 -15.2313 0.774231 0.000104502 -0.000391359 0.255654 0.966768
1628062145.241174936 24.6784 -15.2537 0.749017 0.000645997 -0.000519092 0.268376 0.963314
1628062145.339432954 24.6319 -15.2649 0.773114 0.000873757 -0.000263095 0.280859 0.959749
1628062145.425945997 24.5913 -15.2751 0.797335 0.000747956 0.000248688 0.292278 0.956333
1628062145.425945997 24.5913 -15.2751 0.797335 0.000747956 0.000248688 0.292278 0.956333
1628062145.425945997 24.5913 -15.2751 0.797335 0.000747956 0.000248688 0.292278 0.956333
1628062145.425945997 24.5913 -15.2751 0.797335 0.000747956 0.000248688 0.292278 0.956333
1628062145.425945997 24.5913 -15.2751 0.797335 0.000747956 0.000248688 0.292278 0.956333
1628062145.425945997 24.5913 -15.2751 0.797335 0.000747956 0.000248688 0.292278 0.956333
