14196
13729
13540
13542
13565
13618
13708
13749
13777
13710
13896
13881
13912
13946
13851
13698
13723
13727
13756
13679
13684
13690
13674
13875
13808
13814
13995
14012
13941
13946
13917
13820
13903
14022
13793
13887
13926
14070
14068
14240
14269
14343
14275
14353
14326
14288
14238
14187
14233
14333
14294
14194
14165
14110
14170
14141
14244
14230
14352
14429
14379
14257
14311
14349
14333
14259
14230
14264
14096
13993
13933
13863
13992
13916
13929
13878
13876
13844
13877
13828
13658
13662
13607
13474
13372
13247
13378
13443
13512
13581
13391
13353
13376
13416
13476
13361
13296
13189
13149
13199
13196
13215
13205
13151
13116
13006
13008
13133
13278
13210
13212
13347
13278
13369
13278
13343
13169
13090
13192
13183
13226
13210
13156
13082
13124
13104
13054
13123
13100
13153
13174
13263
13164
13031
12958
12989
12917
12967
13023
12984
13081
13093
13123
13082
13137
13107
13160
13113
12983
12899
12919
12953
13064
12915
12983
13122
13139
13059
13019
13004
13092
13042
13016
13045
13089
12970
13093
13097
13013
13030
12996
12996
13044
13130
13083
13193
13102
13090
13002
12984
13017
13006
13012
12995
13055
13105
13006
13173
13096
13048
13091
13074
13040
13141
13152
13046
12949
12803
12874
12854
12916
12788
12907
12990
13002
13039
12886
12817
12906
12829
12885
12900
12847
12906
12918
12801
12839
12985
13033
12975
12895
12900
12903
12985
12860
12888
12908
13044
12953
12938
12947
13036
12935
12981
12961
12908
13044
13002
12967
12930
12949
12873
12772
12830
12788
12850
12773
12807
12752
12789
12863
12805
12712
12659
12820
12890
13025
12902
13029
12883
12926
12836
12854
12883
12846
12802
12756
12845
12777
12817
12732
12667
12626
12487
12409
12415
12285
12274
12293
12067
12058
12052
11975
11948
11888
11877
11774
11722
11606
11674
11576
11538
11419
11347
11232
11078
11153
11075
11026
11099
10992
10994
10865
11000
10955
10853
10722
10679
10657
10699
10756
10769
10626
10622
10548
10486
10436
10326
10297
10166
10211
10213
10202
10146
10154
10190
10129
10032
10057
10047
10007
9920
9903
9885
9799
9713
9767
9802
9777
9722
9880
9685
9631
9587
9650
9605
9636
9669
9790
9734
9619
9621
9492
9464
9612
9574
9567
9530
9529
9470
9491
9503
9503
9529
9481
9453
9440
9461
9432
9419
9351
9306
9311
9356
9304
9314
9383
9280
9316
9313
9208
9245
9243
9259
9163
9278
9171
9108
9072
9129
9083
9146
9182
9061
9051
9003
8916
8938
8881
8814
8830
8815
8817
8669
8790
8777
8724
8756
8645
8550
8596
8595
8696
8627
8472
8547
8469
8516
8565
8541
8458
8443
8455
8392
8327
8267
8170
8271
8256
8307
8168
8119
8022
7974
7978
7953
8004
7820
7653
7689
7610
7655
7610
7636
7579
7506
7444
7498
7460
7483
7384
7397
7361
7363
7329
7385
7400
7445
7579
7580
7521
7571
7722
7771
7744
7705
7582
7526
7487
7404
7421
7349
7412
7375
7349
7324
7389
7381
7379
7432
7514
7551
7537
7614
7628
7618
7724
7946
7893
7877
7902
7798
7895
8013
8056
8086
8060
8006
8105
8293
8382
8320
8318
8415
8378
8530
8528
8499
8435
8489
8610
8671
8798
8753
8891
8951
9136
9064
8907
8873
8995
9061
9192
9202
9117
9065
9107
9099
8956
9055
9039
9156
9258
9182
9086
8998
8950
8629
8753
8810
8669
8667
8694
8719
8704
8669
8543
8431
8527
8477
8466
8497
8580
8374
8155
8096
8204
8383
8389
8319
8488
8472
8328
8161
8503
8415
8502
8500
8456
8637
8692
8845
8744
8887
8806
8984
8985
9085
9057
9118
9119
9119
9276
9272
9285
9352
9410
9377
9314
9473
9476
9202
9337
9462
9646
9736
9585
9526
9736
9704
9644
9656
9651
9646
9747
9771
9795
9544
9627
9817
9786
9840
9981
9911
10163
10191
10161
9998
10080
10161
10251
10194
10220
10115
10179
10148
9987
9983
9875
9833
9816
9868
9658
9570
9654
9552
9572
9459
9552
9556
9454
9363
9539
9730
9599
9529
9442
9440
9615
9593
9510
9570
9490
9448
9533
9612
9790
9525
9637
9678
9696
9694
9670
9533
9518
9498
9689
9699
9471
9641
9703
9639
9794
9908
9823
9840
9863
9856
9789
10015
9892
9805
9885
10001
10058
10030
10128
10169
10082
10099
10069
10164
10068
10215
10174
10080
10120
10146
10017
10184
10131
10176
10069
10163
10026
10000
9882
10133
10256
10092
10204
10155
10241
10142
10213
10126
10166
10194
10154
10104
10075
9997
10073
10201
10073
9908
9853
9862
9922
9999
9986
9981
10015
10035
10021
10000
9971
9971
10090
9965
10119
10027
10094
10311
10124
10317
10173
10037
10367
10221
10122
10102
10270
10584
10185
10100
10050
10175
10147
10155
10305
10181
10340
10163
10338
10229
10383
10301
10367
10324
10378
10650
10532
10267
10123
10276
10324
10528
10531
10415
10403
10525
10504
10383
10472
10457
10346
10412
10074
10172
10164
9902
9940
10005
10130
10019
9792
9837
10165
9819
9910
10253
10050
10116
10011
10274
10240
10212
10279
10421
10283
10077
10137
10218
10248
10247
10266
10242
10172
10201
10089
10060
10140
9891
10017
9932
9800
9695
9638
9646
9465
9619
9586
9598
9620
9600
9778
9991
9786
9719
9794
9804
9799
9577
9730
9760
9726
9554
9754
9693
9678
9750
9682
9677
9630
9750
9505
9613
9604
9748
9722
9800
9900
9891
9878
9886
9742
9866
9613
9718
9612
9670
9727
9914
9805
9723
9786
9647
9883
9958
9759
9676
9590
9543
9533
9461
9564
9532
9564
9369
9449
9381
9377
9447
9356
9413
9469
9260
9310
9318
9191
9138
9063
9144
9248
9024
8965
8925
8771
8647
8688
8585
8453
8263
8421
8439
8474
8363
8322
8261
8363
8396
8273
8487
8395
8263
8391
8331
8377
8110
8041
8058
8082
8038
7838
7860
7815
7771
7814
7826
7883
7996
7783
7778
7758
7905
7895
7846
7807
7885
7936
7907
7828
7654
7668
7708
7588
7577
7605
7606
7698
7704
7934
8039
7830
7906
7677
7819
7770
7887
8024
7917
8085
7954
8079
8114
8077
8145
7970
8120
8164
8269
8196
8308
8497
8327
8406
8493
8568
8701
8651
8625
8849
8987
8919
9048
9093
8975
9198
9000
9159
9490
9204
9518
9607
9757
9648
9832
9741
9799
9758
9680
9675
9494
9433
9453
9560
9502
9481
9602
9590
9586
9758
9856
9893
10178
10194
10187
10056
10003
9807
9723
9703
9713
9654
9765
9840
10099
9890
10147
9953
9859
9949
10047
10050
9837
9930
9840
9957
9814
10048
9913
10071
10035
9796
9976
9835
9825
10060
9864
9823
10179
10098
9960
10119
10040
10389
10043
10256
10084
10217
10322
10096
10257
10117
10066
10063
10011
10055
10141
10141
9877
9974
9886
9846
9913
9938
9861
9832
9737
9632
9727
9655
9741
9719
9833
9778
9913
9866
9922
9782
10107
10141
10247
10312
10214
10177
10088
10327
10146
10107
10151
10212
10028
10079
10248
10140
10174
10068
9883
9879
9933
9826
9760
9860
9712
9858
9761
9715
9665
9675
9667
9453
9541
9519
9390
9417
9413
9614
9540
9590
9684
9636
9542
9687
9761
9725
9650
9657
9398
9425
9379
9338
9185
8995
9091
9027
9000
8977
9012
8983
8982
8926
8815
8818
8734
8783
8764
8827
8682
8645
8685
8642
8625
8635
8587
8589
8556
8512
8499
8462
8495
8363
8378
8329
8321
8271
8266
8137
8078
8184
8217
8160
8057
8207
8159
8129
8064
8132
8165
8155
8149
8120
8139
8105
8119
8129
8218
8197
8136
8181
8077
8136
8216
8166
8145
8138
8148
8220
8186
8176
8151
8064
8113
8096
8165
8124
8126
8085
8146
8107
8110
8118
8115
8131
8141
8187
8131
8143
8104
8144
8124
8101
8101
8106
8137
8117
8186
8134
8129
8139
8173
8171
8139
8121
8161
8148
8121
8138
8145
8168
8138
8152
8152
8129
8115
8139
8133
