0.0409059 0.129403
0.0403641 0.127904
0.0402717 0.129173
0.0405819 0.133067
0.0401237 0.133948
0.0392935 0.132325
0.0390529 0.130435
0.0390537 0.130991
0.0382739 0.128693
0.0390482 0.130708
0.0396538 0.131549
0.0393554 0.130538
0.0396899 0.131757
0.0396219 0.131364
0.0402366 0.133564
0.0398665 0.134253
0.0402289 0.135247
0.039811 0.134407
0.0408902 0.137176
0.0411469 0.138168
0.0394543 0.133148
0.0401236 0.135646
0.0395263 0.133026
0.0390889 0.129369
0.0392664 0.129635
0.0385301 0.125235
0.0384865 0.122901
0.0401443 0.127105
0.0402196 0.127179
0.0402866 0.12699
0.0396507 0.124308
0.0406569 0.128799
0.0404857 0.127095
0.0402361 0.125446
0.0403987 0.128398
0.040417 0.127313
0.0414624 0.130547
0.0427252 0.134471
0.0420213 0.132997
0.0409876 0.129986
0.0424885 0.135118
0.0426688 0.135815
0.0420812 0.13394
0.0421525 0.133491
0.0404642 0.128996
0.041621 0.132769
0.0420793 0.135202
0.0426444 0.136674
0.0409517 0.130963
0.0410528 0.131236
0.0396805 0.127186
0.0396057 0.127378
0.0394067 0.127356
0.0416175 0.13494
0.0408386 0.131828
0.0407568 0.132381
0.0406037 0.130511
0.0407696 0.131342
0.0400755 0.127299
0.0407756 0.130155
0.0414058 0.131998
0.0409995 0.132005
0.0408903 0.130808
0.0399758 0.128789
0.0403857 0.130329
0.0398994 0.129041
0.0398993 0.129164
0.0399782 0.128646
0.0398615 0.129895
0.0394084 0.129493
0.040426 0.133496
0.0401921 0.132222
0.0397706 0.13036
0.0392629 0.129994
0.0393039 0.129873
0.0385375 0.127972
0.0385606 0.12727
0.0393956 0.130887
0.0379115 0.125892
0.0388879 0.129881
0.0388016 0.130766
0.0390877 0.132338
0.0395818 0.134122
0.0397967 0.135966
0.0390786 0.134984
0.0388205 0.135955
0.0390095 0.135073
0.0390829 0.134791
0.0397187 0.135435
0.039143 0.132906
0.0390213 0.134941
0.0390375 0.135475
0.0377522 0.130532
0.0370961 0.128354
0.0374594 0.128451
0.0382255 0.132849
0.0373456 0.13049
0.0374093 0.131776
0.0378388 0.13347
0.0376969 0.132889
0.0378816 0.133071
0.0381854 0.134014
0.0384898 0.134797
0.038607 0.136568
0.0376405 0.133501
0.037898 0.135245
0.0389311 0.138991
0.0402034 0.142694
0.0401113 0.140081
0.0399535 0.140575
0.039647 0.138738
0.0398634 0.138158
0.0395489 0.137596
0.0405417 0.140848
0.0400517 0.140157
0.0395745 0.13745
0.0393525 0.139191
0.0393935 0.139725
0.0395233 0.139782
0.0393368 0.138588
0.0386968 0.136322
0.0397513 0.140348
0.0396093 0.14024
0.0405446 0.144091
0.0410245 0.14523
0.040361 0.143697
0.0402644 0.143251
0.0410457 0.146079
0.0396995 0.141603
0.0406396 0.14415
0.039388 0.139517
0.0392854 0.138279
0.0394152 0.139471
0.0397381 0.141585
0.0404639 0.144853
0.0400603 0.143275
0.0403597 0.144538
0.040252 0.143364
0.0400154 0.143439
0.0394379 0.14179
0.0398113 0.142573
0.0402999 0.143665
0.040601 0.143946
0.0401416 0.143021
0.040123 0.142042
0.0404477 0.144198
0.0404103 0.143389
0.0398047 0.141158
0.040371 0.144497
0.040679 0.146213
0.0405788 0.146528
0.040036 0.144214
0.0390775 0.14008
0.0399013 0.143941
0.0388256 0.139644
0.0381244 0.135879
0.0390597 0.138595
0.0391179 0.139904
0.0381717 0.13657
0.0395202 0.14088
0.0398421 0.142606
0.0395614 0.141926
0.039175 0.140673
0.0392266 0.139977
0.0392009 0.139277
0.0394714 0.142097
0.0384244 0.136943
0.0389225 0.139345
0.0396751 0.142627
0.0392749 0.140829
0.0390004 0.139658
0.0391343 0.140813
0.0393358 0.140754
0.0402396 0.143793
0.0409089 0.146144
0.0404563 0.143561
0.0393841 0.14036
0.0402923 0.144461
0.0399385 0.143901
0.0395251 0.14256
0.039812 0.143197
0.0397464 0.142703
0.0405715 0.145789
0.0416115 0.149904
0.0401139 0.143547
0.0398385 0.142312
0.041542 0.149469
0.040082 0.142564
0.0409281 0.145464
0.0398541 0.142397
0.040253 0.144374
0.0405576 0.145327
0.0412791 0.147699
0.040836 0.145118
0.0410153 0.145833
0.0411735 0.148245
0.0404734 0.146034
0.0413396 0.151371
0.040903 0.148206
0.0416052 0.151315
0.0414221 0.150821
0.0405861 0.147951
0.041373 0.150074
0.041741 0.15127
0.041615 0.149669
0.0421824 0.151852
0.0417013 0.151637
0.0424836 0.155028
0.041444 0.151402
0.0409711 0.150752
0.0414946 0.152037
0.0414041 0.150233
0.0419393 0.153655
0.0413207 0.150395
0.0414711 0.151184
0.0416941 0.153347
0.0424671 0.155308
0.0413385 0.149942
0.0423873 0.153073
0.0415218 0.149981
0.0421237 0.153083
0.0432735 0.157442
0.0417829 0.152058
0.0417761 0.151868
0.0415259 0.152022
0.0423914 0.154873
0.0421972 0.153781
0.0412446 0.148267
0.04241 0.153246
0.0418929 0.152651
0.0423109 0.15409
0.0421744 0.152654
0.0416578 0.15145
0.0414269 0.151375
0.0408185 0.147442
0.0411405 0.149907
0.0404177 0.146274
0.0407433 0.147054
0.0414096 0.151153
0.0403162 0.146713
0.0411415 0.149973
0.0416419 0.152334
0.0425762 0.157141
0.0411498 0.15152
0.0411215 0.151157
0.0414792 0.152062
0.0412802 0.15157
0.0420427 0.155306
0.0424566 0.157701
0.0416817 0.153726
0.0420198 0.153386
0.0430987 0.159235
0.0424673 0.157174
0.0429239 0.15957
0.0431676 0.157878
0.042903 0.156711
0.0422591 0.154242
0.042661 0.156565
0.0425446 0.153734
0.0417841 0.15307
0.0424371 0.155191
0.0424595 0.156279
0.0422824 0.155594
0.0411834 0.151052
0.0411583 0.151798
0.042238 0.155913
0.0418849 0.154829
0.0416162 0.152511
0.0408813 0.15074
0.0415721 0.152844
0.0411949 0.152608
0.0409009 0.15197
0.0403756 0.150879
0.0407353 0.154561
0.0404279 0.154404
0.0401922 0.152235
0.0421203 0.1628
0.0392721 0.151214
0.0395085 0.151712
0.0400431 0.157123
0.0390652 0.152762
0.0390442 0.15375
0.0398887 0.157996
0.0397469 0.157181
0.0385648 0.153516
0.038883 0.156268
0.0384281 0.153813
0.0385991 0.156543
0.038088 0.155437
0.0381737 0.155131
0.0383338 0.156531
0.037058 0.153233
0.0382495 0.159208
0.0381429 0.160659
0.0388023 0.16453
0.0380049 0.163838
0.0389322 0.166592
0.0379681 0.163521
0.0376538 0.163432
0.0380895 0.16497
0.0375372 0.163119
0.0377521 0.163635
0.0371876 0.162448
0.0374184 0.161545
0.037711 0.164582
0.0383106 0.169078
0.0389006 0.172263
0.0374663 0.166495
0.0381381 0.170217
0.0389304 0.174315
0.0397853 0.17711
0.0390512 0.173368
0.0384238 0.173066
0.0390349 0.175767
0.0384455 0.175009
0.0397345 0.181003
0.0399692 0.183883
0.0401288 0.185842
0.0395418 0.184034
0.0408813 0.193291
0.0395862 0.185486
0.0390584 0.18261
0.0399372 0.18712
0.0405639 0.191701
0.0402818 0.189777
0.0411107 0.194112
0.0402206 0.190838
0.039807 0.190789
0.0398915 0.188625
0.0398811 0.191002
0.040184 0.193764
0.0401197 0.194657
0.0408581 0.197516
0.0395904 0.192413
0.039812 0.19451
0.0394581 0.195202
0.0404701 0.198833
0.0410936 0.200571
0.0402683 0.197709
0.0419981 0.207982
0.0421732 0.203644
0.0418138 0.206608
0.0413829 0.206936
0.0422606 0.211224
0.0416404 0.205389
0.0426116 0.211869
0.0412421 0.204545
0.0412755 0.205088
0.0422051 0.206844
0.0425185 0.208753
0.0416387 0.206466
0.0418202 0.207567
0.0419041 0.210704
0.0431387 0.219463
0.0424859 0.210882
0.0431709 0.216837
0.0432718 0.216264
0.0430606 0.216369
0.0431158 0.217127
0.0420217 0.21246
0.042575 0.214414
0.0432786 0.217195
0.0429993 0.216458
0.0424754 0.213349
0.0414997 0.209788
0.0416138 0.211573
0.0423962 0.215466
0.041704 0.2115
0.0413565 0.210878
0.0405757 0.20533
0.0413412 0.2111
0.0417483 0.21513
0.042124 0.215981
0.0413345 0.21227
0.0423242 0.218508
0.0429421 0.220958
0.0418411 0.213045
0.041899 0.216164
0.0414801 0.213826
0.0421276 0.217116
0.0420182 0.218506
0.0427261 0.220119
0.0422479 0.218544
0.0423762 0.21903
0.0420275 0.220343
0.0419591 0.216534
0.0412922 0.215898
0.0419469 0.220466
0.0423306 0.223435
0.0419184 0.22193
0.0430166 0.227458
0.0425087 0.222174
0.0423517 0.221085
0.0422855 0.223706
0.0426796 0.226163
0.0428583 0.227702
0.043762 0.235419
0.0424373 0.227456
0.0427463 0.230154
0.0429229 0.233719
0.043887 0.238958
0.0434439 0.236756
0.042744 0.231938
0.0440179 0.242589
0.0430854 0.233788
0.0437099 0.23835
0.0412343 0.226387
0.0430544 0.235039
0.0425167 0.235281
0.0435905 0.242924
0.0436491 0.242904
0.0438987 0.244561
0.0434536 0.238155
0.0425301 0.236235
0.0430578 0.2428
0.0425661 0.237393
0.0429216 0.24265
0.0434154 0.243307
0.0423974 0.23596
0.0424952 0.237443
0.0418966 0.236108
0.0418185 0.235224
0.0429846 0.242224
0.0431671 0.245829
0.0425143 0.242945
0.0430236 0.248337
0.0425483 0.247858
0.0422665 0.243139
0.0433283 0.249516
0.042003 0.24052
0.0428602 0.248408
0.0431341 0.252371
0.0423538 0.249065
0.0423584 0.251191
0.0415391 0.246553
0.0430586 0.25525
0.041842 0.246002
0.0431548 0.260358
0.0431785 0.267607
0.0424389 0.259982
0.0432936 0.266491
0.0440905 0.271195
0.0439647 0.270565
0.0443848 0.272918
0.0433306 0.267713
0.0437481 0.271383
0.0433464 0.270822
0.0442694 0.27514
0.0440914 0.275335
0.0437903 0.272351
0.0445519 0.279523
0.0439313 0.276463
0.0445098 0.281619
0.0447504 0.282086
0.0440583 0.278483
0.0440996 0.277048
0.0441755 0.276216
0.0439152 0.274681
0.0435084 0.265206
0.0437315 0.266491
0.0437565 0.270044
0.0433307 0.264694
0.0436636 0.262626
0.0436101 0.25904
0.0439296 0.261751
0.042577 0.256457
0.0442499 0.270641
0.0446382 0.274781
0.0427706 0.263924
0.0425265 0.265532
0.0420071 0.263981
0.0431569 0.270921
0.0436961 0.271856
0.0418461 0.263458
0.0428892 0.270105
0.0425236 0.26734
0.0435027 0.271891
0.0435035 0.273676
0.0443276 0.27646
0.0448026 0.27866
0.0430718 0.265504
0.043803 0.267912
0.0441036 0.26894
0.042685 0.257815
0.042844 0.256817
0.043444 0.26083
0.0431249 0.255567
0.0431106 0.247672
0.0423903 0.245534
0.043034 0.248064
0.042787 0.244875
0.0425672 0.249295
0.0426758 0.244839
0.0433621 0.245102
0.0436218 0.247642
0.0434554 0.244991
0.0425274 0.239082
0.0427035 0.241569
0.0425138 0.238125
0.0414214 0.227421
0.0417668 0.227989
0.0416997 0.227885
0.0435449 0.239
0.0427883 0.233274
0.0445909 0.241466
0.0461961 0.246659
0.0453022 0.242495
0.0443383 0.239205
0.0445426 0.240308
0.0443418 0.23984
0.0435247 0.232056
0.044724 0.237804
0.0440223 0.232326
0.0440411 0.232035
0.0424615 0.22056
0.0424744 0.220534
0.0438094 0.223511
0.0434012 0.221536
0.0428333 0.221399
0.0420988 0.217739
0.0408146 0.209672
0.0416639 0.211566
0.0394349 0.199521
0.0389234 0.195827
0.039286 0.199408
0.0389557 0.199007
0.0396031 0.199407
0.0407841 0.204418
0.040619 0.2069
0.0409516 0.206074
0.0434753 0.214072
0.0438702 0.214176
0.043634 0.210521
0.0431149 0.211283
0.0451018 0.223861
0.0445976 0.222938
0.0437058 0.220223
0.0432871 0.225866
0.0411789 0.212613
0.041479 0.211124
0.0407986 0.211904
0.0415026 0.215299
0.0405688 0.21003
0.041119 0.212754
0.0402824 0.206457
0.0419971 0.213173
0.0417461 0.215264
0.0405726 0.212786
0.0421707 0.218717
0.040808 0.211867
0.0416763 0.212851
0.0441326 0.224668
0.0436933 0.221329
0.0434116 0.226535
0.0404323 0.222931
0.0405907 0.224432
0.0397409 0.216114
0.0403867 0.215794
0.0389237 0.209679
0.0402164 0.218055
0.0393266 0.209708
0.0409126 0.219075
0.040163 0.217699
0.0402727 0.22436
0.0394794 0.212631
0.0397787 0.216993
0.0396927 0.215126
0.0402257 0.218941
0.0395359 0.218425
0.0386854 0.211648
0.039548 0.215025
0.0386459 0.207801
0.039019 0.211802
0.0392615 0.210082
0.0397415 0.215081
0.0400337 0.211264
0.0399119 0.211686
0.0390549 0.204513
0.0388258 0.20371
0.0389632 0.204102
0.038409 0.200351
0.0372558 0.195087
0.0373667 0.191893
0.0366052 0.188956
0.0371528 0.190738
0.0369677 0.187981
0.0358871 0.182891
0.0356246 0.181508
0.0365992 0.187138
0.0361711 0.18178
0.0360283 0.180772
0.0367075 0.189198
0.0365712 0.185927
0.0365252 0.182414
0.0367678 0.180386
0.0365414 0.178924
0.03657 0.181221
0.0360423 0.180034
0.0377532 0.185497
0.0381293 0.186521
0.0377782 0.185193
0.0369927 0.182477
0.0377958 0.185991
0.0379819 0.186917
0.0380507 0.183851
0.0377873 0.183093
0.0367874 0.178867
0.0367515 0.18378
0.0371751 0.183339
0.0364537 0.176836
0.0363158 0.177601
0.0366782 0.177744
0.0374806 0.17904
0.0369717 0.17758
0.0357519 0.167175
0.0365688 0.172015
0.0378799 0.176262
0.0380434 0.180236
0.0366125 0.173313
0.0372617 0.173507
0.0374619 0.173934
0.0376916 0.174907
0.0381621 0.176517
0.0375865 0.175086
0.0383969 0.177326
0.0385582 0.178459
0.0398757 0.187544
0.0401893 0.189723
0.040154 0.19119
0.0408025 0.195464
0.0400941 0.192747
0.0408284 0.195582
0.0393396 0.193415
0.0403722 0.198119
0.0396896 0.193909
0.0397267 0.196608
0.0396401 0.195153
0.0391142 0.194947
0.0389459 0.19263
0.0391497 0.193491
0.0391949 0.195473
0.0397061 0.199722
0.0398802 0.196771
0.0399326 0.192497
0.0393883 0.192937
0.0385572 0.190261
0.0389793 0.194133
0.0389436 0.193856
0.0390729 0.191992
0.0396696 0.193266
0.039062 0.193901
0.0391559 0.191745
0.0387663 0.191781
0.0399975 0.199196
0.0391494 0.193119
0.0402732 0.195693
0.0403948 0.193565
0.041417 0.204619
0.0405152 0.197468
0.040513 0.195495
0.0406889 0.197607
0.0414248 0.200227
0.0407399 0.197932
0.0398893 0.196475
0.0399031 0.19731
0.0402393 0.198252
0.0404146 0.196408
0.0412738 0.199918
0.0407715 0.201985
0.0414897 0.200602
0.0412413 0.199423
0.0409156 0.198983
0.0415862 0.197876
0.0426298 0.200848
0.0419495 0.19943
0.0422288 0.200407
0.0418619 0.198418
0.0421976 0.200588
0.0419339 0.199714
0.0421066 0.197104
0.0425781 0.202082
0.0417591 0.199694
0.0418522 0.198685
0.0421158 0.19728
0.0413895 0.192981
0.0410974 0.191924
0.040225 0.187105
0.0404625 0.186154
0.0407065 0.18905
0.0403798 0.186553
0.0398521 0.18413
0.0409535 0.188804
0.0418504 0.19418
0.0433061 0.196965
0.0423546 0.194417
0.0428773 0.198512
0.0436403 0.201285
0.0442981 0.203528
0.0446101 0.207348
0.0433789 0.199529
0.0430029 0.198796
0.0437962 0.201258
0.0438178 0.203397
0.0432836 0.198859
0.0431487 0.200977
0.0422698 0.198
0.0422544 0.200061
0.0413264 0.190269
0.0415749 0.189645
0.0409036 0.189655
0.0413924 0.189828
0.0412616 0.189759
0.0407902 0.186505
0.0409102 0.188622
0.0424442 0.193968
0.0412038 0.191191
0.0409184 0.18916
0.041033 0.188444
0.0415022 0.190565
0.0408398 0.189826
0.0406308 0.188983
0.0403958 0.189057
0.0412176 0.190609
0.0413583 0.189001
0.0412792 0.191701
0.0417483 0.1957
0.0427231 0.201969
0.041828 0.198236
0.0421429 0.198448
0.0417817 0.19522
0.0414693 0.194673
0.0416113 0.19467
0.0413995 0.19341
0.0406323 0.190832
0.0407207 0.190799
0.0408812 0.1915
0.0408081 0.191856
0.040853 0.191556
0.0410851 0.190486
0.0415378 0.194079
0.041124 0.190335
0.0419386 0.195472
0.0424113 0.196552
0.0429875 0.195034
0.0429887 0.198341
0.0430589 0.194727
0.0429262 0.196402
0.0428104 0.198266
0.0404758 0.181827
0.041913 0.191469
0.0411225 0.190377
0.0415015 0.191744
0.0425258 0.193184
0.0425067 0.187264
0.040661 0.186254
0.0415528 0.191188
0.0404296 0.187264
0.0408155 0.186536
0.0419981 0.193555
0.0415161 0.190054
0.041955 0.189423
0.0425591 0.194578
0.0414228 0.18617
0.0421451 0.191774
0.0421905 0.188915
0.0411349 0.186529
0.0411681 0.184918
0.0403837 0.180662
0.0408062 0.182599
0.0412974 0.18549
0.0419272 0.188668
0.0411871 0.180094
0.0417439 0.183916
0.0433022 0.195773
0.0427472 0.195397
0.0433928 0.195407
0.0434614 0.195951
0.0434102 0.192344
0.044523 0.197417
0.0457495 0.203745
0.0433881 0.193117
0.0427389 0.188884
0.0424937 0.188119
0.0424479 0.189926
0.0406948 0.180768
0.0412645 0.182748
0.0409995 0.183646
0.0406861 0.183154
0.0414237 0.192476
0.0412459 0.190326
0.0401299 0.184868
0.0404906 0.191375
0.040733 0.190744
0.0391501 0.183808
0.0392834 0.181836
0.0397733 0.185647
0.0393339 0.187909
0.0403807 0.191522
0.0401232 0.184555
0.039875 0.189734
0.0394157 0.185974
0.0383481 0.175071
0.040822 0.189154
0.0410213 0.188513
0.0407419 0.189591
0.0401366 0.181916
0.0406329 0.18457
0.0400095 0.182335
0.0396747 0.179395
0.0398697 0.178486
0.0399897 0.18127
0.0392698 0.182296
0.0393188 0.181513
0.0373318 0.170288
0.0389778 0.176815
0.0392815 0.179272
0.039431 0.179817
0.0389892 0.179262
0.0376109 0.174695
0.0381068 0.175375
0.037548 0.175339
0.0378016 0.175845
0.0360826 0.167357
0.035517 0.167728
0.0361703 0.169412
0.0359688 0.169754
0.0362799 0.173673
0.0363914 0.176998
0.035933 0.175348
0.0366021 0.177379
0.0367522 0.180771
0.0348979 0.169352
0.035881 0.174838
0.0356786 0.174724
0.0364884 0.177963
0.036922 0.180833
0.0359232 0.172121
0.0355127 0.167551
0.0352974 0.16963
0.0358808 0.172652
0.0364473 0.173882
0.035844 0.172073
0.0370158 0.177569
0.0369015 0.181059
0.0375664 0.180987
0.0368946 0.179918
0.0368773 0.179313
0.0368375 0.181809
0.0358531 0.173057
0.0365411 0.177654
0.0374684 0.182476
0.037175 0.180103
0.036308 0.176616
0.0354465 0.172471
0.0356602 0.173728
0.0358942 0.173949
0.0369428 0.181799
0.0367093 0.179549
0.0373689 0.180654
0.0363838 0.175215
0.0373329 0.179798
0.0374874 0.178673
0.0365056 0.172424
0.0370228 0.175008
0.0372235 0.176655
0.0375757 0.178232
0.037045 0.177684
0.0379005 0.179607
0.0382039 0.185686
0.0380956 0.183783
0.0392338 0.189659
0.0375925 0.181179
0.0383948 0.184229
0.0379359 0.178636
0.0367082 0.175013
0.0374131 0.180397
0.0369277 0.176374
0.0364906 0.177154
0.0346997 0.165739
0.0338304 0.15947
0.0348595 0.168357
0.0341639 0.166081
0.0348221 0.17122
0.0349542 0.172273
0.0347375 0.172139
0.0354089 0.176408
0.0345458 0.170013
0.0346043 0.171003
0.0347762 0.173045
0.0329935 0.166507
0.0334187 0.167108
0.0334377 0.168426
0.0339434 0.17127
0.0327447 0.162909
0.0342222 0.17283
0.0333128 0.166366
0.0343215 0.170557
0.034644 0.176026
0.0335345 0.17014
0.0331372 0.168062
0.0321626 0.165488
0.0321435 0.166448
0.0335049 0.173784
0.0335633 0.1729
0.0328915 0.167712
0.0335385 0.174535
0.0336957 0.176352
0.0342717 0.180056
0.0333432 0.178999
0.0334137 0.181103
0.0331155 0.179673
0.0322101 0.176471
0.0308836 0.17201
0.0307745 0.175481
0.0286694 0.160907
0.030046 0.16874
0.0297308 0.167217
0.0300496 0.170154
0.029271 0.166787
0.0291672 0.168139
0.0300471 0.170991
0.0301615 0.17151
0.030366 0.174785
0.0300888 0.170496
0.0301409 0.170459
0.0294948 0.171971
0.0291851 0.166965
0.0287306 0.165886
0.0279148 0.158768
0.0276146 0.162269
0.0280121 0.167268
0.0267902 0.1586
0.0260408 0.15417
0.0265518 0.158
0.0283497 0.173386
0.0273818 0.166667
0.0267271 0.16366
0.0271113 0.166645
0.0271534 0.166496
0.0265827 0.16343
0.0264672 0.161614
0.0254354 0.153077
0.0264843 0.164204
0.0259694 0.160581
0.0263487 0.163057
0.0266017 0.16167
0.0273463 0.166814
0.0261572 0.160974
0.0259837 0.160369
0.0257948 0.157641
0.0264292 0.16003
0.026805 0.1634
0.0259008 0.159683
0.025063 0.157303
0.0252245 0.157538
0.0244412 0.15192
0.025118 0.15854
0.0257321 0.162597
0.0266338 0.167784
0.0268099 0.168946
0.0269383 0.167446
0.0277929 0.172118
0.0274458 0.16612
0.0279933 0.167434
0.0285649 0.175734
0.0288614 0.177334
0.0279993 0.174678
0.0281029 0.173168
0.0277335 0.170013
0.0278582 0.169519
0.0278224 0.164133
0.0274714 0.165467
0.0277535 0.164626
0.0283774 0.170229
0.0284522 0.168833
0.0291055 0.171555
0.0292573 0.173827
0.0297376 0.175322
0.0305383 0.183563
0.0297704 0.175616
0.0295353 0.172219
0.0303981 0.175837
0.0298433 0.174231
0.030701 0.17754
0.0306779 0.172178
0.0303236 0.171971
0.0296888 0.165715
0.0311749 0.172495
0.0309967 0.170518
0.0314809 0.17044
0.0307223 0.167611
0.0302153 0.164638
0.0300025 0.160018
0.0299619 0.156671
0.0316259 0.166835
0.0312354 0.162025
0.0325031 0.167052
0.0333921 0.172925
0.0348543 0.17656
0.0349067 0.180778
0.0353264 0.179714
0.0359399 0.17745
0.0347956 0.176662
0.0361721 0.177874
0.0374954 0.182263
0.0378489 0.181203
0.0370196 0.179104
0.0377677 0.179516
0.0373698 0.179345
0.0384171 0.183182
0.0374701 0.179955
0.0364087 0.176033
0.0368619 0.178088
0.0374013 0.184643
0.0362286 0.179476
0.0377367 0.185973
0.0366869 0.181067
0.0359341 0.177542
0.0359646 0.180783
0.0354107 0.172672
0.0365991 0.179771
0.0371648 0.182141
0.0372564 0.179238
0.0370433 0.176441
0.0385583 0.182857
0.0382915 0.17695
0.0372886 0.171768
0.037343 0.17218
0.0365645 0.169849
0.0369649 0.172748
0.0362679 0.17202
0.0361213 0.173403
0.0355649 0.171803
0.0367891 0.177082
0.0384739 0.18583
0.0380682 0.181464
0.0377411 0.179776
0.0382694 0.17675
0.0389062 0.183418
0.038748 0.177885
0.0392009 0.182759
0.0394936 0.185414
0.0389852 0.183033
0.038694 0.180352
0.0383915 0.178408
0.0390528 0.185931
0.0381798 0.181067
0.0382005 0.181301
0.0384681 0.181681
0.0378892 0.181883
0.0375045 0.17506
0.0385963 0.182286
0.0367686 0.171284
0.0373477 0.175287
0.0378196 0.18089
0.0363606 0.172013
0.0366884 0.174784
0.0368781 0.175776
0.0362441 0.168787
0.0369525 0.175588
0.0363737 0.173063
0.0380124 0.175558
0.0384459 0.178253
0.0386586 0.18253
0.0387319 0.178575
0.0389907 0.181773
0.0383028 0.173356
0.0390805 0.182814
0.0385106 0.176775
0.0385934 0.179691
0.039553 0.180484
0.0391948 0.178066
0.0408234 0.187599
0.0410965 0.189139
0.0412544 0.192053
0.0417652 0.194715
0.0411914 0.191295
0.0411795 0.189991
0.0412211 0.190154
0.0411655 0.190021
0.0414865 0.191105
0.0417336 0.197327
0.0414118 0.192801
0.0418707 0.197249
0.043395 0.204956
0.042262 0.198729
0.0423492 0.196418
0.0432401 0.204138
0.0425963 0.20118
0.0418897 0.200164
0.0420402 0.204007
0.0419577 0.200679
0.0417773 0.202071
0.0420231 0.200698
0.040846 0.196522
0.0402521 0.19099
0.0406499 0.194723
0.0417468 0.197115
0.0405455 0.190756
0.0409492 0.193409
0.0425197 0.201288
0.0405047 0.186109
0.0417973 0.191894
0.043792 0.197228
0.045264 0.203161
0.0435723 0.19718
0.0428747 0.195146
0.0404539 0.185864
0.0401105 0.182725
0.0410557 0.18628
0.0415446 0.189374
0.0413702 0.187272
0.0405014 0.18351
0.0394364 0.181691
0.0398351 0.183153
0.0399733 0.181011
0.0401556 0.183235
0.0391794 0.179084
0.0392174 0.180969
0.0402423 0.18891
0.0388655 0.182407
0.0387277 0.181415
0.0390884 0.183798
0.0386303 0.183094
0.0388551 0.18215
0.0379262 0.180395
0.0382901 0.181274
0.0378342 0.1799
0.0371923 0.178075
0.0389098 0.18686
0.0382899 0.184496
0.0373416 0.178028
0.0395329 0.194118
0.0391317 0.189708
0.0402563 0.195399
0.0395638 0.195101
0.0402447 0.197728
0.0407027 0.199618
0.0398749 0.19222
0.0403481 0.195388
0.0398757 0.192701
0.039887 0.190933
0.0393949 0.189186
0.0393501 0.188325
0.0385337 0.184474
0.037667 0.179695
0.0378806 0.180257
0.0381495 0.184663
0.038318 0.184944
0.0377658 0.187274
0.0382756 0.189814
0.037125 0.185094
0.036801 0.184301
0.0362485 0.184431
0.0352483 0.183213
0.0342215 0.176878
0.0342128 0.177689
0.0330347 0.171667
0.0321809 0.167873
0.032744 0.170994
0.0320352 0.168763
0.0314764 0.165442
0.032371 0.169841
0.0317767 0.169824
0.0323618 0.172375
0.0321381 0.173117
0.0325868 0.175111
0.0322787 0.17298
0.0315476 0.169253
0.0313506 0.170468
0.0311095 0.169693
0.0305404 0.165227
0.0296672 0.161652
0.0292293 0.16058
0.0300395 0.163984
0.0293968 0.16164
0.0291268 0.159972
0.0297105 0.163745
0.0293676 0.163181
0.0296868 0.164372
0.0291664 0.162373
0.029304 0.163861
0.029007 0.163578
0.028363 0.161017
0.0289831 0.164486
0.0291985 0.166446
0.0288074 0.164914
0.0283114 0.162594
0.0293748 0.172422
0.0297594 0.174548
0.0289648 0.168133
0.0294341 0.169892
0.0298873 0.175123
0.0294025 0.173638
0.0298482 0.173023
0.0292888 0.170854
0.0297178 0.173576
0.0296904 0.174479
0.0300498 0.175111
0.0301246 0.17477
0.0296521 0.174004
0.0293951 0.1718
0.0284641 0.166995
0.0293162 0.171766
0.0295352 0.173597
0.0288492 0.169602
0.0286068 0.167671
0.029579 0.171575
0.0280346 0.163108
0.0287761 0.168387
0.0296134 0.173695
0.0287974 0.169494
0.0294167 0.172198
0.0296019 0.172225
0.0293099 0.172055
0.0297378 0.174586
0.0290343 0.170681
0.02951 0.17354
0.0293798 0.171046
0.0287326 0.16797
0.0291218 0.170499
0.0297171 0.173108
0.0296629 0.174479
0.0298912 0.175151
0.0298382 0.175148
0.0294552 0.171096
0.0292582 0.171713
0.0290501 0.170071
0.0287426 0.169697
0.0286689 0.168181
0.0283514 0.166646
0.0289648 0.169914
0.0279792 0.163957
0.0288186 0.1687
0.0287204 0.169352
0.0287203 0.167915
0.0284129 0.165751
0.0286717 0.167753
0.0284274 0.166155
0.0280838 0.165474
0.0284743 0.166626
0.0293295 0.171713
0.0277412 0.164054
0.0282987 0.165782
0.0279228 0.164323
0.0283306 0.164803
0.0280163 0.165209
0.0277001 0.161007
0.0277422 0.162528
0.0272918 0.160413
0.0282767 0.166359
0.0279013 0.163587
0.0280352 0.164729
0.0279936 0.164271
0.027209 0.159709
0.0280764 0.163828
0.027072 0.159794
0.0280922 0.165004
0.0272722 0.159622
0.0272454 0.160221
0.0282465 0.164789
0.0275275 0.162571
0.0280627 0.164132
0.0278833 0.162905
0.0270304 0.15906
0.0278414 0.163401
0.0278058 0.162674
0.027635 0.161933
