44908
43504
43430
44404
45285
45860
45784
46116
46324
45892
46099
46042
46183
46237
45978
46129
46136
46344
46148
45933
46180
46282
46020
45921
45586
44900
44691
44365
44083
43960
43631
43781
43645
43717
43838
43744
43847
44283
44525
45160
45377
45654
45436
45454
45670
45578
45747
45469
45517
45819
45816
45650
45779
45750
45741
45931
45784
45843
45589
46057
45839
45903
45781
46228
46254
46116
46066
45900
45934
45980
46010
45606
45863
46074
46026
46085
45798
45995
46081
46184
46029
46255
46107
46034
46189
46393
46322
46363
46074
46113
46308
46340
46249
46420
46210
46435
46458
46459
46381
46529
46355
46379
46246
46520
46519
46414
46441
46613
46371
46479
46233
46258
46196
46446
46465
46343
46579
46429
46656
46445
46593
46640
46580
46492
46460
46654
46443
46704
46726
46654
46664
46684
46581
46429
46387
46455
46259
46184
46682
46681
46846
46675
46526
46610
46507
46727
46696
46502
46469
46363
46650
46658
46830
46590
46696
46768
46621
46705
46579
46356
46860
46788
46739
46550
46504
46692
46663
46888
46780
46722
46538
46762
46675
46919
46738
46816
46694
46932
46847
46831
46820
46696
46757
46814
46717
46814
46796
46854
46545
46620
46953
46847
46658
46699
46763
46972
46722
46880
46647
46749
47028
46617
46818
47076
46762
46939
46857
46771
47148
47204
47211
46807
47068
46974
47093
47081
46954
47099
47066
46867
46862
46934
46957
47204
47079
47085
47041
46891
46805
47144
47151
47185
47026
47433
46817
47034
47207
46928
47332
47053
47203
47092
47139
47242
47007
47108
46899
47309
47366
47167
46954
47310
47048
47060
46887
47083
47540
47350
47080
47195
47270
47245
47301
47252
47378
47256
47153
47073
47112
47123
47166
47065
47182
47379
47393
47024
47483
47260
47205
47349
47152
47459
47432
47249
47323
47733
47127
47540
47364
47441
47269
47709
47530
47794
47626
47757
47724
47698
47857
48071
47766
47653
47462
47490
47811
47898
47480
47456
47564
47906
47882
47809
47861
47829
48016
47767
48012
47821
47924
48066
47845
47749
47800
47949
47838
48114
48060
48082
47554
48118
48253
48131
47873
48042
47875
48051
47986
47842
48003
48145
47708
47855
48160
47917
47598
47757
47791
48043
47980
47791
47696
47752
47728
48147
47710
48088
47814
47886
47987
47880
47798
47691
47838
47863
47928
48061
47976
47981
48094
47664
47749
47954
47740
48047
48034
47925
47776
47877
48023
47997
47884
47629
47813
47857
48040
47880
47951
47870
47885
48332
48028
47802
47932
47936
47962
47832
47964
47906
47817
47993
48078
48039
47843
47776
47696
47861
47897
47800
47840
47648
47836
47883
47660
47919
47773
47667
47878
47725
47668
47723
47665
47491
47645
47791
47584
47718
47593
47579
47544
47568
47340
47503
47174
47287
47353
47145
47058
47179
47431
47103
46843
47085
46833
46953
46826
46562
46509
46601
46585
46540
46328
46550
46574
46413
46325
46395
46270
46567
46198
46191
46416
46249
46446
46159
46142
46410
46373
46328
46200
46230
46635
46134
46114
46432
46282
46045
46181
46433
46021
46225
46318
46184
45960
45988
45724
45737
45774
45650
45718
45406
45224
45669
45295
45293
45734
45587
45312
45289
45397
45532
45754
45468
45654
45877
45368
45545
45649
45852
45507
45916
45905
46105
46431
46116
46183
46475
46611
46266
46039
45892
46209
46011
46507
46296
46276
46309
45855
45606
45619
45566
44508
44700
44667
44996
45098
44980
45097
45025
45193
44842
45026
44961
45010
45113
44610
44003
44052
44217
44225
44011
43238
43256
43462
43698
44964
44764
44614
44792
45191
45106
45262
45365
45141
45465
45796
45904
46079
46264
46717
47253
47259
47560
47464
47553
47658
47410
47655
47574
47520
47763
47567
47751
47636
47862
47668
47555
47956
47776
47624
47607
47546
47429
47469
47255
47324
47672
47498
47583
47837
47470
47276
47631
47492
47470
47095
47344
47625
47726
47478
47622
47858
47685
47678
47604
47522
47937
47281
47367
47716
47314
47595
47305
47272
47118
47009
46968
46971
47127
47019
47105
47189
47271
47484
46963
47166
47273
47124
47144
47245
47229
47149
47096
47066
46904
47019
47021
47025
46991
47245
46736
47207
46864
46948
47053
47025
46706
46912
47058
46970
46701
47089
46856
46981
46955
47064
46795
47087
46979
46920
46614
46919
46877
46602
46681
46699
46698
46749
46851
46621
46881
46949
46888
46927
46847
46896
46840
47110
46784
46823
46657
46522
46858
46714
46460
46701
46668
46677
46616
46559
46843
46834
46762
46739
46692
46699
46842
46788
46653
46783
46793
46796
46702
46825
46761
46673
46986
46996
46816
46624
46964
46861
46787
46582
46617
46779
46445
46579
46739
46722
46719
46878
46694
46788
47130
46954
46843
46878
46753
46781
46560
46834
46735
46780
46781
46710
46657
46545
46484
46571
46692
46860
46673
46654
46628
46654
46471
46550
46502
46764
46488
46526
46547
46472
46245
46290
46384
46638
46083
46390
46371
46700
46568
46402
46418
46272
46275
46547
46648
46695
46383
46303
46515
46501
46457
46517
46311
46342
46871
46809
46938
46823
46801
46547
46973
46890
46765
46779
46656
46756
46721
46758
46808
46568
46488
46586
46566
46514
46539
46478
46652
46612
46779
46797
46609
46488
46765
46816
47090
47247
46947
47113
46797
47031
46710
46917
46874
46913
47154
47032
46746
46555
46679
46710
47003
46919
47018
46850
47138
47029
46766
46725
47065
47007
46990
46877
47595
47292
47153
47081
47125
47133
47236
47097
47085
46915
47250
46775
47018
46429
46944
46822
46709
46760
46755
46879
46892
46727
46754
46723
46882
46465
46605
46673
46684
46747
46882
46740
46834
47205
46940
47132
47038
47154
47033
47240
47135
47068
47104
47590
47282
47249
47252
47314
47000
47250
47009
47055
47050
47235
47258
47291
47319
47008
47105
47155
46961
46920
46890
47086
46867
47138
47035
47080
47117
47263
47394
47661
47355
47419
47622
47592
47743
47619
48091
47477
48178
48004
48102
47645
47656
48015
47704
47848
47831
47937
47842
47854
47766
47913
48114
48135
48122
48255
48095
48010
48042
48160
48285
48184
48188
48053
48200
48261
48039
47890
47911
47894
47878
47909
47930
47850
47710
48022
48083
48171
48577
47894
48180
47632
47993
47336
47686
47958
47714
47940
47826
47988
48020
47907
47900
47604
47832
47850
48044
47689
47224
46920
46993
47134
47108
47197
46996
47196
46993
47050
46934
46734
46478
46594
46610
46594
46856
46730
46804
46699
46712
46678
46733
46749
46724
46864
46802
46742
46870
46731
46586
47183
46947
47658
46822
47105
46980
46945
46945
46916
47034
46958
46970
46712
46747
46515
46676
46872
46753
46629
46548
46872
46643
46625
46583
46402
46286
46710
46829
46703
46834
47093
46701
47026
47111
46901
46818
46915
47098
46854
47194
46854
46830
46849
46871
46737
47011
46819
47027
46654
46806
47020
46980
47078
46951
46621
46894
46395
47206
47098
46929
46733
46188
46384
46811
46714
46701
46436
46572
46503
46614
46093
46554
46436
46527
46741
46523
46700
46522
46761
46656
46839
46806
46417
46863
46308
46439
46558
46150
46284
46222
46321
46349
47045
46035
46071
45951
46270
46201
46341
46406
46270
46504
46459
46394
46365
46530
46203
46259
46223
46195
46670
46413
46515
46415
46618
46088
46417
46254
46204
46305
46267
46164
46345
46198
46344
46356
46275
45667
46375
46566
46277
46711
46610
46603
46740
46761
46765
46733
46754
46988
46883
46769
46829
47062
47323
47210
46832
47110
46969
47047
47197
46966
47357
47208
47156
46987
47089
47384
47138
47216
47173
47155
47297
47058
47109
47502
47161
47562
47269
47434
47349
47472
47762
47380
47506
47428
47813
47581
47574
47595
47480
47389
47388
47370
47855
47627
47639
47687
47638
47731
47646
47669
47691
47609
47985
47539
47626
47801
47936
47818
47840
47916
47856
47855
47868
47481
47433
47539
47523
47428
47679
47573
47734
47787
47652
47575
47571
47504
47945
47597
47760
47573
47595
47750
47657
47563
47907
47458
47703
47334
47865
47581
47653
47780
47884
47919
48011
47761
47668
47620
48094
47700
47631
47898
47652
48061
47679
47627
47835
47627
47616
47657
