9059
8724
8562
8594
8615
8625
8696
8722
8706
8701
8847
8853
8849
8836
8788
8735
8770
8780
8828
8778
8785
8812
8783
8890
8839
8884
8944
8948
8947
8989
8934
8913
8919
8960
8755
8824
8856
8963
8988
8998
9033
9117
9124
9076
9072
9057
8994
8952
8987
8996
9043
9016
9023
9025
9057
9063
9123
9090
9101
9186
9195
9200
9227
9170
9113
9132
9109
9136
9038
8983
8876
8931
8929
8936
8971
8934
8873
8852
8875
8817
8812
8827
8750
8610
8548
8435
8476
8476
8485
8507
8410
8368
8429
8418
8439
8438
8390
8389
8374
8361
8323
8314
8248
8195
8204
8135
8198
8210
8294
8202
8185
8287
8296
8345
8289
8299
8209
8178
8174
8170
8183
8202
8107
8095
8075
8105
8099
8155
8149
8204
8202
8269
8198
8072
8050
8056
8051
8048
8176
8135
8134
8205
8201
8152
8146
8156
8157
8159
8115
8078
8060
8113
8166
8093
8157
8162
8212
8131
8100
8081
8210
8166
8108
8078
8010
8000
8052
8036
8031
8082
8054
8002
8014
8063
8055
8140
8119
8163
8096
8053
8085
8026
8079
8042
7949
7986
7882
7940
7936
7969
8031
8027
7950
8030
8049
8030
7950
7881
7941
7899
7892
7851
7916
7929
7918
7946
7936
7889
7883
7841
7885
7848
7842
7827
7822
7727
7798
7891
7901
7855
7812
7811
7823
7882
7817
7822
7838
7877
7797
7814
7844
7820
7784
7815
7804
7711
7762
7777
7814
7771
7803
7757
7699
7764
7755
7806
7724
7820
7692
7610
7619
7578
7475
7470
7609
7708
7833
7752
7730
7655
7696
7653
7674
7670
7741
7662
7697
7736
7613
7637
7538
7473
7484
7400
7381
7399
7329
7288
7359
7255
7236
7278
7221
7235
7146
7077
7043
7006
6905
6915
6883
6854
6812
6815
6732
6627
6637
6544
6518
6490
6472
6462
6387
6419
6422
6379
6351
6363
6350
6358
6336
6368
6224
6189
6078
6002
5996
5946
5895
5859
5850
5901
5895
5879
5837
5857
5819
5762
5737
5717
5657
5599
5581
5588
5560
5478
5545
5600
5593
5589
5611
5477
5467
5437
5469
5384
5346
5364
5411
5363
5376
5395
5337
5307
5356
5355
5382
5311
5322
5335
5311
5264
5273
5240
5220
5226
5221
5227
5199
5188
5204
5188
5196
5183
5161
5158
5179
5101
5162
5123
5091
5104
5113
5104
5058
5150
5127
5038
5033
4992
5008
4954
4937
4850
4805
4780
4663
4663
4675
4711
4716
4740
4739
4670
4678
4672
4626
4601
4552
4503
4523
4571
4609
4589
4534
4600
4604
4589
4575
4576
4511
4512
4481
4515
4516
4506
4516
4524
4509
4519
4465
4452
4387
4314
4305
4259
4351
4291
4298
4338
4325
4286
4259
4258
4203
4174
4099
4061
4077
4120
4093
4126
4165
4176
4125
4132
4080
4021
4093
4132
4142
4235
4325
4364
4339
4356
4229
4158
4067
3976
4028
4062
4062
4080
4124
4150
4166
4176
4145
4068
4192
4176
4197
4297
4371
4411
4429
4529
4556
4512
4511
4434
4454
4497
4536
4591
4579
4617
4651
4704
4772
4732
4691
4828
4819
4918
4901
4929
4878
4889
4963
4973
5052
5057
5168
5156
5179
5281
5202
5178
5229
5215
5356
5374
5375
5291
5214
5264
5159
5258
5341
5377
5466
5372
5299
5189
5272
5062
5114
5115
5068
5150
5116
5087
5135
5084
5101
5078
5101
5064
5073
5056
5022
5016
4911
4923
4951
5015
5031
5063
5164
5105
5048
4909
5142
5152
5172
5172
5268
5316
5429
5516
5422
5437
5512
5589
5509
5447
5397
5438
5522
5539
5601
5532
5680
5682
5699
5612
5575
5628
5659
5503
5507
5636
5782
5853
5855
5806
5987
5939
5888
5915
5954
5960
5963
5961
5942
5779
5690
5726
5727
5684
5775
5813
5994
6017
5941
5914
5882
6036
6063
6031
6136
6082
6088
5932
5872
5822
5691
5683
5648
5698
5606
5531
5580
5451
5466
5478
5523
5421
5382
5370
5484
5570
5558
5510
5420
5447
5553
5611
5619
5677
5589
5553
5541
5502
5594
5626
5626
5618
5944
5873
5884
5659
5755
5573
5548
5646
5604
5663
5753
5629
5733
5821
5726
5614
5627
5687
5753
5895
5816
5666
5856
5922
5936
6048
6082
6143
6023
5964
6132
6182
6046
6138
6166
5927
6014
6136
6109
6067
6031
6173
6070
6009
6055
6072
6030
6252
6171
5963
6098
6140
6283
6164
6061
6047
6136
6073
6062
6048
6130
6092
6131
6172
6125
6002
5847
5894
5955
6050
6062
6025
6001
5988
5930
5952
6083
6084
6058
6092
6047
6006
5956
6194
5989
6103
6059
5992
6153
6148
6130
6064
6078
6139
6144
6062
5968
6090
6057
6101
6114
6099
6100
5982
6111
6165
6384
6264
6231
6111
6169
6419
6300
6198
6081
6037
6088
6198
6279
6337
6267
6334
6306
6210
6304
6309
6198
6283
6083
6065
6022
6017
6107
6003
5870
5916
5936
5998
6032
5726
5939
6013
6009
6033
5933
6071
6101
6144
6151
6174
6110
6029
6074
5997
5899
5829
5869
5973
6017
6129
6109
6021
6178
6194
6195
6092
5836
5746
5766
5729
5519
5616
5666
5778
5846
5828
5783
6003
5839
5916
5989
5944
5754
5600
5678
5793
5755
5536
5732
5595
5590
5715
5677
5631
5574
5669
5622
5763
5708
5750
5859
5877
5815
5853
5816
5735
5649
5793
5759
5890
5789
5798
5747
5755
5758
5833
5736
5813
5956
5940
5816
5807
5734
5678
5650
5649
5585
5683
5830
5737
5709
5707
5677
5664
5687
5604
5623
5553
5458
5487
5382
5409
5475
5412
5511
5462
5373
5253
5277
5105
5077
4965
4907
4867
4918
4986
5071
5019
4990
4958
4905
4958
5002
5001
5048
4904
4819
4994
5053
4822
4811
4764
4868
4889
4800
4748
4751
4718
4670
4638
4705
4730
4583
4594
4580
4658
4682
4655
4637
4646
4765
4775
4652
4636
4703
4563
4627
4590
4477
4442
4479
4565
4821
4849
4727
4755
4571
4775
4827
4900
4880
4884
4938
4827
4887
4931
4854
4895
4804
4878
4926
4807
4831
4821
5056
4986
4977
4930
5146
5181
5238
5277
5281
5211
5283
5296
5367
5340
5420
5265
5557
5682
5562
5752
5715
5866
5831
5916
5825
5873
5801
5798
5598
5646
5660
5654
5629
5651
5658
5753
5796
5753
5753
5879
5872
5982
6159
6145
6107
5919
5792
5648
5701
5770
5585
5684
5738
6049
5984
5901
5869
5937
5798
5865
5884
5884
5879
5753
5798
5714
5776
5874
5809
6058
5959
6134
5814
5701
5902
5891
5902
6062
5889
5865
5869
5960
6176
6095
6186
6019
6063
5985
6022
6137
6102
6004
6226
6095
5809
6004
6173
5920
5891
5847
5883
6004
5986
5862
5750
5697
5626
5685
5680
5693
5636
5714
5652
5812
5834
6023
5872
5964
5998
6253
6124
6033
5981
5825
6063
5973
5992
6073
6040
6030
5995
6040
5995
5968
5846
5687
5719
5753
5699
5618
5660
5583
5629
5643
5696
5696
5578
5683
5557
5544
5487
5750
5590
5493
5710
5700
5559
5717
5788
5794
5761
5754
5703
5726
5734
5528
5574
5508
5518
5362
5311
5349
5265
5357
5229
5317
5289
5300
5276
5229
5219
5199
5133
5110
5189
5170
5179
5157
5124
5036
5037
5069
5086
5092
5077
5052
5002
4986
4873
4905
4975
4983
4887
4901
4965
4904
4931
4976
4965
4867
4954
4919
4922
4938
4975
4979
4904
4939
4958
4905
4904
4916
4962
5033
4962
4954
4944
4920
4939
4955
4957
4967
4940
4938
4945
4939
4916
4931
4886
4883
4864
4916
4884
4928
4889
4950
4917
4901
4911
4907
4895
4903
4916
4912
4923
4914
4930
4883
4909
4897
4910
4889
4889
4922
4924
4888
4887
4894
4897
4889
4890
4894
4878
4867
4898
4888
4895
4886
4904
4910
4879
4889
4897
4901
