0.0390549 0.193951
0.0385975 0.192801
0.0382158 0.19423
0.038874 0.201187
0.0380149 0.200232
0.0376192 0.200348
0.0371953 0.196182
0.0376586 0.199381
0.0368861 0.196531
0.037398 0.197563
0.0376954 0.19679
0.0376201 0.195979
0.0379594 0.198441
0.0376695 0.197488
0.0385877 0.202208
0.0382459 0.20229
0.0386305 0.203535
0.0378626 0.200228
0.0391788 0.205143
0.0394723 0.206881
0.0377465 0.198748
0.038284 0.20143
0.0377674 0.198224
0.0372142 0.192576
0.0376049 0.194253
0.0370519 0.187528
0.0371637 0.185935
0.0385291 0.191328
0.0385704 0.190343
0.0386092 0.18912
0.0384131 0.187822
0.0395409 0.194435
0.0390098 0.191165
0.0385731 0.188504
0.0390477 0.195774
0.0388733 0.192996
0.0398734 0.197719
0.041056 0.203169
0.0404324 0.200601
0.0394225 0.198155
0.0408599 0.20558
0.0407766 0.204563
0.0403867 0.201447
0.0403444 0.202402
0.0386902 0.195106
0.0399781 0.201502
0.0403509 0.205582
0.0408589 0.207887
0.0393077 0.199399
0.0393515 0.200756
0.0379361 0.192525
0.0383092 0.19421
0.0378424 0.192286
0.0395724 0.200997
0.0386134 0.195429
0.039015 0.198058
0.0386754 0.194454
0.0393186 0.19857
0.0384354 0.192836
0.0389934 0.195841
0.0397273 0.198369
0.0393466 0.19663
0.0390746 0.194213
0.0383361 0.193566
0.0386342 0.196423
0.0381435 0.192948
0.0383215 0.194094
0.0378979 0.190784
0.0380988 0.193959
0.0376932 0.193254
0.0390484 0.202681
0.0387117 0.197962
0.0381409 0.196215
0.037529 0.193823
0.0377031 0.193735
0.0368726 0.190508
0.03684 0.190465
0.0382444 0.198938
0.0365169 0.189859
0.0372708 0.195531
0.0373593 0.195415
0.0373384 0.19599
0.037961 0.200343
0.0379028 0.20302
0.0371923 0.201334
0.0373894 0.205928
0.0373747 0.204578
0.037226 0.203988
0.0375119 0.204125
0.0372535 0.202304
0.0369612 0.203924
0.0366886 0.203633
0.0359826 0.19777
0.0352673 0.194821
0.0356665 0.195639
0.0365513 0.20147
0.0352954 0.195828
0.0357151 0.198117
0.0360517 0.200024
0.0358047 0.199617
0.0359819 0.200769
0.0361301 0.201949
0.0363385 0.204171
0.0370688 0.210738
0.0358147 0.203437
0.0360899 0.206269
0.0369885 0.209929
0.0381321 0.216931
0.0382529 0.214251
0.0382112 0.216898
0.0378063 0.213928
0.0378441 0.211657
0.0377293 0.210463
0.0382839 0.213541
0.038041 0.213657
0.0376042 0.210387
0.0375037 0.213181
0.0372042 0.211665
0.0377217 0.215684
0.037572 0.213953
0.037272 0.212514
0.0379487 0.216167
0.0373377 0.214999
0.0386457 0.222359
0.0386771 0.223034
0.0386467 0.222825
0.038431 0.220768
0.0391767 0.22477
0.0378781 0.217573
0.0387249 0.220624
0.0375203 0.21385
0.036931 0.208973
0.0375664 0.213833
0.0376596 0.217047
0.0386056 0.222857
0.0382053 0.220705
0.038362 0.220842
0.0382961 0.220179
0.0380364 0.217588
0.0376818 0.216595
0.0379944 0.219203
0.0381425 0.217428
0.0385028 0.218876
0.0380481 0.217983
0.0377132 0.215811
0.0384254 0.220574
0.0388308 0.222631
0.0375958 0.214732
0.0382038 0.219224
0.0386404 0.222208
0.0382641 0.22196
0.0380337 0.219154
0.0370402 0.212834
0.0378296 0.218213
0.0369159 0.21172
0.0361968 0.207792
0.0364807 0.207623
0.037341 0.214857
0.036214 0.208642
0.037707 0.216681
0.0375615 0.21486
0.0374549 0.215038
0.0372221 0.214973
0.0372435 0.215028
0.0371491 0.216105
0.0374052 0.21875
0.0363368 0.211003
0.0370205 0.216401
0.0373688 0.218155
0.0369224 0.213932
0.0367948 0.213062
0.0372932 0.21832
0.0370473 0.216247
0.0381155 0.22225
0.03862 0.224581
0.0379509 0.218796
0.0373846 0.215421
0.0381025 0.219527
0.0373919 0.216897
0.0371333 0.216441
0.0372643 0.216327
0.0372807 0.217418
0.0381735 0.221438
0.0393026 0.229296
0.0376706 0.221915
0.0378875 0.222514
0.0392324 0.233443
0.038287 0.226322
0.0388747 0.228453
0.0376728 0.220856
0.0381967 0.223758
0.0381863 0.223371
0.0389633 0.229182
0.0387229 0.225654
0.0385723 0.224624
0.038785 0.227397
0.0382734 0.225409
0.0392558 0.23398
0.0387874 0.228309
0.0391157 0.232055
0.0391462 0.233781
0.0383809 0.228379
0.0390427 0.23143
0.0393345 0.234077
0.0396807 0.234782
0.039569 0.234332
0.0392616 0.232359
0.0396605 0.235771
0.0386023 0.231511
0.0388364 0.234281
0.0389638 0.233862
0.039051 0.233435
0.0392676 0.236292
0.039219 0.23585
0.0392863 0.237024
0.0392439 0.239679
0.0402295 0.242755
0.03878 0.232037
0.0401331 0.23959
0.0388176 0.232209
0.0397496 0.238991
0.0409226 0.246447
0.0393923 0.236993
0.0391564 0.235093
0.0390981 0.236024
0.0400941 0.241882
0.0400747 0.241005
0.0388298 0.231687
0.0396335 0.238553
0.0393356 0.237906
0.0397529 0.239546
0.0395307 0.23913
0.0396239 0.239851
0.0389736 0.237108
0.0384451 0.231164
0.0386671 0.236416
0.0379771 0.231513
0.0380888 0.230423
0.0386447 0.234707
0.038132 0.231373
0.0387428 0.23491
0.0395228 0.240428
0.0402371 0.246915
0.0388628 0.236991
0.0388012 0.235719
0.0389429 0.235588
0.0391531 0.238219
0.039472 0.239386
0.0399099 0.24636
0.0395438 0.245598
0.0392752 0.242683
0.0405693 0.253893
0.0399033 0.251773
0.0403375 0.254752
0.0403718 0.249441
0.0401635 0.245978
0.0398531 0.242436
0.0402225 0.246259
0.0395637 0.241656
0.0396033 0.244677
0.0395561 0.243633
0.0404115 0.249967
0.0398642 0.246286
0.0385679 0.238201
0.0385717 0.236662
0.0394445 0.243931
0.039724 0.243861
0.039342 0.239917
0.0384347 0.238408
0.0390804 0.241718
0.0386405 0.242372
0.0384077 0.242473
0.0380654 0.240513
0.0378439 0.242973
0.0379531 0.244276
0.0378087 0.240843
0.039537 0.256788
0.0368807 0.239709
0.0371795 0.239027
0.0376106 0.246037
0.0371515 0.242537
0.0366415 0.239489
0.0376136 0.247611
0.0373976 0.244782
0.0362 0.240274
0.0364077 0.246149
0.035966 0.241232
0.0360928 0.245504
0.0355082 0.244171
0.0361208 0.248301
0.0360762 0.248293
0.0346291 0.241611
0.0360262 0.251908
0.0358239 0.251797
0.0362783 0.257279
0.0356195 0.257281
0.0365647 0.263523
0.0357531 0.261155
0.0349937 0.257594
0.0355475 0.263945
0.0353479 0.261434
0.0354271 0.261838
0.0345067 0.257085
0.0350428 0.259854
0.0356532 0.265961
0.0361042 0.271673
0.0364339 0.273028
0.0353718 0.264341
0.0357862 0.268661
0.0365935 0.276345
0.0371211 0.28125
0.0368391 0.277167
0.0357188 0.275386
0.0367156 0.284376
0.0366105 0.289733
0.037324 0.297734
0.0374195 0.300367
0.037915 0.305584
0.0370101 0.301612
0.0378153 0.311145
0.0373746 0.306325
0.0365836 0.296729
0.0377662 0.30687
0.0376209 0.307705
0.0379818 0.311975
0.0385421 0.317398
0.0376728 0.311909
0.0370463 0.309962
0.0377311 0.313404
0.0370148 0.312402
0.0377967 0.323139
0.0373609 0.322022
0.0379744 0.326644
0.0371293 0.319971
0.0374067 0.322842
0.0367826 0.323476
0.0377237 0.327322
0.0381425 0.326786
0.0376312 0.323798
0.0388048 0.335301
0.0391673 0.333987
0.0387965 0.339967
0.0386009 0.340955
0.0395487 0.349457
0.0383898 0.335162
0.0394339 0.350854
0.0386992 0.346801
0.0387027 0.347502
0.0395402 0.351506
0.0396252 0.354093
0.038916 0.346168
0.0394041 0.349583
0.0389654 0.349447
0.0399205 0.363294
0.0392837 0.351008
0.0402721 0.362652
0.0406384 0.361947
0.0403449 0.364715
0.0402976 0.364337
0.0393517 0.354077
0.0396604 0.357936
0.0402902 0.366071
0.0401292 0.365067
0.0393268 0.360305
0.0389418 0.358429
0.0391058 0.360505
0.0392984 0.362191
0.0391916 0.360628
0.0387431 0.3593
0.0375282 0.345798
0.0387524 0.356457
0.0392561 0.363724
0.0390769 0.360085
0.0381152 0.354428
0.0391225 0.365239
0.0396231 0.369329
0.039079 0.36146
0.0390993 0.367967
0.0390352 0.364006
0.0392695 0.368924
0.0396949 0.37419
0.0398225 0.372649
0.039075 0.366517
0.039076 0.367555
0.0395606 0.376631
0.0392676 0.366019
0.0381097 0.357519
0.0391467 0.372965
0.039292 0.374925
0.0388233 0.377003
0.0397476 0.382388
0.0396378 0.383528
0.0392512 0.382216
0.039272 0.389278
0.0394937 0.395421
0.0397499 0.398954
0.0409839 0.422689
0.0396594 0.408535
0.0399191 0.409412
0.0405596 0.414137
0.0410072 0.419211
0.0407142 0.413713
0.0393983 0.399029
0.0410762 0.421413
0.0400544 0.409577
0.0403407 0.414598
0.0383727 0.3984
0.0401385 0.41817
0.0394531 0.415861
0.040555 0.43038
0.0405603 0.430245
0.0405954 0.426602
0.0403104 0.418095
0.0394931 0.413598
0.0393592 0.416189
0.0390783 0.406304
0.0394047 0.411164
0.0399507 0.416866
0.0398234 0.415956
0.039598 0.414117
0.0386715 0.409887
0.0384728 0.40625
0.0394503 0.420888
0.0397948 0.422591
0.0393254 0.415633
0.0398203 0.422992
0.0391422 0.413862
0.0390563 0.412025
0.0396982 0.420049
0.0389235 0.410932
0.0392817 0.417917
0.0397633 0.425651
0.0386549 0.417142
0.0388214 0.426982
0.0385126 0.424855
0.0396406 0.440244
0.0385096 0.417835
0.0397389 0.438359
0.039868 0.441368
0.0392837 0.427847
0.0399855 0.434451
0.0409291 0.451003
0.0405874 0.447758
0.0411032 0.454674
0.0402427 0.449679
0.0408644 0.457115
0.0408623 0.464747
0.0413421 0.475745
0.0409631 0.469463
0.0412174 0.466748
0.0418533 0.474957
0.0412694 0.466796
0.0417586 0.468187
0.0418994 0.466954
0.0410918 0.462788
0.0411822 0.463698
0.0410705 0.467157
0.0410759 0.476996
0.0407824 0.46152
0.0407124 0.456438
0.0409308 0.459923
0.0409898 0.448642
0.0412424 0.443931
0.0409266 0.434005
0.0412442 0.439733
0.0400224 0.427456
0.0417115 0.458501
0.0420964 0.470178
0.0407881 0.464224
0.0398947 0.46504
0.039555 0.459037
0.0408556 0.465042
0.0410997 0.46775
0.0393391 0.448775
0.0405959 0.456596
0.0402644 0.447711
0.041248 0.458233
0.0406572 0.453305
0.0419503 0.466828
0.0423222 0.482055
0.0409817 0.453721
0.0413678 0.458573
0.041588 0.456517
0.0407162 0.436584
0.0410681 0.430336
0.0415539 0.431648
0.0412142 0.426733
0.041263 0.416648
0.0402969 0.40518
0.0410622 0.414007
0.0410605 0.412325
0.0409033 0.421967
0.0405623 0.413336
0.0411783 0.41561
0.0416858 0.421076
0.0414906 0.412764
0.0405066 0.401616
0.0402917 0.396145
0.0402682 0.393894
0.0395948 0.383929
0.0396536 0.380972
0.0395277 0.3806
0.041674 0.40631
0.0408372 0.388774
0.042454 0.400498
0.0441099 0.409313
0.0436333 0.40706
0.0422698 0.393995
0.042801 0.399959
0.0427975 0.402536
0.0419132 0.388273
0.0429595 0.398954
0.0422266 0.388757
0.0422105 0.385604
0.0408388 0.365519
0.0404372 0.365206
0.0418647 0.377486
0.0417575 0.366408
0.0409566 0.36313
0.040127 0.356315
0.0389933 0.34519
0.0395627 0.34976
0.0377391 0.32823
0.0374668 0.323223
0.0376491 0.324651
0.0374547 0.328293
0.0380863 0.335443
0.0393484 0.341375
0.0388655 0.344253
0.0393093 0.341194
0.0416031 0.347313
0.0417727 0.347964
0.0413725 0.338822
0.0406403 0.341214
0.0425358 0.362899
0.0417027 0.362498
0.0415809 0.356411
0.0408136 0.363888
0.0388802 0.344349
0.0393235 0.345455
0.0389066 0.34629
0.0394912 0.345437
0.0387456 0.341478
0.039253 0.348732
0.0383041 0.333398
0.0403422 0.349725
0.0402584 0.348167
0.0386465 0.337141
0.0406647 0.353068
0.0388017 0.337875
0.0397765 0.339641
0.0420127 0.360166
0.0411302 0.35683
0.0405541 0.354266
0.0377781 0.346773
0.0378548 0.345115
0.0371836 0.335892
0.0384393 0.343968
0.0366298 0.329756
0.0373187 0.333399
0.0369211 0.324361
0.0383947 0.342018
0.0380704 0.341125
0.038172 0.354247
0.0372372 0.332361
0.0374959 0.334821
0.0371717 0.33198
0.0381612 0.342034
0.0374928 0.333144
0.0370175 0.329571
0.0379667 0.331
0.0368365 0.318165
0.0372053 0.326263
0.03732 0.327019
0.0376948 0.32656
0.0377355 0.320809
0.0377125 0.32692
0.0371147 0.324766
0.0371016 0.327219
0.037356 0.328613
0.0371226 0.320174
0.0357591 0.30872
0.0356709 0.303874
0.0355235 0.307664
0.0357405 0.300352
0.0352914 0.295847
0.0343772 0.2897
0.0342391 0.291875
0.0349259 0.298834
0.0350189 0.296553
0.0346139 0.291218
0.0351579 0.303471
0.0349796 0.301979
0.0349483 0.293471
0.0350836 0.287617
0.0349999 0.285495
0.034914 0.283689
0.0342816 0.281433
0.0356748 0.285619
0.0360124 0.288432
0.0356314 0.286685
0.0346034 0.27929
0.0356152 0.284683
0.0356692 0.284732
0.0354563 0.280731
0.0355999 0.283342
0.034615 0.278021
0.0343458 0.284305
0.035278 0.294903
0.0347589 0.289556
0.0343706 0.28776
0.0348769 0.293103
0.0355692 0.294199
0.0352319 0.289007
0.0338591 0.268936
0.0347987 0.277713
0.0357987 0.285474
0.035922 0.288299
0.0344229 0.279837
0.0351177 0.275845
0.0353735 0.278245
0.0356774 0.280385
0.0359487 0.277542
0.0354329 0.275074
0.0363026 0.28088
0.0364838 0.289447
0.0376224 0.301601
0.0379428 0.307798
0.0379465 0.31418
0.0383337 0.318494
0.0374997 0.314093
0.0380615 0.316602
0.036676 0.311452
0.0380072 0.32345
0.0371389 0.314695
0.0371379 0.322877
0.0371311 0.320893
0.0361471 0.311975
0.03627 0.311063
0.0366912 0.320421
0.0364252 0.319955
0.0366027 0.321974
0.0368181 0.316922
0.0370363 0.312747
0.0369184 0.313062
0.035584 0.304537
0.0361369 0.314391
0.0361873 0.313016
0.0363966 0.310463
0.0364098 0.304224
0.0366026 0.30824
0.0367224 0.303858
0.0363381 0.305958
0.0375498 0.318927
0.0363285 0.30915
0.0374522 0.318793
0.0379168 0.318734
0.03868 0.324387
0.0379959 0.317988
0.0381789 0.318085
0.0383955 0.304845
0.0392733 0.313979
0.0385073 0.308124
0.0379661 0.315603
0.0377863 0.309644
0.0381982 0.321371
0.0380777 0.3239
0.0387972 0.323592
0.0386906 0.32459
0.0391267 0.322797
0.0384305 0.314271
0.0386335 0.322437
0.0389332 0.317286
0.0396676 0.319017
0.0391901 0.320468
0.039513 0.329533
0.0390392 0.325218
0.0394244 0.325655
0.03917 0.318269
0.039048 0.31145
0.0391254 0.316884
0.0380839 0.316272
0.0384664 0.309255
0.0392541 0.311381
0.0385327 0.305256
0.0378844 0.294312
0.0370551 0.287899
0.0373362 0.285203
0.038024 0.296364
0.0374447 0.293763
0.03691 0.280822
0.0378968 0.288094
0.0388039 0.300695
0.0401047 0.304497
0.0392391 0.298086
0.0397804 0.314156
0.0406528 0.316428
0.0412157 0.314048
0.0415676 0.317728
0.0403142 0.312181
0.0396731 0.30907
0.0404587 0.307468
0.040523 0.313015
0.0404981 0.315527
0.0402084 0.310983
0.0396508 0.306653
0.0396103 0.308126
0.038788 0.290147
0.0386001 0.293469
0.0382853 0.301191
0.0382862 0.294687
0.0387926 0.295765
0.0382182 0.285532
0.0381793 0.290396
0.04026 0.310675
0.0381767 0.297503
0.0382673 0.29384
0.0380175 0.293924
0.0388063 0.299241
0.0379005 0.295139
0.0382159 0.292822
0.0374025 0.288083
0.038609 0.294079
0.0384401 0.291154
0.038482 0.294694
0.0391083 0.303399
0.0399546 0.319138
0.0392931 0.312352
0.0394287 0.31016
0.0392458 0.303802
0.0388102 0.300891
0.0392743 0.305062
0.0388683 0.303783
0.0382971 0.302104
0.0383986 0.304722
0.0383985 0.302923
0.0381947 0.295085
0.0381883 0.294214
0.0386207 0.298944
0.0388603 0.297768
0.0384189 0.29833
0.0394919 0.308025
0.0397663 0.31313
0.0406074 0.307394
0.040205 0.31441
0.0401607 0.307881
0.0403335 0.310612
0.0395231 0.307577
0.037313 0.283276
0.0384213 0.292778
0.0383748 0.294127
0.0386086 0.297988
0.0392069 0.301909
0.0390526 0.297605
0.0377028 0.287109
0.0385358 0.296272
0.0375766 0.293901
0.0384038 0.293924
0.0393533 0.304606
0.0389014 0.297164
0.0390741 0.298168
0.0398337 0.304804
0.0389412 0.297377
0.0393358 0.304915
0.039339 0.298805
0.0387387 0.292133
0.038385 0.281172
0.0377938 0.278736
0.0382101 0.285187
0.0381184 0.290133
0.0391236 0.296969
0.0388225 0.282287
0.0386772 0.285714
0.0405002 0.30413
0.0397138 0.303075
0.0402456 0.309425
0.0402656 0.308804
0.0405995 0.306389
0.0415119 0.309603
0.0423785 0.311188
0.0400189 0.296633
0.0399443 0.294127
0.0397435 0.293847
0.0399631 0.299678
0.0384846 0.284581
0.03873 0.28499
0.0386015 0.289287
0.0385811 0.288397
0.0391814 0.302154
0.0388114 0.301072
0.0381565 0.297243
0.0385157 0.30015
0.0386578 0.295235
0.0368545 0.289022
0.0372042 0.297785
0.0374883 0.296991
0.0373824 0.295148
0.0381555 0.297432
0.0381914 0.296585
0.0377205 0.308418
0.0374632 0.295504
0.0363997 0.283885
0.0380801 0.295889
0.0380293 0.293884
0.0378901 0.298331
0.0376631 0.289573
0.0378884 0.289625
0.0372458 0.282878
0.036975 0.280117
0.0369579 0.280045
0.0373636 0.285761
0.0366327 0.284956
0.0365721 0.282516
0.0347566 0.270802
0.036325 0.286998
0.0363563 0.292503
0.036376 0.291021
0.0360849 0.285284
0.0349822 0.275386
0.0355481 0.272965
0.0350435 0.270912
0.0349928 0.272712
0.0334896 0.255584
0.032621 0.24669
0.0335488 0.254722
0.0336093 0.259192
0.0341857 0.27536
0.0340669 0.280195
0.0338667 0.276795
0.0342347 0.279979
0.0339096 0.286827
0.0332378 0.276709
0.0337564 0.278856
0.0334798 0.272932
0.034438 0.276942
0.0345896 0.279684
0.0339369 0.275463
0.0334738 0.263368
0.0332103 0.268025
0.0336484 0.266565
0.0344106 0.268993
0.0341302 0.270693
0.035166 0.2878
0.0349633 0.293929
0.0355341 0.293942
0.0350896 0.288797
0.0349078 0.287402
0.0350595 0.299133
0.0339644 0.279484
0.0348941 0.29437
0.0356008 0.300716
0.0350714 0.290464
0.0340466 0.283072
0.0332521 0.278636
0.0334794 0.282382
0.0338811 0.282942
0.0349073 0.291
0.0344872 0.281971
0.0349614 0.285039
0.0342247 0.28
0.0348354 0.279058
0.0352489 0.280755
0.0347353 0.279794
0.0343239 0.274902
0.0349055 0.281981
0.0350814 0.287533
0.0345431 0.286422
0.035619 0.288106
0.035876 0.291717
0.0356436 0.28438
0.0368462 0.296424
0.0355705 0.286478
0.0357761 0.291282
0.0356067 0.289487
0.0342524 0.278743
0.0347645 0.28013
0.0346918 0.283298
0.0340398 0.274901
0.0324906 0.258059
0.0318301 0.25202
0.0326904 0.265475
0.0322546 0.261753
0.0329819 0.271713
0.0330652 0.274392
0.0329882 0.276283
0.0334357 0.279518
0.0326808 0.275918
0.0325438 0.27028
0.0325415 0.266209
0.0309222 0.25536
0.0315193 0.261342
0.0314078 0.260557
0.0320022 0.267219
0.0310774 0.258298
0.032256 0.268507
0.0314696 0.264454
0.03215 0.269607
0.0326467 0.277148
0.0312639 0.271162
0.0313259 0.270275
0.0300715 0.264771
0.0304884 0.267147
0.0320121 0.275251
0.0317454 0.276792
0.0309676 0.265469
0.0316492 0.272611
0.0316508 0.27694
0.0323123 0.288978
0.0315687 0.282168
0.0314989 0.289716
0.0309285 0.287768
0.0303699 0.288218
0.0289385 0.278174
0.0293326 0.284364
0.0267793 0.257828
0.0277257 0.26414
0.0278546 0.262276
0.0279224 0.263997
0.0274725 0.261523
0.0270536 0.260387
0.0277795 0.270133
0.0283522 0.273497
0.0284008 0.270892
0.0279939 0.269746
0.0279541 0.263471
0.0276817 0.272431
0.0273018 0.272463
0.0267455 0.25811
0.0262562 0.247972
0.0260214 0.257569
0.0259395 0.259406
0.0247495 0.248321
0.0241786 0.238085
0.0247736 0.24279
0.0262731 0.262917
0.0256667 0.259056
0.0249708 0.251947
0.0250298 0.253921
0.025313 0.260171
0.0245172 0.254851
0.0246153 0.252285
0.0235211 0.239746
0.0247854 0.261401
0.0245847 0.257727
0.0249184 0.261572
0.0251294 0.259553
0.0259191 0.26698
0.0247353 0.256928
0.0244741 0.254691
0.0239461 0.248816
0.0246806 0.249318
0.024764 0.250471
0.0240548 0.25
0.0234651 0.243529
0.0236641 0.241335
0.0232025 0.243918
0.023878 0.247461
0.0242132 0.252941
0.0249651 0.26759
0.0250989 0.271274
0.0253526 0.271266
0.0262871 0.275137
0.0261636 0.260942
0.0267334 0.265416
0.0269447 0.275016
0.0274443 0.280757
0.0264348 0.277401
0.0264412 0.267225
0.0259672 0.256681
0.0265321 0.260204
0.0262181 0.254713
0.0259224 0.253481
0.0259778 0.252734
0.0268065 0.265382
0.0269527 0.264784
0.0276015 0.2681
0.0277795 0.275031
0.0279608 0.27477
0.0287346 0.287052
0.0278391 0.273883
0.0274849 0.266139
0.0282054 0.281256
0.0275884 0.273856
0.0285602 0.285211
0.0283921 0.268394
0.0278206 0.26414
0.027805 0.262608
0.0290945 0.27789
0.029119 0.267198
0.0291651 0.265779
0.0282387 0.255059
0.028006 0.249953
0.0277813 0.248817
0.0280805 0.253694
0.0295471 0.263676
0.0289772 0.257364
0.0300786 0.26253
0.0307531 0.268352
0.0325496 0.280443
0.0328459 0.291358
0.0329543 0.276948
0.0338658 0.279831
0.0327844 0.27598
0.0339409 0.276773
0.0353228 0.289239
0.0357204 0.285032
0.0347363 0.278683
0.0355961 0.281778
0.0349567 0.281202
0.0362215 0.288779
0.0353713 0.28633
0.0340006 0.275095
0.0348914 0.29189
0.0350384 0.291534
0.0338393 0.280035
0.0348046 0.287584
0.0339477 0.285308
0.0335784 0.279597
0.0333626 0.281725
0.0330279 0.269425
0.0339213 0.276398
0.0340612 0.278985
0.0343919 0.281418
0.0344212 0.275557
0.0362391 0.290191
0.0361985 0.285189
0.0347326 0.265465
0.0350512 0.268511
0.0342397 0.262486
0.0343099 0.271668
0.0337122 0.271409
0.0336853 0.279037
0.0330744 0.272584
0.0344438 0.279723
0.0355646 0.297762
0.0356875 0.292928
0.0352012 0.288254
0.0354058 0.273764
0.0361948 0.282754
0.0364785 0.288595
0.0369216 0.292554
0.0372079 0.290719
0.036168 0.29217
0.0362378 0.290026
0.0359294 0.28586
0.0369936 0.295037
0.0361556 0.290185
0.0363807 0.295846
0.0365724 0.297171
0.0360859 0.29804
0.035143 0.286011
0.0360514 0.288049
0.0348496 0.281976
0.0353692 0.275503
0.0356975 0.281255
0.0345192 0.266058
0.0345467 0.278982
0.0345805 0.284687
0.0341911 0.271942
0.0343485 0.273977
0.0340506 0.270247
0.0356991 0.277466
0.0359677 0.286636
0.036015 0.289514
0.0359342 0.28642
0.0364442 0.286913
0.0358795 0.273802
0.0365652 0.282527
0.0362434 0.276431
0.0360117 0.281608
0.0368841 0.284348
0.0367408 0.288555
0.037982 0.293424
0.0380838 0.293792
0.0384102 0.29728
0.0391302 0.306629
0.0385247 0.289913
0.0384142 0.291879
0.0389141 0.311413
0.0385476 0.301299
0.0390176 0.295966
0.0394189 0.311655
0.039174 0.309455
0.0393488 0.314178
0.0406202 0.321945
0.0399863 0.311126
0.0401827 0.310057
0.0406917 0.323951
0.0402888 0.326087
0.0397889 0.32561
0.039971 0.332741
0.0397006 0.325594
0.039418 0.324824
0.0393199 0.32215
0.0388466 0.322924
0.0382715 0.313091
0.0385877 0.320418
0.0398806 0.321748
0.0386212 0.307851
0.038976 0.303835
0.0406544 0.321185
0.0386037 0.30114
0.0395199 0.307436
0.0413325 0.305773
0.0423364 0.320869
0.0406904 0.312614
0.039777 0.308978
0.0376331 0.300258
0.0377943 0.293914
0.0383715 0.296501
0.0391312 0.301569
0.0385901 0.292771
0.0382351 0.293543
0.0369675 0.283914
0.0374174 0.289908
0.0376032 0.28957
0.0373532 0.289074
0.0364826 0.28502
0.0363621 0.289771
0.0378486 0.309478
0.0363398 0.295331
0.0363223 0.294455
0.0367099 0.298298
0.0363229 0.299751
0.0359863 0.2947
0.0357513 0.296436
0.0355166 0.295257
0.0352468 0.290626
0.0348119 0.284937
0.0364758 0.297928
0.0356684 0.298853
0.0347596 0.282597
0.0368078 0.30826
0.0365099 0.305375
0.0375615 0.317113
0.0363186 0.293391
0.0373524 0.310018
0.0378475 0.318951
0.036743 0.299124
0.0376303 0.305789
0.0369 0.308509
0.0370904 0.301557
0.0365055 0.292675
0.0366261 0.289437
0.0361876 0.291963
0.0351993 0.28554
0.0353301 0.287393
0.0356884 0.291827
0.0359842 0.293164
0.0352556 0.297938
0.0359041 0.301758
0.0349118 0.297023
0.0343239 0.291591
0.0334841 0.292615
0.0328845 0.290153
0.0321347 0.282857
0.0317261 0.283191
0.0306547 0.268247
0.0298937 0.268311
0.0298555 0.264999
0.0298806 0.267915
0.0293614 0.262075
0.0299738 0.266679
0.029613 0.267355
0.0301028 0.271508
0.0299489 0.271591
0.0302729 0.278979
0.029976 0.276125
0.0293957 0.268838
0.0291053 0.266344
0.0287316 0.262213
0.0282426 0.257902
0.0273546 0.251952
0.0270834 0.255361
0.0274674 0.257693
0.0271127 0.253107
0.0270367 0.251278
0.027575 0.255892
0.0270658 0.252708
0.027743 0.258907
0.0273346 0.257897
0.0274007 0.261532
0.026808 0.260004
0.02627 0.25525
0.0268758 0.255879
0.0270117 0.257676
0.0267473 0.259668
0.0261498 0.253826
0.0270953 0.261229
0.0273958 0.265294
0.0270191 0.260799
0.0277222 0.26467
0.0280167 0.270292
0.027459 0.268954
0.0277312 0.266855
0.0273892 0.265501
0.0275968 0.266761
0.0275438 0.264885
0.0281622 0.268744
0.0279112 0.266118
0.0279551 0.273246
0.027949 0.269893
0.0268905 0.258774
0.0275062 0.26789
0.0277661 0.270188
0.0269558 0.262205
0.0264955 0.254938
0.0274021 0.260083
0.0261412 0.251713
0.0264906 0.255147
0.0278783 0.271036
0.0269612 0.260976
0.0274105 0.264831
0.0274525 0.265388
0.0273596 0.26508
0.0275459 0.265754
0.0273378 0.265182
0.0276013 0.268327
0.0276619 0.26815
0.0271229 0.263211
0.0272761 0.26607
0.027769 0.267897
0.0274318 0.266885
0.0275784 0.269097
0.0279347 0.273438
0.0278515 0.269121
0.0272975 0.266994
0.0271285 0.262378
0.0267422 0.261608
0.0266708 0.25798
0.0265633 0.257881
0.0271081 0.26362
0.0262965 0.255142
0.0268947 0.260852
0.0267716 0.262717
0.0269295 0.26188
0.0262212 0.255289
0.0269017 0.260993
0.0268524 0.260004
0.0257637 0.250916
0.0267292 0.258824
0.0273424 0.266844
0.0257073 0.251375
0.0266114 0.258321
0.02603 0.25336
0.0264873 0.256903
0.02598 0.254858
0.0259966 0.251727
0.0258263 0.250406
0.0254246 0.248977
0.0261123 0.256395
0.0258461 0.253576
0.0261971 0.2573
0.0257814 0.252403
0.0251659 0.245808
0.0263522 0.256845
0.0253664 0.250513
0.0262635 0.257859
0.0252703 0.246223
0.025618 0.251432
0.0263081 0.256588
0.0257135 0.253377
0.0263621 0.256729
0.0262242 0.254786
0.0251231 0.246772
0.0263114 0.256699
0.0257593 0.25097
0.0258269 0.251581
