44613
43207
43132
44115
44994
45558
45498
45831
46023
45579
45814
45735
45897
45947
45686
45833
45830
46027
45861
45676
45879
46006
45748
45656
45323
44636
44395
44083
43795
43676
43383
43488
43388
43458
43572
43493
43595
44019
44259
44895
45094
45374
45163
45167
45395
45302
45481
45192
45248
45537
45520
45354
45489
45468
45446
45653
45511
45574
45298
45786
45586
45641
45513
45957
45976
45853
45794
45636
45682
45712
45771
45315
45604
45794
45755
45822
45541
45738
45831
45928
45750
45990
45848
45792
45950
46109
46045
46071
45804
45839
46052
46081
46002
46139
45925
46155
46196
46142
46119
46245
46050
46061
45940
46210
46185
46087
46114
46307
46052
46126
45897
45921
45848
46089
46128
46002
46262
46077
46299
46106
46221
46259
46226
46120
46103
46302
46095
46353
46358
46304
46306
46331
46219
46103
46036
46091
45941
45853
46336
46336
46480
46341
46181
46261
46164
46385
46352
46165
46131
46008
46299
46325
46487
46231
46328
46368
46287
46354
46212
46000
46486
46427
46384
46172
46164
46340
46278
46486
46395
46347
46149
46386
46294
46527
46386
46466
46321
46562
46472
46467
46480
46336
46395
46459
46358
46449
46435
46476
46203
46225
46608
46478
46304
46318
46369
46575
46372
46504
46250
46381
46671
46259
46449
46708
46388
46584
46489
46402
46786
46808
46829
46422
46684
46588
46691
46698
46537
46699
46666
46502
46463
46544
46565
46806
46690
46721
46664
46509
46416
46739
46735
46824
46623
47021
46407
46640
46808
46547
46963
46659
46827
46695
46738
46862
46635
46741
46522
46940
46983
46775
46577
46966
46650
46677
46501
46731
47145
46956
46707
46834
46894
46862
46946
46885
47007
46924
46804
46697
46719
46784
46837
46720
46846
47050
47053
46689
47158
46897
46852
47022
46819
47093
47060
46924
46931
47367
46754
47152
46982
47032
46858
47311
47140
47422
47253
47388
47350
47277
47456
47664
47354
47252
47073
47132
47415
47532
47123
47059
47208
47529
47524
47441
47514
47459
47638
47406
47639
47469
47571
47713
47465
47377
47407
47568
47452
47751
47680
47673
47137
47672
47830
47739
47468
47617
47440
47610
47558
47451
47552
47731
47317
47450
47732
47501
47125
47328
47368
47613
47555
47366
47255
47319
47321
47747
47297
47703
47396
47462
47567
47459
47366
47283
47441
47431
47480
47596
47542
47561
47645
47215
47309
47504
47305
47620
47607
47518
47354
47452
47557
47558
47436
47179
47353
47377
47534
47420
47437
47390
47423
47864
47525
47286
47437
47457
47498
47356
47546
47430
47318
47509
47583
47546
47359
47278
47167
47351
47381
47303
47327
47140
47304
47333
47120
47347
47209
47076
47274
47143
47050
47147
47069
46884
47052
47178
46991
47133
47036
47014
46996
46967
46776
46927
46563
46682
46733
46548
46445
46556
46820
46478
46216
46488
46240
46371
46211
45965
45921
46027
46035
45999
45807
46010
46032
45888
45791
45865
45756
46043
45677
45663
45916
45787
45938
45701
45655
45906
45902
45852
45681
45714
46098
45625
45663
45927
45766
45544
45673
45931
45535
45754
45849
45730
45508
45552
45259
45317
45343
45245
45309
45025
44828
45277
44923
44902
45365
45204
44952
44933
45024
45128
45392
45085
45288
45497
44990
45176
45288
45497
45147
45601
45592
45767
46114
45786
45867
46126
46264
45945
45712
45572
45893
45706
46191
45980
45978
46009
45590
45347
45310
45228
44164
44303
44226
44536
44647
44556
44672
44647
44811
44495
44707
44616
44672
44800
44278
43674
43694
43863
43872
43663
42828
42910
43095
43301
44612
44386
44257
44429
44786
44766
44889
45014
44791
45143
45458
45583
45767
45966
46391
46928
46924
47228
47127
47259
47346
47146
47388
47268
47203
47481
47284
47495
47370
47575
47373
47273
47659
47485
47340
47291
47240
47115
47181
46948
47033
47384
47189
47291
47570
47164
46949
47328
47192
47150
46781
47011
47297
47401
47131
47295
47507
47371
47388
47299
47205
47648
46986
47039
47407
47006
47249
46954
46898
46801
46701
46656
46637
46775
46666
46746
46821
46919
47093
46584
46772
46890
46717
46751
46836
46813
46735
46710
46672
46517
46606
46593
46606
46585
46848
46362
46779
46458
46562
46652
46622
46306
46466
46676
46553
46290
46696
46452
46565
46552
46672
46385
46677
46556
46537
46209
46522
46455
46186
46290
46280
46280
46315
46442
46193
46477
46551
46496
46536
46445
46534
46484
46740
46439
46438
46310
46156
46502
46338
46091
46324
46290
46331
46255
46226
46481
46475
46399
46373
46337
46367
46501
46456
46311
46444
46450
46474
46392
46492
46444
46348
46653
46662
46499
46299
46664
46567
46495
46253
46298
46432
46145
46249
46447
46417
46445
46557
46384
46454
46827
46644
46526
46559
46435
46457
46229
46508
46422
46454
46463
46391
46311
46207
46124
46229
46360
46509
46350
46336
46322
46321
46115
46206
46121
46395
46099
46146
46199
46125
45917
45991
46080
46345
45761
46065
45998
46319
46153
45980
45988
45855
45878
46138
46274
46309
46011
45885
46103
46093
46053
46115
45924
45903
46425
46373
46513
46367
46354
46093
46533
46420
46351
46373
46241
46372
46335
46383
46424
46190
46081
46145
46109
46079
46084
46047
46200
46162
46331
46348
46145
46028
46313
46367
46589
46757
46463
46633
46334
46560
46204
46423
46405
46424
46665
46516
46261
46087
46193
46244
46566
46492
46598
46413
46690
46597
46348
46317
46674
46608
46574
46493
47178
46880
46779
46690
46741
46754
46860
46734
46723
46570
46917
46463
46699
46124
46642
46522
46418
46423
46418
46557
46583
46406
46456
46412
46583
46208
46323
46370
46388
46481
46614
46490
46586
46927
46683
46880
46783
46917
46794
46996
46888
46811
46849
47323
46986
46947
46971
47033
46694
46954
46718
46790
46771
46964
46995
47035
47041
46741
46835
46861
46684
46638
46605
46778
46547
46824
46690
46742
46795
46929
47074
47328
47046
47091
47293
47251
47407
47282
47736
47143
47868
47722
47797
47340
47323
47711
47386
47483
47490
47623
47500
47532
47442
47613
47824
47859
47827
48013
47838
47774
47801
47940
48015
47924
47928
47747
47881
47910
47720
47580
47551
47538
47548
47610
47630
47520
47387
47691
47754
47832
48237
47541
47872
47300
47642
46992
47356
47629
47395
47643
47509
47674
47692
47586
47557
47244
47473
47482
47684
47352
46897
46560
46630
46774
46759
46866
46672
46868
46640
46729
46584
46452
46198
46319
46325
46319
46576
46416
46525
46442
46470
46448
46524
46533
46489
46641
46555
46481
46613
46448
46332
46921
46696
47339
46510
46818
46661
46682
46675
46679
46807
46707
46689
46418
46455
46184
46340
46506
46382
46309
46207
46484
46282
46251
46201
46018
45884
46342
46421
46295
46410
46663
46271
46581
46664
46440
46410
46435
46647
46423
46719
46396
46374
46387
46414
46280
46527
46335
46545
46170
46323
46556
46568
46649
46503
46195
46436
45975
46738
46619
46467
46263
45755
45930
46358
46292
46263
45982
46123
46056
46159
45609
46133
45966
46089
46293
46094
46276
46103
46323
46221
46393
46329
45957
46404
45842
45965
46092
45687
45849
45810
45900
45877
46613
45588
45664
45531
45854
45767
45921
45952
45819
46061
46015
45947
45905
46081
45768
45851
45815
45768
46238
45985
46095
46022
46190
45683
46028
45897
45885
45995
45994
45871
46038
45879
46020
46050
45946
45347
46067
46249
45974
46417
46351
46331
46448
46489
46453
46412
46435
46637
46542
46398
46485
46725
46973
46869
46504
46772
46629
46716
46856
46602
46991
46831
46819
46599
46712
47020
46770
46839
46794
46790
46951
46715
46750
47174
46819
47218
46935
47096
47015
47127
47403
47068
47145
47089
47459
47242
47251
47272
47125
47066
47035
47034
47538
47303
47301
47341
47337
47397
47309
47340
47346
47269
47681
47209
47326
47512
47639
47538
47498
47587
47523
47531
47553
47173
47116
47235
47227
47109
47344
47235
47415
47458
47336
47266
47223
47183
47620
47264
47453
47250
47258
47455
47318
47226
47573
47130
47394
46999
47572
47249
47314
47452
47555
47577
47678
47455
47323
47293
47759
47376
47284
47540
47324
47719
47335
47291
47489
47288
47283
47318
