1640
1579
1555
1615
1617
1616
1602
1630
1608
1615
1631
1617
1641
1640
1660
1669
1674
1635
1683
1701
1621
1653
1650
1595
1586
1551
1547
1598
1605
1603
1581
1630
1607
1604
1618
1606
1649
1700
1680
1676
1728
1746
1723
1717
1649
1713
1725
1753
1689
1688
1643
1640
1616
1685
1666
1683
1669
1681
1645
1681
1714
1693
1668
1663
1683
1647
1641
1639
1636
1622
1681
1656
1636
1624
1614
1602
1579
1649
1566
1620
1617
1634
1642
1651
1591
1634
1623
1612
1613
1582
1589
1570
1560
1522
1529
1571
1530
1557
1551
1554
1555
1551
1545
1595
1552
1555
1589
1641
1628
1650
1630
1632
1609
1657
1648
1623
1613
1596
1634
1643
1603
1641
1616
1662
1659
1661
1636
1703
1643
1682
1624
1606
1619
1627
1671
1651
1620
1637
1644
1615
1638
1646
1662
1637
1627
1638
1663
1620
1642
1640
1652
1608
1600
1619
1589
1558
1561
1577
1552
1589
1622
1616
1599
1615
1593
1623
1559
1595
1600
1567
1571
1586
1588
1625
1653
1636
1582
1644
1600
1586
1602
1584
1649
1681
1581
1621
1685
1645
1638
1605
1633
1644
1647
1649
1650
1639
1625
1677
1632
1640
1668
1633
1656
1663
1680
1690
1661
1698
1661
1670
1656
1642
1683
1683
1685
1677
1709
1660
1709
1640
1707
1755
1677
1694
1662
1710
1701
1642
1687
1689
1696
1696
1681
1679
1637
1659
1632
1629
1659
1643
1670
1684
1717
1684
1653
1665
1653
1707
1727
1694
1678
1761
1701
1699
1708
1706
1726
1739
1671
1677
1673
1700
1682
1630
1644
1705
1676
1673
1632
1681
1641
1644
1617
1621
1635
1592
1687
1557
1571
1594
1572
1576
1621
1591
1553
1569
1532
1518
1518
1542
1548
1496
1533
1540
1552
1503
1601
1548
1514
1538
1513
1485
1457
1481
1548
1584
1581
1510
1537
1590
1604
1582
1542
1583
1590
1595
1624
1624
1573
1624
1616
1572
1617
1645
1623
1645
1612
1628
1616
1593
1629
1600
1628
1603
1606
1579
1585
1637
1624
1683
1700
1678
1661
1691
1625
1666
1665
1647
1671
1672
1659
1680
1659
1686
1704
1742
1752
1735
1724
1680
1676
1697
1724
1683
1667
1667
1649
1683
1640
1601
1651
1647
1649
1622
1652
1696
1633
1678
1673
1672
1680
1685
1685
1650
1681
1661
1649
1651
1656
1663
1682
1699
1682
1663
1691
1702
1750
1699
1698
1741
1768
1762
1688
1739
1697
1735
1644
1703
1677
1720
1722
1727
1685
1694
1656
1647
1670
1660
1634
1665
1634
1614
1649
1682
1670
1683
1644
1659
1683
1618
1649
1672
1608
1594
1592
1661
1628
1661
1693
1661
1656
1716
1683
1702
1670
1717
1703
1717
1710
1724
1775
1724
1776
1756
1731
1751
1734
1750
1718
1702
1721
1743
1746
1744
1765
1722
1766
1800
1743
1713
1708
1712
1728
1700
1725
1706
1738
1718
1757
1788
1749
1766
1765
1732
1736
1773
1756
1742
1718
1740
1730
1737
1722
1742
1799
1760
1703
1725
1712
1677
1688
1679
1773
1765
1823
1895
1856
1824
1825
1844
1811
1885
1848
1835
1789
1775
1843
1798
1774
1738
1674
1711
1642
1622
1658
1637
1644
1676
1662
1705
1745
1764
1719
1686
1757
1729
1732
1686
1611
1635
1628
1658
1615
1655
1606
1676
1658
1615
1676
1620
1602
1713
1678
1661
1566
1574
1563
1607
1543
1580
1551
1619
1611
1638
1595
1635
1628
1682
1653
1656
1715
1675
1686
1679
1696
1688
1692
1664
1663
1668
1657
1605
1586
1602
1610
1573
1564
1546
1578
1581
1555
1580
1557
1538
1550
1558
1534
1515
1573
1581
1545
1505
1544
1537
1560
1548
1512
1523
1551
1517
1518
1526
1562
1540
1484
1524
1542
1585
1514
1552
1554
1559
1569
1531
1573
1580
1627
1662
1677
1679
1643
1679
1619
1671
1639
1617
1611
1563
1590
1595
1574
1586
1574
1584
1569
1539
1547
1546
1569
1550
1572
1575
1560
1617
1577
1609
1622
1661
1610
1625
1642
1683
1653
1633
1632
1627
1644
1648
1649
1654
1646
1651
1671
1682
1681
1688
1691
1675
1677
1665
1673
1634
1663
1673
1635
1635
1609
1594
1631
1616
1577
1646
1669
1722
1680
1722
1754
1782
1776
1725
1706
1761
1741
1773
1748
1697
1711
1660
1689
1643
1663
1671
1642
1651
1733
1662
1656
1634
1658
1643
1642
1611
1666
1654
1681
1671
1732
1684
1702
1684
1692
1696
1669
1661
1669
1653
1655
1655
1665
1681
1676
1698
1727
1754
1699
1706
1694
1685
1576
1630
1627
1632
1673
1653
1596
1659
1598
1624
1674
1672
1663
1679
1664
1675
1658
1625
1634
1596
1626
1632
1696
1661
1652
1714
1674
1700
1734
1732
1778
1818
1737
1733
1719
1732
1637
1674
1667
1684
1717
1699
1668
1691
1663
1622
1627
1622
1623
1659
1661
1628
1623
1577
1645
1619
1633
1625
1620
1605
1586
1604
1599
1571
1587
1497
1552
1555
1561
1581
1548
1539
1513
1507
1434
1410
1445
1445
1475
1493
1473
1488
1464
1460
1468
1480
1511
1516
1487
1462
1458
1450
1511
1487
1521
1538
1548
1555
1556
1568
1498
1547
1567
1535
1511
1480
1460
1486
1488
1483
1504
1510
1525
1533
1493
1486
1507
1523
1500
1539
1540
1544
1584
1534
1548
1526
1479
1511
1497
1482
1413
1372
1416
1401
1429
1432
1425
1445
1416
1427
1425
1348
1379
1374
1384
1348
1398
1369
1392
1425
1371
1386
1339
1343
1393
1405
1374
1384
1392
1406
1378
1382
1353
1327
1270
1287
1160
1216
1234
1220
1208
1206
1234
1251
1253
1259
1223
1238
1210
1201
1160
1143
1164
1085
1064
1094
1158
1127
1118
1114
1145
1112
1107
1060
1130
1120
1127
1138
1167
1122
1110
1085
1099
1121
1091
1054
1043
1047
1061
1083
1104
1120
1130
1179
1169
1183
1209
1240
1175
1191
1157
1191
1177
1164
1174
1214
1215
1252
1266
1266
1276
1231
1205
1252
1218
1275
1266
1220
1207
1264
1260
1257
1227
1196
1213
1212
1272
1250
1281
1301
1392
1407
1432
1475
1425
1496
1529
1551
1500
1556
1509
1566
1522
1446
1492
1485
1426
1458
1443
1428
1445
1418
1464
1462
1485
1507
1566
1579
1521
1533
1496
1480
1458
1437
1422
1486
1523
1532
1521
1550
1561
1575
1578
1602
1576
1583
1556
1621
1592
1583
1609
1588
1556
1567
1532
1544
1556
1517
1487
1499
1500
1489
1483
1563
1560
1549
1542
1575
1560
1594
1559
1582
1602
1607
1613
1680
1690
1720
1675
1659
1666
1680
1720
1705
1672
1709
1745
1732
1720
1764
1753
1712
1729
1706
1717
1695
1674
1662
1693
1733
1661
1705
1734
1669
1703
1758
1814
1738
1702
1606
1641
1630
1666
1654
1618
1585
1602
1605
1616
1581
1558
1627
1556
1548
1561
1555
1542
1527
1533
1510
1475
1528
1529
1473
1572
1551
1603
1556
1587
1614
1572
1574
1549
1575
1543
1519
1514
1484
1475
1511
1508
1479
1518
1490
1456
1416
1385
1373
1349
1317
1281
1281
1284
1257
1275
1265
1280
1262
1294
1292
1265
1254
1245
1213
1176
1171
1192
1162
1162
1189
1163
1175
1173
1173
1155
1142
1138
1174
1146
1128
1179
1182
1181
1195
1233
1201
1205
1198
1210
1194
1220
1202
1218
1212
1180
1210
1206
1197
1167
1216
1164
1174
1237
1172
1202
1211
1203
1219
1195
1224
1220
1190
1211
1210
1206
1209
1201
1204
1194
1188
1188
1193
1162
1170
1153
1168
1192
1186
1153
1176
1159
1133
1170
1186
1135
1158
1134
1160
1136
1124
1125
1111
1159
1155
1149
1116
1102
1134
1128
1144
1108
1112
1132
1141
1141
1134
1111
1144
1106
1130
