14200
13736
13549
13551
13576
13628
13717
13759
13788
13723
13901
13891
13923
13951
13859
13705
13730
13735
13764
13692
13694
13699
13677
13884
13813
13827
14001
14019
13944
13957
13925
13824
13912
14032
13796
13892
13927
14078
14075
14248
14275
14346
14279
14357
14331
14293
14249
14196
14241
14337
14303
14197
14170
14116
14175
14144
14250
14236
14362
14436
14380
14263
14315
14350
14335
14263
14234
14267
14103
14005
13940
13867
13994
13924
13935
13879
13882
13848
13881
13832
13662
13669
13622
13480
13376
13248
13381
13447
13517
13585
13394
13360
13378
13422
13484
13369
13301
13192
13154
13205
13201
13222
13209
13155
13120
13011
13013
13138
13293
13216
13216
13351
13284
13374
13286
13351
13177
13099
13200
13188
13233
13218
13160
13091
13132
13108
13057
13126
13106
13161
13180
13270
13168
13034
12962
12994
12925
12971
13027
12991
13085
13101
13132
13094
13141
13112
13165
13116
12990
12905
12927
12961
13066
12922
12986
13129
13148
13069
13023
13012
13095
13052
13024
13051
13096
12976
13098
13103
13023
13033
13000
12998
13051
13134
13087
13198
13110
13101
13009
12990
13021
13014
13016
13000
13065
13110
13013
13182
13105
13051
13099
13079
13043
13151
13159
13048
12952
12810
12876
12861
12921
12795
12913
12997
13009
13043
12891
12819
12916
12834
12885
12907
12856
12908
12924
12804
12844
12990
13039
12979
12899
12905
12910
12988
12866
12893
12915
13055
12964
12947
12952
13039
12943
12988
12964
12912
13049
13011
12973
12933
12954
12881
12782
12838
12792
12854
12778
12812
12758
12797
12865
12808
12719
12667
12826
12895
13030
12909
13035
12892
12936
12840
12862
12893
12849
12807
12762
12854
12784
12822
12741
12672
12635
12495
12416
12418
12290
12283
12301
12075
12063
12054
11979
11953
11894
11887
11779
11736
11615
11680
11588
11541
11424
11354
11234
11084
11162
11081
11031
11104
10995
11001
10876
11004
10963
10860
10727
10683
10663
10706
10764
10777
10631
10631
10558
10491
10441
10333
10299
10174
10216
10223
10214
10150
10156
10198
10132
10036
10065
10051
10012
9924
9910
9891
9803
9717
9771
9807
9787
9726
9884
9690
9632
9588
9656
9609
9641
9679
9800
9738
9628
9629
9498
9468
9619
9577
9576
9536
9532
9475
9500
9508
9515
9532
9485
9454
9443
9464
9433
9423
9355
9312
9314
9361
9308
9318
9393
9284
9318
9317
9211
9250
9245
9260
9168
9282
9172
9114
9075
9136
9089
9148
9186
9065
9055
9008
8923
8941
8887
8815
8838
8823
8820
8672
8792
8780
8727
8764
8649
8551
8604
8602
8701
8630
8475
8550
8471
8522
8569
8545
8463
8448
8460
8396
8329
8274
8173
8271
8260
8311
8168
8123
8025
7981
7984
7956
8006
7825
7655
7692
7611
7658
7613
7639
7582
7508
7445
7499
7464
7483
7387
7399
7363
7365
7331
7387
7402
7450
7582
7585
7526
7573
7729
7772
7745
7707
7584
7530
7487
7407
7422
7349
7412
7378
7350
7327
7392
7388
7379
7435
7518
7553
7539
7615
7630
7619
7724
7949
7894
7878
7905
7799
7899
8014
8058
8086
8065
8010
8108
8294
8386
8323
8323
8421
8381
8532
8529
8501
8440
8490
8611
8675
8800
8755
8895
8955
9140
9068
8910
8875
8999
9066
9193
9207
9121
9070
9112
9100
8960
9059
9046
9158
9262
9190
9095
9003
8957
8636
8762
8814
8679
8678
8700
8727
8710
8677
8550
8436
8532
8485
8471
8499
8585
8390
8163
8103
8211
8393
8404
8324
8495
8477
8333
8164
8509
8424
8508
8507
8464
8643
8705
8850
8752
8891
8810
8989
8997
9107
9064
9129
9127
9125
9281
9287
9295
9359
9418
9382
9321
9476
9478
9215
9339
9464
9655
9749
9593
9535
9739
9716
9660
9661
9656
9655
9750
9781
9806
9552
9632
9819
9793
9860
10004
9947
10183
10195
10171
10017
10100
10173
10267
10198
10228
10125
10188
10159
9999
9993
9885
9846
9830
9881
9665
9575
9660
9570
9585
9468
9580
9571
9467
9378
9552
9740
9611
9558
9478
9447
9627
9610
9520
9574
9519
9456
9539
9621
9794
9541
9656
9685
9706
9706
9676
9542
9526
9505
9702
9707
9483
9651
9710
9641
9804
9915
9828
9853
9869
9860
9801
10024
9911
9817
9894
10007
10064
10040
10150
10173
10097
10111
10082
10185
10077
10228
10183
10097
10136
10157
10025
10196
10140
10183
10075
10167
10037
10008
9886
10153
10282
10101
10209
10164
10247
10151
10229
10140
10189
10212
10166
10124
10080
10002
10082
10212
10083
9926
9865
9866
9929
10003
9996
9985
10029
10038
10026
10006
9983
9983
10101
9986
10128
10035
10102
10328
10134
10323
10184
10048
10383
10237
10133
10123
10289
10590
10204
10113
10060
10187
10160
10163
10311
10192
10346
10183
10353
10235
10408
10310
10383
10331
10388
10659
10536
10289
10133
10292
10339
10540
10539
10426
10411
10534
10512
10391
10482
10461
10355
10424
10083
10178
10173
9910
9944
10028
10139
10026
9800
9844
10182
9826
9926
10256
10059
10135
10014
10275
10258
10224
10297
10429
10294
10084
10141
10231
10259
10249
10272
10260
10193
10206
10102
10067
10145
9897
10029
9942
9822
9705
9641
9653
9469
9620
9590
9602
9632
9607
9788
9999
9788
9724
9799
9807
9805
9592
9735
9762
9730
9559
9764
9696
9685
9756
9688
9697
9642
9754
9509
9618
9609
9751
9726
9804
9905
9894
9889
9891
9751
9877
9619
9722
9614
9672
9737
9920
9814
9731
9791
9655
9900
9963
9762
9681
9595
9549
9547
9465
9570
9536
9569
9372
9454
9382
9387
9454
9368
9424
9476
9264
9312
9327
9195
9138
9072
9149
9251
9031
8973
8927
8775
8649
8694
8589
8462
8264
8424
8444
8482
8368
8326
8266
8368
8402
8276
8500
8402
8270
8395
8333
8381
8110
8045
8060
8087
8041
7844
7865
7826
7777
7818
7833
7888
7998
7786
7784
7764
7907
7898
7848
7809
7891
7939
7912
7830
7662
7674
7709
7596
7581
7608
7607
7700
7708
7937
8049
7834
7914
7679
7825
7775
7888
8025
7920
8095
7957
8080
8122
8080
8151
7981
8125
8165
8271
8200
8313
8502
8332
8425
8500
8582
8720
8663
8633
8862
9000
8941
9067
9099
8984
9198
9003
9168
9494
9209
9521
9612
9770
9654
9844
9747
9810
9761
9685
9680
9508
9441
9458
9566
9504
9495
9607
9594
9596
9770
9864
9919
10191
10203
10189
10068
10012
9808
9727
9712
9721
9671
9772
9863
10104
9895
10153
9958
9867
9954
10058
10059
9843
9942
9843
9976
9825
10055
9929
10077
10045
9806
9976
9841
9840
10066
9870
9826
10193
10104
9979
10149
10055
10420
10056
10264
10086
10226
10325
10106
10263
10118
10070
10071
10019
10076
10144
10147
9884
9989
9897
9855
9926
9945
9864
9841
9747
9640
9730
9660
9746
9727
9837
9787
9924
9876
9927
9791
10111
10146
10260
10322
10223
10180
10100
10333
10153
10118
10157
10235
10033
10090
10261
10147
10177
10073
9890
9886
9939
9828
9764
9865
9718
9880
9769
9718
9683
9679
9683
9460
9548
9528
9409
9425
9427
9621
9557
9595
9696
9639
9546
9693
9778
9729
9655
9661
9415
9434
9396
9347
9192
9004
9099
9035
9011
8981
9025
8988
8987
8931
8829
8820
8749
8788
8772
8836
8690
8652
8692
8644
8631
8642
8591
8595
8581
8519
8504
8466
8502
8369
8379
8332
8329
8276
8274
8141
8081
8189
8233
8162
8066
8211
8164
8138
8072
8137
8168
8158
8153
8129
8141
8108
8122
8135
8224
8206
8140
8186
8078
8138
8227
8175
8154
8145
8153
8227
8196
8181
8163
8075
8127
8110
8174
8134
8138
8093
8149
8115
8119
8127
8121
8138
8143
8199
8140
8147
8112
8151
8133
8112
8110
8113
8144
8127
8199
8145
8134
8153
8181
8183
8150
8129
8167
8159
8124
8148
8153
8174
8145
8163
8159
8139
8123
8149
8141
