0.0363596 0.115493
0.0361484 0.114953
0.0356455 0.114769
0.0362181 0.119179
0.0355502 0.119107
0.0350953 0.118579
0.0348488 0.116789
0.0352151 0.118468
0.0345888 0.116623
0.0350561 0.117686
0.0352298 0.11733
0.034972 0.116406
0.0353854 0.117863
0.0353228 0.117554
0.0359556 0.119778
0.0360483 0.12178
0.0361415 0.121923
0.0351205 0.119039
0.0363091 0.122276
0.0368804 0.124233
0.0349497 0.118373
0.0355591 0.120666
0.0357228 0.12064
0.0345829 0.11488
0.0346364 0.114819
0.0344063 0.112172
0.034482 0.110492
0.0358714 0.113988
0.0362704 0.115103
0.0363261 0.114853
0.0361124 0.113537
0.0371036 0.117911
0.0366853 0.115512
0.0365609 0.11431
0.0367802 0.11728
0.0365781 0.115606
0.0374637 0.118403
0.0382237 0.120756
0.0375704 0.119361
0.0369692 0.117631
0.0379139 0.121051
0.0380757 0.121706
0.0377644 0.120667
0.0376098 0.119593
0.0359502 0.115065
0.0374328 0.119849
0.0375433 0.121061
0.0383967 0.123485
0.0369649 0.118601
0.0366861 0.117737
0.0357244 0.114871
0.0357938 0.115517
0.0351557 0.114044
0.0366551 0.119368
0.0362623 0.117531
0.0364918 0.11899
0.0363031 0.117123
0.0365189 0.118081
0.0359398 0.114538
0.0363428 0.116445
0.0372422 0.119193
0.0367309 0.118699
0.0362727 0.116521
0.0358305 0.115888
0.0362411 0.117405
0.0355654 0.115474
0.0354711 0.115287
0.0355562 0.11488
0.0354658 0.116004
0.035131 0.115816
0.0363939 0.120588
0.0361706 0.11942
0.0355258 0.116907
0.0351067 0.116633
0.0349192 0.115823
0.0346311 0.115426
0.0343373 0.113744
0.0357251 0.119079
0.0338507 0.112816
0.0349439 0.11712
0.0350015 0.118357
0.0351935 0.119541
0.035472 0.12054
0.0357243 0.122478
0.0342866 0.118944
0.0350945 0.123339
0.0348987 0.121291
0.0346198 0.119878
0.0348448 0.119331
0.0341419 0.116452
0.0341529 0.118635
0.0337062 0.117515
0.0335953 0.116609
0.0326469 0.113396
0.0329441 0.113394
0.0336843 0.117511
0.0327883 0.115029
0.0333834 0.118026
0.033294 0.117911
0.0332556 0.117683
0.0334006 0.117794
0.033284 0.117304
0.0332394 0.116966
0.0341388 0.121247
0.0332206 0.118293
0.0333562 0.119514
0.0340549 0.122109
0.0350297 0.124905
0.0349334 0.12247
0.0353425 0.124849
0.0351021 0.123335
0.0351194 0.122238
0.0346663 0.121123
0.0355031 0.123897
0.0353057 0.12404
0.0348627 0.121564
0.0344665 0.12241
0.0342034 0.121841
0.0348654 0.123788
0.0352356 0.124583
0.0342573 0.121137
0.0350244 0.124149
0.0345233 0.122796
0.0355774 0.126957
0.0355193 0.126333
0.0354339 0.126717
0.0350494 0.125297
0.0362974 0.129743
0.0350036 0.125362
0.035888 0.127802
0.0346431 0.123217
0.0342343 0.121025
0.0345955 0.12295
0.034879 0.124827
0.0358638 0.128915
0.0353798 0.127059
0.0348342 0.125338
0.0352756 0.126205
0.0350488 0.126199
0.0344298 0.124317
0.034797 0.125182
0.0350885 0.125639
0.0355485 0.126561
0.0349458 0.125019
0.0348051 0.123811
0.0348666 0.124924
0.0354433 0.12632
0.034665 0.123513
0.0351583 0.126405
0.0351863 0.127083
0.0352306 0.127795
0.0342726 0.124064
0.0339991 0.122455
0.0345719 0.12529
0.0338662 0.122363
0.0331539 0.118669
0.0332971 0.118725
0.0335853 0.120667
0.0331588 0.119174
0.0340994 0.122118
0.0344337 0.123864
0.0343662 0.123812
0.0340423 0.122773
0.0345373 0.123745
0.0340865 0.12164
0.0345967 0.125077
0.0332431 0.119026
0.0338512 0.121728
0.0340165 0.12286
0.0333475 0.120233
0.0335813 0.120846
0.0337404 0.122019
0.0338427 0.121676
0.0344411 0.123725
0.0351725 0.126309
0.0347538 0.123958
0.0336947 0.120671
0.034846 0.125487
0.0339573 0.122992
0.0336759 0.122094
0.0340257 0.123032
0.0337251 0.121715
0.0350814 0.12669
0.0357044 0.129308
0.0336311 0.12101
0.0344469 0.123646
0.0358092 0.129486
0.0349353 0.124791
0.034991 0.12499
0.0342415 0.122979
0.0345901 0.124666
0.0349022 0.125698
0.0350896 0.126275
0.0351172 0.12539
0.0350832 0.125389
0.0346754 0.125613
0.0345833 0.125463
0.0355741 0.130913
0.0347804 0.126747
0.0348536 0.127517
0.0352583 0.129092
0.0348366 0.127628
0.03516 0.128243
0.0351007 0.127953
0.0357234 0.129141
0.0357831 0.129571
0.035228 0.12885
0.0360816 0.13246
0.0350119 0.1286
0.0351816 0.130123
0.0348529 0.128522
0.0348598 0.127218
0.0355371 0.130912
0.0356326 0.130384
0.0355778 0.130378
0.0354044 0.130975
0.0361777 0.133058
0.0350314 0.127791
0.0360914 0.131068
0.0347656 0.126358
0.0362197 0.132336
0.0371743 0.135994
0.0354981 0.129899
0.0356767 0.130428
0.035084 0.129178
0.036098 0.13263
0.0359429 0.131707
0.0348007 0.125776
0.0358151 0.13013
0.0356104 0.130455
0.0357429 0.130945
0.0357211 0.130071
0.0355361 0.129877
0.0351851 0.129273
0.0347625 0.126273
0.0350666 0.128485
0.0343702 0.125067
0.0345047 0.125202
0.0348288 0.127881
0.0347306 0.127039
0.0351764 0.128918
0.0355507 0.130735
0.0362015 0.13433
0.0354511 0.131173
0.0349568 0.129221
0.0351288 0.129532
0.0350345 0.129363
0.0358681 0.133234
0.0362434 0.135366
0.035709 0.132375
0.035514 0.130431
0.0370051 0.137492
0.0359278 0.133737
0.0358583 0.134128
0.0361841 0.133167
0.0359938 0.132299
0.0360914 0.132464
0.0365098 0.134712
0.0352442 0.128193
0.0353127 0.130081
0.0351448 0.129329
0.0357511 0.132399
0.035322 0.130773
0.0342667 0.126425
0.034477 0.127948
0.0358593 0.13313
0.0353199 0.131327
0.0353259 0.130154
0.034426 0.12766
0.0354634 0.131103
0.0345707 0.128797
0.0347231 0.129735
0.0340636 0.127978
0.0339918 0.129732
0.0342954 0.131685
0.0336419 0.128201
0.0352958 0.137266
0.0327383 0.126761
0.0330744 0.127713
0.0334516 0.132008
0.0331492 0.130316
0.0330149 0.130745
0.0339811 0.13532
0.0334694 0.133105
0.0326295 0.13057
0.0326739 0.131993
0.0323166 0.130062
0.0317195 0.129346
0.0318573 0.130693
0.0323203 0.132021
0.0325668 0.133586
0.031179 0.129625
0.0320611 0.134191
0.0320319 0.135635
0.032386 0.138152
0.0312676 0.135601
0.0333674 0.143433
0.0322762 0.139699
0.0314467 0.13725
0.0318005 0.138509
0.0314907 0.137608
0.0309588 0.134988
0.0305003 0.133965
0.0309923 0.134587
0.0322057 0.141202
0.0328979 0.145856
0.0331127 0.147385
0.0316403 0.141346
0.0321273 0.144143
0.0330006 0.148515
0.0332897 0.149015
0.0328939 0.146794
0.0320196 0.145048
0.0329017 0.148904
0.0329383 0.150597
0.0331808 0.152035
0.0336183 0.155541
0.0337518 0.157166
0.0326037 0.152733
0.0335489 0.159623
0.0335806 0.158183
0.0327214 0.153771
0.0336231 0.158312
0.034094 0.162069
0.0337128 0.159807
0.0339546 0.161306
0.0333189 0.1591
0.0336586 0.162216
0.0337828 0.160556
0.0328833 0.158492
0.0335441 0.162705
0.0330156 0.161225
0.0337752 0.164279
0.0331603 0.162067
0.0333368 0.163827
0.0326455 0.162499
0.0327865 0.162215
0.0339831 0.166922
0.0336148 0.165934
0.0347125 0.173041
0.0354019 0.171995
0.0348292 0.173168
0.0342531 0.172446
0.0350459 0.176366
0.0338859 0.168289
0.0346175 0.173379
0.0346175 0.1727
0.0340437 0.170162
0.0345719 0.17051
0.0347241 0.171698
0.0345459 0.17231
0.0349498 0.174473
0.0345129 0.174668
0.0347357 0.178074
0.0354756 0.177149
0.0359754 0.181894
0.0364007 0.182957
0.0359861 0.181942
0.0356699 0.180864
0.0348461 0.177309
0.0348028 0.176421
0.0353115 0.178481
0.0357892 0.181188
0.0349076 0.176563
0.0345492 0.175751
0.0344464 0.176327
0.0340977 0.174627
0.0348454 0.177832
0.0338542 0.173858
0.0333563 0.169903
0.0343443 0.176483
0.034093 0.176869
0.0342813 0.177045
0.0335048 0.173272
0.0341217 0.177482
0.0351233 0.182013
0.0339205 0.173853
0.0348097 0.180741
0.0346076 0.179545
0.0345833 0.179457
0.0348432 0.182391
0.0351195 0.182162
0.0349963 0.182261
0.0342075 0.178186
0.0347472 0.183355
0.0344406 0.178949
0.0341535 0.179786
0.0342339 0.18115
0.034317 0.182479
0.0341513 0.182027
0.0347435 0.185059
0.0352966 0.185724
0.0348384 0.183105
0.0344306 0.183453
0.0349973 0.186748
0.0353259 0.188943
0.0362221 0.196122
0.0352197 0.190023
0.0352553 0.191066
0.0360366 0.197504
0.0365138 0.200045
0.0364321 0.199705
0.0350207 0.191383
0.0361238 0.20053
0.0353144 0.193016
0.0359824 0.197608
0.0340881 0.188381
0.035365 0.194318
0.0347947 0.193895
0.0358296 0.201146
0.0357247 0.200139
0.0357868 0.200767
0.0350706 0.193656
0.0350993 0.196292
0.0343754 0.195398
0.0342775 0.192632
0.0346021 0.197143
0.0344849 0.19479
0.0340027 0.190687
0.0346255 0.194851
0.0340218 0.193076
0.0337212 0.191051
0.0343227 0.194917
0.0349165 0.200333
0.0348374 0.200504
0.0349983 0.203408
0.0342686 0.20115
0.0346123 0.20058
0.0351203 0.203753
0.0337449 0.194682
0.0345557 0.201885
0.0349206 0.205835
0.0338071 0.200374
0.03342 0.199724
0.0333557 0.199399
0.0349581 0.208773
0.0343467 0.203347
0.0349287 0.212268
0.0354288 0.221163
0.0350119 0.215939
0.0350736 0.21758
0.0361682 0.224079
0.03565 0.221069
0.0359565 0.222804
0.0353926 0.220259
0.0366239 0.228689
0.0363718 0.228744
0.0365732 0.228964
0.036438 0.2291
0.0367952 0.230389
0.0380762 0.240287
0.0367818 0.233004
0.0378912 0.241206
0.0375744 0.238425
0.037118 0.236121
0.0375027 0.237038
0.0372263 0.234261
0.0373437 0.234899
0.0369542 0.226589
0.0365951 0.22439
0.0368317 0.228674
0.0374758 0.23016
0.0373652 0.225902
0.0375635 0.224395
0.0380355 0.227889
0.0369021 0.223433
0.0378491 0.232859
0.0386299 0.239044
0.037538 0.232804
0.0368522 0.231268
0.0364288 0.230127
0.0368862 0.232957
0.0372406 0.233135
0.0364221 0.230415
0.0370633 0.234694
0.036849 0.232837
0.037415 0.235119
0.0367605 0.232539
0.0379449 0.238108
0.038445 0.240484
0.0375612 0.232642
0.0380267 0.233814
0.0381853 0.234116
0.0374738 0.227446
0.0377827 0.227523
0.0385846 0.232708
0.0381806 0.227343
0.0379719 0.219147
0.0373982 0.217634
0.0381412 0.220868
0.0380814 0.218849
0.0378629 0.222721
0.0378412 0.218002
0.0382731 0.21737
0.0391683 0.223256
0.0384212 0.21766
0.037399 0.211159
0.0379138 0.215356
0.0375315 0.211149
0.036663 0.202194
0.036714 0.201288
0.0367517 0.20173
0.0386536 0.213024
0.0383071 0.209595
0.0400061 0.217516
0.0414171 0.222105
0.0404701 0.217611
0.0395997 0.214563
0.0399265 0.216232
0.0399931 0.217197
0.039291 0.210312
0.0407286 0.217291
0.0396337 0.21
0.0396226 0.209595
0.0385935 0.201124
0.0380297 0.198213
0.0393719 0.201641
0.0386866 0.19828
0.0383675 0.199102
0.0377121 0.195831
0.0360613 0.186021
0.037021 0.188727
0.0351614 0.178614
0.0348997 0.17617
0.0357051 0.181778
0.0352225 0.180485
0.0357182 0.180421
0.0366019 0.184176
0.0362803 0.185491
0.0372865 0.188211
0.0390398 0.192903
0.0392899 0.192618
0.0382876 0.185597
0.0372597 0.18346
0.0387218 0.193183
0.038204 0.192047
0.0382036 0.193368
0.0372284 0.195229
0.035451 0.183862
0.0362793 0.1855
0.0359898 0.187579
0.0367066 0.191058
0.0357135 0.185632
0.0365237 0.189641
0.0358474 0.184386
0.03794 0.193154
0.0374833 0.193918
0.0363772 0.191441
0.0377358 0.196437
0.0366624 0.190925
0.0368802 0.189116
0.0394228 0.201553
0.0384131 0.195457
0.0378067 0.197974
0.0346338 0.191841
0.0349723 0.194249
0.0348697 0.190354
0.0357159 0.191469
0.0339815 0.183603
0.0348478 0.189813
0.0340947 0.182578
0.0355028 0.190987
0.0355292 0.193328
0.0358754 0.200637
0.0346671 0.187449
0.0354702 0.194088
0.0351772 0.191349
0.0362164 0.19772
0.0352369 0.195298
0.0349183 0.1916
0.0361715 0.197013
0.0350984 0.189266
0.0353979 0.192642
0.0351689 0.188843
0.0354397 0.192509
0.0354473 0.187785
0.0353494 0.188063
0.034835 0.182717
0.0348623 0.183473
0.0347819 0.182714
0.034711 0.181549
0.0334898 0.17589
0.0331591 0.170887
0.0333667 0.172499
0.0336616 0.173211
0.0329493 0.168074
0.0325068 0.166065
0.032254 0.164784
0.0330201 0.169295
0.0331113 0.166843
0.0325968 0.164064
0.0332003 0.17146
0.0326771 0.16672
0.0324178 0.162511
0.032622 0.160539
0.032556 0.159811
0.0321587 0.159908
0.0317058 0.158888
0.0327231 0.161516
0.0331453 0.162721
0.0325147 0.159938
0.0314275 0.155781
0.0323398 0.159901
0.0321979 0.159192
0.0329622 0.16
0.0325313 0.158266
0.0315888 0.154191
0.0317576 0.159443
0.0325212 0.161026
0.0317092 0.154496
0.0315737 0.155009
0.0318527 0.154767
0.0326076 0.156138
0.0322014 0.154821
0.031087 0.145733
0.0316406 0.149485
0.0324427 0.151608
0.0333095 0.158231
0.0315752 0.149901
0.0326565 0.152561
0.0324941 0.151359
0.032801 0.152873
0.0330267 0.153402
0.0323282 0.15121
0.0332973 0.154397
0.0334753 0.155527
0.0344579 0.162716
0.0350936 0.166316
0.0355071 0.169651
0.0354608 0.170526
0.0346347 0.167141
0.035331 0.169922
0.0339178 0.167512
0.0354115 0.174517
0.0345788 0.169669
0.0340178 0.168966
0.034001 0.168075
0.0329573 0.165082
0.0334772 0.165971
0.033591 0.166649
0.0331906 0.166262
0.033474 0.169119
0.0332285 0.164782
0.0335643 0.162628
0.0331698 0.16325
0.0325404 0.161017
0.0326985 0.16322
0.0327023 0.16365
0.0330163 0.162979
0.0329507 0.16129
0.0331094 0.165126
0.0334225 0.164508
0.0330452 0.163883
0.034173 0.171003
0.0333481 0.165321
0.0342501 0.167238
0.0343753 0.165612
0.0350822 0.174091
0.0340647 0.166736
0.034598 0.167785
0.0346684 0.169174
0.0357219 0.173398
0.03499 0.170835
0.0346011 0.171138
0.0344959 0.171321
0.0345795 0.171173
0.0347231 0.16945
0.0348636 0.169774
0.0349483 0.17389
0.035271 0.171381
0.034867 0.169516
0.0350204 0.171248
0.0356526 0.170441
0.0357956 0.169642
0.0357835 0.171042
0.0359287 0.171318
0.0359672 0.171345
0.0355227 0.169878
0.0357577 0.171105
0.0352829 0.166101
0.0353887 0.168802
0.0346098 0.166446
0.0352122 0.168082
0.0354848 0.167183
0.0346384 0.16246
0.0346913 0.162849
0.033948 0.158522
0.0338551 0.156689
0.0346299 0.161533
0.0344379 0.159826
0.0336973 0.156417
0.0349239 0.16161
0.0355106 0.165625
0.0368342 0.168361
0.0357454 0.164981
0.0366797 0.170546
0.0373509 0.173047
0.0379965 0.175446
0.0379001 0.177157
0.0365854 0.169184
0.0361885 0.168245
0.0374291 0.172935
0.0370063 0.172804
0.0377716 0.174388
0.0372184 0.174156
0.0360106 0.169564
0.0363625 0.173073
0.0353786 0.163498
0.0359064 0.164268
0.0349099 0.162657
0.0353304 0.162895
0.035585 0.164404
0.0348672 0.160242
0.0351105 0.162644
0.0369344 0.16942
0.0351672 0.163905
0.035038 0.162528
0.0346899 0.160008
0.0353511 0.163093
0.0347806 0.162288
0.034845 0.162897
0.0342285 0.161068
0.0355709 0.165245
0.0352733 0.161966
0.0357439 0.166716
0.0357716 0.168346
0.0369793 0.17557
0.0358222 0.170687
0.0362212 0.171417
0.0358397 0.168349
0.0359007 0.169268
0.0361305 0.169855
0.0354684 0.166417
0.035054 0.165471
0.0353624 0.166467
0.0350918 0.165201
0.0351112 0.165782
0.0352068 0.165782
0.0353969 0.164835
0.0359088 0.168336
0.035596 0.165482
0.03613 0.169208
0.0367158 0.170956
0.037289 0.16983
0.0361343 0.167653
0.0363288 0.165262
0.0361587 0.166339
0.0360127 0.167695
0.0336177 0.151787
0.0346668 0.159226
0.0344996 0.160564
0.0347397 0.161217
0.0356223 0.162601
0.0352024 0.156091
0.03399 0.156409
0.0354919 0.164046
0.0341205 0.158847
0.0347187 0.159419
0.0355761 0.164764
0.0357678 0.164518
0.0355228 0.161284
0.0358385 0.164737
0.0356065 0.160835
0.0360068 0.16449
0.0355909 0.160147
0.0348212 0.158769
0.0348223 0.156995
0.0344351 0.154801
0.0348501 0.156602
0.0349809 0.157971
0.0361143 0.163265
0.0354725 0.155831
0.0353846 0.156796
0.0366914 0.166586
0.0359413 0.165203
0.036494 0.165177
0.0370228 0.167714
0.0368974 0.164326
0.037833 0.168707
0.0389402 0.174372
0.0372947 0.166843
0.0370537 0.164515
0.0367638 0.163527
0.0370902 0.166683
0.0349988 0.156172
0.0359629 0.160023
0.0357917 0.160985
0.0357583 0.16155
0.0365078 0.170287
0.0360148 0.166929
0.0354637 0.163963
0.0359749 0.170636
0.0355494 0.167237
0.0343717 0.161747
0.0345399 0.160469
0.0345084 0.161779
0.0345349 0.165612
0.0353875 0.168529
0.0353622 0.163131
0.0346708 0.165683
0.0345481 0.16351
0.0335346 0.153764
0.0351316 0.163535
0.0346118 0.159743
0.0348552 0.163072
0.0347148 0.158151
0.0346272 0.157926
0.0342978 0.156984
0.0339353 0.154025
0.0341946 0.153802
0.0341105 0.155333
0.0333936 0.155791
0.0337301 0.156493
0.0319517 0.14632
0.0331993 0.151282
0.0330521 0.151722
0.0331415 0.151967
0.0333932 0.154094
0.0326059 0.151869
0.032608 0.150794
0.0319407 0.149772
0.0320236 0.149697
0.030321 0.14135
0.0300262 0.142467
0.0306345 0.144082
0.0306696 0.145343
0.0312898 0.150173
0.0315132 0.153838
0.0311753 0.152785
0.0316805 0.154149
0.0312807 0.15461
0.0311646 0.151767
0.0312886 0.153076
0.0313559 0.154135
0.0320671 0.156873
0.0320928 0.157802
0.0316074 0.151921
0.0308765 0.146215
0.0308696 0.148958
0.030855 0.149116
0.0322058 0.154199
0.0314609 0.151626
0.0322068 0.155125
0.0325944 0.160342
0.0328732 0.159014
0.0325341 0.159291
0.0327717 0.159918
0.0331347 0.164034
0.0316896 0.153421
0.0327061 0.15955
0.0331066 0.161797
0.0323451 0.157339
0.0319477 0.155966
0.0313068 0.152625
0.0309795 0.151421
0.0313106 0.152348
0.0316495 0.156483
0.0313789 0.15419
0.0322332 0.15652
0.0320309 0.154856
0.0324158 0.156796
0.0326678 0.156365
0.0317835 0.150732
0.031617 0.150192
0.0319842 0.152392
0.0323142 0.153978
0.0319434 0.15383
0.0327537 0.155817
0.0327883 0.1601
0.0327646 0.158815
0.0339157 0.16476
0.0327617 0.158602
0.0329944 0.158981
0.0325172 0.153831
0.0314788 0.150703
0.0320637 0.155277
0.0318721 0.152896
0.031491 0.153496
0.0297913 0.142727
0.0290949 0.13771
0.0298993 0.145052
0.0296546 0.144716
0.0301687 0.148932
0.0303101 0.149963
0.0300278 0.149262
0.0305116 0.152668
0.0299505 0.147962
0.0301647 0.149643
0.0297992 0.148918
0.0283825 0.143833
0.0290628 0.145864
0.0289519 0.146451
0.0291148 0.147438
0.0285648 0.142585
0.0294508 0.149231
0.0290006 0.145267
0.0294429 0.146897
0.0301555 0.153821
0.0288948 0.147229
0.0292171 0.148601
0.0282055 0.145623
0.0282755 0.146969
0.029519 0.153549
0.029716 0.153569
0.029029 0.148524
0.0293519 0.15325
0.0295485 0.155132
0.0298571 0.1575
0.0291467 0.157037
0.0293724 0.159787
0.0285769 0.155625
0.0281007 0.1545
0.0268703 0.150083
0.0272208 0.155736
0.0244427 0.137702
0.0255451 0.144008
0.0257922 0.145485
0.0256529 0.145793
0.0253787 0.145088
0.0252275 0.145899
0.0258224 0.147467
0.0260995 0.148893
0.0262068 0.151402
0.0260776 0.148118
0.0256475 0.145561
0.0255991 0.149698
0.0251063 0.144133
0.0248742 0.144126
0.0242602 0.138408
0.0238976 0.140937
0.0241514 0.144686
0.0226528 0.134615
0.0221528 0.131569
0.0227883 0.136053
0.0240558 0.147629
0.0234669 0.143293
0.0232844 0.142857
0.023234 0.143243
0.0238199 0.146457
0.0230318 0.141963
0.0229183 0.14034
0.0219525 0.132533
0.0233457 0.145132
0.0232249 0.143885
0.023407 0.145157
0.0236188 0.143923
0.0241565 0.147759
0.0231694 0.142966
0.022969 0.142144
0.0224424 0.137498
0.0227895 0.138431
0.023175 0.141684
0.022532 0.139336
0.0218722 0.137562
0.0217043 0.135913
0.0217966 0.135815
0.0220876 0.139679
0.0225498 0.142857
0.0229613 0.14511
0.0232872 0.147233
0.0235373 0.146753
0.0246359 0.152958
0.0242677 0.147285
0.0245202 0.146975
0.0250114 0.154327
0.0254416 0.156684
0.0244486 0.153015
0.0246365 0.152204
0.024207 0.14881
0.0247409 0.150989
0.0247915 0.146667
0.0243352 0.14697
0.0243999 0.145028
0.0253688 0.15257
0.0252657 0.150371
0.0261018 0.154149
0.0263059 0.156683
0.0262754 0.155318
0.0265314 0.15988
0.0255952 0.151508
0.0252066 0.147581
0.0260649 0.151372
0.0253433 0.148537
0.0264282 0.153374
0.0264378 0.148906
0.0257189 0.146423
0.0256231 0.143264
0.0267831 0.148706
0.0266188 0.146819
0.026556 0.144151
0.0258752 0.141637
0.0253283 0.138538
0.0255913 0.136877
0.025684 0.134667
0.0269115 0.142266
0.0265111 0.137863
0.0272716 0.140785
0.0278414 0.144813
0.0297271 0.151337
0.0300448 0.156281
0.0305931 0.156195
0.0313396 0.155361
0.0303637 0.15474
0.0318291 0.157126
0.0325867 0.159072
0.0330499 0.158751
0.0319789 0.155376
0.0331473 0.158066
0.0321153 0.154817
0.0333525 0.159633
0.0323156 0.155927
0.0307267 0.149303
0.0317629 0.154132
0.0315032 0.156184
0.0303417 0.151043
0.0310967 0.154155
0.0303975 0.150847
0.0302504 0.150253
0.03015 0.152185
0.0301305 0.147601
0.0309089 0.152595
0.0309326 0.152355
0.0314559 0.151996
0.0319435 0.152778
0.0332068 0.157879
0.0334137 0.154941
0.0322328 0.149074
0.032485 0.150456
0.0318813 0.14859
0.0314927 0.147823
0.0311912 0.148654
0.0306233 0.147733
0.0301802 0.146417
0.0316258 0.152865
0.0324733 0.157481
0.0327434 0.156774
0.0322793 0.154213
0.0330646 0.153405
0.0332992 0.157756
0.0336445 0.155127
0.0338314 0.158466
0.0344427 0.162359
0.033564 0.158328
0.0336393 0.157387
0.0331487 0.154687
0.0344586 0.164686
0.0336582 0.160129
0.0337512 0.160825
0.0340702 0.161287
0.0335673 0.161628
0.0330333 0.154749
0.0332993 0.157821
0.032521 0.152029
0.0326337 0.153708
0.0330571 0.158678
0.0320089 0.152065
0.0315805 0.151103
0.0318543 0.152337
0.031883 0.149016
0.0316042 0.150861
0.0315841 0.150926
0.0330899 0.153341
0.0331499 0.154394
0.0327512 0.155226
0.0328652 0.151936
0.0334708 0.156638
0.0330082 0.149712
0.0337555 0.158512
0.0329375 0.15189
0.0335304 0.156851
0.0341848 0.156659
0.0341008 0.155642
0.0345574 0.159608
0.0353938 0.163695
0.0356909 0.167029
0.0364646 0.170804
0.0356512 0.166319
0.0357304 0.165585
0.0357281 0.165343
0.0357006 0.165615
0.0366488 0.169508
0.0363191 0.172501
0.035813 0.167384
0.036507 0.172679
0.0373055 0.177067
0.0369675 0.174491
0.037129 0.172951
0.0376899 0.178832
0.0375688 0.178132
0.0366094 0.175644
0.0368052 0.179357
0.0364772 0.175334
0.0365833 0.177743
0.0362319 0.173918
0.0356193 0.172098
0.0354583 0.168954
0.035983 0.172985
0.0368512 0.174627
0.0356147 0.168186
0.0362173 0.171754
0.0372559 0.177101
0.0357763 0.165068
0.0363881 0.167849
0.0378773 0.171345
0.0389563 0.175741
0.037378 0.170009
0.0365197 0.167191
0.0344502 0.15901
0.0347 0.158812
0.035209 0.160544
0.035968 0.164657
0.0358024 0.162843
0.0347763 0.158085
0.0341315 0.157979
0.0343888 0.158771
0.0344007 0.156418
0.0347437 0.159259
0.0338218 0.15535
0.0333455 0.154671
0.0348887 0.16451
0.0333827 0.157394
0.0330882 0.15575
0.0336075 0.158832
0.0334473 0.159258
0.0331777 0.15631
0.0328953 0.157131
0.0326698 0.155162
0.0323625 0.154571
0.0315373 0.15178
0.0327244 0.157802
0.0326194 0.157971
0.0317895 0.152122
0.0336761 0.166173
0.0333455 0.162442
0.0345021 0.168241
0.0334042 0.165374
0.0340982 0.168382
0.0347628 0.17121
0.0337187 0.163393
0.0338582 0.164696
0.0332097 0.161438
0.0337765 0.162438
0.0331436 0.160079
0.0330613 0.159124
0.0324558 0.156195
0.031685 0.151769
0.031683 0.151609
0.0321613 0.156499
0.0321617 0.156091
0.0315459 0.15709
0.0322903 0.160907
0.0316974 0.158578
0.030959 0.155772
0.0301206 0.154047
0.0294574 0.153821
0.0290748 0.150896
0.0286181 0.149308
0.0280231 0.146155
0.0272235 0.142634
0.0270699 0.141939
0.0270003 0.142857
0.0264972 0.139869
0.0270856 0.142761
0.0267205 0.143278
0.0271135 0.145125
0.0266825 0.144245
0.027276 0.147246
0.0273787 0.147287
0.0265834 0.143164
0.0264367 0.144304
0.026278 0.143897
0.0256943 0.139554
0.0248573 0.136048
0.0246019 0.135674
0.0251679 0.137931
0.0244931 0.135258
0.0245225 0.135195
0.0251019 0.138562
0.0244724 0.136518
0.0248519 0.13817
0.0247939 0.138554
0.0245804 0.137968
0.0243805 0.138009
0.0239067 0.136293
0.0239574 0.136582
0.0246406 0.140953
0.0240923 0.138473
0.0236537 0.136331
0.0245697 0.144823
0.0248278 0.146269
0.0247584 0.144218
0.0250898 0.145148
0.0256827 0.151066
0.0251366 0.148897
0.025215 0.146754
0.0250675 0.146742
0.025377 0.148685
0.025083 0.147919
0.0256346 0.149932
0.0252548 0.14716
0.0253454 0.149301
0.0253477 0.148657
0.0246784 0.145159
0.0252742 0.14863
0.0252096 0.148742
0.0249838 0.147377
0.0243928 0.143454
0.0254058 0.14786
0.0243189 0.141847
0.0245581 0.144226
0.0256804 0.151112
0.0245517 0.145085
0.0251333 0.147702
0.0252265 0.147198
0.0249907 0.147156
0.0253847 0.149497
0.0248782 0.146716
0.0254438 0.150129
0.0253944 0.148292
0.024771 0.145193
0.0252024 0.148026
0.0253765 0.14823
0.0253181 0.14935
0.0253188 0.148763
0.0251571 0.148089
0.025283 0.147296
0.0249373 0.146791
0.0248707 0.145982
0.0247924 0.146794
0.0248728 0.146398
0.0242888 0.143192
0.0244857 0.144106
0.0241471 0.141873
0.0244838 0.143825
0.0247663 0.146473
0.0248231 0.145647
0.0240389 0.140627
0.0246226 0.144472
0.0242524 0.142261
0.0236248 0.13967
0.0244545 0.143541
0.0248263 0.145826
0.0235962 0.139916
0.0243058 0.142787
0.0236738 0.139776
0.0244133 0.142436
0.0236322 0.139781
0.0235269 0.13709
0.023511 0.138122
0.0231589 0.136587
0.0241062 0.142156
0.024012 0.141181
0.0238342 0.140413
0.0232587 0.136933
0.023024 0.135564
0.0237124 0.138851
0.0233695 0.138252
0.0238851 0.140817
0.0231693 0.135984
0.0231228 0.136392
0.0236494 0.138488
0.0236511 0.140086
0.0238324 0.139777
0.0237134 0.138988
0.0231376 0.136503
0.0239285 0.140835
0.0231216 0.135722
0.0236184 0.138804
