45105
43681
43624
44591
45485
46046
45970
46287
46489
46069
46296
46237
46375
46429
46168
46299
46318
46554
46352
46122
46381
46486
46189
46121
45790
45079
44864
44548
44251
44128
43780
43931
43805
43872
43991
43906
44016
44475
44716
45335
45577
45856
45625
45653
45869
45762
45947
45655
45692
46012
45991
45818
45967
45969
45943
46120
45974
46031
45771
46254
46023
46092
45985
46413
46439
46309
46263
46096
46129
46170
46189
45783
46051
46259
46221
46259
45985
46158
46262
46360
46198
46429
46290
46215
46403
46560
46506
46563
46291
46336
46526
46579
46435
46620
46412
46639
46663
46640
46585
46729
46556
46599
46481
46721
46718
46618
46660
46846
46603
46686
46436
46470
46414
46672
46678
46554
46799
46662
46866
46629
46793
46853
46809
46715
46707
46876
46677
46918
46938
46868
46878
46912
46798
46647
46593
46665
46506
46406
46906
46907
47073
46910
46753
46844
46746
46979
46920
46733
46703
46609
46891
46918
47060
46830
46920
46993
46881
46955
46805
46599
47105
47023
46971
46761
46734
46912
46897
47118
47036
46990
46782
47006
46923
47182
46997
47074
46951
47179
47118
47096
47082
46968
47005
47081
47010
47058
47055
47087
46812
46873
47210
47103
46937
46957
47031
47267
46988
47141
46923
47054
47308
46876
47099
47378
47028
47229
47150
47060
47441
47468
47514
47103
47359
47232
47361
47367
47239
47386
47352
47173
47129
47210
47242
47482
47372
47371
47325
47183
47103
47430
47450
47479
47304
47719
47091
47310
47483
47211
47633
47307
47475
47369
47429
47502
47287
47397
47182
47591
47650
47439
47249
47588
47345
47381
47203
47397
47823
47631
47412
47490
47603
47551
47619
47568
47684
47547
47452
47359
47406
47401
47468
47346
47470
47688
47674
47322
47796
47559
47499
47651
47422
47736
47703
47536
47595
48020
47406
47857
47650
47710
47533
47981
47815
48077
47922
48069
47981
47961
48145
48364
48046
47967
47770
47786
48066
48149
47746
47724
47841
48181
48183
48094
48158
48113
48272
48070
48307
48116
48246
48407
48123
48042
48092
48249
48142
48447
48381
48368
47835
48444
48563
48462
48201
48341
48175
48368
48343
48171
48312
48484
48020
48178
48492
48251
47955
48126
48097
48379
48334
48151
48023
48069
48069
48538
48033
48422
48131
48213
48332
48212
48157
48058
48171
48213
48250
48394
48361
48299
48443
47997
48072
48309
48102
48411
48415
48287
48142
48205
48342
48347
48216
47979
48148
48235
48378
48228
48282
48227
48256
48695
48412
48135
48280
48300
48318
48180
48313
48240
48163
48312
48420
48364
48200
48140
48054
48218
48228
48155
48197
48005
48202
48258
48046
48263
48174
48049
48263
48137
48055
48086
48028
47863
48044
48172
47937
48088
47974
47931
47921
47948
47720
47880
47564
47696
47728
47514
47399
47554
47786
47441
47215
47445
47209
47335
47185
46882
46822
46947
46929
46854
46617
46871
46871
46734
46635
46690
46580
46862
46490
46509
46726
46510
46728
46428
46404
46664
46659
46596
46433
46483
46886
46413
46401
46675
46542
46297
46452
46735
46304
46508
46564
46441
46222
46219
45947
45951
45992
45876
45938
45620
45429
45876
45506
45515
45930
45808
45536
45498
45615
45741
45977
45685
45869
46075
45568
45754
45861
46061
45709
46108
46092
46282
46627
46312
46355
46674
46810
46476
46237
46086
46421
46217
46699
46476
46436
46476
46027
45790
45810
45727
44698
44897
44897
45250
45375
45257
45336
45288
45443
45067
45235
45169
45221
45313
44801
44175
44233
44396
44414
44187
43438
43452
43683
43934
45216
45007
44824
44994
45407
45340
45491
45602
45343
45658
46009
46095
46280
46443
46911
47425
47413
47723
47630
47741
47856
47620
47865
47768
47702
47956
47737
47925
47830
48012
47829
47740
48113
47932
47789
47748
47704
47590
47648
47443
47514
47856
47701
47783
48070
47699
47517
47888
47743
47736
47327
47585
47865
47957
47692
47841
48078
47908
47903
47824
47737
48166
47530
47584
47949
47525
47824
47529
47507
47358
47241
47199
47217
47359
47230
47348
47438
47522
47733
47188
47399
47534
47381
47425
47495
47483
47423
47380
47369
47193
47302
47295
47311
47275
47522
47040
47479
47124
47208
47318
47289
46978
47185
47346
47263
46968
47363
47114
47242
47195
47310
47051
47346
47270
47184
46894
47208
47144
46869
46989
46977
46982
47015
47153
46899
47190
47275
47212
47228
47147
47202
47130
47396
47083
47098
46925
46799
47131
47000
46750
46999
46947
46960
46899
46860
47150
47142
47049
47046
46940
46966
47125
47054
46921
47039
47064
47070
46958
47093
47023
46921
47260
47263
47103
46901
47239
47123
47066
46836
46891
47029
46713
46837
47010
46989
46987
47130
46941
47056
47384
47197
47105
47136
47008
47038
46813
47084
46997
47037
47038
47019
46960
46849
46789
46880
47019
47160
46978
46965
46957
46955
46743
46834
46776
47054
46746
46815
46849
46733
46519
46585
46667
46924
46348
46657
46654
46962
46825
46687
46714
46576
46583
46836
46941
46996
46687
46575
46770
46758
46697
46773
46548
46575
47094
47031
47175
47034
47005
46780
47190
47105
47003
46996
46881
46971
46956
46978
47026
46824
46776
46851
46810
46784
46796
46736
46908
46877
47045
47050
46852
46748
47047
47101
47345
47476
47197
47369
47059
47294
46959
47169
47115
47140
47377
47249
46969
46802
46848
46918
47200
47120
47238
47046
47350
47231
46994
46917
47265
47226
47186
47090
47796
47480
47322
47271
47300
47332
47457
47296
47274
47128
47460
47015
47261
46660
47142
47045
46927
46974
47000
47117
47131
46958
46987
46968
47124
46704
46823
46917
46929
46984
47125
46969
47061
47430
47156
47359
47244
47367
47245
47456
47359
47278
47307
47820
47494
47449
47458
47536
47191
47469
47206
47278
47255
47448
47438
47473
47497
47190
47281
47332
47152
47109
47091
47278
47051
47346
47223
47264
47280
47458
47602
47844
47558
47599
47805
47788
47932
47812
48279
47685
48361
48195
48283
47815
47829
48196
47897
48030
48007
48138
48025
48015
47947
48069
48281
48302
48286
48403
48224
48148
48182
48310
48426
48326
48346
48224
48371
48420
48189
48055
48035
48036
48027
48081
48095
48009
47857
48171
48246
48338
48739
48060
48343
47796
48139
47476
47832
48115
47854
48089
47966
48126
48182
48094
48095
47805
48034
48060
48244
47886
47436
47106
47194
47335
47334
47420
47220
47399
47189
47266
47150
46972
46729
46826
46830
46808
47065
46931
47001
46921
46929
46906
46942
46987
46953
47098
47060
46973
47138
46998
46886
47471
47206
47927
47062
47365
47264
47209
47177
47159
47256
47188
47191
46924
46995
46744
46925
47117
46987
46900
46788
47120
46878
46878
46813
46643
46512
46955
47058
46940
47042
47299
46902
47226
47308
47104
47058
47108
47313
47070
47393
47086
47058
47047
47114
46954
47235
47059
47296
46919
47056
47261
47222
47332
47181
46863
47125
46676
47466
47351
47169
46983
46431
46630
47058
46932
46945
46687
46813
46776
46852
46325
46803
46661
46764
46977
46769
46934
46782
46997
46872
47050
47027
46638
47077
46543
46651
46801
46413
46565
46498
46605
46618
47291
46295
46319
46198
46526
46438
46585
46656
46512
46745
46723
46634
46611
46784
46448
46491
46477
46420
46924
46659
46770
46693
46874
46336
46680
46513
46461
46581
46542
46429
46621
46488
46643
46630
46555
45945
46648
46836
46555
46982
46888
46884
47011
47007
47030
47011
47017
47223
47138
46997
47055
47322
47555
47439
47073
47342
47209
47297
47441
47190
47586
47434
47378
47209
47310
47598
47362
47442
47385
47367
47523
47280
47310
47721
47374
47769
47501
47645
47567
47688
47986
47608
47701
47629
48009
47779
47789
47791
47681
47602
47592
47595
48056
47815
47815
47875
47839
47911
47842
47863
47864
47805
48169
47736
47825
48005
48138
48021
48034
48106
48042
48040
48051
47682
47634
47751
47740
47621
47880
47767
47918
47964
47841
47783
47749
47705
48130
47778
47964
47761
47789
47958
47844
47772
48101
47643
47901
47515
48070
47775
47850
47973
48079
48101
48208
47982
47863
47823
48268
47896
47822
48091
47866
48243
47876
47821
48017
47809
47834
47844
