44988      8367
43578      7971
43516      7852
44477      7899
45377      7868
45934      7919
45866      7990
46178      7938
46386      8020
45965      8003
46186      8111
46119      8084
46260      8109
46324      8143
46051      8071
46201      8059
46207      8021
46431      8071
46224      8074
46007      8073
46256      8104
46364      8157
46098      8056
46004      8204
45659      8158
44964      8157
44748      8271
44434      8283
44153      8231
44031      8108
43683      8218
43828      8097
43707      8114
43787      8190
43895      8093
43809      8225
43914      8227
44354      8333
44593      8300
45228      8357
45448      8334
45737      8421
45510      8393
45533      8396
45748      8392
45650      8408
45823      8413
45547      8336
45589      8307
45894      8290
45893      8288
45707      8218
45848      8202
45840      8197
45839      8223
46008      8314
45869      8383
45907      8402
45661      8332
46136      8451
45913      8511
45976      8410
45861      8319
46301      8412
46332      8455
46194      8373
46136      8293
45992      8197
46012      8192
46056      8140
46071      8104
45671      8136
45935      8107
46151      8207
46097      8276
46159      8295
45874      8297
46046      8244
46143      8264
46256      8174
46093      8173
46333      8193
46179      8094
46118      7963
46273      7888
46457      7778
46395      7723
46446      7766
46172      7767
46197      7765
46400      7749
46445      7743
46328      7708
46502      7686
46290      7733
46510      7750
46550      7722
46535      7709
46461      7737
46614      7753
46440      7743
46471      7738
46342      7644
46589      7602
46601      7582
46495      7576
46528      7578
46706      7586
46454      7568
46557      7563
46315      7565
46348      7642
46277      7613
46547      7726
46555      7669
46431      7638
46662      7593
46527      7547
46737      7533
46524      7524
46657      7561
46721      7514
46682      7367
46577      7391
46565      7370
46731      7406
46525      7459
46788      7447
46808      7482
46740      7509
46748      7583
46790      7607
46664      7556
46522      7479
46470      7467
46538      7467
46348      7435
46271      7466
46771      7461
46760      7490
46928      7486
46772      7478
46620      7427
46704      7411
46615      7473
46818      7402
46767      7400
46601      7322
46566      7300
46454      7263
46754      7309
46748      7318
46922      7317
46683      7245
46782      7348
46855      7355
46737      7395
46785      7411
46667      7429
46437      7458
46963      7533
46883      7577
46827      7558
46639      7520
46596      7475
46785      7441
46757      7521
46974      7523
46884      7515
46828      7560
46637      7466
46845      7408
46778      7338
47015      7348
46841      7324
46929      7444
46784      7420
47031      7432
46962      7397
46939      7328
46935      7398
46807      7344
46865      7368
46918      7377
46827      7437
46902      7377
46900      7315
46935      7377
46637      7389
46718      7481
47046      7489
46954      7443
46762      7424
46794      7417
46873      7410
47080      7337
46821      7298
46974      7315
46742      7310
46861      7303
47131      7322
46716      7247
46923      7285
47185      7266
46849      7141
47057      7159
46967      7113
46898      7021
47277      7053
47301      7097
47326      7142
46913      7123
47189      7144
47069      7120
47192      7117
47192      7084
47055      7095
47215      7119
47168      7204
46989      7200
46969      7231
47040      7207
47065      7150
47323      7193
47189      7109
47189      7040
47137      7128
47000      7135
46930      7053
47260      7043
47267      7099
47305      7111
47118      7049
47545      7080
46924      7076
47146      7058
47318      7134
47048      7097
47458      7095
47152      7096
47312      7126
47188      7054
47245      7009
47346      7062
47112      7011
47223      6978
46995      6888
47426      6969
47482      6958
47264      6898
47078      6864
47425      6930
47164      6889
47177      6899
47013      6939
47207      6996
47650      7081
47461      7048
47215      7037
47294      6965
47401      7011
47338      7018
47411      7060
47371      7073
47496      7073
47383      7024
47251      7049
47176      7100
47223      7047
47236      7030
47282      6899
47178      6828
47287      6850
47511      6744
47506      6676
47132      6732
47601      6693
47369      6641
47311      6630
47460      6632
47239      6600
47569      6607
47536      6472
47356      6457
47431      6431
47847      6401
47239      6340
47655      6309
47482      6243
47535      6221
47372      6236
47821      6177
47632      6131
47901      6140
47742      6071
47867      5959
47833      5935
47800      5905
47980      5892
48189      5937
47867      5894
47760      5840
47585      5801
47599      5780
47906      5764
48000      5725
47593      5710
47552      5658
47672      5558
48014      5602
48005      5604
47911      5635
47986      5643
47936      5602
48101      5539
47878      5551
48130      5485
47923      5318
48041      5242
48208      5194
47947      5185
47863      5243
47900      5248
48085      5234
47944      5216
48233      5271
48178      5228
48210      5199
47653      5187
48251      5179
48364      5156
48259      5086
48006      5011
48156      4976
47986      4871
48175      4829
48113      4822
47978      4844
48125      4893
48293      4939
47846      4953
47994      4890
48289      4909
48042      4912
47747      4900
47903      4915
47908      4919
48162      4886
48103      4909
47924      4824
47821      4777
47863      4787
47863      4768
48296      4749
47857      4776
48222      4759
47935      4763
48011      4789
48117      4805
48003      4822
47932      4830
47828      4811
47970      4795
48008      4803
48046      4763
48177      4784
48119      4745
48097      4716
48215      4681
47804      4688
47868      4689
48069      4647
47880      4677
48196      4713
48182      4668
48078      4669
47903      4616
48006      4608
48136      4639
48129      4693
47991      4656
47762      4662
47959      4642
48009      4608
48154      4585
48004      4572
48098      4532
47999      4449
48025      4459
48476      4420
48179      4343
47934      4288
48075      4332
48075      4297
48109      4287
47975      4249
48092      4206
48034      4246
47947      4262
48102      4241
48211      4218
48165      4269
47997      4207
47911      4157
47835      4172
48016      4181
48029      4168
47934      4151
47981      4138
47787      4099
47978      4100
48035      4096
47804      4142
48059      4142
47943      4120
47827      4123
48040      4120
47884      4151
47786      4130
47856      4120
47813      4120
47644      4127
47807      4031
47946      4026
47730      4018
47865      3994
47749      3968
47726      4013
47710      4006
47709      4036
47503      4030
47657      4057
47342      3987
47448      3954
47491      3955
47300      3949
47209      3921
47334      3905
47582      3881
47246      3884
46992      3868
47228      3882
46985      3877
47101      3844
46965      3855
46691      3824
46620      3798
46732      3762
46725      3779
46655      3755
46448      3696
46669      3721
46697      3690
46540      3785
46457      3764
46525      3790
46408      3803
46694      3704
46319      3746
46325      3795
46542      3801
46353      3769
46554      3795
46278      3791
46261      3850
46524      3857
46486      3900
46441      3882
46288      3831
46347      3759
46745      3708
46236      3662
46229      3708
46544      3686
46384      3633
46145      3665
46281      3746
46560      3777
46126      3785
46335      3874
46411      3921
46292      3924
46071      3921
46075      3920
45802      3961
45820      3955
45858      3980
45731      4082
45810      4094
45492      4093
45299      4111
45742      4104
45387      4153
45388      4145
45819      4239
45673      4281
45400      4313
45394      4309
45495      4283
45612      4308
45847      4362
45563      4354
45736      4366
45963      4452
45461      4462
45636      4544
45722      4603
45943      4585
45583      4542
45984      4502
45976      4530
46183      4580
46511      4568
46197      4621
46255      4681
46566      4711
46698      4718
46339      4802
46122      4824
45979      4795
46290      4789
46104      4824
46583      5000
46361      4963
46349      4886
46376      4773
45922      4624
45669      4701
45696      4739
45638      4868
44588      4766
44790      4719
44764      4813
45103      4742
45209      4633
45105      4569
45189      4612
45132      4729
45293      4718
44935      4763
45108      4755
45048      4756
45089      4796
45194      4826
44695      4834
44073      4732
44115      4680
44299      4644
44289      4586
44096      4629
43317      4747
43344      4724
43569      4670
43818      4546
45079      4552
44882      4477
44724      4502
44876      4591
45291      4542
45232      4467
45367      4488
45475      4451
45232      4501
45557      4445
45895      4611
46005      4639
46191      4718
46356      4688
46809      4793
47329      4855
47331      4861
47643      4926
47547      4959
47642      5001
47752      4989
47515      4940
47756      5042
47663      5021
47599      5054
47837      5034
47626      5053
47820      5154
47714      5125
47912      5119
47733      5061
47632      5155
48026      5214
47840      5287
47701      5193
47660      5244
47611      5211
47500      5235
47542      5226
47327      5254
47401      5353
47743      5342
47574      5278
47664      5418
47933      5455
47567      5420
47374      5298
47741      5409
47592      5445
47576      5415
47213      5382
47444      5419
47725      5452
47837      5457
47565      5413
47700      5497
47948      5462
47768      5378
47766      5485
47684      5454
47609      5549
48019      5586
47376      5610
47464      5422
47817      5447
47412      5401
47691      5458
47397      5445
47373      5398
47216      5566
47104      5597
47062      5513
47073      5373
47229      5387
47119      5273
47217      5161
47307      5192
47397      5181
47606      5126
47070      5104
47282      5080
47391      5144
47238      5136
47279      5114
47367      5120
47341      5099
47275      5164
47237      5166
47205      5086
47035      5086
47131      5083
47156      5050
47154      5109
47116      5098
47367      5068
46883      5086
47319      5083
46974      5055
47058      5124
47164      5238
47153      5090
46833      5087
47024      5206
47182      5336
47084      5329
46806      5281
47193      5169
46953      5079
47082      5004
47042      5137
47160      5146
46887      5070
47193      5168
47091      5053
47014      5128
46720      5155
47046      5149
46980      5176
46721      5114
46814      5300
46823      5302
46820      5352
46876      5160
46976      5350
46745      5218
47019      5277
47105      5275
47054      5299
47080      5370
46976      5373
47025      5435
46985      5512
47254      5537
46925      5571
46944      5427
46789      5487
46654      5568
46996      5641
46851      5541
46603      5514
46841      5563
46807      5639
46811      5572
46754      5520
46695      5538
46981      5809
46984      5709
46912      5610
46887      5527
46817      5553
46831      5483
46960      5413
46907      5430
46767      5430
46917      5437
46911      5685
46936      5836
46813      5630
46941      5663
46884      5590
46771      5670
47123      5754
47116      5703
46952      5876
46745      5854
47097      5704
46970      5725
46922      5711
46699      5782
46748      5750
46905      5754
46563      5661
46703      5610
46853      5630
46844      5619
46833      5649
46998      5651
46799      5640
46902      5690
47236      5692
47059      5714
46955      5769
46996      5734
46873      5673
46892      5725
46680      5742
46956      5691
46845      5629
46899      5572
46888      5639
46835      5643
46787      5626
46661      5522
46631      5597
46713      5618
46849      5655
46984      5512
46803      5460
46803      5542
46783      5641
46787      5564
46606      5508
46678      5557
46610      5719
46883      5551
46605      5488
46655      5520
46669      5699
46583      5736
46370      5690
46417      5645
46491      5718
46763      5638
46198      5696
46506      5714
46513      5673
46826      5769
46674      5710
46539      5658
46543      5763
46407      5748
46415      5606
46690      5645
46774      5663
46830      5843
46533      5772
46453      5738
46640      5686
46624      5788
46568      5710
46616      5670
46424      5739
46449      5694
46966      5701
46910      5670
47048      5759
46912      5762
46890      5467
46640      5484
47077      5456
46984      5421
46868      5583
46867      5500
46756      5323
46843      5343
46818      5473
46846      5518
46896      5885
46691      5591
46622      5650
46714      5739
46677      5742
46637      5648
46663      5591
46599      5592
46783      5575
46730      5618
46898      5568
46921      5549
46725      5533
46607      5545
46897      5659
46954      5536
47222      5523
47367      5580
47063      5498
47227      5563
46924      5586
47149      5558
46841      5520
47036      5394
46981      5550
47008      5448
47260      5337
47126      5344
46853      5306
46683      5227
46754      5336
46806      5397
47103      5481
47012      5396
47124      5287
46940      5204
47231      5275
47124      5304
46867      5266
46817      5396
47143      5321
47091      5289
47078      5296
46969      5373
47678      5378
47382      5394
47234      5183
47167      5205
47200      5145
47218      5125
47332      5153
47200      5221
47185      5132
47014      5239
47342      5217
46867      5197
47119      5191
46537      5219
47042      5235
46935      5295
46810      5322
46840      5435
46877      5338
46984      5323
47005      5369
46840      5297
46857      5376
46828      5361
46993      5335
46572      5372
46696      5173
46791      5163
46789      5135
46858      5346
47002      5516
46841      5340
46945      5263
47306      5328
47031      5401
47231      5343
47125      5289
47238      5286
47119      5167
47320      5152
47225      5105
47153      5235
47198      5271
47693      5265
47377      5285
47336      5260
47345      5296
47403      5235
47076      5204
47340      5229
47093      5066
47154      5154
47141      5064
47339      5112
47341      5078
47387      5069
47395      5030
47076      4965
47188      5079
47243      5072
47047      4895
47013      4855
46979      4913
47167      4866
46954      4774
47238      4808
47119      4731
47169      4610
47183      4660
47350      4499
47501      4453
47748      4560
47453      4628
47502      4658
47720      4659
47697      4632
47827      4585
47710      4618
48189      4594
47578      4493
48263      4489
48092      4501
48195      4445
47722      4500
47730      4453
48112      4468
47799      4409
47935      4356
47914      4397
48034      4315
47922      4334
47936      4423
47863      4409
47999      4504
48211      4438
48222      4483
48212      4417
48335      4304
48160      4382
48077      4376
48111      4441
48227      4418
48352      4453
48255      4466
48275      4465
48135      4466
48296      4624
48348      4526
48114      4366
47963      4452
47969      4426
47952      4409
47949      4319
47987      4309
48010      4315
47924      4300
47780      4309
48082      4360
48142      4441
48247      4478
48644      4538
47967      4489
48258      4414
47714      4511
48055      4468
47410      4646
47758      4563
48041      4558
47787      4564
48010      4572
47896      4630
48057      4538
48103      4491
47991      4637
47990      4522
47699      4611
47934      4491
47955      4426
48144      4536
47795      4704
47339      4582
47006      4694
47088      4666
47220      4751
47214      4615
47311      4749
47097      4754
47298      4890
47079      4874
47145      4911
47037      4902
46844      4869
46597      4840
46698      5045
46703      4992
46701      5091
46950      5109
46821      5143
46905      5189
46797      5452
46808      5403
46781      5390
46831      5370
46858      5447
46823      5361
46959      5145
46911      5219
46831      5169
46977      5327
46839      5171
46718      5258
47308      5145
47054      5218
47778      5121
46930      5174
47227      5246
47121      5361
47075      5242
47064      5280
47021      5355
47129      5415
47074      5408
47074      5489
46817      5468
46867      5391
46630      5212
46786      5217
46985      5285
46859      5358
46760      5340
46655      5258
46987      5422
46772      5315
46747      5408
46685      5439
46504      5470
46388      5350
46837      5573
46940      5423
46814      5273
46927      5288
47185      5299
46783      5274
47112      5265
47193      5280
47008      5370
46933      5612
47002      5550
47188      5488
46950      5445
47278      5473
46951      5285
46934      5288
46942      5261
46989      5378
46842      5476
47116      5484
46931      5651
47147      5436
46780      5434
46921      5464
47130      5533
47094      5604
47181      5696
47068      5677
46741      5622
47005      5662
46522      5574
47343      5352
47227      5560
47048      5576
46853      5509
46311      5724
46487      5600
46929      5583
46825      5334
46805      5473
46536      5387
46685      5560
46627      5661
46716      5515
46189      5559
46668      5559
46539      5561
46621      5558
46834      5384
46624      5289
46806      5250
46643      5272
46851      5453
46745      5558
46932      5564
46890      5448
46503      5406
46952      5433
46391      5313
46524      5541
46660      5481
46259      5657
46414      5585
46350      5499
46459      5429
46475      5355
47150      5537
46154      5692
46178      5494
46074      5498
46371      5422
46311      5406
46449      5367
46512      5357
46395      5351
46625      5430
46587      5446
46501      5314
46478      5278
46638      5307
46309      5319
46362      5289
46351      5286
46292      5224
46795      5195
46529      5102
46622      5135
46524      5108
46736      5099
46203      5162
46539      5041
46371      5020
46324      5047
46450      5050
46396      5073
46291      5121
46485      5148
46319      5279
46477      5272
46481      5163
46404      5155
45787      5144
46480      5152
46677      5172
46391      5251
46822      5180
46715      5174
46716      5082
46847      5130
46861      5108
46877      5194
46858      5015
46861      4949
47083      4893
46996      4828
46877      4849
46933      4749
47194      4680
47422      4934
47307      4910
46941      4894
47209      4842
47072      4833
47147      4912
47303      4881
47071      4742
47456      4659
47311      4652
47265      4606
47092      4645
47195      4705
47483      4635
47256      4677
47321      4724
47269      4771
47253      4654
47403      4669
47147      4666
47193      4598
47590      4590
47262      4558
47659      4650
47366      4574
47535      4652
47444      4602
47572      4535
47868      4604
47489      4514
47596      4497
47507      4497
47900      4494
47671      4483
47672      4540
47683      4485
47578      4495
47488      4473
47475      4375
47472      4413
47934      4432
47694      4410
47712      4412
47771      4380
47720      4402
47819      4396
47744      4382
47770      4406
47779      4409
47715      4440
48066      4410
47624      4398
47719      4446
47901      4463
48027      4460
47920      4505
47919      4458
48005      4472
47936      4484
47930      4483
47954      4481
47571      4508
47536      4470
47646      4483
47611      4464
47502      4502
47770      4515
47662      4535
47827      4518
47880      4498
47735      4508
47661      4496
47649      4491
47593      4506
48036      4557
47680      4486
47862      4498
47655      4498
47668      4458
47858      4508
47738      4512
47655      4511
48002      4525
47536      4481
47791      4471
47419      4478
47960      4469
47660      4495
47742      4467
47867      4473
47985      4490
48015      4481
48097      4465
47864      4468
47763      4436
47700      4460
48174      4492
47785      4453
47724      4464
47974      4477
47742      4454
48146      4477
47758      4471
47704      4451
47924      4488
47698      4472
47711      4466
47741      4485
