0.0390549 0.209992
0.0385975 0.211015
0.0382158 0.211793
0.038874 0.218888
0.0380149 0.219242
0.0376192 0.218209
0.0371953 0.213517
0.0376586 0.219073
0.0368861 0.213342
0.037398 0.214794
0.0376954 0.214647
0.0376201 0.214621
0.0379594 0.21655
0.0376695 0.214294
0.0385877 0.220171
0.0382459 0.219258
0.0386305 0.222541
0.0378626 0.217817
0.0391788 0.2243
0.0394723 0.224947
0.0377465 0.215449
0.038284 0.217605
0.0377674 0.216112
0.0372142 0.208679
0.0376049 0.210468
0.0370519 0.204242
0.0371637 0.201064
0.0385291 0.206688
0.0385704 0.206901
0.0386092 0.209669
0.0384131 0.204186
0.0395409 0.21403
0.0390098 0.210131
0.0385731 0.206227
0.0390477 0.211788
0.0388733 0.207052
0.0398734 0.212836
0.041056 0.218529
0.0404324 0.217229
0.0394225 0.213354
0.0408599 0.222822
0.0407766 0.22147
0.0403867 0.218992
0.0403444 0.218795
0.0386902 0.210915
0.0399781 0.217055
0.0403509 0.219779
0.0408589 0.223249
0.0393077 0.215722
0.0393515 0.217853
0.0379361 0.210063
0.0383092 0.213069
0.0378424 0.211534
0.0395724 0.2213
0.0386134 0.21525
0.039015 0.215901
0.0386754 0.211619
0.0393186 0.21483
0.0384354 0.210634
0.0389934 0.212874
0.0397273 0.214311
0.0393466 0.215101
0.0390746 0.215411
0.0383361 0.211008
0.0386342 0.211709
0.0381435 0.210438
0.0383215 0.213192
0.0378979 0.212639
0.0380988 0.213989
0.0376932 0.213268
0.0390484 0.221989
0.0387117 0.217306
0.0381409 0.21611
0.037529 0.211039
0.0377031 0.210005
0.0368726 0.205184
0.03684 0.203688
0.0382444 0.21361
0.0365169 0.203896
0.0372708 0.210913
0.0373593 0.210694
0.0373384 0.211156
0.037961 0.21658
0.0379028 0.219515
0.0371923 0.21818
0.0373894 0.223322
0.0373747 0.224524
0.037226 0.222637
0.0375119 0.222995
0.0372535 0.221636
0.0369612 0.221319
0.0366886 0.22007
0.0359826 0.216269
0.0352673 0.213375
0.0356665 0.213501
0.0365513 0.219355
0.0352954 0.212769
0.0357151 0.215592
0.0360517 0.216492
0.0358047 0.215272
0.0359819 0.215808
0.0361301 0.216981
0.0363385 0.220304
0.0370688 0.227177
0.0358147 0.220127
0.0360899 0.221489
0.0369885 0.227105
0.0381321 0.234775
0.0382529 0.234804
0.0382112 0.235224
0.0378063 0.231461
0.0378441 0.229521
0.0377293 0.229345
0.0382839 0.23065
0.038041 0.23093
0.0376042 0.228594
0.0375037 0.230475
0.0372042 0.229363
0.0377217 0.234037
0.037572 0.232323
0.037272 0.229996
0.0379487 0.23596
0.0373377 0.236596
0.0386457 0.243539
0.0386771 0.244369
0.0386467 0.243856
0.038431 0.23971
0.0391767 0.246139
0.0378781 0.236969
0.0387249 0.241044
0.0375203 0.231307
0.036931 0.227159
0.0375664 0.232001
0.0376596 0.234256
0.0386056 0.240257
0.0382053 0.238114
0.038362 0.239139
0.0382961 0.237343
0.0380364 0.23844
0.0376818 0.235247
0.0379944 0.238178
0.0381425 0.238566
0.0385028 0.241686
0.0380481 0.239779
0.0377132 0.235247
0.0384254 0.243042
0.0388308 0.245405
0.0375958 0.239279
0.0382038 0.243699
0.0386404 0.247143
0.0382641 0.244767
0.0380337 0.242963
0.0370402 0.237529
0.0378296 0.243754
0.0369159 0.23503
0.0361968 0.230591
0.0364807 0.230561
0.037341 0.235731
0.036214 0.227487
0.037707 0.234781
0.0375615 0.23417
0.0374549 0.231754
0.0372221 0.230617
0.0372435 0.230984
0.0371491 0.231572
0.0374052 0.235183
0.0363368 0.225901
0.0370205 0.231158
0.0373688 0.233134
0.0369224 0.228704
0.0367948 0.229842
0.0372932 0.235826
0.0370473 0.236168
0.0381155 0.243876
0.03862 0.246996
0.0379509 0.239253
0.0373846 0.235714
0.0381025 0.241119
0.0373919 0.237394
0.0371333 0.237855
0.0372643 0.236415
0.0372807 0.237609
0.0381735 0.242807
0.0393026 0.249966
0.0376706 0.237192
0.0378875 0.240884
0.0392324 0.251538
0.038287 0.243595
0.0388747 0.245365
0.0376728 0.235263
0.0381967 0.239952
0.0381863 0.240897
0.0389633 0.24542
0.0387229 0.244304
0.0385723 0.243995
0.038785 0.248876
0.0382734 0.245547
0.0392558 0.252085
0.0387874 0.248016
0.0391157 0.250993
0.0391462 0.25198
0.0383809 0.247413
0.0390427 0.251476
0.0393345 0.255436
0.0396807 0.260328
0.039569 0.260092
0.0392616 0.259244
0.0396605 0.26492
0.0386023 0.258755
0.0388364 0.258842
0.0389638 0.258191
0.039051 0.257195
0.0392676 0.259378
0.039219 0.25927
0.0392863 0.260503
0.0392439 0.261434
0.0402295 0.266808
0.03878 0.257199
0.0401331 0.262771
0.0388176 0.253333
0.0397496 0.258194
0.0409226 0.267101
0.0393923 0.259301
0.0391564 0.257612
0.0390981 0.25953
0.0400941 0.26875
0.0400747 0.265011
0.0388298 0.255781
0.0396335 0.263718
0.0393356 0.26395
0.0397529 0.264685
0.0395307 0.262973
0.0396239 0.26486
0.0389736 0.261723
0.0384451 0.254946
0.0386671 0.258288
0.0379771 0.251892
0.0380888 0.252501
0.0386447 0.258492
0.038132 0.253382
0.0387428 0.257227
0.0395228 0.264389
0.0402371 0.271223
0.0388628 0.260549
0.0388012 0.260733
0.0389429 0.263543
0.0391531 0.267131
0.039472 0.268618
0.0399099 0.272348
0.0395438 0.270948
0.0392752 0.269376
0.0405693 0.277633
0.0399033 0.273189
0.0403375 0.275837
0.0403718 0.273526
0.0401635 0.271012
0.0398531 0.268182
0.0402225 0.270857
0.0395637 0.265454
0.0396033 0.268916
0.0395561 0.267437
0.0404115 0.272585
0.0398642 0.267705
0.0385679 0.258306
0.0385717 0.259013
0.0394445 0.266088
0.039724 0.266279
0.039342 0.261408
0.0384347 0.257556
0.0390804 0.262589
0.0386405 0.264821
0.0384077 0.265378
0.0380654 0.262774
0.0378439 0.266607
0.0379531 0.270072
0.0378087 0.264706
0.039537 0.281189
0.0368807 0.263063
0.0371795 0.265309
0.0376106 0.26915
0.0371515 0.265909
0.0366415 0.263811
0.0376136 0.276267
0.0373976 0.274276
0.0362 0.266988
0.0364077 0.272145
0.035966 0.267981
0.0360928 0.272626
0.0355082 0.270062
0.0361208 0.276001
0.0360762 0.274054
0.0346291 0.268091
0.0360262 0.279889
0.0358239 0.279479
0.0362783 0.285291
0.0356195 0.286122
0.0365647 0.294693
0.0357531 0.289416
0.0349937 0.284963
0.0355475 0.28853
0.0353479 0.287072
0.0354271 0.289726
0.0345067 0.283055
0.0350428 0.288581
0.0356532 0.296322
0.0361042 0.302707
0.0364339 0.303678
0.0353718 0.297278
0.0357862 0.306945
0.0365935 0.313638
0.0371211 0.317987
0.0368391 0.313221
0.0357188 0.303739
0.0367156 0.314174
0.0366105 0.317927
0.037324 0.321924
0.0374195 0.32835
0.037915 0.34167
0.0370101 0.339184
0.0378153 0.350982
0.0373746 0.345612
0.0365836 0.333969
0.0377662 0.344703
0.0376209 0.345625
0.0379818 0.349118
0.0385421 0.352684
0.0376728 0.347169
0.0370463 0.343528
0.0377311 0.346636
0.0370148 0.344854
0.0377967 0.354538
0.0373609 0.354503
0.0379744 0.3638
0.0371293 0.359325
0.0374067 0.368508
0.0367826 0.36695
0.0377237 0.3764
0.0381425 0.377787
0.0376312 0.370121
0.0388048 0.379429
0.0391673 0.378357
0.0387965 0.380777
0.0386009 0.379711
0.0395487 0.386808
0.0383898 0.374082
0.0394339 0.384334
0.0386992 0.376906
0.0387027 0.381498
0.0395402 0.387452
0.0396252 0.393657
0.038916 0.389575
0.0394041 0.393984
0.0389654 0.391149
0.0399205 0.40598
0.0392837 0.393635
0.0402721 0.408069
0.0406384 0.408986
0.0403449 0.404469
0.0402976 0.403538
0.0393517 0.391746
0.0396604 0.393582
0.0402902 0.40054
0.0401292 0.40146
0.0393268 0.393088
0.0389418 0.39282
0.0391058 0.393813
0.0392984 0.398525
0.0391916 0.399703
0.0387431 0.39906
0.0375282 0.382679
0.0387524 0.395607
0.0392561 0.406068
0.0390769 0.400043
0.0381152 0.389773
0.0391225 0.403813
0.0396231 0.40801
0.039079 0.405546
0.0390993 0.407335
0.0390352 0.405044
0.0392695 0.402727
0.0396949 0.409149
0.0398225 0.407979
0.039075 0.403705
0.039076 0.407118
0.0395606 0.415485
0.0392676 0.412292
0.0381097 0.404457
0.0391467 0.422342
0.039292 0.423189
0.0388233 0.425792
0.0397476 0.440939
0.0396378 0.443097
0.0392512 0.435596
0.039272 0.439376
0.0394937 0.4432
0.0397499 0.448811
0.0409839 0.468616
0.0396594 0.448658
0.0399191 0.449085
0.0405596 0.460033
0.0410072 0.468706
0.0407142 0.459358
0.0393983 0.449489
0.0410762 0.473418
0.0400544 0.459252
0.0403407 0.463286
0.0383727 0.442179
0.0401385 0.463503
0.0394531 0.457467
0.040555 0.472798
0.0405603 0.474634
0.0405954 0.476074
0.0403104 0.465234
0.0394931 0.458233
0.0393592 0.45801
0.0390783 0.453311
0.0394047 0.459466
0.0399507 0.460853
0.0398234 0.460775
0.039598 0.459951
0.0386715 0.448786
0.0384728 0.444148
0.0394503 0.467874
0.0397948 0.47392
0.0393254 0.467148
0.0398203 0.477216
0.0391422 0.471018
0.0390563 0.46449
0.0396982 0.472791
0.0389235 0.460109
0.0392817 0.463027
0.0397633 0.467094
0.0386549 0.458992
0.0388214 0.465857
0.0385126 0.462453
0.0396406 0.474804
0.0385096 0.463657
0.0397389 0.48169
0.039868 0.488792
0.0392837 0.477858
0.0399855 0.485781
0.0409291 0.497939
0.0405874 0.491875
0.0411032 0.503642
0.0402427 0.490272
0.0408644 0.498954
0.0408623 0.50158
0.0413421 0.513557
0.0409631 0.506483
0.0412174 0.512117
0.0418533 0.525974
0.0412694 0.517603
0.0417586 0.528455
0.0418994 0.515192
0.0410918 0.507173
0.0411822 0.505541
0.0410705 0.501183
0.0410759 0.517819
0.0407824 0.504271
0.0407124 0.49697
0.0409308 0.501184
0.0409898 0.504112
0.0412424 0.505929
0.0409266 0.499604
0.0412442 0.495584
0.0400224 0.482759
0.0417115 0.497179
0.0420964 0.503606
0.0407881 0.492822
0.0398947 0.491886
0.039555 0.498652
0.0408556 0.515838
0.0410997 0.512406
0.0393391 0.496744
0.0405959 0.518304
0.0402644 0.506958
0.041248 0.50961
0.0406572 0.501191
0.0419503 0.511229
0.0423222 0.506195
0.0409817 0.48508
0.0413678 0.488022
0.041588 0.488651
0.0407162 0.478571
0.0410681 0.47488
0.0415539 0.481416
0.0412142 0.474874
0.041263 0.462273
0.0402969 0.450904
0.0410622 0.456389
0.0410605 0.452445
0.0409033 0.455897
0.0405623 0.443294
0.0411783 0.450905
0.0416858 0.450578
0.0414906 0.442654
0.0405066 0.426385
0.0402917 0.42446
0.0402682 0.427738
0.0395948 0.41922
0.0396536 0.416781
0.0395277 0.413643
0.041674 0.436555
0.0408372 0.421608
0.042454 0.432541
0.0441099 0.443002
0.0436333 0.433413
0.0422698 0.423555
0.042801 0.429546
0.0427975 0.437139
0.0419132 0.425386
0.0429595 0.433188
0.0422266 0.429947
0.0422105 0.421987
0.0408388 0.403546
0.0404372 0.399703
0.0418647 0.414371
0.0417575 0.402957
0.0409566 0.391584
0.040127 0.384776
0.0389933 0.376905
0.0395627 0.378109
0.0377391 0.3516
0.0374668 0.34999
0.0376491 0.357143
0.0374547 0.363922
0.0380863 0.378244
0.0393484 0.382259
0.0388655 0.374763
0.0393093 0.368529
0.0416031 0.389215
0.0417727 0.396482
0.0413725 0.384791
0.0406403 0.386546
0.0425358 0.415066
0.0417027 0.411687
0.0415809 0.407415
0.0408136 0.389512
0.0388802 0.373251
0.0393235 0.370985
0.0389066 0.369085
0.0394912 0.374054
0.0387456 0.364262
0.039253 0.367592
0.0383041 0.354158
0.0403422 0.37574
0.0402584 0.379487
0.0386465 0.368648
0.0406647 0.392717
0.0388017 0.369626
0.0397765 0.362966
0.0420127 0.385478
0.0411302 0.383726
0.0405541 0.390893
0.0377781 0.374121
0.0378548 0.379495
0.0371836 0.369391
0.0384393 0.375735
0.0366298 0.365258
0.0373187 0.377882
0.0369211 0.373217
0.0383947 0.392271
0.0380704 0.382582
0.038172 0.391226
0.0372372 0.370635
0.0374959 0.371847
0.0371717 0.363925
0.0381612 0.377346
0.0374928 0.366159
0.0370175 0.360865
0.0379667 0.369677
0.0368365 0.356273
0.0372053 0.356725
0.03732 0.355529
0.0376948 0.360794
0.0377355 0.362955
0.0377125 0.3572
0.0371147 0.35232
0.0371016 0.349426
0.037356 0.354986
0.0371226 0.349891
0.0357591 0.331781
0.0356709 0.332098
0.0355235 0.332487
0.0357405 0.337088
0.0352914 0.326091
0.0343772 0.316647
0.0342391 0.309817
0.0349259 0.320816
0.0350189 0.318269
0.0346139 0.316254
0.0351579 0.319007
0.0349796 0.318217
0.0349483 0.314808
0.0350836 0.310667
0.0349999 0.312804
0.034914 0.314703
0.0342816 0.301587
0.0356748 0.313474
0.0360124 0.316052
0.0356314 0.318611
0.0346034 0.305417
0.0356152 0.311295
0.0356692 0.313389
0.0354563 0.311037
0.0355999 0.311681
0.034615 0.303008
0.0343458 0.301081
0.035278 0.309994
0.0347589 0.301619
0.0343706 0.301721
0.0348769 0.309781
0.0355692 0.309754
0.0352319 0.308031
0.0338591 0.290503
0.0347987 0.299141
0.0357987 0.302317
0.035922 0.31446
0.0344229 0.302185
0.0351177 0.308276
0.0353735 0.309088
0.0356774 0.31056
0.0359487 0.315487
0.0354329 0.300575
0.0363026 0.305521
0.0364838 0.311446
0.0376224 0.329611
0.0379428 0.332653
0.0379465 0.339086
0.0383337 0.350707
0.0374997 0.34168
0.0380615 0.348195
0.036676 0.340616
0.0380072 0.350509
0.0371389 0.345669
0.0371379 0.342146
0.0371311 0.341511
0.0361471 0.334181
0.03627 0.335547
0.0366912 0.340655
0.0364252 0.333462
0.0366027 0.334688
0.0368181 0.341722
0.0370363 0.342509
0.0369184 0.342318
0.035584 0.332277
0.0361369 0.333529
0.0361873 0.334445
0.0363966 0.340174
0.0364098 0.335627
0.0366026 0.340744
0.0367224 0.341246
0.0363381 0.333724
0.0375498 0.338106
0.0363285 0.336542
0.0374522 0.3448
0.0379168 0.342489
0.03868 0.342016
0.0379959 0.33571
0.0381789 0.338383
0.0383955 0.350551
0.0392733 0.363064
0.0385073 0.36231
0.0379661 0.347674
0.0377863 0.346288
0.0381982 0.353254
0.0380777 0.347717
0.0387972 0.361567
0.0386906 0.354719
0.0391267 0.354607
0.0384305 0.351136
0.0386335 0.350657
0.0389332 0.35569
0.0396676 0.350377
0.0391901 0.346096
0.039513 0.345665
0.0390392 0.354651
0.0394244 0.346168
0.03917 0.350901
0.039048 0.347925
0.0391254 0.349384
0.0380839 0.338177
0.0384664 0.337244
0.0392541 0.343197
0.0385327 0.333395
0.0378844 0.322932
0.0370551 0.316236
0.0373362 0.314486
0.038024 0.328911
0.0374447 0.3193
0.03691 0.309267
0.0378968 0.315724
0.0388039 0.3281
0.0401047 0.338955
0.0392391 0.330397
0.0397804 0.3302
0.0406528 0.341529
0.0412157 0.349094
0.0415676 0.350488
0.0403142 0.326046
0.0396731 0.326502
0.0404587 0.338324
0.040523 0.343767
0.0404981 0.341437
0.0402084 0.343425
0.0396508 0.343987
0.0396103 0.342173
0.038788 0.33407
0.0386001 0.333088
0.0382853 0.315919
0.0382862 0.307916
0.0387926 0.322558
0.0382182 0.316793
0.0381793 0.320215
0.04026 0.332099
0.0381767 0.312652
0.0382673 0.316149
0.0380175 0.303778
0.0388063 0.309874
0.0379005 0.312938
0.0382159 0.313537
0.0374025 0.307302
0.038609 0.31183
0.0384401 0.312522
0.038482 0.313695
0.0391083 0.321675
0.0399546 0.33262
0.0392931 0.326998
0.0394287 0.328706
0.0392458 0.325367
0.0388102 0.322775
0.0392743 0.325887
0.0388683 0.320387
0.0382971 0.317814
0.0383986 0.316241
0.0383985 0.312533
0.0381947 0.313045
0.0381883 0.31553
0.0386207 0.316332
0.0388603 0.315918
0.0384189 0.316992
0.0394919 0.328655
0.0397663 0.334709
0.0406074 0.337649
0.040205 0.333688
0.0401607 0.333985
0.0403335 0.340819
0.0395231 0.329284
0.037313 0.310253
0.0384213 0.318302
0.0383748 0.327105
0.0386086 0.330952
0.0392069 0.331108
0.0390526 0.323879
0.0377028 0.317038
0.0385358 0.326071
0.0375766 0.315638
0.0384038 0.312992
0.0393533 0.332373
0.0389014 0.330357
0.0390741 0.330254
0.0398337 0.326198
0.0389412 0.316248
0.0393358 0.320562
0.039339 0.323472
0.0387387 0.31497
0.038385 0.318375
0.0377938 0.306531
0.0382101 0.310991
0.0381184 0.312533
0.0391236 0.317559
0.0388225 0.317338
0.0386772 0.318134
0.0405002 0.327087
0.0397138 0.320633
0.0402456 0.333214
0.0402656 0.333038
0.0405995 0.335335
0.0415119 0.332706
0.0423785 0.341649
0.0400189 0.32398
0.0399443 0.327647
0.0397435 0.320145
0.0399631 0.325919
0.0384846 0.316402
0.03873 0.313295
0.0386015 0.314893
0.0385811 0.317839
0.0391814 0.324162
0.0388114 0.317069
0.0381565 0.310656
0.0385157 0.330346
0.0386578 0.328775
0.0368545 0.317999
0.0372042 0.32245
0.0374883 0.314705
0.0373824 0.318545
0.0381555 0.335149
0.0381914 0.334831
0.0377205 0.322675
0.0374632 0.31805
0.0363997 0.290059
0.0380801 0.318011
0.0380293 0.313805
0.0378901 0.308416
0.0376631 0.306165
0.0378884 0.312854
0.0372458 0.310857
0.036975 0.308119
0.0369579 0.310135
0.0373636 0.310787
0.0366327 0.308549
0.0365721 0.309245
0.0347566 0.293512
0.036325 0.30532
0.0363563 0.30129
0.036376 0.308526
0.0360849 0.308528
0.0349822 0.296953
0.0355481 0.304292
0.0350435 0.297501
0.0349928 0.293949
0.0334896 0.284095
0.032621 0.276812
0.0335488 0.292547
0.0336093 0.284505
0.0341857 0.294971
0.0340669 0.301668
0.0338667 0.298653
0.0342347 0.302299
0.0339096 0.302851
0.0332378 0.291229
0.0337564 0.292755
0.0334798 0.287721
0.034438 0.300037
0.0345896 0.308303
0.0339369 0.306111
0.0334738 0.299716
0.0332103 0.29506
0.0336484 0.299468
0.0344106 0.298554
0.0341302 0.302387
0.035166 0.313103
0.0349633 0.310801
0.0355341 0.310627
0.0350896 0.311082
0.0349078 0.306637
0.0350595 0.319506
0.0339644 0.307781
0.0348941 0.320117
0.0356008 0.328
0.0350714 0.322142
0.0340466 0.307795
0.0332521 0.305729
0.0334794 0.300439
0.0338811 0.307456
0.0349073 0.314797
0.0344872 0.313042
0.0349614 0.311746
0.0342247 0.307545
0.0348354 0.308782
0.0352489 0.310034
0.0347353 0.299356
0.0343239 0.301424
0.0349055 0.308097
0.0350814 0.307134
0.0345431 0.305456
0.035619 0.310454
0.035876 0.313374
0.0356436 0.313964
0.0368462 0.319434
0.0355705 0.32109
0.0357761 0.32423
0.0356067 0.32444
0.0342524 0.300224
0.0347645 0.296229
0.0346918 0.304307
0.0340398 0.303629
0.0324906 0.288476
0.0318301 0.277171
0.0326904 0.288976
0.0322546 0.287389
0.0329819 0.294741
0.0330652 0.301529
0.0329882 0.302989
0.0334357 0.309305
0.0326808 0.294365
0.0325438 0.291406
0.0325415 0.294777
0.0309222 0.2772
0.0315193 0.28365
0.0314078 0.280778
0.0320022 0.28978
0.0310774 0.28113
0.032256 0.292025
0.0314696 0.292538
0.03215 0.29414
0.0326467 0.30391
0.0312639 0.289515
0.0313259 0.292044
0.0300715 0.281121
0.0304884 0.287276
0.0320121 0.303525
0.0317454 0.29494
0.0309676 0.288446
0.0316492 0.304188
0.0316508 0.306488
0.0323123 0.308976
0.0315687 0.306001
0.0314989 0.309803
0.0309285 0.303869
0.0303699 0.302473
0.0289385 0.296095
0.0293326 0.296996
0.0267793 0.28184
0.0277257 0.295756
0.0278546 0.291667
0.0279224 0.286301
0.0274725 0.280163
0.0270536 0.277098
0.0277795 0.286054
0.0283522 0.295747
0.0284008 0.293417
0.0279939 0.293644
0.0279541 0.296016
0.0276817 0.297616
0.0273018 0.291713
0.0267455 0.289989
0.0262562 0.278444
0.0260214 0.278913
0.0259395 0.27932
0.0247495 0.268315
0.0241786 0.26607
0.0247736 0.269957
0.0262731 0.292468
0.0256667 0.283802
0.0249708 0.270631
0.0250298 0.271717
0.025313 0.26976
0.0245172 0.266336
0.0246153 0.264778
0.0235211 0.256735
0.0247854 0.278346
0.0245847 0.270196
0.0249184 0.273766
0.0251294 0.272236
0.0259191 0.282933
0.0247353 0.268583
0.0244741 0.264442
0.0239461 0.258903
0.0246806 0.26601
0.024764 0.258651
0.0240548 0.25696
0.0234651 0.258589
0.0236641 0.254942
0.0232025 0.251469
0.023878 0.259696
0.0242132 0.268812
0.0249651 0.278023
0.0250989 0.279258
0.0253526 0.282558
0.0262871 0.291483
0.0261636 0.288532
0.0267334 0.2898
0.0269447 0.290308
0.0274443 0.294182
0.0264348 0.282468
0.0264412 0.28908
0.0259672 0.274662
0.0265321 0.285363
0.0262181 0.267542
0.0259224 0.271313
0.0259778 0.273804
0.0268065 0.280675
0.0269527 0.283027
0.0276015 0.285529
0.0277795 0.294182
0.0279608 0.299488
0.0287346 0.297391
0.0278391 0.295444
0.0274849 0.28432
0.0282054 0.301047
0.0275884 0.298916
0.0285602 0.303131
0.0283921 0.288478
0.0278206 0.287429
0.027805 0.278441
0.0290945 0.293613
0.029119 0.289413
0.0291651 0.298375
0.0282387 0.281322
0.028006 0.277451
0.0277813 0.268712
0.0280805 0.271235
0.0295471 0.283649
0.0289772 0.27805
0.0300786 0.289382
0.0307531 0.296074
0.0325496 0.301288
0.0328459 0.307292
0.0329543 0.302298
0.0338658 0.311215
0.0327844 0.298464
0.0339409 0.306803
0.0353228 0.303191
0.0357204 0.309458
0.0347363 0.301484
0.0355961 0.310428
0.0349567 0.300716
0.0362215 0.316359
0.0353713 0.322838
0.0340006 0.305614
0.0348914 0.316115
0.0350384 0.308992
0.0338393 0.306517
0.0348046 0.309243
0.0339477 0.312148
0.0335784 0.302798
0.0333626 0.311267
0.0330279 0.299575
0.0339213 0.305376
0.0340612 0.299384
0.0343919 0.308852
0.0344212 0.306818
0.0362391 0.318207
0.0361985 0.315051
0.0347326 0.30233
0.0350512 0.300601
0.0342397 0.29316
0.0343099 0.298275
0.0337122 0.301612
0.0336853 0.302089
0.0330744 0.29404
0.0344438 0.301232
0.0355646 0.311423
0.0356875 0.31666
0.0352012 0.305053
0.0354058 0.311571
0.0361948 0.31287
0.0364785 0.313109
0.0369216 0.313894
0.0372079 0.322617
0.036168 0.303966
0.0362378 0.313664
0.0359294 0.318983
0.0369936 0.32829
0.0361556 0.321948
0.0363807 0.322715
0.0365724 0.327255
0.0360859 0.322538
0.035143 0.307635
0.0360514 0.301497
0.0348496 0.295135
0.0353692 0.304118
0.0356975 0.307805
0.0345192 0.298191
0.0345467 0.306906
0.0345805 0.306921
0.0341911 0.305075
0.0343485 0.300112
0.0340506 0.291271
0.0356991 0.30671
0.0359677 0.298708
0.036015 0.312362
0.0359342 0.309349
0.0364442 0.312958
0.0358795 0.305621
0.0365652 0.307281
0.0362434 0.300211
0.0360117 0.298573
0.0368841 0.306652
0.0367408 0.305016
0.037982 0.317008
0.0380838 0.336883
0.0384102 0.326259
0.0391302 0.330165
0.0385247 0.327646
0.0384142 0.310797
0.0389141 0.323036
0.0385476 0.324019
0.0390176 0.34252
0.0394189 0.337109
0.039174 0.338407
0.0393488 0.330396
0.0406202 0.33457
0.0399863 0.338713
0.0401827 0.333873
0.0406917 0.341608
0.0402888 0.33717
0.0397889 0.333753
0.039971 0.347697
0.0397006 0.349972
0.039418 0.351429
0.0393199 0.347876
0.0388466 0.333761
0.0382715 0.321878
0.0385877 0.325485
0.0398806 0.343245
0.0386212 0.332223
0.038976 0.33683
0.0406544 0.354978
0.0386037 0.324129
0.0395199 0.336435
0.0413325 0.337988
0.0423364 0.351835
0.0406904 0.342971
0.039777 0.340394
0.0376331 0.326611
0.0377943 0.321835
0.0383715 0.311138
0.0391312 0.328904
0.0385901 0.32339
0.0382351 0.327001
0.0369675 0.316685
0.0374174 0.323831
0.0376032 0.326489
0.0373532 0.323865
0.0364826 0.31326
0.0363621 0.311054
0.0378486 0.331201
0.0363398 0.320008
0.0363223 0.319201
0.0367099 0.319609
0.0363229 0.318397
0.0359863 0.315551
0.0357513 0.316807
0.0355166 0.319923
0.0352468 0.321443
0.0348119 0.316066
0.0364758 0.332224
0.0356684 0.326927
0.0347596 0.31112
0.0368078 0.339814
0.0365099 0.337251
0.0375615 0.344759
0.0363186 0.334059
0.0373524 0.341612
0.0378475 0.342121
0.036743 0.331779
0.0376303 0.330176
0.0369 0.325303
0.0370904 0.333914
0.0365055 0.328613
0.0366261 0.326011
0.0361876 0.326475
0.0351993 0.317672
0.0353301 0.312131
0.0356884 0.322587
0.0359842 0.324894
0.0352556 0.324085
0.0359041 0.327875
0.0349118 0.320282
0.0343239 0.309781
0.0334841 0.312861
0.0328845 0.311376
0.0321347 0.309217
0.0317261 0.308824
0.0306547 0.29635
0.0298937 0.295431
0.0298555 0.301068
0.0298806 0.287191
0.0293614 0.282892
0.0299738 0.287495
0.029613 0.288724
0.0301028 0.293193
0.0299489 0.287459
0.0302729 0.293382
0.029976 0.297554
0.0293957 0.29942
0.0291053 0.296002
0.0287316 0.294833
0.0282426 0.286329
0.0273546 0.274389
0.0270834 0.277454
0.0274674 0.277528
0.0271127 0.271592
0.0270367 0.267868
0.027575 0.279974
0.0270658 0.274791
0.027743 0.280326
0.0273346 0.280557
0.0274007 0.284096
0.026808 0.277973
0.02627 0.269247
0.0268758 0.278312
0.0270117 0.27601
0.0267473 0.27575
0.0261498 0.274311
0.0270953 0.281712
0.0273958 0.288214
0.0270191 0.285968
0.0277222 0.292862
0.0280167 0.29862
0.027459 0.291992
0.0277312 0.291189
0.0273892 0.291193
0.0275968 0.292102
0.0275438 0.292421
0.0281622 0.3056
0.0279112 0.300249
0.0279551 0.302347
0.027949 0.302268
0.0268905 0.290798
0.0275062 0.3
0.0277661 0.301
0.0269558 0.293221
0.0264955 0.288681
0.0274021 0.297095
0.0261412 0.283284
0.0264906 0.284685
0.0278783 0.303855
0.0269612 0.291951
0.0274105 0.294197
0.0274525 0.294645
0.0273596 0.294619
0.0275459 0.293008
0.0273378 0.293854
0.0276013 0.296288
0.0276619 0.295718
0.0271229 0.289984
0.0272761 0.291899
0.027769 0.293035
0.0274318 0.291723
0.0275784 0.293107
0.0279347 0.297939
0.0278515 0.293869
0.0272975 0.288815
0.0271285 0.285116
0.0267422 0.28309
0.0266708 0.283904
0.0265633 0.281278
0.0271081 0.287367
0.0262965 0.279002
0.0268947 0.284066
0.0267716 0.282203
0.0269295 0.286224
0.0262212 0.279013
0.0269017 0.285016
0.0268524 0.287124
0.0257637 0.273514
0.0267292 0.282801
0.0273424 0.288849
0.0257073 0.272707
0.0266114 0.282303
0.02603 0.278238
0.0264873 0.280482
0.02598 0.27881
0.0259966 0.27564
0.0258263 0.276024
0.0254246 0.272077
0.0261123 0.279065
0.0258461 0.276947
0.0261971 0.282195
0.0257814 0.276186
0.0251659 0.270965
0.0263522 0.281839
0.0253664 0.272039
0.0262635 0.281832
0.0252703 0.270161
0.025618 0.274514
0.0263081 0.281994
0.0257135 0.276524
0.0263621 0.281592
0.0262242 0.28106
0.0251231 0.268271
0.0263114 0.280635
0.0257593 0.27519
0.0258269 0.274916
