61.1604   381.812   442.972 0.104458   0.0398759
62.9945   424.917   487.912 0.111429   0.0448556
63.9605   424.765   488.725 0.111332   0.0447356
61.598   411.74   473.338 0.107595   0.042816
65.808   413.828   479.636 0.109497   0.0429127
63.2694   426.051   489.32 0.110225   0.0442543
67.4429   420.927   488.37 0.113254   0.0438237
62.9843   441.06   504.044 0.108035   0.0464494
62.3137   470.718   533.032 0.107871   0.0499365
64.7734   519.746   584.519 0.116359   0.0558226
66.4038   621.531   687.935 0.11927   0.0665647
69.9588   670.177   740.136 0.121752   0.0706505
69.8911   674.197   744.088 0.125388   0.0720327
70.4196   684.668   755.088 0.125749   0.0754888
67.2516   627.257   694.509 0.123776   0.0701186
72.6295   610.21   682.84 0.124879   0.0683617
71.2125   611.948   683.16 0.120139   0.0688917
72.9287   606.866   679.795 0.122569   0.0672484
73.1459   617.274   690.419 0.121572   0.0680942
75.0525   623.325   698.377 0.124156   0.0692487
73.3731   611.049   684.422 0.125854   0.0673109
74.2432   609.414   683.657 0.123894   0.0671308
72.8735   608.077   680.951 0.12489   0.0661925
73.459   616.044   689.503 0.124973   0.0671379
70.966   635.922   706.888 0.124447   0.0692838
70.0455   671.385   741.431 0.124194   0.071789
71.9606   701.937   773.898 0.125105   0.0737344
73.4606   658.636   732.097 0.123713   0.0698107
78.1275   653.935   732.063 0.125665   0.0697138
76.2293   652.717   728.946 0.126837   0.0705869
71.1902   653.863   725.053 0.127182   0.07236
73.5542   641.579   715.133 0.124422   0.072897
69.4292   690.157   759.586 0.126927   0.0802919
61.8291   597.454   659.283 0.102281   0.0588306
66.8723   686.794   753.666 0.111315   0.0689448
61.7807   591.871   653.652 0.107782   0.0585234
60.6052   592.511   653.116 0.112985   0.0594294
67.6533   660.597   728.25 0.116403   0.0671229
70.4712   651.421   721.892 0.122901   0.0679229
69.5052   671.365   740.871 0.125915   0.071308
67.9837   684.083   752.067 0.122141   0.073247
68.1609   687.913   756.074 0.116382   0.0741499
71.5594   686.023   757.582 0.120234   0.0733754
70.2834   654.588   724.871 0.121851   0.0696726
73.0552   659.022   732.078 0.125009   0.0703467
72.0265   645.083   717.11 0.124398   0.0698127
67.9372   669.69   737.628 0.12197   0.07332
68.1817   710.498   778.679 0.125611   0.0795025
74.4283   752.743   827.171 0.126364   0.0838131
68.0934   773.046   841.14 0.123507   0.0865108
54.3   575.153   629.453 0.0981473   0.0576133
58.0287   589.77   647.799 0.0986213   0.0595151
59.8602   579.952   639.813 0.101768   0.0585692
59.1678   586.356   645.524 0.102307   0.0599209
58.4188   593.146   651.564 0.103068   0.0606476
59.8813   600.386   660.267 0.102117   0.0611652
63.3318   608.046   671.377 0.104993   0.0622806
65.823   638.108   703.931 0.105711   0.0661881
63.4439   618.602   682.046 0.108112   0.0636138
63.9175   672.498   736.415 0.109937   0.0715438
64.4539   664.183   728.637 0.10999   0.0706252
67.3963   671.99   739.387 0.11229   0.0712247
69.6032   673.88   743.483 0.113979   0.0710008
69.0376   656.845   725.882 0.115293   0.0684499
67.0487   701.273   768.322 0.112649   0.0746909
69.7909   726.086   795.877 0.118491   0.078511
64.4026   712.688   777.09 0.111007   0.0773777
55.3086   574.712   630.021 0.0926132   0.0574953
58.7083   583.063   641.771 0.0961486   0.0586264
56.5343   569.347   625.881 0.0909789   0.057253
60.3348   567.333   627.668 0.0952855   0.0572428
66.3345   577.407   643.742 0.102526   0.0583723
63.8297   627.66   691.49 0.105538   0.063665
63.0025   649.887   712.89 0.102443   0.0663164
62.747   664.735   727.482 0.103851   0.0680983
62.4265   691.549   753.975 0.105957   0.0706647
59.4959   693.42   752.915 0.103615   0.0706216
60.3374   704.366   764.704 0.105454   0.0731632
64.5952   703.069   767.665 0.106804   0.0722045
67.0854   703.547   770.633 0.109557   0.0722353
65.4005   728.522   793.922 0.108136   0.0752683
64.0561   737.149   801.205 0.109125   0.0760877
66.0291   725.347   791.376 0.113686   0.075217
65.3537   733.318   798.672 0.112292   0.0760125
58.2065   610.557   668.763 0.0940634   0.0608718
62.9542   606.191   669.145 0.0962849   0.0602895
64.4936   575.578   640.071 0.100551   0.0568472
62.6222   598.839   661.462 0.0994951   0.0592629
61.8644   670.918   732.782 0.0960627   0.0664459
66.6591   630.883   697.542 0.102964   0.0629976
68.6102   641.494   710.105 0.106471   0.0641417
68.4881   671.826   740.314 0.105075   0.0686826
67.0124   677.113   744.125 0.102544   0.0684033
67.8349   697.278   765.113 0.103691   0.0703355
68.3307   708.609   776.939 0.103089   0.0723759
69.691   712.137   781.828 0.106139   0.0724866
68.7661   703.489   772.255 0.106835   0.0722986
77.1197   710.366   787.486 0.113106   0.0733874
75.9875   720.279   796.266 0.11119   0.0738248
60.9189   541.639   602.558 0.089455   0.0542263
64.2944   562.361   626.656 0.0951101   0.0566714
66.6083   560.641   627.249 0.0989232   0.0571645
67.9469   566.278   634.225 0.102201   0.0577403
68.6107   607.265   675.875 0.101978   0.0614528
70.9824   600.209   671.192 0.102873   0.0615031
65.4417   605.566   671.008 0.0979422   0.062727
66.4632   623.899   690.363 0.097003   0.0646081
68.8313   624.069   692.901 0.0980271   0.0655386
75.8402   642.779   718.619 0.10221   0.0670773
74.541   637.591   712.132 0.104987   0.0675939
74.4727   594.892   669.364 0.107806   0.0625004
75.9462   623.329   699.275 0.106967   0.0665653
74.77   624.647   699.417 0.108651   0.0656291
77.9684   626.68   704.648 0.108986   0.0660623
58.1242   532.182   590.306 0.0841404   0.0540527
57.1443   571.194   628.339 0.0865386   0.058499
61.7992   609.959   671.759 0.0920088   0.0632191
62.1517   609.732   671.883 0.0919676   0.0624853
62.0574   586.807   648.865 0.0911269   0.0602276
67.3554   599.817   667.173 0.0961435   0.0624931
69.8902   571.685   641.576 0.0999383   0.0588992
62.7766   571.065   633.842 0.0949243   0.0594746
66.2591   592.987   659.246 0.0950178   0.0621917
63.4429   611.952   675.395 0.0963934   0.0654797
66.7201   611.41   678.13 0.0967159   0.0652638
66.4213   613.889   680.31 0.0949069   0.0658528
67.0394   634.461   701.501 0.0970781   0.0663792
59.5835   530.479   590.062 0.0866219   0.0535273
60.6736   565.186   625.86 0.086594   0.0573929
62.0538   629.409   691.463 0.0910325   0.0647141
59.6131   620.379   679.992 0.0917125   0.0639478
63.1963   649.506   712.703 0.0959943   0.0672901
69.1109   671.197   740.307 0.101912   0.0705472
68.421   667.675   736.096 0.104437   0.0715808
71.1977   674.474   745.672 0.108791   0.0726439
69.5785   682.017   751.596 0.11175   0.0753923
77.4109   714.619   792.03 0.113485   0.0791844
75.2052   705.074   780.28 0.11277   0.0787382
56.8373   482.321   539.159 0.0871293   0.0530363
60.4551   499.688   560.143 0.0930078   0.0562875
60.6992   524.292   584.991 0.0984691   0.0596939
61.5938   545.966   607.56 0.0985952   0.0631801
66.8608   555.41   622.271 0.10328   0.0646342
66.8831   542.513   609.396 0.103401   0.0639681
66.4399   527.31   593.75 0.105388   0.0632733
66.4622   544.962   611.424 0.104901   0.0664414
66.5685   508.44   575.008 0.103413   0.064183
68.7233   527.053   595.776 0.109229   0.0668171
48.6736   452.126   500.799 0.0862571   0.0558495
50.9911   461.034   512.025 0.0913352   0.0580063
53.4717   472.964   526.436 0.0900847   0.0597435
57.296   453.875   511.17 0.0972531   0.0571404
56.325   447.78   504.105 0.098946   0.0578508
57.6806   460.985   518.666 0.0987439   0.0587574
59.9601   461.64   521.601 0.103268   0.0595032
64.3389   447.145   511.484 0.104957   0.0587487
65.011   449.321   514.332 0.103733   0.0598571
65.1897   437.938   503.128 0.106172   0.0604255
45.6313   372.254   417.885 0.0814844   0.0506917
50.4917   390.448   440.94 0.0838733   0.053925
57.3844   409   466.384 0.0916475   0.0570319
54.4856   436.697   491.183 0.0912466   0.0610872
54.6533   447.686   502.339 0.0939291   0.0630264
55.8485   420.18   476.029 0.0981027   0.060868
53.0851   420.385   473.471 0.0926644   0.0608153
52.1471   403.338   455.485 0.095595   0.0595563
54.4496   398.055   452.505 0.0970797   0.0595969
57.0944   404.831   461.925 0.0966268   0.0608117
47.0294   359.081   406.11 0.0846287   0.0533077
48.7162   355.865   404.581 0.0876641   0.0532231
51.7449   357.345   409.09 0.0881515   0.0541104
54.1312   356.61   410.741 0.0918813   0.0550846
53.9488   371.673   425.622 0.0942978   0.0567892
51.6393   368.047   419.686 0.0927512   0.0577442
54.218   373.212   427.43 0.0943332   0.0590245
51.7442   379.866   431.611 0.0928147   0.0605896
51.1894   382.663   433.853 0.0924474   0.0611954
52.8995   381.357   434.256 0.0947808   0.0610134
51.9267   399.176   451.103 0.0939378   0.0644826
48.5348   332.973   381.508 0.0847029   0.0538335
47.7589   347.701   395.46 0.0877001   0.0560795
47.297   360.936   408.233 0.0873646   0.0585555
46.7848   380.902   427.687 0.0886286   0.061727
49.3804   384.953   434.334 0.0930925   0.0629923
52.9333   388.997   441.93 0.0954786   0.0639114
50.7871   366.045   416.832 0.0919872   0.0605345
52.3039   352.945   405.248 0.0920033   0.0587348
50.7556   357.451   408.207 0.0927254   0.0597932
49.5451   363.278   412.823 0.0920532   0.0610197
40.2538   321.601   361.854 0.0787359   0.0533467
43.9787   315.444   359.423 0.0835699   0.0528736
43.7626   348.755   392.517 0.0846267   0.0588032
45.9078   314.378   360.286 0.0863944   0.0550479
46.4407   326.317   372.758 0.0916593   0.0580131
49.5061   313.029   362.535 0.08912   0.055968
48.8107   310.966   359.777 0.0920957   0.0560389
53.9629   298.721   352.684 0.0934746   0.0560379
48.9809   306.401   355.382 0.0929625   0.0571466
47.7921   303.497   351.289 0.0896451   0.0571288
40.8141   265.767   306.581 0.0792699   0.0496529
45.5032   277.212   322.715 0.0824998   0.0515839
44.8885   287.499   332.387 0.0860849   0.0541191
46.013   292.153   338.166 0.0883356   0.0548598
52.3746   287.889   340.264 0.0940861   0.0552865
48.8735   292.621   341.494 0.0925459   0.056297
50.1565   291.772   341.929 0.095518   0.0569912
53.1327   285.138   338.271 0.0970815   0.0565246
53.1685   288.848   342.016 0.0984784   0.0579887
39.9502   250.686   290.636 0.081631   0.0488
44.7545   265.356   310.111 0.0863986   0.0517443
43.8377   275.221   319.058 0.0904803   0.0544592
46.5137   289.026   335.54 0.0982545   0.0575291
50.9182   296.605   347.524 0.100541   0.060444
53.4412   293.035   346.476 0.102941   0.0608805
51.2016   301.408   352.61 0.104493   0.0626794
52.8224   315.656   368.479 0.109212   0.0662942
41.6478   253.953   295.601 0.0889065   0.0521642
47.7937   259.655   307.449 0.0964015   0.0548323
47.6694   262.912   310.581 0.100515   0.0579388
50.3481   285.813   336.161 0.110709   0.0638784
51.3776   281.299   332.677 0.109807   0.0643918
51.9217   292.476   344.398 0.113672   0.0694515
52.2291   289.509   341.738 0.113459   0.0710975
54.8575   278.069   332.927 0.111474   0.0717042
39.7213   229.156   268.878 0.0862049   0.0556174
40.0018   234.474   274.476 0.0917706   0.0592256
47.3172   263.756   311.074 0.102947   0.0678735
46.561   266.783   313.344 0.104789   0.0706627
48.8619   282.457   331.319 0.107969   0.0756783
51.8494   287.934   339.784 0.110382   0.0786608
50.598   292.926   343.524 0.112713   0.0779774
46.1794   224.988   271.167 0.0941667   0.0585402
50.6089   226.58   277.189 0.101829   0.0607737
51.5584   239.321   290.879 0.108888   0.066326
56.6752   252.065   308.74 0.115402   0.0691621
56.2234   245.697   301.92 0.120315   0.0700289
60.9519   255.857   316.809 0.124113   0.0720339
57.8615   255.079   312.94 0.12631   0.0740295
61.6782   260.362   322.04 0.126468   0.0747823
40.4528   218.087   258.539 0.088669   0.0577577
44.2215   232.593   276.814 0.0941327   0.062056
48.8941   239.056   287.95 0.102647   0.0646253
47.9829   260.665   308.648 0.106558   0.0695386
52.4529   267.682   320.135 0.111751   0.072069
55.129   274.348   329.477 0.115012   0.0746368
54.1187   280.633   334.751 0.117841   0.0769753
56.7828   295.628   352.411 0.119767   0.0801402
42.4655   265.778   308.243 0.0915451   0.0629208
42.2403   283.89   326.13 0.0969369   0.0677643
52.2411   304.151   356.393 0.10876   0.0723443
51.7451   317.833   369.578 0.111851   0.0769059
59.5041   337.83   397.334 0.11886   0.0820099
57.7735   352.848   410.622 0.118973   0.0841337
56.7722   341.556   398.328 0.122208   0.082382
59.3726   343.697   403.07 0.124732   0.0836699
42.2019   285.218   327.419 0.0899828   0.0578359
47.8157   334.433   382.249 0.0974505   0.0672018
48.8014   363.038   411.84 0.103943   0.0746416
48.6867   378.759   427.446 0.103883   0.0797538
52.8948   391.915   444.81 0.115693   0.082147
47.3865   383.39   430.776 0.112058   0.0826226
54.9029   391.622   446.524 0.121905   0.0840683
45.2407   345.151   390.391 0.0952721   0.0670717
53.807   388.558   442.365 0.105323   0.0742959
55.851   413.525   469.376 0.111099   0.0773109
61.0555   411.919   472.975 0.118489   0.07673
60.4542   403.486   463.94 0.118075   0.0777836
57.3177   416.089   473.407 0.119697   0.0806732
55.4623   412.11   467.573 0.120758   0.0800992
52.7668   431.58   484.347 0.115608   0.0845218
50.5313   397.598   448.129 0.113257   0.0768726
51.1435   395.567   446.71 0.111597   0.0788924
54.2634   287.635   341.898 0.101712   0.0539197
53.316   340.026   393.342 0.105219   0.0625327
53.5204   364.607   418.127 0.106493   0.0671344
49.3019   400.819   450.121 0.110172   0.0770336
50.1294   404.495   454.624 0.117813   0.0795115
56.3423   413.222   469.564 0.126207   0.0823081
55.32   391.401   446.721 0.119971   0.0777035
54.9357   398.104   453.04 0.122147   0.0802245
52.8827   404.883   457.766 0.120798   0.0815858
54.4654   412.307   466.772 0.123665   0.0825723
47.0972   297.985   345.082 0.089709   0.0543256
53.2189   348.388   401.607 0.0970558   0.0614838
55.427   392.204   447.631 0.0987711   0.0694986
55.1459   385.811   440.957 0.100006   0.067436
63.1522   397.068   460.22 0.104578   0.0693538
62.5028   419.295   481.798 0.10943   0.0730734
66.6564   428.593   495.249 0.113004   0.0737518
64.4962   453.545   518.042 0.11335   0.0769485
67.4079   470.233   537.641 0.118537   0.0790795
67.2332   470.514   537.747 0.121068   0.0780375
48.2423   326.183   374.425 0.086897   0.0515963
47.9786   338.616   386.595 0.0890692   0.0535291
50.7607   330.278   381.038 0.0894988   0.0532234
52.1684   377.96   430.129 0.0940536   0.0593251
52.0016   403.854   455.855 0.0946057   0.064036
58.7777   441.501   500.279 0.102045   0.0683526
57.2195   537.652   594.871 0.107961   0.0855429
60.3857   465.412   525.798 0.10594   0.0727586
44.9194   384.51   429.43 0.0818204   0.0591554
47.825   422.938   470.763 0.0873782   0.0652665
49.2836   398.415   447.699 0.0871835   0.0615993
54.4359   393.465   447.901 0.0931324   0.0611841
53.255   426.826   480.081 0.0947597   0.0659055
58.6511   437.459   496.11 0.100775   0.0682585
61.7513   436.78   498.532 0.102601   0.0684073
61.4236   443.974   505.397 0.103307   0.0693817
64.1629   472.494   536.657 0.103936   0.0747597
62.485   437.593   500.078 0.1071   0.0697646
63.955   449.634   513.589 0.107179   0.0704693
57.3525   349.586   406.938 0.087206   0.0517879
64.1937   339.583   403.777 0.0953608   0.0529702
64.1626   343.539   407.701 0.100176   0.0536542
61.098   326.858   387.956 0.0958902   0.0521526
63.0891   347.154   410.243 0.0992748   0.0552852
64.8068   329.251   394.058 0.101978   0.0538417
61.397   334.774   396.171 0.101148   0.0553834
61.1896   349.443   410.632 0.0981127   0.0571717
62.9704   338.267   401.238 0.0992963   0.0560479
61.2127   341.327   402.539 0.0991567   0.0578226
62.5758   321.335   383.911 0.0991168   0.0553025
60.3857   333.549   393.934 0.101774   0.057621
50.6684   307.076   357.744 0.0792106   0.049698
53.8767   341.426   395.302 0.0866881   0.0548901
56.1102   350.997   407.107 0.0911867   0.0567481
63.3588   363.964   427.323 0.0962412   0.0579208
70.8416   377.049   447.89 0.106721   0.0607379
63.2494   400.103   463.352 0.102086   0.0632974
65.0716   404.217   469.289 0.101622   0.0649345
63.1861   400.347   463.533 0.101968   0.0646017
59.1255   415.175   474.3 0.102217   0.0669699
58.3811   339.478   397.859 0.0922292   0.0523495
61.9979   358.173   420.171 0.0964698   0.0546329
62.569   387.233   449.803 0.0999772   0.0592236
66.3066   380.334   446.641 0.101675   0.0580587
69.2963   383.075   452.371 0.106201   0.0596257
67.1433   396.719   463.862 0.106211   0.0608355
68.4691   428.592   497.061 0.104853   0.0651851
56.1061   355.449   411.555 0.0835658   0.0513462
59.6312   367.784   427.415 0.0882379   0.053174
57.3698   370.395   427.765 0.0853294   0.0535614
59.7232   383.006   442.729 0.0941511   0.0562886
63.5448   400.528   464.073 0.0961634   0.0585602
68.7625   406.114   474.877 0.0982321   0.0589711
60.1776   333.902   394.08 0.0836962   0.0488388
67.5256   343.626   411.151 0.0892802   0.0500413
74.4664   356.85   431.317 0.0947169   0.0520843
72.2537   370.075   442.329 0.0958484   0.0542315
72.4718   380.387   452.859 0.0962867   0.0553895
73.8926   386.189   460.081 0.0974194   0.0568608
58.2866   338.596   396.882 0.081653   0.0487702
60.8063   354.923   415.729 0.0884455   0.0517569
59.6946   392.748   452.442 0.0875929   0.0562689
61.8323   417.653   479.485 0.0911212   0.0598443
71.981   427.702   499.683 0.0955711   0.0625007
68.7998   448.165   516.965 0.0964033   0.0648887
53.4388   343.995   397.434 0.0791882   0.0485629
57.9115   366.334   424.245 0.0869978   0.05289
60.5586   401.489   462.047 0.0909743   0.0577059
70.8888   451.581   522.469 0.102367   0.0646408
74.1336   456.602   530.736 0.105956   0.0660865
69.6529   412.176   481.829 0.0987424   0.0599808
66.2354   402.808   469.043 0.0935528   0.0586564
66.6265   381.727   448.353 0.0937741   0.0552387
64.9389   384.142   449.081 0.0916245   0.0547016
64.6716   389.389   454.061 0.0918631   0.0557338
64.0693   381.157   445.227 0.0887797   0.0544264
60.2079   379.526   439.734 0.087852   0.0540533
63.403   395.426   458.829 0.0886962   0.0571962
65.8016   399.653   465.455 0.0930057   0.0582825
63.5   379.946   443.446 0.0913231   0.055453
59.7307   374.572   434.303 0.0945962   0.0547757
52.7094   345.42   398.129 0.083999   0.049454
66.9175   463.494   530.411 0.102031   0.067717
66.9991   473.873   540.872 0.100707   0.0686304
52.9243   341.51   394.434 0.0827157   0.0505267
48.7179   310.167   358.885 0.0760623   0.0448478
51.8926   312.765   364.658 0.0791046   0.0459057
53.3997   323.732   377.132 0.0812162   0.0469064
54.7399   327.17   381.91 0.0844317   0.0471325
51.0468   331.91   382.957 0.0842124   0.0480971
48.0282   303.94   351.968 0.0768656   0.0436674
56.6904   397.927   454.617 0.0893935   0.0569334
63.4044   430.154   493.558 0.0984031   0.0626544
58.2157   357.794   416.01 0.0888112   0.0513298
59.6252   348.459   408.084 0.089662   0.0496368
60.471   370.445   430.916 0.0923221   0.0520244
49.7205   329.074   378.795 0.0781278   0.045649
56.8798   357.52   414.4 0.0883776   0.0494468
56.8106   361.869   418.68 0.0890914   0.0499073
54.9007   368.676   423.576 0.089707   0.0515486
56.2   363.54   419.74 0.0892913   0.0525498
53.2319   349.797   403.029 0.0825621   0.0492655
59.8853   374.755   434.641 0.0898504   0.0536726
58.6763   368.219   426.895 0.0903754   0.0542735
58.3375   385.828   444.166 0.0916896   0.0571534
51.2523   365.016   416.268 0.0808714   0.051871
53.0204   376.647   429.667 0.085187   0.0535436
63.4936   405.417   468.91 0.097984   0.0579018
58.4873   389.372   447.859 0.0955414   0.056797
47.0668   342.098   389.164 0.0773361   0.0490266
56.9046   388.643   445.548 0.0892388   0.0561042
61.2915   404.127   465.418 0.0935748   0.0581157
58.4182   405.588   464.007 0.0974449   0.0585222
60.8863   422.847   483.733 0.0989753   0.0608048
62.6887   426.307   488.995 0.0974291   0.0630178
62.6333   422.957   485.591 0.103088   0.0630298
64.8399   440.212   505.052 0.104105   0.0647117
59.9457   439.552   499.498 0.106513   0.0643901
59.9088   430.086   489.995 0.105566   0.065265
48.0094   343.545   391.554 0.0862703   0.0518649
47.3781   360.806   408.184 0.0890287   0.0535745
51.5874   346.21   397.798 0.0944248   0.0530469
52.2838   368.993   421.277 0.0948546   0.0551773
56.7477   364.419   421.166 0.0993482   0.0551314
60.7931   380.574   441.367 0.101491   0.0572619
57.8984   394.82   452.719 0.102961   0.0598939
60.629   380.357   440.986 0.105198   0.0574225
47.6544   341.519   389.173 0.0841207   0.0505523
50.7909   345.343   396.134 0.087904   0.0510515
52.8717   341.505   394.377 0.0911973   0.0509443
51.2126   362.891   414.104 0.0913858   0.0556598
55.8931   356.436   412.329 0.0988558   0.0552923
55.3449   359.699   415.044 0.0973525   0.0555777
43.3385   315.269   358.607 0.0846125   0.0485059
44.8175   316.838   361.655 0.0848495   0.0490476
45.4993   323.682   369.181 0.087701   0.0508023
51.6301   370.757   422.387 0.0956366   0.058188
53.0788   394.733   447.811 0.0991333   0.0609666
42.5634   300.437   343.001 0.0806124   0.0462603
44.9709   304.293   349.264 0.0839009   0.0472884
48.1345   312.428   360.562 0.0863658   0.048471
53.731   319.617   373.348 0.091509   0.0497175
57.1381   374.862   432.001 0.0985626   0.0587322
54.2846   370.044   424.328 0.0911471   0.0560612
50.0634   322.964   373.027 0.0847813   0.0479068
46.633   327.26   373.893 0.0865711   0.0484483
45.5134   341.464   386.977 0.0831837   0.0499769
49.2021   345.795   394.997 0.0883077   0.0517012
44.6074   312.983   357.59 0.0799006   0.0471858
44.8982   322.2   367.098 0.084079   0.0493025
49.889   328.586   378.475 0.0905426   0.0495189
52.5215   335.804   388.326 0.0909725   0.0499015
51.228   364.133   415.361 0.0918338   0.0541797
48.0086   375.286   423.295 0.0900442   0.0566242
46.9107   385.503   432.414 0.0895242   0.0585486
49.1427   387.503   436.645 0.0920276   0.0593525
44.493   373.283   417.776 0.0897942   0.058831
51.1401   368.77   419.91 0.0943979   0.0579292
50.8961   378.775   429.671 0.0944853   0.0602282
42.147   306.202   348.349 0.078657   0.0496866
45.1899   299.724   344.914 0.0841974   0.049635
40.3722   307.082   347.454 0.0817802   0.0523226
38.8559   292.84   331.696 0.0866997   0.0521114
30.0738   267.241   297.315 0.0729652   0.0476607
32.3133   275.704   308.017 0.0764167   0.0490326
37.3747   280.045   317.42 0.0845582   0.0511669
37.8127   296.409   334.222 0.0895328   0.0532759
33.9604   272.362   306.322 0.080858   0.0484733
32.6241   281.571   314.195 0.078392   0.0500779
35.2765   285.548   320.825 0.0856572   0.0512746
37.6247   295.915   333.539 0.0893698   0.0534383
37.4976   266.551   304.048 0.0857677   0.0474087
34.2582   261.2   295.458 0.0840691   0.0478461
37.9303   256.016   293.946 0.0889129   0.048089
35.9734   257.505   293.478 0.0907274   0.0494125
36.4583   272.537   308.995 0.0884052   0.0526052
38.8778   282.119   320.997 0.0976829   0.0544463
44.3624   273.538   317.901 0.102123   0.0542885
39.9544   273.79   313.745 0.0978796   0.0538767
37.2893   274.213   311.502 0.0918833   0.053328
37.1279   271.121   308.249 0.0901162   0.052219
35.5636   272.06   307.624 0.0892811   0.0517816
36.3713   270.474   306.846 0.0953625   0.0521547
37.1333   274.818   311.951 0.092448   0.052632
35.3356   268.178   303.514 0.0927443   0.0522215
34.3367   267.884   302.221 0.0871122   0.0517951
33.9579   267.753   301.711 0.0881041   0.0507013
37.4996   293.951   331.451 0.0906883   0.0531013
35.1034   274.855   309.958 0.0852025   0.050666
32.1227   269.751   301.874 0.082933   0.0492951
34.3114   271.739   306.05 0.0885227   0.0495278
35.9492   277.757   313.706 0.0875101   0.0492669
36.7243   281.459   318.184 0.0863423   0.0504664
34.8178   273.755   308.573 0.0799185   0.0483523
38.3729   282.158   320.531 0.0817837   0.0506185
37.4959   252.308   289.804 0.0787068   0.0450438
35.9298   265.165   301.095 0.0830939   0.0469835
39.7677   265.585   305.352 0.0885366   0.0474004
38.5247   281.076   319.6 0.084521   0.0489185
38.234   288.932   327.166 0.0858228   0.0496746
37.2102   269.635   306.845 0.0807162   0.0468197
38.637   290.87   329.507 0.0852288   0.049392
37.7979   286.964   324.761 0.0895685   0.049579
39.2856   293.637   332.923 0.0858701   0.0497423
36.2346   283.505   319.74 0.0769039   0.0470275
36.913   296.405   333.318 0.07717   0.0483361
40.1081   312.226   352.334 0.0813276   0.0503008
43.8473   322.678   366.525 0.0860314   0.0506903
49.4027   324.985   374.387 0.0866714   0.0483345
46.5924   336.769   383.361 0.0887757   0.0494327
49.4363   349.168   398.604 0.0921746   0.0509003
47.8368   353.427   401.263 0.0882327   0.0522473
42.4599   315.514   357.974 0.0790058   0.0477959
42.0737   332.687   374.76 0.0859649   0.0502298
45.6081   346.012   391.62 0.0855085   0.0520926
45.3517   353.344   398.695 0.0865019   0.0532339
47.5951   357.523   405.118 0.0895125   0.0537547
52.1885   357.173   409.361 0.0952841   0.0533276
54.1592   392.432   446.591 0.0970346   0.0571843
47.456   396.456   443.912 0.0913054   0.0568702
49.1066   396.28   445.386 0.0902458   0.0564088
43.5649   331.092   374.657 0.0815604   0.0491401
43.6882   326.85   370.538 0.0848079   0.0492382
45.1187   333.776   378.895 0.0802109   0.0509855
43.1004   349.005   392.106 0.0833932   0.0529197
43.8778   324.795   368.672 0.0801525   0.0481932
46.327   330.561   376.888 0.0843185   0.049571
51.5116   348.332   399.844 0.0891719   0.0518223
44.3876   349.536   393.924 0.0825305   0.0515211
44.4496   321.059   365.508 0.0790516   0.0470593
47.3303   351.753   399.084 0.0841677   0.0514272
47.5482   348.113   395.662 0.0860602   0.0502812
46.4754   357.007   403.483 0.0857479   0.0512352
41.4478   337.77   379.218 0.0763312   0.0482515
55.4587   480.077   535.535 0.0989892   0.0707308
46.4818   462.888   509.37 0.0888116   0.0682752
37.9377   330.437   368.375 0.0744711   0.0480107
38.2328   320.163   358.396 0.0710867   0.0455597
39.6443   337.466   377.11 0.0740737   0.0479423
40.7646   362.304   403.068 0.0751916   0.0506901
43.3317   374.923   418.255 0.0795077   0.0519737
42.9792   372.993   415.972 0.0774167   0.0514556
40.0201   348.958   388.978 0.0744264   0.0484817
44.8235   363.049   407.872 0.0808117   0.0512564
46.6548   358.51   405.165 0.0839871   0.0515323
47.3166   360.462   407.779 0.0813233   0.0513662
48.1162   350.593   398.709 0.0800869   0.0499092
47.9317   337.356   385.288 0.0820046   0.0481915
50.5641   329.83   380.394 0.0814236   0.0472266
46.3369   359.255   405.592 0.0797308   0.05061
45.2606   333.92   379.18 0.0773686   0.0481735
45.7432   323.032   368.775 0.0747133   0.0471528
39.0402   314.303   353.343 0.0694872   0.0461068
40.8613   302.157   343.018 0.0689449   0.0443175
41.4003   319.513   360.913 0.0721469   0.0458488
44.7861   338.598   383.384 0.0787103   0.0497091
47.4189   346.544   393.963 0.0801899   0.0508279
68.1069   591.929   660.036 0.112635   0.0874657
75.3948   573.488   648.883 0.112943   0.0838143
49.1955   397.552   446.747 0.0873145   0.0578822
48.0549   390.355   438.41 0.08897   0.0580832
41.7762   320.588   362.365 0.0771796   0.0475882
42.2438   316.987   359.231 0.0783743   0.0474623
44.8441   320.741   365.585 0.0811841   0.0478067
43.7364   310.488   354.224 0.0808602   0.046447
38.2468   309.72   347.967 0.0745794   0.0465884
37.8183   291.037   328.855 0.0744665   0.0441951
38.1592   285.852   324.011 0.0744051   0.04334
37.0581   289.306   326.364 0.0727581   0.0441194
28.7493   263.387   292.136 0.0617886   0.0409013
33.173   268.423   301.596 0.0692307   0.0421518
34.6189   277.841   312.46 0.0684361   0.0438898
35.6538   287.215   322.869 0.0686806   0.0456404
39.1255   297.914   337.039 0.0742822   0.0472108
40.5781   318.771   359.349 0.0769983   0.0501652
41.7741   327.526   369.3 0.0808457   0.0508164
37.5225   298.307   335.83 0.0736458   0.0459561
40.9431   321.374   362.317 0.0788504   0.0483578
46.261   367.512   413.773 0.0846827   0.0549194
48.1317   381.202   429.334 0.0921475   0.0585503
53.4279   391.062   444.49 0.0947723   0.060919
50.8225   359.637   410.459 0.0951065   0.0583246
53.8638   405.64   459.504 0.0998094   0.0655527
38.5223   348.164   386.687 0.0825552   0.0586716
38.8329   300.911   339.744 0.0851832   0.0507556
40.4853   309.452   349.937 0.0884441   0.0527142
39.4744   312.947   352.421 0.0860712   0.0527902
36.0324   311.393   347.426 0.0872757   0.0529413
34.2998   268.982   303.281 0.0779542   0.045623
34.6948   261.164   295.859 0.0802708   0.0445167
31.3088   262.321   293.63 0.0771697   0.0453283
27.8212   255.685   283.506 0.075807   0.045221
26.6487   258.12   284.769 0.0738191   0.0451219
27.1918   253.886   281.078 0.0723829   0.0450819
26.3704   247.861   274.232 0.0725886   0.0443027
27.4205   240.171   267.592 0.0745934   0.0434447
28.7046   243.598   272.303 0.0768384   0.0445405
28.9276   246.213   275.14 0.0774156   0.0449813
29.3752   252.788   282.164 0.0827471   0.0465469
31.6601   265.162   296.823 0.083757   0.0484861
35.9378   265.497   301.435 0.0909488   0.0488727
26.4778   257.268   283.746 0.0790044   0.0474864
32.9231   272.817   305.74 0.0849159   0.050011
33.0346   274.358   307.393 0.0922109   0.0509735
31.2068   262.133   293.34 0.0870787   0.0494043
34.2148   265.583   299.798 0.0862921   0.0503125
30.3534   255.77   286.123 0.07972   0.0484527
30.4931   245.255   275.748 0.0846561   0.0464974
33.4715   244.808   278.279 0.0879671   0.046352
30.4079   245.689   276.096 0.0869294   0.0460798
26.3432   251.546   277.889 0.0771962   0.0469259
27.0868   256.051   283.138 0.0747221   0.0476774
28.6192   253.267   281.886 0.0794425   0.0478721
28.2078   248.681   276.888 0.0789819   0.0464898
26.1926   243.694   269.887 0.0762521   0.0460778
28.1235   245.046   273.17 0.0777752   0.0461359
27.9645   246.482   274.446 0.077464   0.0466072
30.7622   238.539   269.301 0.0791616   0.0452086
31.3326   241.944   273.277 0.079474   0.0459861
31.0764   243.076   274.153 0.0809984   0.045849
26.7863   243.187   269.974 0.0736899   0.0462553
28.659   245.312   273.971 0.0778778   0.0463845
29.0877   238.51   267.597 0.0776915   0.0453613
33.4913   244.008   277.499 0.0832083   0.0460457
31.6003   242.786   274.386 0.0830129   0.0459357
32.5082   240.328   272.837 0.0828024   0.0457037
32.363   243.434   275.797 0.0829822   0.0463037
32.1305   248.374   280.505 0.0832396   0.0471417
28.6457   241.506   270.152 0.076236   0.0460451
27.581   241.326   268.907 0.0755644   0.045862
27.9965   241.686   269.682 0.0737235   0.0458585
29.8769   237.656   267.533 0.0748794   0.0450107
29.3594   240.795   270.154 0.075377   0.0456614
27.9425   240.277   268.219 0.0751817   0.0457351
28.8161   236.302   265.118 0.0759652   0.0450356
29.1913   242.64   271.831 0.078156   0.0461666
30.1465   242.838   272.984 0.0782349   0.0459543
29.6819   244.331   274.013 0.077029   0.0461408
28.2513   237.168   265.419 0.07569   0.0451233
28.9055   242.561   271.466 0.0771842   0.046145
