1367         1367
1271         568
1290         585
1273         565
1299         574
1306         572
1329         601
1361         574
1352         595
1366         583
1311         577
1294         556
1309         556
1292         574
1296         557
1239         560
1267         543
1288         581
1328         592
1367         595
1398         601
1363         604
1344         583
1376         599
1323         583
1334         587
1305         570
1273         564
1302         575
1325         593
1385         621
1378         601
1317         559
1339         591
1310         547
1337         604
1303         600
1292         573
1216         536
1264         581
1263         573
1271         552
1255         556
1253         585
1295         595
1301         576
1280         584
1285         579
1259         557
1263         542
1242         589
1237         551
1228         553
1301         588
1330         588
1313         578
1297         566
1322         586
1325         603
1334         622
1338         586
1317         581
1369         586
1349         600
1352         610
1337         598
1321         595
1346         589
1318         580
1346         597
1351         610
1360         621
1317         633
1375         647
1327         604
1344         615
1310         604
1290         589
1270         574
1277         572
1324         604
1334         612
1304         604
1273         587
1326         580
1308         582
1317         618
1365         653
1325         641
1327         629
1349         644
1353         647
1352         644
1394         651
1417         653
1369         654
1396         662
1372         656
1395         643
1408         681
1424         683
1398         681
1455         676
1435         673
1419         664
1421         672
1457         690
1433         668
1455         685
1488         702
1490         742
1445         710
1445         690
1476         710
1441         688
1494         715
1510         690
1444         660
1427         671
1448         675
1471         681
1513         700
1463         699
1432         661
1498         697
1474         658
1492         689
1509         699
1496         690
1484         687
1514         700
1513         681
1448         650
1486         658
1459         678
1425         655
1440         654
1427         622
1488         682
1422         666
1405         652
1404         650
1376         616
1329         624
1329         647
1326         646
1319         630
1339         633
1332         643
1298         629
1289         564
1265         558
1319         593
1300         589
1262         569
1297         584
1277         580
1308         613
1343         626
1299         614
1319         560
1363         602
1335         626
1334         597
1312         581
1298         569
1312         572
1292         545
1270         560
1307         590
1331         555
1305         555
1329         587
1346         589
1336         572
1339         556
1305         574
1302         557
1367         553
1350         558
1320         552
1318         573
1247         544
1291         541
1230         527
1260         530
1243         554
1279         552
1249         568
1278         547
1275         538
1253         511
1263         526
1213         517
1242         531
1241         506
1270         555
1248         530
1306         577
1255         526
1279         533
1223         514
1249         551
1187         521
1202         520
1250         556
1233         528
1200         525
1177         547
1175         539
1144         489
1159         518
1128         484
1103         473
1147         506
1104         519
1080         490
1060         483
1060         468
1080         495
1042         474
1041         454
1013         467
1024         456
1025         460
1065         492
1052         460
1029         435
1026         459
1006         444
1027         452
1045         469
1029         448
1028         490
1028         497
1001         473
1039         491
1001         467
1031         491
1014         458
1024         487
1041         456
1008         469
1032         476
978         450
1008         469
989         479
986         459
990         474
984         463
993         435
1053         480
1044         462
1073         500
1080         485
1056         464
1052         476
1070         469
1095         490
1090         469
1074         468
1059         457
1030         422
1051         450
1081         474
1136         510
1149         502
1246         515
1199         512
1151         478
1131         459
1076         456
1074         446
1094         458
1104         533
1059         506
1086         502
1045         447
1007         425
1054         446
1040         461
1045         449
1078         437
1065         440
1065         525
1084         548
1078         561
1077         551
1120         603
1091         571
1111         589
1079         569
1051         568
1022         555
1028         555
1018         538
1068         567
1062         554
1040         549
1051         576
1032         530
1060         570
1067         549
1045         547
1070         565
1037         584
1068         562
1042         582
1120         601
1088         594
1149         617
1108         583
1163         596
1212         657
1198         673
1158         640
1143         637
1123         635
1166         635
1102         607
1147         623
1186         634
1154         617
1160         631
1174         593
1165         639
1199         621
1153         615
1226         658
1210         663
1218         619
1225         640
1170         619
1203         578
1217         633
1244         642
1202         625
1255         652
1263         652
1256         632
1283         653
1248         671
1286         675
1258         672
1250         634
1239         660
1298         700
1294         719
1377         756
1393         786
1323         753
1336         752
1373         758
1337         713
1284         687
1261         681
1268         678
1362         753
1289         713
1274         674
1266         665
1267         665
1276         692
1317         699
1280         705
1283         708
1289         710
1298         708
1293         704
1266         721
1264         685
1319         714
1313         707
1294         695
1198         631
1256         627
1254         655
1270         665
1229         639
1265         640
1275         656
1279         657
1267         648
1228         606
1240         624
1283         634
1251         644
1302         655
1314         665
1335         655
1270         636
1265         643
1259         637
1241         612
1265         629
1237         644
1258         666
1215         649
1206         636
1221         633
1224         622
1232         648
1249         612
1249         608
1237         637
1251         655
1207         599
1209         615
1231         643
1178         607
1172         622
1130         562
1153         567
1152         556
1121         532
1107         546
1108         551
1146         571
1138         599
1118         562
1134         576
1149         566
1167         577
1142         579
1138         560
1184         565
1155         568
1109         512
1141         528
1106         518
1137         539
1110         535
1139         528
1133         536
1185         557
1189         587
1175         579
1164         595
1196         590
1101         538
1138         547
1129         557
1119         558
1136         534
1113         551
1120         577
1122         557
1109         533
1122         524
1092         534
1035         495
1129         541
1078         538
1058         535
1046         536
1006         493
934         448
898         412
892         422
884         442
896         422
907         420
902         416
875         411
886         421
906         437
834         407
856         426
806         396
807         412
825         398
844         434
815         408
845         405
822         412
835         398
813         381
818         401
799         381
816         394
816         385
840         413
865         412
833         387
841         387
848         410
871         425
901         435
940         469
938         476
886         432
936         449
920         455
894         445
930         461
936         453
913         422
981         457
1008         471
1051         478
1063         493
1075         509
1172         570
1114         524
1151         536
1178         542
1177         537
1127         489
1144         533
1138         524
1134         531
1138         547
1224         558
1147         519
1143         544
1144         534
1120         515
1197         562
1167         516
1183         547
1192         549
1199         577
1187         537
1212         562
1229         562
1161         552
1161         542
1189         543
1143         560
1153         523
1126         509
1233         537
1210         535
1204         542
1238         545
1265         555
1250         537
1279         554
1246         555
1259         581
1259         600
1263         584
1315         621
1270         581
1252         585
1292         612
1268         561
1262         592
1250         573
1226         569
1327         591
1280         604
1392         667
1309         563
1242         540
1233         541
1245         539
1204         552
1219         540
1171         512
1148         507
1174         512
1147         509
1140         465
1114         479
1170         505
1199         519
1219         526
1178         527
1169         516
1176         509
1167         519
1161         546
1125         522
1154         563
1147         534
1089         539
1044         466
1012         455
969         457
971         458
965         412
955         440
960         432
933         405
928         367
891         361
876         375
879         363
874         367
886         373
868         373
867         355
880         378
857         395
823         335
907         387
856         358
864         358
898         396
905         380
861         360
889         380
837         349
831         341
902         362
896         360
870         357
891         343
886         361
876         361
865         388
889         394
876         383
859         363
857         368
863         374
871         402
850         380
866         392
862         390
848         386
846         375
852         365
846         379
867         399
872         389
816         371
847         379
827         373
853         385
871         385
821         373
846         374
