12425       12425
11854       9543
11851       9575
11918       9473
11984       9495
12123       9616
12079       9643
12050       9627
11975       9605
11966       9495
11927       9426
11847       9310
12066       9337
12340       9485
12363       9359
12183       9069
12073       8945
12043       8926
12110       8882
12288       9024
12486       9065
12375       9001
12429       9078
12373       9078
12397       9186
12333       9175
12259       9178
12407       9352
12522       9519
12526       9434
12616       9380
12611       9247
12520       9036
12367       8801
12304       8595
12122       10155
12093       9961
12286       10113
12133       9970
12080       9841
11895       9590
11797       9415
11631       9339
11571       9277
11593       9349
11673       9395
11647       9368
11492       9240
11457       9133
11354       8936
11378       8981
11352       8935
11402       9983
11348       9909
11470       9902
11400       9785
11411       9780
11502       9815
11432       9763
11325       9640
11405       9724
11084       9399
11141       9404
11165       9434
11290       9491
11390       9596
11291       9389
11147       9248
11120       9210
11284       9995
11262       9945
11267       9944
11256       9911
11257       9891
11150       9858
11125       9799
11186       9761
11215       9786
11236       9818
11036       9627
11217       9737
11190       9739
11213       9679
11241       9688
11204       9643
11232       9647
11133       10030
11221       10054
11279       10125
11273       10104
11342       10097
11251       10014
11267       10001
11076       9781
11225       9898
11267       9913
11157       9790
11160       9824
11112       9730
11047       9679
11130       9756
11028       9988
10989       9923
10879       9807
10937       9807
10997       9881
10892       9759
10794       9654
10825       9656
10753       9522
10807       9582
10685       9432
10752       9518
10722       9364
10805       9517
10824       9486
10789       9845
10772       9764
10691       9648
10794       9758
10768       9743
10627       9598
10744       9706
10601       9601
10642       9534
10526       9345
10554       9368
10627       9322
11004       9558
10897       9910
10884       9847
10896       9726
10828       9701
10818       9652
10613       9514
10539       9327
10489       9284
10232       9046
10149       9024
10118       8954
9966       9094
9794       8877
9724       8783
9667       8641
9557       8593
9490       8481
9299       8333
9209       8202
8922       7921
8884       7888
8906       8095
8757       7948
8718       7916
8715       7943
8517       7740
8646       7845
8559       7758
8396       7611
8275       7506
7989       7247
8017       7343
7916       7240
7821       7171
7808       7148
7767       7103
7586       6903
7587       6912
7430       6772
7365       6679
7319       6657
7350       6736
7288       6686
7220       6604
7044       6473
7144       6544
7000       6373
6963       6323
6949       6269
6925       6253
6961       6250
6891       6190
6841       6185
6842       6200
6794       6164
6804       6170
6793       6111
6777       6086
6752       6046
6687       6009
6665       5978
6641       5953
6626       6028
6568       5966
6538       5930
6316       5711
6193       5624
6201       5593
6148       5549
5921       5330
5976       5361
5964       5312
5870       5352
5913       5374
5847       5312
5871       5325
5784       5207
5784       5197
5718       5119
5685       5044
5631       4981
5605       5137
5608       5128
5528       5053
5548       5024
5443       4907
5392       4813
5391       4808
5370       4761
5325       4868
5210       4735
5058       4537
5037       4474
4982       4368
4799       4211
4742       4072
4592       3878
4551       4120
4409       3959
4400       3886
4351       3775
4328       3732
4327       3660
4401       3756
4263       3843
4182       3728
4118       3608
4198       3644
4100       3508
4181       3551
4164       3445
4234       3481
4212       3775
4254       3748
4325       3699
4446       3748
4450       3714
4530       3675
4557       3645
4688       3688
4782       4224
4863       4189
4933       4204
5034       4132
5116       4119
5128       4193
5204       4146
5332       4107
5563       4931
5635       4976
5605       4863
5531       4749
5694       4770
5750       4640
5819       4658
5752       5146
5818       5229
6013       5348
6088       5368
6007       5187
6003       5157
6031       5145
6030       5106
6075       5172
5883       5014
5815       5334
5962       5437
6004       5431
5830       5203
5751       5087
5714       5020
5746       5037
5693       4962
5705       4962
5809       4993
5921       5485
6113       5666
6153       5643
6246       5721
6304       5725
6332       5738
6431       5811
6573       5894
6692       5946
6784       6029
6785       6321
6811       6325
6703       6205
6944       6371
6896       6306
7034       6459
6920       6285
7083       6396
6940       6500
6988       6480
7004       6467
7012       6430
7107       6476
7093       6408
7168       6385
7245       6399
7217       6320
7131       6272
7280       6380
7212       6750
6919       6410
6865       6402
6740       6267
6755       6279
6616       6115
6523       6044
6658       6112
6595       6035
6541       5903
6490       5810
6540       5788
6598       6178
6629       6220
6570       6185
6736       6283
6695       6207
6817       6321
6759       6225
6821       6197
6913       6199
6890       6484
6971       6556
6974       6538
7066       6550
6955       6424
7086       6521
7133       6575
7304       6922
7298       6916
7386       6915
7277       6804
7329       6839
7391       6886
7198       6836
7245       6866
7266       6851
7253       6824
7365       6867
7309       6791
7311       6942
7286       6857
7442       6979
7497       6979
7427       6843
7532       6906
7511       7083
7398       6926
7454       6957
7491       6986
7421       6909
7360       6871
7387       6867
7404       6910
7512       7022
7508       6986
7506       7003
7539       7021
7423       6913
7353       6857
7317       6851
7316       6838
7401       6984
7307       6844
7374       6904
7165       6759
7267       6916
7143       6813
7220       6901
7287       6941
7275       6900
7305       6960
7375       6989
7249       6865
7351       6970
7455       7020
7589       7120
7602       7208
7646       7230
7698       7250
7612       7152
7378       6918
7487       7100
7398       6982
7208       6784
7252       6750
7415       7037
7456       7034
7509       7001
7346       6855
7421       6977
7416       6927
7443       6953
7443       6930
7520       6954
7344       6764
7343       6710
7428       6802
7440       6826
7211       6589
7118       6623
7238       6734
7071       6526
7252       6687
7178       6610
7271       6646
7203       6592
7230       6623
7235       6755
7244       6764
7199       6703
7074       6519
7031       6446
7046       6472
6936       6499
6890       6459
6898       6371
6885       6371
7010       6474
6968       6494
6916       6434
6930       6445
6952       6428
6904       6382
7074       6600
7194       6741
7242       6754
7302       6832
7171       6688
7050       6633
6977       6535
7088       6635
7162       6729
7162       6720
7059       6627
7037       6584
6986       6528
6809       6345
6817       6365
6768       6289
6562       6162
6455       6038
6302       5869
6055       5619
5946       5607
5977       5622
5828       5473
5923       5563
5938       5618
5980       5622
5922       5569
5896       5537
5962       5622
5811       5459
5645       5323
5592       5211
5585       5180
5590       5181
5439       5038
5460       5081
5529       5142
5593       5192
5645       5254
5592       5186
5615       5221
5512       5135
5492       5172
5586       5281
5843       5535
5736       5424
5800       5472
5812       5486
5955       5637
5927       5577
5988       5661
5915       5574
5886       5601
5962       5643
5914       5603
6054       5745
6188       5816
6094       5759
6250       5889
6179       5788
6300       5903
6399       6028
6528       6132
6599       6207
6789       6365
7096       6723
7176       6812
7305       6859
7216       6764
7010       6601
7022       6623
7047       6642
7049       6637
7077       6651
7141       6697
7336       6862
7434       6971
7471       7025
7120       6737
7021       6638
6950       6546
7026       6595
7114       6739
7091       6668
7171       6721
7201       6784
7223       6822
7243       6839
7332       6923
7373       6968
7388       7000
7222       6787
7215       6779
7271       6882
7397       7027
7411       7039
7508       7147
7580       7213
7622       7248
7552       7197
7465       7083
7325       6957
7455       7017
7381       7024
7346       7000
7380       6984
7455       7098
7282       6931
7189       6850
7173       6816
7187       6818
7319       6968
7172       6811
7182       6818
7330       6767
7425       6842
7247       6868
7094       6720
7111       6736
7047       6678
7108       6709
7050       6684
7017       6648
6957       6585
6984       6595
6932       6557
6809       6439
6747       6368
6704       6330
6659       6293
6671       6310
6757       6354
6842       6445
6877       6491
7031       6645
7108       6691
6965       6510
6840       6419
6586       6166
6607       6188
6314       5934
6302       5928
6263       5870
6335       5928
6275       5881
6278       5895
6254       5866
6189       5787
6075       5654
6120       5720
6023       5631
5996       5594
5910       5528
5862       5469
5843       5473
5824       5430
5841       5468
5808       5432
5771       5417
5806       5455
5707       5382
5682       5305
5665       5278
5669       5278
5675       5274
5622       5281
5693       5331
5715       5360
5735       5370
5683       5290
5706       5349
5654       5288
5663       5311
5665       5288
5623       5276
5611       5261
5668       5301
5617       5257
5641       5288
5619       5258
5650       5299
5629       5285
5641       5258
5623       5257
5640       5268
5615       5245
5638       5262
5658       5270
5632       5280
5651       5273
5626       5253
5616       5247
5627       5255
5657       5284
5673       5295
5625       5256
5629       5256
