0  1376146
40  2799
31  3400
31  2240
28  2045
29  3093
22  3114
34  6079
19  2795
21  3985
32  3026
31  3937
41  3061
50  4905
55  2763
51  4341
78  3402
57  2039
77  4413
55  4046
28  2056
62  3433
41  4358
62  2894
103  3028
49  4325
44  2758
52  2886
59  2539
65  3064
81  22707
62  2576
48  3270
56  1948
46  319273
46  2414
47  2227
52  2885
55  2191
55  2068
52  3030
53  2000
52  2687
78  2978
55  1979
45  1898
55  1902
67  2251
51  2798
50  2638
52  2132
63  338269
41  2451
68  2140
45  1795
51  1562
51  3677
50  2098
43  1940
66  2008
66  2189
48  3840
65  2220
46  1852
70  2325
45  2322
47  2448
54  2473
59  274775
56  3015
48  1872
50  3174
52  1988
55  2148
50  2470
75  2522
76  4585
70  2844
49  2103
83  2625
55  2311
67  2372
47  2043
92  2088
44  1976
57  581166
51  22191
64  2244
49  2620
52  2877
68  9697
54  2063
50  3391
59  2018
64  3589
59  4134
57  2482
55  2287
55  2912
60  2443
60  245880
64  2275
61  1862
58  3378
59  3283
53  2266
71  8022
67  2027
61  26213
86  4019
66  2502
64  3163
49  4026
66  3251
58  2034
52  293993
56  2739
63  2501
66  2475
59  2311
57  2653
69  2766
74  8185
79  3147
55  2268
65  3291
65  3289
77  2614
70  273084
75  2456
57  1938
62  3426
60  2473
67  25419
88  3515
65  1826
92  2683
77  2771
111  3385
78  252379
77  4581
72  2072
92  2058
59  3044
71  20412
77  2158
64  4426
64  2131
69  4552
53  404647
73  2995
69  1865
60  1904
59  2145
64  2456
89  2514
66  3229
72  3012
59  2372
53  462919
54  2840
58  4721
80  3059
99  4632
69  2363
49  1988
84  2237
67  2718
83  2855
65  531590
53  2230
49  2598
62  3303
52  2527
75  1898
64  2989
58  2794
62  3300
50  2388
57  2379
70  405258
59  5506
67  2507
77  3124
80  4478
109  14836
83  3065
67  3656
87  3017
67  4623
63  348120
60  7993
82  6473
58  1679
62  3600
80  4680
53  2105
71  2763
65  3309
66  1739
65  432735
54  2118
65  4648
55  3221
57  1952
59  4948
73  3941
78  7243
61  3933
63  396154
61  2446
57  5727
61  2468
84  3660
55  6357
45  2688
67  2442
55  522132
68  2389
51  4111
45  2752
54  2867
52  3119
65  3116
72  3108
73  360846
65  26632
64  2302
57  2834
56  4767
46  2944
60  1913
57  335834
50  3479
45  4728
40  3254
46  4661
50  3229
56  2704
57  2257
56  554323
46  1708
48  1490
48  2788
49  1666
46  4826
47  24911
57  2392
54  202109
46  2245
61  3907
50  3308
49  1875
49  5151
57  7233
61  2246
52  204275
54  2804
75  2961
54  2375
57  2387
77  1794
49  1856
54  328753
46  1595
52  1935
47  2427
52  1938
52  4363
47  2084
65  2532
65  2308
56  4652
46  268350
43  2841
49  1908
47  3090
49  2148
56  3953
50  1901
60  4402
53  5592
64  4447
62  292321
40  4307
45  2120
44  8989
56  6691
56  3212
44  2140
54  3864
48  2550
45  2264
60  287393
50  2056
47  2168
61  2559
62  2727
47  2848
46  26466
44  5888
51  498472
47  2471
49  2378
60  1910
47  2078
54  2017
54  10204
56  4707
58  3036
46  5537
76  3324
85  285818
71  2657
68  3359
51  2624
64  2893
63  3365
46  2443
47  2397
48  3547
47  2821
46  2270
62  6341
45  266098
49  3106
49  20915
65  3233
55  2690
44  2157
57  1998
65  2703
64  2291
56  571834
49  2417
52  2586
47  2553
61  2323
66  4253
68  5073
51  279884
49  21739
63  9703
73  2708
52  2741
46  1880
53  231036
53  2225
70  3085
61  9452
64  5277
65  2880
50  262886
53  4022
54  5730
53  4225
61  2258
54  2285
53  328488
57  4035
57  3005
53  5579
53  2926
50  2400
45  7115
38  1901
40  3046
39  2932
62  2741
71  3109
57  2904
51  12250
58  2620
57  3838
56  199652
59  3644
59  1719
62  3225
69  284492
72  3409
51  5182
56  6413
57  2958
55  315125
57  3624
79  3852
79  5477
80  3548
77  3013
70  710280
49  2105
50  2603
57  3153
48  4227
52  353255
49  3145
55  7058
52  3261
40  472336
46  4298
67  2685
67  5278
78  250363
62  3176
75  2891
78  3414
75  5022
73  4287
68  13682
64  2942
75  2575
67  3712
72  967316
57  4543
54  7092
58  8960
51  2921
66  4306
62  25874
72  2622
73  701026
43  4252
53  2868
45  2457
52  6213
50  2651
55  695064
48  2687
47  2696
49  4832
64  2360
67  389859
59  5404
57  2930
55  2348
59  6278
65  1035338
68  22888
57  3992
57  2758
89  4086
56  504455
67  2771
59  8930
67  2502
55  2582
60  2758
57  2836
54  1952
54  2799
57  3202
74  5824
56  749712
50  2329
64  3323
55  4646
66  738685
65  4427
58  3236
54  2883
63  369618
53  4787
64  5192
47  2919
39  317874
43  5815
46  3666
45  2498
50  2895
42  2267
55  3227
51  4291
53  4274
57  3943
56  14174
62  6110
44  2836
59  5567
42  702718
55  4073
54  8653
50  4139
56  7023
50  3619
44  2774
48  9372
51  4461
50  3824
46  653355
58  2157
45  25811
50  3230
56  4457
54  376557
51  4968
54  5833
68  2899
74  529790
73  4296
70  2640
67  4251
65  463837
61  5750
66  3871
67  3780
65  805088
76  4749
72  21756
75  21733
71  3631
78  7294
76  8590
78  5528
83  2710
78  310146
77  2203
76  25892
64  2559
66  847805
78  2587
69  4301
60  3149
63  365324
96  6371
85  4315
66  2662
63  842895
56  2970
110  5446
74  2709
76  505924
62  3106
58  3912
79  3142
77  373306
66  3975
77  3409
88  4904
70  3305
71  782085
76  3193
87  2535
93  6635
75  8696
76  3351
51  5646
63  5401
68  3055
84  3337
66  1104041
62  3716
92  5005
120  406686
82  5513
84  389481
82  2848
78  4436
87  4280
100  7748
70  4545
73  2523
75  4754
63  650382
74  5928
70  3918
67  5147
99  4097
89  4586
91  5398
92  665232
99  3077
84  2775
78  4572
93  2397
88  3646
80  3592
81  769050
75  2991
93  3088
82  2942
75  4782
84  610636
83  3723
83  3017
62  3858
74  4946
51  10406
53  3882
67  3740
49  4536
57  3370
48  4166
48  9176
57  8314
60  1861515
70  4542
52  3282
61  3896
60  5125
55  6362
35  2556
42  3037
47  2740
57  2996
47  2827
42  3047
36  3339
53  3825
38  4618
46  6398
36  3583
42  6452
37  2344
31  2832
35  3804
31  2746
41  4103
36  2856
32  3436
44  2625
31  2552
30  3239
36  2418
26  5158
47  2647
39  3303
45  4947
38  2899
33  6448
36  2968
30  4115
30  2444
49  20655
33  2672
