16938
16312
16121
16146
16220
16278
16374
16346
16451
16344
16581
16556
16558
16539
16522
16463
16455
16427
16439
16404
16459
16408
16369
16545
16460
16480
16666
16599
16625
16493
16486
16344
16306
16502
16452
16474
16555
16856
16780
16952
17010
17177
16963
17088
17055
17069
17058
17007
16999
17101
16897
16808
16703
16782
16908
16852
17007
17054
16930
17209
17242
17144
17099
17144
17093
16845
16755
16594
16641
16643
16445
16469
16503
16597
16668
16563
16517
16548
16592
16482
16320
16441
16283
16178
16066
15985
15971
16008
16009
16108
16104
16147
16094
15965
15896
15919
15838
15723
15710
15684
15665
15780
15684
15655
15762
15661
15669
15768
15735
15718
15694
15770
15734
15822
15941
15984
15817
15775
15770
15843
15904
15851
15669
15625
15695
15644
15692
15745
15835
15876
15831
15884
15797
15671
15694
15726
15576
15618
15743
15678
15728
15681
15752
15738
15801
15671
15755
15729
15631
15603
15694
15722
15736
15695
15753
15694
15680
15503
15529
15617
15777
15870
15777
15734
15781
15702
15759
15797
15806
15939
15753
15861
15650
15816
15737
15990
15883
15860
15821
15786
15864
15833
15719
15854
15849
15808
15623
15898
15830
15793
15928
15797
15766
15803
15752
15735
15792
15712
15690
15761
15876
15877
15785
15832
15697
15630
15589
15558
15656
15716
15864
15865
15820
15670
15717
15641
15697
15745
15762
15696
15786
15746
15672
15813
15741
15705
15722
15859
15855
15889
15873
15831
15766
15810
15774
15719
15872
15800
15792
15857
15902
15836
15767
15916
15846
15797
15619
15769
15639
15619
15569
15782
15723
15663
15733
15866
15981
15942
15813
15720
15745
15766
15700
15722
15707
15636
15667
15657
15619
15665
15550
15475
15449
15281
15150
15151
15068
14995
15016
14870
14794
14730
14545
14625
14584
14590
14446
14360
14347
14330
14282
14198
14012
13994
13863
13808
13625
13652
13603
13732
13643
13642
13471
13481
13491
13480
13504
13410
13301
13223
13377
13350
13258
13273
13179
13102
13045
12870
12808
12785
12812
12735
12731
12727
12722
12764
12694
12670
12606
12582
12524
12480
12470
12421
12357
12315
12331
12332
12364
12341
12394
12401
12268
12315
12303
12393
12224
12168
12187
12182
12148
12167
12163
12042
12056
12123
12090
12118
12135
12054
12085
12088
12076
12141
12084
12023
11992
11993
11993
12044
12026
11843
11848
11860
11869
11870
11862
11820
11837
11875
11727
11722
11765
11795
11682
11642
11609
11495
11529
11624
11491
11493
11620
11585
11549
11477
11361
11407
11467
11430
11398
11288
11262
11141
11181
11201
11158
11101
11125
11100
11007
10916
10985
10936
10837
10835
10822
10723
10723
10673
10716
10721
10622
10585
10563
10579
10436
10431
10433
10448
10269
10176
10184
10059
10067
9923
9914
9932
9825
9852
9582
9578
9609
9616
9475
9485
9444
9501
9415
9429
9288
9396
9321
9384
9350
9406
9458
9302
9429
9514
9508
9486
9544
9685
9654
9571
9460
9445
9448
9274
9191
9316
9345
9210
9046
9141
9294
9246
9173
9273
9528
9395
9274
9396
9558
9637
9529
9481
9660
9684
9684
9648
9743
9880
9781
9875
9961
10018
10158
10109
10210
10214
10395
10484
10406
10491
10621
10632
10523
10491
10655
10749
10754
10753
10952
10989
11004
11063
10992
10896
10904
10906
11146
11160
11176
11159
11043
11133
11084
11138
11009
11324
11358
11350
11331
11061
10952
10785
10872
11012
10831
10628
10749
10686
10769
10539
10356
10311
10244
10279
10422
10480
10439
10130
10131
9987
10072
10127
10107
10108
10271
10190
10256
10059
10261
10249
10420
10378
10572
10520
10739
10858
10793
10885
10944
10869
10953
11010
10964
10936
11098
11296
11361
11433
11460
11710
11598
11642
11499
11592
11569
11512
11389
11432
11706
11797
11702
11870
11948
11844
11779
12060
12048
11875
11894
11989
11932
11975
12032
12057
11953
11989
12057
12177
12232
12464
12342
12208
12459
12338
12394
12377
12418
12544
12610
12705
12486
12427
12090
12042
12008
12089
11909
11883
12038
12046
11983
11783
11756
11697
11929
11793
11834
11845
11825
11826
11788
11698
11713
11845
11871
11662
11838
11831
11719
11861
11917
11944
11901
11986
12088
12038
11969
11906
12034
11878
12121
12027
11908
12104
12093
12183
12137
12227
12174
12266
12048
12218
12238
12174
12330
12155
12457
12342
12427
12527
12483
12530
12420
12566
12425
12713
12464
12400
12321
12388
12393
12375
12513
12679
12448
12451
12569
12336
12379
12358
12294
12309
12188
12406
12419
12404
12511
12338
12375
12633
12550
12444
12484
12410
12316
12449
12386
12304
12278
12181
12286
12326
12243
12330
12284
12247
12364
12442
12473
12410
12311
12226
12275
12190
12535
12367
12537
12606
12387
12541
12348
12473
12442
12644
12677
12509
12611
12723
12668
12605
12402
12574
12783
12536
12704
12830
12749
12662
12785
13020
12896
12831
12828
12609
12951
12764
12667
12836
12734
12801
12824
12916
12972
12926
12906
12775
13001
12821
13015
12682
12765
12727
12396
12588
12591
12302
12404
12278
12194
12341
12145
12252
12496
12258
12396
12568
12474
12464
12415
12699
12485
12536
12608
12638
12661
12558
12560
12549
12661
12748
12353
12389
12376
12359
12541
12471
12468
12321
12102
12113
12076
12121
12102
11940
11963
11876
12171
12051
12006
12075
12126
12106
12101
11957
12160
12074
12267
11999
12277
12108
12228
11997
12161
11936
11898
12084
11916
11855
12034
11983
11906
12015
11966
11994
12010
11957
12287
12258
12172
12268
12154
12091
12081
12003
12075
11868
11685
11819
11968
12013
12081
11955
12053
11966
12172
11906
11832
11614
11652
11554
11482
11525
11623
11800
11776
11871
11821
11674
11674
11585
11631
11367
11496
11547
11300
11489
11364
11259
11254
11162
11022
10857
10967
10732
10867
10646
10537
10609
10483
10377
10476
10278
10323
10242
10352
10342
10229
10311
10337
10214
10129
10041
10123
9989
10052
10004
9868
10026
9674
9730
9660
9663
9765
9641
9725
9778
9581
9686
9602
9680
9714
9663
9763
9669
9882
9973
9735
9534
9563
9529
9378
9487
9312
9455
9410
9534
9802
9596
9691
9732
9724
9797
9794
9778
9947
9866
9964
10005
10155
10010
10051
10137
10053
10025
10282
10181
10127
10214
10317
10377
10572
10477
10524
10648
10942
10964
10910
11107
11022
11201
11309
11213
11369
11399
11388
11717
11538
11724
11863
11736
11943
12015
12207
12108
11989
11786
11743
11820
11728
11596
11753
11705
11718
11628
11782
11950
11944
12187
12303
12445
12409
12600
12512
12310
12093
12214
11994
12218
12212
12177
12409
12087
12452
12302
12423
12376
12382
12408
12206
12062
12415
12126
12274
12291
12314
12394
12280
12180
12309
12233
11972
12030
12061
12335
12161
12445
12346
12309
12381
12468
12600
12598
12729
12817
12846
12641
12662
12625
12693
12470
12425
12637
12473
12588
12500
12534
12147
12320
12408
12582
12674
12464
12249
11962
12089
12132
12043
12084
12058
12151
12369
12315
12016
12307
12053
12545
12391
12857
12760
12720
12673
12610
12476
12707
12634
12695
12548
12539
12615
12514
12468
12594
12443
12403
12395
12331
12386
12350
12327
12065
12064
11876
11965
11906
11949
12054
11843
11832
11916
11879
11996
12192
11979
11994
11933
12033
12041
12022
12188
12050
12062
11991
11962
11784
11615
11666
11652
11531
11286
11265
11202
11279
11108
10934
11143
10990
10936
10984
10911
10876
10860
10937
10873
10815
10586
10633
10719
10596
10642
10592
10638
10489
10406
10495
10512
10522
10328
10475
10365
10471
10436
10312
10387
10355
10231
10240
10220
10100
10156
10071
10089
10133
10114
10053
10046
10054
10029
10092
9947
10007
10019
10121
10051
10088
10119
10077
10095
10193
10105
10075
10052
10070
10092
10028
10065
10061
10014
10008
9965
10056
10059
10010
9997
10032
9971
9990
9970
9958
10031
10018
10029
10054
10012
9995
9962
10056
10030
9960
10021
9969
10071
10067
10056
10023
10020
10047
10039
10040
10029
10003
9983
9993
10031
10005
10015
10043
10069
9991
10005
9993
10009
10043
