61.1381   541.043   602.181 0.10442   0.0224723
63.4131   675.151   738.564 0.111643   0.0280979
64.0304   649.791   713.822 0.111616   0.0268749
61.4091   634.107   695.516 0.107359   0.0260472
65.5581   643.281   708.839 0.110089   0.0261438
63.7811   668.782   732.563 0.110635   0.0274688
67.5367   668.966   736.502 0.113507   0.0273058
62.6647   713.913   776.578 0.107949   0.0295048
62.1801   767.217   829.397 0.107827   0.0318409
65.0474   888.139   953.187 0.116156   0.0375535
66.4241   1137.08   1203.5 0.11904   0.0479764
70.0634   1285.7   1355.76 0.121722   0.0535667
70.2215   1366.98   1437.2 0.12562   0.057441
70.3728   1446.8   1517.17 0.125741   0.063201
67.3154   1374.78   1442.1 0.124275   0.0599884
74.3579   1328.28   1402.64 0.125562   0.0580059
72.1759   1316.13   1388.31 0.121151   0.0570841
73.9578   1324.89   1398.84 0.12269   0.0565167
73.9861   1395.77   1469.76 0.121648   0.0588913
75.2662   1400.8   1476.06 0.123895   0.0593231
73.9379   1388.11   1462.04 0.126174   0.0582268
74.389   1371.57   1445.96 0.123775   0.0574478
73.1868   1346.01   1419.2 0.124679   0.0567339
73.9043   1356.11   1430.01 0.124923   0.0567648
71.019   1399.61   1470.63 0.124551   0.0584942
70.2581   1406.05   1476.31 0.124571   0.0587396
72.7897   1410.37   1483.16 0.12537   0.0582883
72.7597   1320.67   1393.43 0.123573   0.0544495
78.0057   1289.83   1367.83 0.125951   0.053377
75.8017   1314.4   1390.2 0.126294   0.0549305
71.1127   1335.38   1406.49 0.12658   0.0569078
73.7736   1337.14   1410.92 0.124533   0.058206
69.7527   1474.14   1543.89 0.126593   0.0652723
62.4944   967.46   1029.95 0.102349   0.0393975
67.8008   1191.06   1258.87 0.109391   0.0484799
62.8738   1043.19   1106.06 0.108105   0.0423939
61.558   1065.27   1126.83 0.112455   0.0439903
68.6481   1237.94   1306.58 0.116432   0.0510098
69.9989   1243.56   1313.56 0.121491   0.0523438
68.4754   1288.55   1357.03 0.123937   0.0548792
67.4076   1323.34   1390.75 0.12034   0.0566788
66.5661   1300.26   1366.82 0.115034   0.0558534
69.8009   1299.77   1369.57 0.117576   0.054744
69.9965   1253.62   1323.61 0.120097   0.0526357
73.8725   1242.04   1315.91 0.125172   0.0523766
71.6013   1251.39   1322.99 0.123097   0.0529038
68.006   1288.42   1356.43 0.12162   0.0554386
68.9744   1381.33   1450.3 0.123684   0.061193
73.8155   1455.32   1529.13 0.126976   0.064329
68.9133   1533.18   1602.1 0.123908   0.0668694
53.9783   872.54   926.518 0.0970483   0.0363074
58.5276   890.836   949.364 0.098931   0.0372888
60.635   952.642   1013.28 0.101908   0.0394602
61.329   975.199   1036.53 0.103161   0.0404091
60.4057   1027.57   1087.98 0.103375   0.0422657
61.0488   1051.77   1112.82 0.101833   0.0432989
63.7412   1084.77   1148.51 0.104924   0.0444248
65.1452   1175.38   1240.53 0.1061   0.0486438
63.3517   1147.43   1210.79 0.108017   0.0474013
64.7739   1270.79   1335.57 0.110806   0.0527822
66.38   1255.57   1321.95 0.111438   0.0524643
68.3471   1262.37   1330.72 0.112506   0.0526526
68.4526   1286.29   1354.74 0.112165   0.0535509
69.401   1270.8   1340.2 0.114649   0.0529244
67.7508   1347.3   1415.05 0.112091   0.0564376
69.546   1389.74   1459.29 0.116265   0.0588296
63.8315   1383.24   1447.07 0.110544   0.0584164
56.0377   872.669   928.706 0.092319   0.0352945
59.0626   913.327   972.39 0.0980022   0.0368711
57.167   879.394   936.561 0.0910786   0.0356663
60.2788   898.508   958.787 0.0953276   0.0366696
65.3628   943.369   1008.73 0.102584   0.0381784
63.4391   1044.42   1107.86 0.106531   0.0427628
64.1402   1096.82   1160.96 0.102297   0.0448175
62.7872   1134.33   1197.11 0.104096   0.0463311
62.2047   1195.98   1258.19 0.106907   0.0490993
59.3655   1209.57   1268.94 0.105445   0.0494194
60.3172   1235.54   1295.86 0.104717   0.0509832
64.7703   1258.37   1323.14 0.108337   0.0512841
67.9009   1253.75   1321.65 0.110798   0.0512892
66.7614   1310.09   1376.85 0.109475   0.0537327
62.6625   1324.83   1387.5 0.110548   0.0542813
66.8227   1321.1   1387.92 0.112958   0.0541352
66.5445   1356.63   1423.17 0.112028   0.0556833
58.2166   915.197   973.414 0.0934885   0.0368615
63.9737   944.276   1008.25 0.0961528   0.0379045
63.2008   895.03   958.231 0.0998432   0.0357229
62.5424   906.829   969.371 0.0984144   0.0363167
62.7958   1079.44   1142.23 0.0979872   0.0430203
68.2727   1033.76   1102.03 0.103287   0.0414267
69.6175   1068.12   1137.73 0.104823   0.0427586
72.4966   1155.22   1227.71 0.104829   0.0463658
68.6062   1174.45   1243.05 0.100849   0.0472267
69.4348   1237.44   1306.88 0.103656   0.0493699
68.315   1263.1   1331.42 0.103351   0.050675
70.0698   1269.09   1339.16 0.106814   0.0505956
68.2768   1285.49   1353.76 0.107233   0.0513881
78.6778   1322.86   1401.54 0.114097   0.0528929
79.4541   1352.19   1431.64 0.11339   0.0537119
63.128   828.552   891.68 0.0908099   0.0327019
67.8412   907.364   975.205 0.0961377   0.0359416
70.8203   903.821   974.641 0.100272   0.0358229
68.7781   943.673   1012.45 0.102348   0.0372146
72.6604   1028.85   1101.51 0.103928   0.0404887
74.6823   1050.19   1124.87 0.104786   0.0414249
70.0855   1079.21   1149.29 0.100347   0.0427146
72.4977   1130.81   1203.31 0.101234   0.0446473
70.266   1179.07   1249.33 0.101373   0.0463673
76.9892   1227.3   1304.29 0.104768   0.0481927
77.7157   1237.9   1315.61 0.10865   0.0489953
77.7534   1186.72   1264.47 0.109512   0.0469812
78.001   1267.68   1345.68 0.109283   0.0502698
76.3311   1223.57   1299.9 0.110305   0.0487066
81.1666   1317.24   1398.41 0.114602   0.0522018
59.5505   827.962   887.512 0.0876111   0.0318414
60.9907   1054.88   1115.87 0.0940179   0.0405838
62.6533   967.897   1030.55 0.0957087   0.0373208
70.3276   991.399   1061.73 0.0989732   0.0384928
68.8838   982.291   1051.17 0.101468   0.0383101
64.4259   963.057   1027.48 0.0987478   0.0376909
65.8862   1059.9   1125.79 0.0970878   0.0414628
65.8985   1066.83   1132.73 0.0993008   0.0418372
67.232   1112.97   1180.2 0.0983883   0.044135
68.0605   1184.16   1252.22 0.100698   0.047381
62.7384   969.367   1032.11 0.0910076   0.0372568
60.6892   1141.47   1202.16 0.0933201   0.0443262
66.5023   1172.03   1238.54 0.0977017   0.0456484
72.9733   1367.39   1440.36 0.103744   0.0532958
73.0111   1505.09   1578.1 0.112152   0.0597453
77.7288   1604.64   1682.37 0.116114   0.064835
80.8858   1682.84   1763.73 0.122554   0.0693533
66.8102   978.916   1045.73 0.0996721   0.0402974
61.192   1037.25   1098.44 0.0999053   0.0436677
64.4746   1043.1   1107.57 0.104565   0.0446839
63.8488   1030.52   1094.37 0.102371   0.0445932
64.7616   1050.43   1115.19 0.106358   0.0461537
67.5886   1072.65   1140.23 0.108473   0.0475563
49.3708   812.248   861.618 0.087727   0.0358698
54.8579   874.319   929.177 0.0948441   0.0391645
61.4598   924.137   985.597 0.103754   0.0415215
62.2226   914.137   976.36 0.100241   0.0412461
65.4083   904.151   969.559 0.106371   0.0409937
68.2823   919.639   987.921 0.108643   0.0424429
45.3843   667.209   712.594 0.083015   0.0307695
59.1683   865.243   924.412 0.0964963   0.0400644
57.7628   943.832   1001.59 0.0994481   0.0440842
56.1867   926.579   982.766 0.0958817   0.043641
54.1958   862.826   917.021 0.0965769   0.040802
61.2096   912.095   973.305 0.0999205   0.0433238
47.7348   645.199   692.934 0.0828468   0.030619
52.9973   710.589   763.586 0.0879016   0.0338631
54.1552   755.847   810.002 0.0922706   0.0365127
55.17   768.964   824.134 0.093064   0.0370426
57.3359   789.339   846.675 0.0946789   0.038147
55.5368   884.239   939.775 0.0951515   0.043125
49.398   724.454   773.852 0.0894891   0.0353759
51.79   746.338   798.128 0.0917314   0.036547
55.2301   819.205   874.435 0.0955157   0.040538
56.463   809.122   865.585 0.0977519   0.0400908
52.2184   753.216   805.435 0.0924975   0.0375016
51.7977   833.603   885.4 0.0942389   0.0420132
46.1695   680.445   726.615 0.0897164   0.0345802
51.5598   710.955   762.515 0.0987154   0.0359826
49.9373   712.73   762.667 0.0979605   0.0360261
53.7836   735.186   788.97 0.099571   0.0376846
53.9011   731.689   785.59 0.0980528   0.0379836
45.2259   567.459   612.685 0.0858324   0.0295278
46.3627   627.797   674.16 0.0939149   0.0331755
53.7293   706.609   760.338 0.0994198   0.0379219
53.3003   683.167   736.467 0.101928   0.037353
56.9804   747.14   804.121 0.108564   0.0420003
45.5583   621.385   666.943 0.0936376   0.0348969
47.9097   628.155   676.064 0.096172   0.0358778
50.6646   663.052   713.717 0.106335   0.0388934
53.5664   772.066   825.632 0.109558   0.0470588
55.171   736.986   792.157 0.113628   0.0458616
45.8085   604.12   649.928 0.099754   0.0388147
51.9997   731.061   783.061 0.114465   0.0482401
56.5237   753.384   809.908 0.118374   0.051026
56.0592   782.909   838.968 0.119255   0.0546695
58.6805   853.596   912.276 0.128422   0.0612303
43.2475   601.182   644.43 0.0938632   0.0412928
47.7264   714.188   761.914 0.103666   0.048974
50.7043   789.593   840.297 0.110668   0.0545563
54.9418   777.832   832.774 0.11761   0.0547375
54.1057   793.138   847.244 0.123226   0.0568583
42.6377   553.958   596.596 0.0937092   0.0391136
46.8434   597.388   644.231 0.105841   0.0434343
50.9523   614.604   665.556 0.113296   0.0444276
54.6305   696.147   750.778 0.117895   0.050619
56.7738   721.503   778.277 0.124169   0.0524627
62.8746   748.939   811.813 0.131136   0.0547682
42.6203   581.99   624.61 0.0959719   0.0403833
45.8502   607.264   653.115 0.101012   0.0428705
53.9928   724.691   778.684 0.119036   0.0505363
53.1642   797.282   850.446 0.120896   0.0555704
57.6327   807.246   864.879 0.126642   0.05587
58.7396   852.703   911.442 0.125713   0.0591819
46.2872   656.032   702.319 0.100189   0.0423033
51.8237   772.876   824.7 0.111123   0.0502428
57.1161   774.331   831.447 0.11979   0.0501688
54.2534   979.681   1033.93 0.122023   0.0633706
56.2645   987.563   1043.83 0.123283   0.0640066
47.711   780.743   828.454 0.103315   0.0489435
45.5151   877.458   922.973 0.106638   0.0550711
53.7617   932.996   986.758 0.112882   0.058371
57.7611   1261.22   1318.98 0.131297   0.0755526
59.2195   784.479   843.699 0.10848   0.0459986
54.1318   851.592   905.724 0.106675   0.0516565
54.2462   877.428   931.675 0.108758   0.0540459
57.7686   980.433   1038.2 0.112196   0.061178
58.3178   1004.74   1063.06 0.115538   0.0622365
57.0517   990.276   1047.33 0.117605   0.0613524
54.219   1070.31   1124.53 0.118124   0.0694716
47.9907   792.004   839.994 0.101033   0.0491013
45.4232   890.629   936.052 0.106079   0.0556361
48.0651   825.732   873.797 0.104997   0.0507691
53.5144   958.539   1012.05 0.11321   0.0584183
55.1019   986.587   1041.69 0.117739   0.0599451
54.3952   1108.45   1162.84 0.12401   0.0661549
55.4184   1192.16   1247.58 0.123301   0.06969
55.7645   650.17   705.934 0.0993627   0.0355891
56.9248   624.814   681.739 0.100154   0.0337122
59.0759   770.324   829.4 0.10296   0.0413128
59.2179   864.134   923.352 0.109505   0.0465434
61.2961   888.772   950.068 0.114438   0.0476876
61.5117   863.236   924.748 0.113911   0.0464036
67.9649   967.885   1035.85 0.120387   0.0520757
48.6936   680.284   728.978 0.0883732   0.0355583
52.9984   809.785   862.783 0.0975356   0.0419697
52.9711   838.457   891.428 0.0932042   0.0430044
57.0325   935.319   992.351 0.0974359   0.0482759
63.4804   990.114   1053.59 0.108205   0.0507355
63.8375   1031.85   1095.69 0.112809   0.0525685
60.9547   1069.66   1130.61 0.111861   0.053998
64.1168   1193.46   1257.58 0.119287   0.0593434
53.4801   709.138   762.618 0.0938453   0.0343055
61.9381   804.08   866.018 0.0976942   0.038905
69.8601   862.212   932.072 0.107606   0.0418624
63.6531   850.379   914.032 0.103895   0.0415508
67.9139   842.684   910.598 0.105003   0.0422083
65.0316   863.93   928.961 0.103848   0.042927
61.2437   854.436   915.679 0.102988   0.043096
66.9996   889.607   956.606 0.107774   0.0450211
54.1349   646.036   700.171 0.0907795   0.0323207
57.393   688.711   746.104 0.0910097   0.033963
56.1084   699.122   755.23 0.0899894   0.0344567
64.3042   808.16   872.464 0.098475   0.0402095
76.0658   1028.53   1104.6 0.111971   0.0509145
75.1844   1002.24   1077.42 0.110746   0.0494926
69.1804   1076.16   1145.34 0.110473   0.0528028
67.8682   1120.18   1188.05 0.114274   0.0553801
60.4584   705.516   765.974 0.0947253   0.0336244
60.3103   806.489   866.799 0.100406   0.038581
70.4918   838.584   909.076 0.105804   0.040163
68.0657   907.052   975.117 0.107718   0.0432871
65.9779   987.075   1053.05 0.10634   0.0468304
59.0862   682.429   741.515 0.0898992   0.0309181
61.2006   779.16   840.361 0.0977254   0.035389
69.3298   871.834   941.164 0.104517   0.0398043
67.1264   879.16   946.287 0.101416   0.0404776
69.6571   627.558   697.215 0.091896   0.0289404
73.6588   721.597   795.256 0.101301   0.0331283
69.4392   750.437   819.876 0.0966522   0.0348087
77.2236   901.976   979.199 0.108902   0.0418352
58.1662   675.001   733.167 0.0881139   0.030939
61.7613   790.332   852.094 0.0933832   0.0363238
67.0501   904.765   971.815 0.0982779   0.0416096
69.9754   907.223   977.198 0.101355   0.0416658
56.4469   714.377   770.824 0.0883363   0.0327987
65.5631   787.58   853.143 0.0932287   0.0360098
64.7333   728.987   793.72 0.0925328   0.0336903
63.1269   694.712   757.838 0.0888485   0.032176
63.5178   643.265   706.783 0.0904039   0.0295068
59.445   642.137   701.582 0.0862355   0.0293678
59.4896   654.916   714.406 0.0880395   0.0299749
52.6639   665.964   718.628 0.0827491   0.030231
53.9282   719.311   773.239 0.0824906   0.0328248
63.4082   829.472   892.88 0.0942172   0.0375682
60.717   837.534   898.251 0.0975635   0.038304
67.6135   905.171   972.785 0.104133   0.041514
67.7852   963.889   1031.67 0.102226   0.0444462
52.7066   618.851   671.558 0.0837943   0.0281779
53.4846   744.485   797.97 0.0896791   0.0337653
60.5489   851.423   911.972 0.0965009   0.0386144
65.1234   777.266   842.39 0.0974739   0.0357726
55.76   639.271   695.031 0.0871761   0.0291459
65.2497   761.231   826.481 0.0987136   0.0347721
58.0741   652.187   710.261 0.0920767   0.0297981
60.8914   684.619   745.51 0.0924398   0.0315283
60.3087   739.764   800.072 0.0957281   0.0341052
55.2452   637.204   692.449 0.0873442   0.0291431
61.0704   759.373   820.443 0.0940027   0.0349584
60.3132   811.664   871.977 0.0962701   0.0370823
53.9133   744.387   798.3 0.0875571   0.0338552
64.6028   863.836   928.439 0.100108   0.039417
62.8634   819.994   882.858 0.09879   0.0373388
60.9925   941.014   1002.01 0.104638   0.0430071
57.6501   959.535   1017.19 0.101338   0.044099
56.3819   741.848   798.23 0.0990507   0.0343402
57.1116   778.525   835.637 0.0983835   0.0365767
55.4157   774.406   829.821 0.0982548   0.0367388
59.6696   805.045   864.715 0.103056   0.037719
60.1956   861.709   921.905 0.101977   0.0408009
50.4781   667.903   718.381 0.0911157   0.0315714
51.6302   684.938   736.568 0.0910854   0.0324669
53.7079   698.689   752.397 0.0941301   0.0334594
54.4666   721.385   775.852 0.0964011   0.0349216
44.2475   562.786   607.033 0.0851147   0.0272436
46.5631   578.904   625.467 0.0896738   0.0285137
49.6198   734.557   784.177 0.0956066   0.036139
45.9429   670.694   716.636 0.0874603   0.0328482
47.8075   625.532   673.34 0.0882057   0.0310043
49.8248   607.982   657.807 0.0903605   0.0308381
49.4129   584.768   634.181 0.0873637   0.0293055
48.3712   637.222   685.593 0.0906846   0.0320383
47.8828   666.631   714.513 0.0905469   0.0343801
47.8816   590.909   638.791 0.086805   0.0304514
51.0154   657.319   708.334 0.0907074   0.032926
51.8923   779.498   831.39 0.0964241   0.0401498
48.5593   774.387   822.946 0.0969423   0.0406982
50.5179   763.998   814.516 0.0957604   0.0411707
52.0715   734.578   786.649 0.0960729   0.0414424
38.5243   532.086   570.61 0.0822818   0.0304864
35.4936   572.16   607.654 0.0858465   0.0329627
31.1303   495.62   526.751 0.0797985   0.0289008
38.5156   609.194   647.709 0.0908864   0.0355151
39.6415   643.765   683.406 0.0913398   0.0376627
35.0597   544.231   579.291 0.0873373   0.0328977
37.9481   514.118   552.066 0.0882001   0.0315684
34.7251   506.586   541.311 0.0863808   0.031641
34.6239   576.84   611.464 0.093578   0.0359181
35.0494   617.643   652.692 0.0872806   0.0387821
35.229   584.379   619.608 0.0905297   0.0361528
35.341   571.649   606.99 0.0884632   0.0353746
35.6922   577.635   613.327 0.0909521   0.0357925
33.1364   523.294   556.43 0.0920455   0.0331749
39.8809   611.546   651.427 0.0948724   0.038516
41.3185   594.439   635.758 0.0984008   0.0363343
36.7018   568.501   605.203 0.0936004   0.034708
38.7723   555.22   593.992 0.09237   0.0332126
36.5111   506.4   542.911 0.0850508   0.0299734
39.8465   522.48   562.327 0.0889999   0.0306545
36.2131   482.772   518.985 0.0839099   0.0277998
35.2691   542.118   577.387 0.0869768   0.0310145
34.6138   567.185   601.799 0.0843064   0.0321966
35.8167   519.683   555.499 0.0853033   0.0288306
40.7444   604.78   645.525 0.0902313   0.0328445
43.662   647.598   691.26 0.085333   0.0345425
47.0963   644.584   691.68 0.088727   0.033145
54.6017   772.568   827.17 0.100003   0.0388429
52.8124   692.459   745.271 0.0984972   0.0348918
50.5854   745.259   795.845 0.0975683   0.0379322
60.9412   832.368   893.31 0.109048   0.0411543
55.0004   863.647   918.647 0.102832   0.0412784
50.5306   736.37   786.901 0.0916378   0.0354537
48.7513   740.812   789.563 0.0884632   0.035544
48.2379   684.678   732.916 0.087025   0.032482
50.8786   805.589   856.467 0.0897924   0.0374016
50.0489   675.606   725.655 0.0898314   0.0313243
54.3492   884.631   938.98 0.0963639   0.0411873
50.9568   835.178   886.135 0.0871462   0.0379587
52.7276   777.995   830.722 0.0902729   0.0348273
50.8528   768.966   819.819 0.0874636   0.0343744
55.5472   797.334   852.881 0.0938298   0.036402
56.8962   819.796   876.692 0.0931578   0.0375256
53.9032   735.16   789.063 0.0865104   0.0338388
43.6877   591.687   635.375 0.0733894   0.0274002
40.3355   554.063   594.399 0.0708544   0.0255354
51.6878   670.496   722.184 0.0867682   0.0308041
65.9767   935.72   1001.7 0.0998639   0.0427053
49.1702   705.045   754.216 0.09032   0.0321331
54.6877   799.828   854.516 0.0963258   0.0371524
44.741   661.616   706.357 0.0888158   0.0316946
46.2775   648.382   694.659 0.0846798   0.0315269
52.4735   753.975   806.448 0.0937235   0.0370106
56.9835   872.789   929.773 0.10758   0.0432207
57.4707   814.072   871.542 0.112909   0.0429288
40.1973   632.642   672.839 0.0990943   0.0343113
38.826   592.898   631.724 0.090915   0.0331257
30.9057   423.609   454.514 0.0820324   0.0240824
30.5289   410.993   441.522 0.0819569   0.0232194
32.7597   480.987   513.746 0.0914437   0.0281493
39.7702   537.046   576.816 0.101403   0.0316341
36.2801   534.421   570.701 0.0939249   0.0323489
29.5203   330.641   360.162 0.076716   0.0199275
29.0773   346.256   375.333 0.07799   0.0208531
26.8214   353.023   379.844 0.0730497   0.0214044
30.141   359.155   389.296 0.079249   0.0214812
27.142   364.025   391.167 0.0726692   0.0217188
26.856   368.478   395.334 0.074071   0.022181
28.0282   380.4   408.428 0.0742796   0.0228762
29.1378   378.415   407.553 0.0764103   0.02261
31.0567   361.597   392.653 0.0769207   0.0216723
31.7177   351.2   382.918 0.0812024   0.0211302
31.7476   358.195   389.943 0.0825328   0.0214035
30.7678   356.369   387.137 0.0770639   0.0213689
28.6672   351.145   379.813 0.0779848   0.0209534
29.4876   365.604   395.092 0.0782996   0.0218893
26.1868   368.695   394.882 0.0732497   0.022064
26.8753   339.4   366.275 0.0717824   0.020301
28.7925   335.603   364.395 0.0744955   0.0200169
27.5621   339.631   367.193 0.0725956   0.0201645
26.3619   341.049   367.411 0.0720269   0.0202409
31.3842   351.499   382.883 0.0757462   0.0209892
30.6154   348.08   378.695 0.0738906   0.0207677
28.2716   346.449   374.721 0.0717554   0.0205934
29.2294   349.936   379.165 0.0738117   0.0207542
31.8635   350.107   381.97 0.0771514   0.0208465
31.7506   348.141   379.892 0.0751494   0.0208094
30.9954   348.756   379.751 0.0771031   0.0207943
