1367         1367
1271         568
1290         585
1273         568
1299         573
1306         572
1329         595
1361         576
1352         595
1366         580
1311         576
1294         560
1309         558
1292         575
1296         559
1239         559
1267         541
1288         592
1328         595
1367         602
1398         608
1363         607
1344         586
1376         601
1323         587
1334         591
1305         570
1273         564
1302         580
1325         588
1385         619
1378         600
1317         561
1339         592
1310         551
1337         610
1303         619
1292         581
1216         547
1264         589
1263         576
1271         552
1255         560
1253         578
1295         593
1301         582
1280         590
1285         581
1259         559
1263         557
1242         581
1237         556
1228         556
1301         591
1330         595
1313         594
1297         584
1322         599
1325         607
1334         614
1338         586
1317         584
1369         595
1349         607
1352         610
1337         605
1321         604
1346         598
1318         577
1346         607
1351         602
1360         627
1317         632
1375         637
1327         595
1344         627
1310         603
1290         581
1270         563
1277         576
1324         597
1334         612
1304         609
1273         566
1326         591
1308         594
1317         622
1365         665
1325         633
1327         635
1349         640
1353         661
1352         664
1394         691
1417         680
1369         669
1396         661
1372         656
1395         636
1408         689
1424         700
1398         695
1455         705
1435         706
1419         672
1421         699
1457         712
1433         698
1455         716
1488         693
1490         734
1445         715
1445         710
1476         713
1441         692
1497         708
1501         679
1427         648
1437         654
1485         710
1463         678
1432         652
1495         678
1519         663
1509         683
1517         675
1514         689
1453         650
1486         680
1474         703
1440         651
1422         669
1410         660
1395         670
1329         612
1339         616
1319         623
1310         608
1298         623
1277         562
1319         578
1262         592
1313         620
1308         614
1345         628
1319         546
1335         613
1312         580
1312         586
1258         561
1338         612
1305         576
1346         602
1339         586
1341         592
1367         605
1320         583
1247         552
1290         564
1277         578
1281         577
1278         564
1253         549
1213         514
1241         522
1248         509
1255         540
1223         549
1214         526
1202         493
1233         540
1188         522
1186         524
1156         486
1103         498
1092         476
1081         488
1060         485
1042         459
1013         454
1024         477
1065         470
1029         456
1059         460
1027         460
1007         458
1028         467
983         439
1039         455
983         442
986         449
1024         463
977         457
1032         479
1009         444
986         453
986         453
964         439
993         455
1009         467
1073         462
1055         466
1079         476
1065         444
1090         456
1080         461
1030         426
1092         476
1149         439
1199         545
1111         507
1076         498
1113         514
1044         504
1059         485
1058         459
1007         475
1030         428
1072         457
1078         472
1073         468
1084         438
1103         449
1125         561
1130         568
1079         573
1031         540
1028         535
1018         540
1065         564
1040         551
1031         543
1060         568
1063         585
1070         586
1066         565
1042         544
1088         537
1097         569
1163         634
1210         649
1158         612
1196         646
1166         626
1113         594
1186         621
1139         596
1174         630
1165         623
1214         653
1243         679
1239         678
1225         626
1203         593
1242         638
1202         600
1259         666
1256         631
1249         620
1286         657
1247         626
1261         663
1294         661
1372         758
1323         727
1323         718
1298         709
1261         660
1264         661
1289         682
1296         690
1267         639
1316         703
1280         699
1283         710
1289         702
1298         689
1276         675
1264         636
1319         653
1324         673
1198         622
1254         649
1234         663
1275         629
1228         596
1283         627
1302         668
1306         639
1297         661
1271         630
1265         658
1239         630
1215         632
1234         649
1224         626
1249         615
1237         645
1217         636
1215         582
1169         568
1153         569
1121         580
1098         564
1146         579
1133         590
1154         554
1167         566
1149         570
1184         565
1107         519
1141         519
1137         519
1139         525
1185         542
1156         551
1168         565
1091         533
1111         528
1125         551
1096         562
1122         538
1035         500
1078         527
1046         542
934         468
892         413
852         390
930         423
900         434
833         401
856         430
806         402
791         370
820         401
827         389
835         399
802         392
799         360
816         420
865         419
841         392
871         419
913         429
938         447
936         431
891         405
930         410
912         419
962         451
1089         511
1111         530
1151         546
1162         536
1141         518
1138         558
1143         534
1197         551
1182         551
1187         554
1208         566
1196         557
1143         564
1200         584
1233         584
1253         581
1246         592
1263         610
1291         623
1264         595
1210         569
1249         595
1392         660
1242         544
1227         567
1147         503
1199         546
1201         559
1125         529
1044         509
923         405
948         427
879         376
887         372
848         358
907         392
887         386
858         384
831         372
856         367
870         380
891         373
872         362
881         377
876         381
874         403
874         390
871         384
850         399
831         367
848         376
846         357
852         374
853         386
857         379
851         366
862         414
869         414
857         394
859         396
851         413
870         422
847         402
