26708       26708
25484       23948
25617       24076
25706       24028
25855       24178
26029       24344
26268       24605
26012       24347
26134       24499
25920       24196
25872       24095
25495       23650
25827       23700
26257       24001
26186       23798
25442       22892
25501       22917
25487       22899
25829       23056
26289       23442
26689       23700
26590       23613
26743       23839
26727       23875
26469       23725
26495       23890
26369       23927
26358       23937
26591       24196
26731       24255
26963       24164
26888       23928
26659       23465
26309       22972
26130       22584
25735       24556
25874       24568
25934       24607
25649       24216
25832       24268
25341       23757
25189       23479
25027       23348
24960       23279
25339       23742
25432       23816
25296       23713
25274       23654
24910       23240
24427       22573
24500       22623
24804       22928
24802       24032
24669       23890
25002       24141
25027       24133
25227       24312
25257       24291
25403       24418
25173       24163
25234       24206
25129       24076
25098       23932
25119       23975
25249       24019
25260       24011
25269       23872
25089       23623
25137       23679
25381       24725
25467       24770
25350       24656
25199       24502
25438       24709
25115       24423
25194       24473
25296       24483
25190       24358
25282       24475
25069       24234
25362       24537
25304       24444
25294       24381
25321       24406
25349       24403
25324       24363
25354       24828
25483       24912
25593       25054
25526       24970
25686       25091
25575       24953
25598       24980
25568       24915
25538       24868
25729       25064
25617       24925
25756       25083
25710       25015
25694       25010
25902       25174
25761       25336
25708       25245
25707       25230
25881       25357
25971       25410
25942       25351
25867       25265
25930       25327
26093       25428
26167       25466
26009       25265
26015       25259
26110       25217
26057       25121
26301       25233
26418       26002
26513       25992
26377       25934
26246       25755
26113       25640
26000       25551
26186       25562
26299       25499
26347       25217
26534       24992
26472       26018
26423       25751
26325       25675
26306       25656
25970       25191
25528       24749
25094       24264
24686       24292
24221       23753
23822       23343
23555       23109
23289       22759
23070       22555
22944       22644
22647       22324
22569       22256
22470       22163
22366       22055
21997       21667
21920       21684
21821       21596
21647       21409
21472       21231
21394       21146
21362       21053
21262       21071
21170       20984
20930       20700
21008       20758
20982       20692
20850       20504
20657       20478
20597       20421
20430       20208
20409       20182
20350       20084
20130       19841
19871       19677
19963       19758
20051       19783
19822       19508
19604       19263
19358       19217
19090       18923
18868       18633
18580       18289
18152       17788
17969       17806
17707       17508
17303       17047
16725       16406
16482       16069
15750       15564
15468       15154
15204       14764
14933       14320
14688       13940
14691       14559
14852       14583
14835       14473
14651       14210
14394       13949
14291       14162
14049       13753
14278       13833
14375       13752
14430       13752
14485       13674
14623       14411
14497       14165
14922       14340
15077       14347
15419       14448
15668       14408
15805       15507
15808       15382
16038       15434
16408       15459
16330       15429
16281       15951
16604       15933
16805       15983
17782       16693
17587       17054
17184       16485
17080       16234
16878       16025
16814       16143
16842       16140
16522       15406
16657       16130
16608       16008
16877       16264
17082       16408
17271       16458
17678       16755
18094       17106
18465       18268
18758       18533
18955       18646
18945       18566
18980       18637
19003       18602
18981       18586
19299       19131
19496       19294
19726       19497
19654       19374
19901       19515
20077       19628
20328       19809
20866       20111
20825       20671
20848       20667
20763       20596
20601       20466
20109       19964
20286       20125
20049       19826
20135       19759
20144       19988
20463       20278
20462       20289
20273       20098
20462       20201
20556       20250
20846       20380
21038       20227
21160       20982
21226       20903
21290       20879
21418       20954
21552       21077
22173       22072
22214       22017
22069       21903
21921       21719
21765       21684
21884       21781
21741       21558
21808       21560
21949       21817
21979       21758
22041       21744
22085       21773
21901       21780
22016       21871
21805       21637
21754       21591
21947       21800
22015       21865
21986       21848
22181       22029
22098       21913
22240       22079
21993       21865
21899       21804
21801       21686
22004       21962
22122       22048
22177       22049
21811       21728
22066       21933
22101       21892
21948       21886
21794       21714
21866       21690
21939       21864
21825       21722
22042       21888
22088       21987
22089       21915
22179       21960
22131       21880
22061       21758
21730       21602
21483       21284
21291       21078
21568       21343
21393       21119
21244       21155
21229       21096
21028       20881
20815       20657
20747       20657
20421       20302
20501       20325
20489       20418
20272       20175
19838       19715
20026       19954
19965       19889
19494       19390
19456       19405
20016       19963
19471       19414
19103       19027
18631       18556
17819       17725
17496       17453
17408       17357
17188       17149
17227       17153
17188       17092
16608       16543
16374       16285
16128       16010
16182       16059
16072       15926
16316       16164
16298       16159
16265       16138
15877       15773
15928       15877
16405       16360
16418       16379
16797       16717
16989       16895
17124       17044
17396       17366
17540       17479
17708       17616
18061       18025
18449       18413
18801       18747
19519       19447
19978       19889
19892       19845
19728       19647
20281       20225
20976       20922
20801       20769
20883       20842
21131       21078
21631       21538
21608       21568
21536       21478
22050       22002
22380       22338
22412       22370
21953       21903
21912       21846
21775       21725
21640       21594
21739       21697
21803       21766
21988       21911
21968       21941
21557       21528
20899       20874
20584       20566
20424       20371
20256       20193
18996       18963
18477       18438
17948       17898
17605       17590
17719       17700
17104       17087
17000       16976
16563       16520
16616       16592
16655       16604
16546       16493
16772       16719
16805       16760
16670       16612
16677       16628
16774       16736
16708       16684
16645       16620
16761       16735
16706       16677
16786       16758
16722       16702
16731       16710
16774       16718
16794       16766
16861       16843
16875       16849
16773       16746
16789       16760
16852       16823
16888       16861
16818       16794
16752       16730
16802       16771
