1930
1866
1845
1895
1923
1898
1882
1912
1882
1887
1934
1923
1935
1924
1949
1932
1955
1939
1978
1963
1915
1940
1914
1873
1894
1820
1810
1863
1859
1859
1809
1867
1855
1834
1847
1860
1886
1974
1956
1931
2025
2040
2002
2012
1944
1982
2002
2023
1956
1980
1923
1903
1884
2001
1965
1956
1955
1953
1926
1972
1984
1964
1964
1950
1968
1923
1921
1922
1916
1900
1937
1920
1903
1916
1910
1872
1861
1897
1836
1876
1879
1891
1915
1923
1880
1890
1911
1901
1926
1898
1895
1891
1832
1830
1831
1866
1821
1840
1854
1858
1869
1882
1887
1919
1850
1870
1921
1989
1963
1979
1940
1969
1937
1998
1952
1945
1934
1938
1952
1938
1918
1967
1970
1998
2021
1987
1980
2021
1961
1998
1939
1944
1942
1952
1994
1982
1963
1973
1988
1958
1974
1984
2004
1964
1986
2004
1988
1969
1981
1987
2004
1970
1939
1988
1934
1901
1934
1937
1900
1936
1988
1956
1965
1947
1931
1956
1915
1954
1965
1966
1927
1952
1949
2032
2028
2014
1964
2023
2005
1986
1974
1997
2024
2065
1999
1978
2067
1997
2014
1997
2010
2008
2049
2028
2061
2068
2007
2084
2037
2076
2056
2007
2065
2068
2075
2107
2086
2122
2071
2066
2086
2075
2110
2081
2095
2090
2142
2081
2139
2081
2119
2163
2101
2098
2082
2119
2107
2038
2124
2115
2143
2102
2084
2109
2064
2087
2036
2047
2098
2034
2079
2093
2143
2078
2066
2101
2062
2110
2148
2089
2103
2145
2127
2184
2159
2146
2140
2152
2129
2094
2135
2136
2143
2068
2080
2124
2087
2106
2071
2084
2050
2052
2029
2056
2030
2007
2119
1988
1998
2014
1966
1991
2034
2003
1987
1987
1932
1976
1948
1972
1953
1895
1940
1954
1959
1945
1975
1942
1928
1953
1924
1932
1916
1899
1941
1970
1967
1911
1923
1980
2031
1999
1955
1978
1979
2021
2064
2049
2014
2083
2038
2011
2033
2082
2065
2104
2062
2049
2038
2065
2097
2066
2098
2058
2037
2032
2075
2103
2087
2165
2140
2152
2121
2167
2141
2179
2110
2131
2173
2174
2144
2154
2148
2221
2164
2209
2245
2218
2204
2175
2190
2216
2213
2189
2153
2164
2175
2174
2138
2110
2133
2154
2161
2153
2191
2206
2153
2161
2165
2169
2170
2183
2177
2199
2181
2167
2141
2175
2195
2213
2224
2204
2215
2202
2212
2219
2244
2204
2209
2224
2284
2253
2201
2271
2222
2271
2150
2220
2196
2248
2288
2290
2254
2208
2246
2213
2257
2259
2235
2230
2186
2188
2228
2253
2224
2244
2216
2198
2245
2170
2211
2217
2194
2214
2172
2231
2172
2209
2252
2214
2231
2260
2235
2280
2225
2223
2197
2236
2210
2223
2209
2217
2250
2251
2201
2201
2223
2218
2165
2177
2167
2134
2180
2166
2175
2120
2192
2208
2137
2127
2139
2140
2142
2071
2133
2111
2171
2165
2176
2225
2126
2146
2168
2093
2102
2108
2102
2090
2063
2076
2051
2061
2041
2098
2105
2103
2044
2039
2032
2005
2013
2006
2090
2081
2117
2200
2179
2130
2139
2122
2097
2169
2154
2133
2057
2090
2153
2107
2081
2025
1998
2003
1924
1903
1914
1916
1884
1935
1953
1959
2031
2076
2076
2081
2167
2133
2095
2062
1965
1956
1938
1977
1914
1935
1900
1938
1931
1895
1968
1890
1904
1986
1997
1999
1922
1930
1888
1917
1886
1916
1904
1977
1913
1935
1907
1921
1919
1946
1928
1932
1975
1940
1972
1960
1983
1975
1981
1955
1947
1944
1908
1864
1847
1822
1855
1835
1805
1790
1808
1804
1790
1836
1819
1797
1814
1816
1790
1783
1868
1882
1873
1843
1880
1893
1888
1882
1835
1844
1883
1834
1850
1834
1861
1841
1801
1842
1865
1900
1829
1843
1907
1921
1920
1880
1911
1923
1984
2013
1998
2030
2012
2034
1982
2003
2012
1997
1996
1970
1955
1973
1974
2012
1996
1990
1992
1954
1977
1974
1983
1970
2001
1965
1948
2013
1973
2010
2041
2079
2054
2039
2030
2067
2014
1991
1990
2002
2013
2060
2033
2061
2057
2030
2076
2113
2094
2098
2098
2100
2098
2110
2126
2067
2081
2099
2049
2032
2014
2000
2023
1996
1972
2033
2076
2141
2092
2124
2151
2162
2196
2144
2160
2165
2160
2139
2117
2104
2090
2045
2065
2035
2052
2037
2029
2021
2096
2043
2040
2034
2048
2028
1999
1979
2028
2031
2052
2051
2105
2062
2076
2058
2059
2060
2046
2030
2020
2022
2036
2029
2044
2040
2046
2058
2088
2122
2120
2142
2132
2123
2001
2078
2067
2069
2099
2093
2032
2062
2006
2046
2091
2082
2082
2093
2053
2075
2049
2013
2016
1962
2006
2047
2083
2026
2062
2165
2132
2152
2181
2165
2232
2254
2152
2134
2122
2111
2020
2045
2036
2052
2072
2059
2006
2021
2035
1988
1986
1988
1976
2013
2007
1990
1949
1902
2018
2039
2024
2015
2015
1994
1982
2008
1998
1961
1969
1887
1964
1993
1998
1994
1950
1959
1917
1896
1852
1823
1850
1844
1857
1876
1835
1863
1848
1779
1821
1822
1833
1847
1806
1809
1794
1788
1833
1791
1856
1850
1891
1904
1873
1857
1808
1867
1880
1867
1825
1782
1795
1799
1825
1831
1841
1802
1850
1855
1835
1832
1875
1868
1849
1873
1884
1886
1924
1854
1901
1874
1805
1832
1810
1797
1717
1668
1709
1677
1715
1713
1710
1745
1704
1718
1749
1656
1675
1664
1689
1638
1695
1657
1708
1731
1678
1662
1603
1621
1673
1665
1660
1682
1695
1711
1672
1657
1669
1631
1574
1558
1440
1523
1515
1530
1499
1472
1523
1529
1537
1550
1525
1498
1482
1473
1429
1408
1434
1357
1325
1349
1444
1415
1366
1403
1400
1390
1356
1317
1349
1319
1322
1337
1375
1326
1334
1329
1374
1394
1366
1312
1309
1280
1303
1320
1355
1376
1381
1431
1422
1443
1454
1483
1426
1434
1410
1421
1400
1389
1409
1433
1438
1482
1479
1520
1569
1515
1519
1555
1549
1596
1567
1531
1523
1591
1576
1579
1562
1529
1532
1520
1598
1590
1633
1637
1718
1731
1744
1792
1734
1796
1834
1854
1806
1839
1829
1876
1836
1787
1822
1840
1795
1837
1822
1771
1813
1776
1821
1851
1839
1826
1885
1889
1838
1851
1793
1836
1794
1806
1802
1849
1899
1882
1903
1916
1941
1935
1959
1954
1948
1923
1913
1966
1923
1903
1944
1904
1882
1927
1855
1889
1886
1847
1839
1852
1829
1854
1827
1948
1944
1978
1949
1957
1941
1961
1925
1937
1974
1979
2040
2097
2094
2102
2055
2036
2051
2071
2064
2058
2057
2093
2149
2098
2099
2144
2138
2093
2089
2086
2097
2075
2066
2027
2049
2109
2037
2056
2103
2013
2082
2158
2243
2146
2135
2007
2027
2031
2045
2044
1995
1959
1975
1992
1975
1942
1946
1995
1945
1927
1928
1920
1903
1882
1912
1893
1873
1921
1923
1878
1954
1930
1973
1927
1958
1964
1944
1959
1928
1939
1921
1898
1877
1845
1844
1881
1856
1859
1873
1817
1825
1793
1754
1726
1721
1663
1630
1647
1628
1597
1613
1614
1622
1616
1648
1634
1602
1614
1581
1547
1503
1493
1527
1492
1487
1485
1487
1490
1479
1487
1467
1456
1474
1490
1465
1442
1510
1511
1478
1511
1544
1512
1528
1500
1527
1514
1530
1539
1537
1505
1459
1524
1490
1474
1481
1532
1456
1477
1540
1482
1504
1531
1524
1541
1514
1539
1531
1494
1510
1522
1512
1519
1525
1523
1516
1486
1480
1493
1469
1501
1470
1488
1493
1477
1466
1459
1477
1452
1478
1507
1443
1448
1442
1454
1442
1432
1430
1418
1466
1459
1458
1435
1420
1446
1444
1464
1416
1429
1448
1456
1461
1444
1429
1443
1432
1445
