14192
13724
13537
13539
13559
13616
13707
13746
13773
13707
13890
13876
13909
13944
13852
13696
13721
13725
13754
13675
13681
13688
13667
13870
13803
13811
13992
14009
13942
13946
13915
13819
13901
14018
13791
13885
13918
14070
14068
14235
14266
14340
14271
14349
14326
14285
14236
14186
14232
14328
14291
14191
14162
14109
14168
14136
14243
14226
14350
14423
14377
14256
14305
14346
14332
14258
14230
14262
14094
13990
13932
13860
13989
13912
13929
13876
13873
13840
13874
13825
13655
13657
13607
13474
13371
13246
13379
13441
13511
13581
13389
13350
13376
13414
13473
13359
13296
13182
13146
13194
13194
13212
13205
13151
13116
13004
13006
13128
13278
13205
13208
13342
13276
13367
13276
13339
13167
13088
13191
13181
13224
13205
13154
13079
13121
13102
13050
13122
13098
13150
13174
13261
13163
13026
12953
12987
12915
12964
13023
12980
13081
13092
13123
13081
13131
13106
13158
13111
12981
12899
12918
12951
13061
12912
12980
13120
13138
13057
13018
13003
13089
13038
13013
13041
13087
12967
13091
13094
13010
13027
12993
12992
13042
13126
13078
13191
13100
13087
13000
12979
13014
13005
13007
12992
13053
13104
13005
13168
13092
13045
13089
13073
13037
13139
13151
13043
12948
12800
12872
12851
12913
12787
12903
12984
12999
13037
12884
12815
12904
12823
12884
12898
12843
12903
12917
12799
12838
12983
13030
12972
12891
12899
12901
12980
12860
12887
12906
13041
12953
12936
12945
13033
12933
12980
12958
12904
13038
12999
12964
12928
12948
12871
12770
12829
12786
12850
12770
12805
12750
12786
12863
12804
12707
12657
12821
12890
13025
12900
13027
12881
12921
12832
12847
12883
12846
12795
12755
12844
12774
12815
12731
12662
12623
12486
12409
12413
12283
12272
12293
12066
12056
12047
11973
11945
11885
11875
11774
11720
11602
11672
11571
11535
11414
11339
11233
11073
11149
11074
11025
11094
10992
10993
10865
10996
10951
10851
10719
10676
10655
10698
10754
10767
10625
10619
10547
10485
10434
10326
10296
10165
10210
10211
10199
10144
10153
10186
10129
10031
10054
10044
10004
9920
9902
9884
9798
9712
9765
9799
9774
9719
9876
9685
9631
9587
9647
9603
9634
9669
9790
9728
9618
9620
9492
9461
9611
9573
9565
9527
9529
9470
9488
9502
9503
9526
9480
9450
9439
9459
9430
9417
9351
9304
9306
9352
9301
9314
9381
9280
9316
9312
9207
9244
9242
9259
9161
9277
9170
9106
9071
9127
9082
9144
9176
9060
9048
9002
8914
8936
8879
8812
8830
8814
8814
8667
8787
8775
8721
8754
8645
8550
8593
8595
8694
8626
8471
8547
8469
8514
8563
8540
8457
8440
8453
8389
8322
8264
8169
8270
8255
8306
8168
8119
8021
7974
7978
7953
8002
7819
7653
7689
7610
7654
7609
7634
7575
7506
7444
7498
7460
7479
7383
7396
7361
7362
7328
7385
7399
7445
7578
7579
7519
7571
7720
7769
7743
7705
7579
7524
7485
7402
7420
7348
7412
7373
7348
7322
7387
7381
7376
7431
7514
7550
7535
7614
7627
7617
7721
7945
7892
7875
7901
7797
7895
8011
8056
8085
8059
8006
8104
8292
8381
8320
8318
8414
8378
8528
8527
8499
8435
8489
8609
8670
8795
8750
8890
8951
9133
9063
8907
8874
8994
9058
9189
9200
9116
9063
9104
9096
8954
9054
9038
9156
9257
9175
9084
8993
8950
8628
8750
8805
8669
8664
8692
8718
8701
8668
8540
8428
8524
8476
8465
8497
8575
8374
8152
8091
8202
8383
8383
8313
8485
8468
8327
8160
8498
8413
8501
8499
8454
8631
8692
8844
8743
8885
8804
8984
8985
9081
9051
9112
9116
9115
9274
9270
9283
9349
9407
9374
9314
9471
9471
9198
9336
9461
9645
9734
9581
9522
9736
9703
9642
9654
9650
9643
9747
9769
9791
9543
9627
9814
9782
9836
9979
9908
10161
10189
10160
9996
10078
10160
10243
10189
10217
10110
10178
10147
9985
9983
9872
9826
9814
9864
9657
9568
9650
9550
9571
9457
9550
9550
9451
9361
9537
9725
9595
9515
9436
9440
9610
9592
9505
9567
9483
9446
9532
9609
9787
9524
9634
9678
9690
9693
9666
9531
9514
9495
9684
9692
9468
9634
9697
9638
9791
9903
9822
9839
9861
9854
9785
10014
9888
9803
9883
9995
10055
10028
10122
10167
10077
10096
10066
10161
10063
10214
10172
10078
10116
10142
10012
10183
10126
10171
10069
10161
10026
9998
9879
10128
10252
10092
10202
10153
10238
10142
10208
10126
10162
10190
10147
10099
10074
9997
10072
10200
10072
9905
9848
9861
9921
9997
9984
9981
10009
10032
10020
9996
9971
9967
10085
9961
10115
10025
10090
10310
10118
10315
10170
10032
10365
10220
10117
10094
10264
10579
10183
10097
10047
10171
10145
10150
10302
10175
10337
10152
10336
10226
10381
10298
10363
10322
10374
10644
10522
10262
10121
10275
10319
10523
10525
10415
10400
10520
10503
10379
10470
10452
10344
10406
10069
10170
10161
9902
9938
10000
10126
10006
9786
9835
10162
9813
9908
10252
10046
10112
10010
10258
10238
10210
10276
10420
10281
10072
10136
10202
10246
10243
10257
10238
10168
10198
10084
10057
10134
9890
10014
9929
9795
9690
9633
9644
9465
9614
9584
9591
9616
9598
9778
9988
9783
9715
9789
9801
9796
9575
9726
9759
9723
9549
9752
9689
9677
9749
9681
9672
9625
9746
9502
9609
9603
9748
9720
9799
9899
9889
9873
9881
9740
9865
9609
9715
9609
9665
9721
9911
9800
9722
9784
9643
9883
9956
9760
9675
9587
9541
9532
9463
9563
9529
9559
9368
9445
9376
9373
9441
9354
9404
9465
9260
9308
9317
9190
9136
9054
9144
9245
9022
8963
8923
8767
8647
8686
8583
8450
8260
8420
8437
8472
8359
8317
8260
8363
8391
8268
8485
8389
8262
8384
8327
8375
8108
8039
8057
8079
8033
7836
7857
7806
7764
7812
7823
7882
7994
7779
7776
7758
7904
7894
7843
7806
7887
7935
7903
7828
7649
7667
7707
7585
7576
7603
7603
7696
7700
7928
8035
7825
7905
7676
7817
7769
7884
8022
7915
8083
7954
8078
8114
8074
8141
7969
8119
8164
8260
8191
8302
8494
8325
8404
8492
8567
8696
8649
8626
8847
8974
8910
9041
9089
8974
9198
9000
9156
9484
9202
9515
9604
9755
9647
9831
9740
9798
9754
9676
9674
9492
9430
9451
9560
9500
9480
9598
9587
9584
9752
9852
9892
10176
10189
10184
10052
10001
9807
9723
9699
9712
9652
9759
9833
10097
9884
10144
9952
9854
9945
10046
10049
9837
9927
9832
9947
9812
10045
9909
10068
10033
9781
9971
9833
9814
10060
9864
9816
10175
10090
9959
10118
10037
10387
10038
10256
10082
10208
10321
10094
10254
10112
10064
10062
10007
10047
10139
10138
9873
9974
9878
9845
9910
9933
9857
9830
9736
9628
9727
9653
9737
9713
9831
9769
9911
9866
9917
9781
10103
10138
10243
10309
10203
10169
10084
10318
10139
10104
10148
10207
10026
10076
10247
10137
10171
10068
9879
9873
9930
9824
9758
9859
9711
9852
9758
9713
9661
9672
9666
9451
9540
9517
9390
9415
9414
9613
9537
9588
9682
9633
9537
9684
9759
9723
9648
9656
9392
9422
9378
9336
9181
8991
9091
9026
8996
8976
9006
8982
8980
8924
8809
8814
8728
8776
8758
8823
8677
8644
8684
8638
8619
8627
8580
8587
8556
8510
8498
8462
8491
8361
8375
8327
8318
8269
8263
8134
8077
8184
8214
8159
8054
8204
8155
8128
8062
8131
8162
8154
8149
8116
8138
8105
8118
8128
8216
8193
8133
8178
8076
8131
8214
8165
8142
8134
8147
8217
8180
8172
8147
8058
8110
8094
8164
8120
8122
8078
8137
8103
8104
8111
8107
8125
8136
8183
8128
8138
8099
8141
8122
8098
8095
8099
8134
8114
8179
8131
8122
8134
8165
8168
8134
8116
8155
8143
8113
8136
8141
8164
8134
8148
8143
8120
8109
8134
8128
