0.0430659 0.135992
0.0430013 0.135966
0.0425763 0.136293
0.0427659 0.139966
0.042564 0.141825
0.0414736 0.139395
0.0411906 0.137302
0.0415607 0.139095
0.0407227 0.136644
0.0412036 0.137667
0.0420499 0.139237
0.0418671 0.138585
0.0419913 0.139119
0.0416947 0.13798
0.0424813 0.140702
0.0419672 0.141063
0.0424658 0.142482
0.0419243 0.141275
0.0429468 0.143813
0.0428042 0.143547
0.0415518 0.139975
0.0419923 0.14173
0.0416766 0.140045
0.0408568 0.13504
0.0416428 0.137217
0.0406159 0.131779
0.040582 0.12936
0.0420703 0.132986
0.0422529 0.133338
0.0423733 0.1333
0.0415366 0.130004
0.042729 0.135104
0.0425879 0.133444
0.0420237 0.130832
0.0422056 0.133928
0.0426097 0.133958
0.04308 0.135508
0.0446596 0.140299
0.0440144 0.139039
0.042835 0.135652
0.0447217 0.141946
0.0447742 0.142259
0.0441494 0.140284
0.0443582 0.140219
0.0426559 0.135697
0.0435671 0.138747
0.0438362 0.140629
0.0445742 0.142605
0.04306 0.137437
0.0433071 0.138191
0.0420686 0.13456
0.0417737 0.134099
0.0412263 0.133032
0.0438306 0.141824
0.0430506 0.138693
0.0426636 0.13837
0.0427902 0.13726
0.0426801 0.137284
0.042339 0.134216
0.0429041 0.136726
0.0433633 0.137998
0.0428624 0.137767
0.0429863 0.137295
0.0422755 0.135926
0.0426399 0.137315
0.0417744 0.134872
0.0417763 0.134996
0.0419532 0.134764
0.0417894 0.135944
0.0414016 0.135811
0.0421701 0.139032
0.0421802 0.138528
0.0415647 0.136035
0.0416821 0.137723
0.0415895 0.137124
0.0407054 0.134909
0.0407194 0.134145
0.04132 0.137066
0.03992 0.132334
0.0406906 0.135696
0.0409047 0.137605
0.0409556 0.138464
0.0416151 0.140736
0.0418562 0.142719
0.0407685 0.140603
0.0408172 0.142685
0.0413475 0.142836
0.0410814 0.141433
0.0418896 0.142551
0.0412429 0.139754
0.0409996 0.141534
0.0408794 0.141648
0.0396855 0.136962
0.0395146 0.136425
0.0397094 0.135901
0.0402641 0.139681
0.0392694 0.136958
0.039692 0.139584
0.0400588 0.141031
0.0400215 0.140822
0.0404178 0.141655
0.0406761 0.142446
0.0408982 0.1429
0.0413604 0.14592
0.0398535 0.141049
0.0403862 0.143802
0.0414652 0.147701
0.042776 0.151508
0.0424267 0.147839
0.0426904 0.149867
0.0420587 0.146881
0.0426809 0.147579
0.0420301 0.145902
0.0431245 0.149473
0.0420926 0.147032
0.0420704 0.145813
0.0416111 0.146882
0.0418394 0.148075
0.0419352 0.14798
0.0418267 0.14703
0.0412668 0.145039
0.0422765 0.148959
0.0424066 0.149764
0.0430798 0.152764
0.0436077 0.154028
0.0426853 0.151656
0.0427341 0.151724
0.0433691 0.154016
0.0420635 0.149718
0.0429197 0.151939
0.0416425 0.147184
0.04174 0.146595
0.0417859 0.147535
0.0421398 0.149854
0.0430949 0.153941
0.0427764 0.152614
0.0425232 0.151994
0.0428261 0.152191
0.0426958 0.152653
0.0420497 0.150847
0.0422363 0.150906
0.0426007 0.151543
0.0431794 0.152709
0.0422211 0.150141
0.0428137 0.151245
0.0429923 0.152907
0.0426655 0.151087
0.04245 0.150179
0.0427271 0.152608
0.042951 0.154043
0.0430607 0.155132
0.0423146 0.152112
0.0415017 0.148457
0.0427886 0.153965
0.0415244 0.148998
0.0407503 0.144893
0.0415842 0.147207
0.041571 0.14835
0.040898 0.145952
0.0418576 0.148889
0.0425341 0.151883
0.0418996 0.150023
0.0421629 0.151003
0.041935 0.149298
0.04162 0.147551
0.0419932 0.150844
0.0411465 0.146284
0.0417887 0.149229
0.0421032 0.151038
0.042197 0.150917
0.0415069 0.148311
0.0418525 0.150246
0.0418582 0.14944
0.043442 0.154807
0.0434988 0.15507
0.04313 0.15268
0.042174 0.149924
0.0432265 0.154581
0.0429217 0.154231
0.0425304 0.153016
0.0422608 0.151683
0.0428955 0.153556
0.0434055 0.155609
0.0442213 0.158944
0.0429044 0.153145
0.0423546 0.150946
0.0442868 0.158939
0.0427303 0.151656
0.0433715 0.153834
0.0429638 0.153085
0.0429185 0.153564
0.042962 0.153599
0.0440314 0.157168
0.0435399 0.15435
0.0442085 0.156718
0.0441522 0.158552
0.0430631 0.155005
0.0445928 0.162813
0.0437895 0.15825
0.0445322 0.161544
0.0438193 0.159219
0.0431594 0.156956
0.0442279 0.16004
0.0440253 0.159273
0.0444964 0.159628
0.0450098 0.161617
0.0446442 0.161906
0.0455013 0.165587
0.0440348 0.160493
0.0438902 0.161117
0.0443038 0.161906
0.0444611 0.160878
0.0449587 0.164292
0.0444335 0.16128
0.044621 0.162189
0.0445116 0.163294
0.0457634 0.166848
0.0443096 0.160287
0.0455863 0.16416
0.0445305 0.160422
0.0453582 0.164378
0.046216 0.167687
0.0448759 0.162856
0.0445643 0.161633
0.0443432 0.161897
0.0451216 0.164429
0.0449072 0.163257
0.0435591 0.156276
0.0455149 0.163977
0.0449962 0.163497
0.0455928 0.165547
0.044654 0.161283
0.044434 0.161138
0.0445981 0.162481
0.0442311 0.159284
0.044516 0.161733
0.0432465 0.156159
0.0437459 0.157474
0.0444548 0.161833
0.0433541 0.157333
0.044172 0.160565
0.0445698 0.162614
0.0455928 0.167815
0.0441114 0.161977
0.0440756 0.161583
0.0447393 0.163502
0.0440853 0.161472
0.0447148 0.164779
0.0454805 0.168471
0.0444052 0.163382
0.0449129 0.163492
0.0454411 0.167526
0.0453334 0.167388
0.0465711 0.172553
0.0461798 0.168396
0.0457014 0.166486
0.0451391 0.164299
0.0455758 0.166822
0.0453423 0.16343
0.0444841 0.162565
0.0452897 0.165235
0.0453359 0.166459
0.045443 0.166809
0.0438786 0.160522
0.044023 0.161918
0.0450687 0.166002
0.0443656 0.163622
0.0448792 0.163968
0.0440948 0.162126
0.0443423 0.162622
0.0435623 0.161024
0.0437172 0.16206
0.043117 0.160738
0.0435105 0.164664
0.0429366 0.163591
0.0427868 0.161685
0.0447386 0.172515
0.042183 0.161995
0.0424456 0.162532
0.0426415 0.166915
0.0418049 0.163072
0.0420743 0.165269
0.0430112 0.169882
0.0425049 0.167685
0.0421323 0.167186
0.0417419 0.167326
0.0411011 0.16409
0.0416886 0.168601
0.0412537 0.167902
0.041709 0.168951
0.0414403 0.168784
0.039826 0.164283
0.0409214 0.169967
0.0409962 0.172326
0.0412291 0.174397
0.0408382 0.175652
0.0414855 0.177146
0.0408266 0.175366
0.040393 0.174875
0.0407308 0.176041
0.0403905 0.175036
0.0406566 0.175748
0.040498 0.176346
0.0400904 0.172699
0.0407149 0.177244
0.0412453 0.18155
0.0415329 0.183506
0.0403821 0.179
0.0405226 0.180479
0.0414304 0.185081
0.0425287 0.18886
0.041928 0.18566
0.0409467 0.184
0.0414519 0.18627
0.0413299 0.187636
0.0424188 0.192752
0.0431195 0.197815
0.0429641 0.198431
0.0421295 0.19561
0.0434429 0.204919
0.0427245 0.199608
0.0422452 0.196944
0.042642 0.199333
0.0435456 0.205244
0.0432914 0.203388
0.0438443 0.206558
0.0430202 0.203574
0.0427347 0.204267
0.042984 0.202705
0.0430459 0.205595
0.0436012 0.209616
0.0430453 0.208266
0.0439547 0.211876
0.0429771 0.208215
0.042665 0.2079
0.0424084 0.209226
0.043362 0.212494
0.0440834 0.214614
0.0436164 0.213526
0.0451023 0.22276
0.0449769 0.216687
0.0451115 0.222199
0.0441581 0.220226
0.0453584 0.226035
0.0451316 0.221934
0.0457648 0.226908
0.0442794 0.219016
0.0444932 0.220395
0.0454298 0.221961
0.0456253 0.223479
0.0451008 0.222915
0.0452569 0.223909
0.045145 0.226296
0.0462679 0.234753
0.045488 0.225159
0.046064 0.230753
0.0471262 0.23471
0.0464697 0.232812
0.0460587 0.231294
0.0455812 0.229673
0.0459669 0.230818
0.0466144 0.233214
0.0464116 0.232874
0.0458843 0.229792
0.0450758 0.22711
0.0451803 0.228995
0.0454688 0.230427
0.0454736 0.229834
0.0445928 0.226723
0.0444323 0.224063
0.0448203 0.228104
0.0450609 0.231513
0.0454087 0.232216
0.0449666 0.230218
0.0457641 0.235566
0.0461728 0.236848
0.0452102 0.229506
0.0452831 0.232866
0.0452456 0.232396
0.0453292 0.232925
0.0454679 0.23569
0.0459763 0.236153
0.0456816 0.235555
0.0461142 0.237499
0.0455533 0.238074
0.0454088 0.233588
0.0448002 0.233479
0.0455946 0.238853
0.0460004 0.24198
0.0459653 0.242467
0.0464592 0.24488
0.0462734 0.241032
0.0463904 0.241391
0.0461046 0.243046
0.0462791 0.244474
0.046556 0.246501
0.046927 0.251739
0.0461716 0.246643
0.0463569 0.248789
0.046499 0.252383
0.0476787 0.258664
0.047062 0.255616
0.0461551 0.249716
0.0477021 0.262028
0.0467504 0.252874
0.047628 0.258803
0.0450526 0.246531
0.0466015 0.253598
0.046059 0.25402
0.0473492 0.262924
0.0480309 0.266263
0.0480134 0.266434
0.0474756 0.259259
0.0462418 0.25597
0.0472007 0.26514
0.0466062 0.258921
0.0473404 0.266501
0.0475199 0.265328
0.0470982 0.261007
0.0469266 0.261124
0.0460443 0.258484
0.0462687 0.259242
0.0469398 0.263575
0.0473309 0.268566
0.0469367 0.267243
0.0472153 0.271539
0.0467491 0.271269
0.0463791 0.26578
0.0474039 0.271956
0.0457845 0.261257
0.0468849 0.270691
0.0468364 0.273063
0.0467027 0.273532
0.0470303 0.277652
0.0460677 0.272249
0.0475247 0.280523
0.0463558 0.271432
0.046994 0.282517
0.0476846 0.294264
0.0472189 0.287944
0.0478345 0.293167
0.0481866 0.29527
0.0479028 0.293731
0.0487628 0.298664
0.0477161 0.293729
0.0479343 0.296163
0.0474227 0.295137
0.0481606 0.298213
0.0475996 0.296247
0.047956 0.297232
0.0478315 0.299201
0.0478028 0.299757
0.0484945 0.305665
0.0486818 0.305759
0.0476768 0.300355
0.0475995 0.298037
0.0482307 0.300446
0.0478079 0.297918
0.0470213 0.285695
0.0472911 0.287241
0.0468237 0.288203
0.0462716 0.281865
0.0470903 0.282383
0.0470808 0.2788
0.0472888 0.280899
0.045822 0.275146
0.047412 0.28922
0.0478046 0.293461
0.0464172 0.285504
0.0461699 0.287355
0.0460446 0.288275
0.0465369 0.291236
0.0465784 0.288991
0.0447262 0.28089
0.0462349 0.290283
0.0459993 0.288309
0.0471762 0.293895
0.0467724 0.293321
0.0474229 0.295011
0.048295 0.299421
0.0460303 0.282939
0.0465904 0.284238
0.0473166 0.287724
0.0456409 0.274888
0.0461157 0.2756
0.0462119 0.276749
0.04605 0.272245
0.0459058 0.263059
0.0452482 0.261404
0.045844 0.263619
0.0454687 0.259587
0.045245 0.264332
0.0451679 0.258518
0.0464581 0.26189
0.046138 0.261296
0.0462554 0.260111
0.0452262 0.253629
0.0451266 0.254684
0.0448615 0.25074
0.0441504 0.241799
0.0440945 0.240186
0.0442259 0.241106
0.0458816 0.251262
0.0454774 0.247326
0.0467597 0.252686
0.0484059 0.257974
0.0478501 0.255541
0.0465523 0.250618
0.0471197 0.253586
0.0463015 0.249971
0.04578 0.243582
0.0471542 0.250173
0.0465016 0.244912
0.0463555 0.243771
0.044633 0.231384
0.0450829 0.233493
0.0463011 0.235739
0.0456387 0.232484
0.0453081 0.233636
0.0442149 0.228195
0.0433434 0.222148
0.0436146 0.22113
0.0414503 0.209381
0.0411949 0.206848
0.0414465 0.209961
0.0414746 0.211409
0.041147 0.206942
0.0424985 0.212731
0.0429052 0.218115
0.0430805 0.216368
0.0457309 0.224718
0.0465627 0.226737
0.0466098 0.224263
0.0463939 0.226812
0.048193 0.238551
0.0475553 0.237184
0.0465835 0.234078
0.045912 0.238989
0.0435805 0.224571
0.0437134 0.222147
0.0431386 0.223555
0.0440803 0.228186
0.0426072 0.220202
0.0429685 0.221955
0.0426899 0.218366
0.0441327 0.223581
0.0439263 0.226112
0.0429549 0.224846
0.0446036 0.230878
0.0430357 0.222983
0.0441395 0.224926
0.0459946 0.23373
0.046052 0.232886
0.0458528 0.238715
0.0428444 0.23577
0.0432241 0.238537
0.0424279 0.230188
0.0429013 0.228677
0.0418516 0.224979
0.042574 0.230482
0.0421818 0.224396
0.0436964 0.233467
0.0424724 0.229735
0.0426578 0.237132
0.0417314 0.224406
0.041935 0.228337
0.0417274 0.225738
0.0421404 0.228968
0.0413415 0.228058
0.0409765 0.223844
0.0418849 0.22722
0.0408783 0.219358
0.0416526 0.225552
0.0412979 0.220597
0.0416868 0.225239
0.0417256 0.219835
0.0416386 0.220479
0.0411778 0.215285
0.0410604 0.215114
0.0407718 0.213345
0.0401803 0.209302
0.0391054 0.204498
0.0388278 0.199159
0.0381235 0.196548
0.0389837 0.199828
0.0386495 0.196278
0.0377047 0.191878
0.0375356 0.190954
0.0380159 0.194116
0.037959 0.190476
0.0377088 0.188998
0.0387882 0.199609
0.0383869 0.194837
0.0380849 0.189938
0.0383915 0.188077
0.0381529 0.186563
0.0377279 0.186828
0.037525 0.187251
0.0390999 0.191865
0.0397063 0.193961
0.0396915 0.194254
0.0387592 0.190905
0.0396566 0.194819
0.0399536 0.196308
0.0401711 0.193701
0.0398298 0.19265
0.0385974 0.187417
0.0387102 0.193231
0.0397593 0.195596
0.038591 0.186876
0.0387467 0.189123
0.0385294 0.186458
0.0390934 0.186492
0.0387391 0.185809
0.0379798 0.177246
0.0384969 0.180783
0.0395069 0.183563
0.0401955 0.190076
0.0383969 0.181484
0.0390185 0.181398
0.0401719 0.186176
0.0407276 0.188537
0.0407159 0.187922
0.0399923 0.185954
0.0407437 0.187758
0.0410406 0.189514
0.0423389 0.198698
0.0428225 0.201643
0.0425931 0.202391
0.0431942 0.206595
0.0427458 0.205013
0.0431234 0.206204
0.0418408 0.20524
0.042748 0.209344
0.0427848 0.208497
0.0423506 0.20911
0.0424717 0.208547
0.0418988 0.208311
0.041481 0.204712
0.0418851 0.206597
0.0419795 0.208867
0.0428504 0.214934
0.042516 0.20929
0.0425332 0.204627
0.0424924 0.207608
0.0416809 0.20536
0.0421706 0.209517
0.0421372 0.20911
0.0420948 0.206348
0.0422565 0.205379
0.0425292 0.210521
0.0420465 0.205394
0.0416062 0.20542
0.042901 0.213106
0.0420745 0.206987
0.0431543 0.209179
0.0436428 0.208542
0.0443019 0.218291
0.0438711 0.213203
0.0437986 0.210684
0.0432145 0.209494
0.0442328 0.213247
0.0429598 0.208359
0.0425091 0.208897
0.0423837 0.209165
0.0428914 0.210848
0.0428508 0.207869
0.0439626 0.212546
0.0434402 0.214723
0.044335 0.21393
0.0439558 0.212127
0.0434085 0.210625
0.0446798 0.212031
0.0453843 0.21337
0.0449704 0.213195
0.0450485 0.213233
0.0450137 0.212757
0.0449409 0.213111
0.0451396 0.21441
0.0451385 0.210705
0.045406 0.215008
0.0441865 0.210854
0.0444563 0.210564
0.0449263 0.210005
0.0437933 0.203779
0.0434811 0.202633
0.0428593 0.198973
0.0428477 0.196715
0.0433135 0.200754
0.0428832 0.197702
0.0424963 0.195907
0.0434922 0.200079
0.044556 0.2063
0.046211 0.209614
0.0449052 0.205663
0.0456333 0.210756
0.0461955 0.212633
0.0464756 0.213173
0.0472868 0.219337
0.0458796 0.210547
0.0462646 0.213312
0.0464144 0.21286
0.0463251 0.21452
0.0459269 0.210511
0.0454321 0.211151
0.0450362 0.210442
0.0447777 0.21156
0.0439445 0.201915
0.0442535 0.201424
0.0436022 0.201645
0.0439579 0.201137
0.04372 0.20063
0.043442 0.198183
0.0433198 0.19927
0.0450191 0.205329
0.0435803 0.201758
0.0435163 0.200748
0.0435518 0.199607
0.0440326 0.201833
0.0432834 0.200812
0.0427447 0.198432
0.0423787 0.197959
0.0436373 0.20135
0.0436643 0.199118
0.0439796 0.203733
0.0442665 0.207067
0.0453039 0.213749
0.0442186 0.209107
0.044535 0.209253
0.0441508 0.205862
0.0440305 0.20623
0.0442278 0.206392
0.0438313 0.204416
0.0431777 0.202352
0.04312 0.201597
0.0432643 0.202281
0.0435461 0.204192
0.043509 0.203572
0.0438072 0.202677
0.0439144 0.204799
0.0437984 0.202274
0.0441281 0.205287
0.0447339 0.206938
0.0454682 0.20582
0.0454955 0.209528
0.0460408 0.207659
0.0459374 0.209636
0.0458027 0.211623
0.0430739 0.193054
0.04462 0.203327
0.0442423 0.20431
0.0444554 0.204973
0.045102 0.204501
0.0449943 0.197845
0.0436811 0.199548
0.0444972 0.204219
0.0432085 0.199662
0.0441386 0.20116
0.0448356 0.206111
0.0449327 0.205123
0.0448746 0.202097
0.0450738 0.2057
0.0442992 0.198607
0.0449923 0.204393
0.0443564 0.198239
0.0434971 0.196851
0.0433157 0.194201
0.0426689 0.190522
0.0433477 0.193573
0.04427 0.198314
0.0447236 0.20079
0.0436074 0.190342
0.0445578 0.19597
0.0467977 0.210973
0.0462292 0.210651
0.0466498 0.20944
0.0470155 0.211358
0.0465511 0.20574
0.0479567 0.212067
0.0487341 0.216419
0.0466205 0.206923
0.0460221 0.202852
0.0457772 0.202038
0.0455762 0.203391
0.0435439 0.192932
0.0442861 0.195656
0.0440635 0.196829
0.0439156 0.197194
0.0443911 0.20578
0.0439816 0.202458
0.0429587 0.197422
0.0432994 0.2041
0.0438502 0.20477
0.0424569 0.1988
0.0424849 0.196129
0.0426271 0.198681
0.0423643 0.201921
0.0432652 0.204677
0.0430456 0.1975
0.0427094 0.202792
0.0417774 0.19671
0.0407272 0.185525
0.0434436 0.200876
0.0439857 0.201642
0.0435644 0.202198
0.043408 0.196432
0.043437 0.196816
0.0429677 0.195299
0.0427708 0.192877
0.0431791 0.192706
0.0429881 0.194339
0.0420319 0.194698
0.0421917 0.194258
0.0406138 0.184964
0.0423861 0.191685
0.04276 0.194572
0.0428167 0.194794
0.042487 0.194765
0.0414241 0.191778
0.0418796 0.192096
0.0408176 0.190103
0.0406257 0.188525
0.0395085 0.182751
0.0391656 0.184328
0.0395603 0.184741
0.0394726 0.185719
0.0397151 0.189587
0.03992 0.193602
0.0391366 0.190491
0.0399837 0.193177
0.0398121 0.195246
0.0382342 0.185043
0.0391066 0.190004
0.0388834 0.18997
0.0391683 0.19062
0.0393758 0.192436
0.03865 0.1847
0.0384869 0.181117
0.0382557 0.183379
0.038323 0.184045
0.039339 0.187251
0.038138 0.182736
0.0395812 0.189465
0.0394675 0.193211
0.0404518 0.194427
0.040129 0.195102
0.0397133 0.192636
0.0394829 0.194471
0.0385 0.185398
0.0397403 0.192693
0.0399838 0.194275
0.039618 0.191507
0.0388447 0.188514
0.0379375 0.184243
0.0383604 0.186494
0.0381573 0.184589
0.0390976 0.192065
0.0390297 0.190551
0.0397427 0.191711
0.0384632 0.184858
0.0395976 0.190329
0.0398026 0.189305
0.0393507 0.185372
0.0392678 0.185256
0.0401078 0.189912
0.0399265 0.18905
0.0396704 0.189836
0.0401475 0.189863
0.0404084 0.196066
0.0403147 0.194133
0.0414977 0.200229
0.0398684 0.191826
0.0408255 0.195556
0.040231 0.189083
0.0386858 0.184184
0.039142 0.188439
0.0387946 0.184996
0.0384418 0.186353
0.0364342 0.173733
0.0355954 0.167537
0.0363107 0.175102
0.0357052 0.173333
0.0364266 0.178888
0.0364747 0.179541
0.0362511 0.179396
0.0370811 0.184402
0.036263 0.178187
0.0365408 0.180292
0.0368242 0.182969
0.0350952 0.176772
0.0355227 0.177343
0.0352782 0.177474
0.0357604 0.180198
0.0349246 0.173499
0.0359323 0.181206
0.0353169 0.176202
0.0363698 0.180454
0.0368698 0.186933
0.0355953 0.180275
0.0352402 0.178384
0.0339554 0.174429
0.0343294 0.17743
0.035664 0.18478
0.0354097 0.182087
0.0352846 0.179557
0.0358987 0.186433
0.0362133 0.189111
0.0365708 0.191752
0.0355866 0.190715
0.0354242 0.191627
0.035488 0.192148
0.034762 0.190027
0.0335179 0.186272
0.0331426 0.18862
0.0305227 0.171021
0.0322021 0.180514
0.0318525 0.178824
0.0323823 0.183036
0.031686 0.180233
0.0309641 0.178208
0.0320638 0.182112
0.0320854 0.182219
0.0323388 0.185897
0.0322997 0.182675
0.0321845 0.181786
0.0311428 0.181312
0.0309246 0.176765
0.0306805 0.176894
0.0300551 0.170627
0.0296022 0.173656
0.0299211 0.17838
0.0284934 0.168425
0.0277377 0.164005
0.0282501 0.167932
0.0301764 0.184278
0.0296416 0.180094
0.0285971 0.174994
0.0294389 0.180706
0.0292801 0.179211
0.0289565 0.177681
0.0282188 0.172038
0.0274209 0.164749
0.0279968 0.173416
0.0274649 0.169624
0.0275687 0.170405
0.027864 0.169155
0.0285851 0.174183
0.0274978 0.169068
0.0277327 0.170894
0.0276288 0.168505
0.0286554 0.173157
0.0289825 0.176389
0.0283726 0.174502
0.0273727 0.171526
0.0273912 0.170732
0.0267771 0.166083
0.0272628 0.171786
0.0276208 0.174234
0.0283295 0.178219
0.0287631 0.180981
0.0289166 0.179444
0.0300599 0.185844
0.0296757 0.179364
0.0300713 0.179589
0.0302331 0.185815
0.0305798 0.187603
0.029827 0.185774
0.0298129 0.183446
0.0296574 0.181491
0.0296604 0.180238
0.0296277 0.17452
0.0291764 0.17549
0.0294277 0.174316
0.0300829 0.180161
0.0300422 0.178014
0.0310458 0.182647
0.0308684 0.183181
0.0317142 0.186709
0.0328236 0.196888
0.0316873 0.186599
0.031985 0.186061
0.0325784 0.188257
0.0324541 0.18911
0.0333034 0.192243
0.0329305 0.184483
0.0324881 0.183904
0.0325497 0.181223
0.0339471 0.187353
0.0335184 0.183962
0.0335872 0.181578
0.033174 0.180599
0.0326103 0.177255
0.0325404 0.173166
0.0324225 0.169378
0.0340435 0.179349
0.0339671 0.175866
0.0350279 0.179668
0.0352855 0.182416
0.0369462 0.18678
0.037221 0.192333
0.0375086 0.190476
0.0383332 0.18895
0.0371927 0.188437
0.0384574 0.188755
0.0393427 0.190962
0.0397632 0.190056
0.0387554 0.187208
0.0394136 0.187061
0.0391926 0.187782
0.0402204 0.191468
0.0392442 0.18823
0.03825 0.184684
0.0390627 0.18834
0.0393305 0.193847
0.0384954 0.19035
0.0394994 0.194371
0.0386902 0.190586
0.037791 0.186421
0.0381211 0.191245
0.0380267 0.185039
0.0387381 0.189945
0.039488 0.193134
0.0392487 0.188577
0.0389688 0.185343
0.0402434 0.190558
0.0402377 0.185633
0.039214 0.180391
0.0394897 0.181756
0.0384541 0.178372
0.0393662 0.183582
0.0386571 0.182931
0.038792 0.185745
0.0385562 0.185792
0.0396577 0.190383
0.0408176 0.196747
0.0405272 0.192848
0.0407163 0.193532
0.0411937 0.189759
0.0417437 0.196378
0.041655 0.190753
0.0423458 0.196845
0.042331 0.198295
0.0418178 0.195877
0.0411619 0.191419
0.0410665 0.190367
0.0421012 0.199858
0.0409428 0.193714
0.0408527 0.193552
0.0414579 0.195436
0.0405175 0.194048
0.0402326 0.187357
0.0412652 0.19447
0.0396495 0.184247
0.0402189 0.188279
0.0403509 0.192823
0.0392453 0.185237
0.0393504 0.187023
0.0396531 0.18871
0.0391498 0.181809
0.0396586 0.187956
0.0391976 0.186125
0.0415795 0.19145
0.0416497 0.192666
0.0422045 0.198614
0.0419032 0.192627
0.0419291 0.194979
0.0414036 0.186868
0.0418525 0.195358
0.0409871 0.187695
0.0413659 0.192125
0.0424598 0.193378
0.0423288 0.191745
0.0441091 0.2021
0.0445706 0.204506
0.0446035 0.207081
0.044927 0.208863
0.0440959 0.204234
0.044209 0.203458
0.0443507 0.204141
0.0443783 0.204261
0.0443033 0.20359
0.0441707 0.208447
0.0444257 0.206236
0.0450796 0.211885
0.0463426 0.218283
0.0451319 0.211705
0.0456841 0.211316
0.046184 0.21751
0.0462011 0.217497
0.0451243 0.214975
0.044812 0.216971
0.0449676 0.214455
0.0450445 0.217238
0.0447179 0.213105
0.04433 0.212705
0.0435848 0.206185
0.0438814 0.209745
0.045208 0.212794
0.0440318 0.206467
0.0440012 0.207321
0.0455451 0.215009
0.0434707 0.199248
0.0448494 0.205366
0.0468998 0.21068
0.0486171 0.217577
0.0465611 0.21033
0.0462401 0.209952
0.0434256 0.199028
0.043215 0.196453
0.0442542 0.200316
0.0445146 0.202395
0.044621 0.201419
0.0432295 0.195454
0.0425278 0.195392
0.0427378 0.19601
0.0430526 0.194398
0.0427925 0.194831
0.0418679 0.190935
0.0419985 0.193286
0.0431202 0.201944
0.0420795 0.197002
0.0415257 0.194058
0.0418394 0.196254
0.0416251 0.196762
0.0412655 0.193022
0.0408553 0.193801
0.0410785 0.194072
0.0409067 0.193995
0.0403908 0.192834
0.0414903 0.198841
0.0413726 0.198821
0.0408874 0.194289
0.0422048 0.206751
0.0418347 0.202306
0.0428066 0.207313
0.0417009 0.205218
0.0424076 0.207966
0.0426225 0.208625
0.0420333 0.202226
0.0424918 0.205411
0.0416739 0.201085
0.0419098 0.200269
0.0416008 0.199419
0.0416539 0.199014
0.0405531 0.193825
0.0396988 0.189056
0.0399255 0.189653
0.0403544 0.194963
0.0398797 0.192212
0.0399751 0.197934
0.0401449 0.19879
0.0389246 0.193751
0.0391119 0.19548
0.0384483 0.195295
0.0376008 0.195084
0.0368253 0.189858
0.0368002 0.190671
0.0356477 0.18486
0.0348992 0.181595
0.0350754 0.182878
0.0344835 0.181251
0.0339073 0.17784
0.0345137 0.180749
0.0343455 0.183222
0.0346086 0.184025
0.0344247 0.185151
0.034999 0.187785
0.0348788 0.186572
0.0339055 0.181571
0.0342864 0.186009
0.0336083 0.182901
0.0330027 0.178144
0.0319903 0.173999
0.0315805 0.173222
0.0324707 0.177002
0.0316692 0.173893
0.031598 0.173169
0.0315481 0.173562
0.0315049 0.174736
0.0317258 0.175335
0.0314654 0.174781
0.0313667 0.175127
0.0311716 0.175457
0.0306817 0.173851
0.031252 0.177015
0.0314818 0.17913
0.0310066 0.177168
0.0304386 0.174513
0.0316861 0.185641
0.0319592 0.187074
0.0311788 0.180596
0.0319363 0.183954
0.0323703 0.189239
0.031853 0.187733
0.0321915 0.186251
0.0315863 0.183936
0.0322397 0.187869
0.0320206 0.187795
0.032359 0.188169
0.0325659 0.188557
0.0321972 0.188496
0.0316695 0.184685
0.0306925 0.179768
0.0320431 0.18727
0.0313321 0.183837
0.0309443 0.181572
0.0311606 0.18221
0.0322208 0.186465
0.0306062 0.177713
0.0310934 0.181606
0.0321731 0.18831
0.0312487 0.183507
0.0316478 0.184971
0.0321065 0.186389
0.0318715 0.18665
0.0323068 0.189266
0.0317301 0.186132
0.0322027 0.188904
0.0320756 0.186321
0.0312971 0.182641
0.0316217 0.184777
0.03213 0.186817
0.0319473 0.18764
0.0320187 0.1873
0.0321621 0.188411
0.0321974 0.186551
0.0318769 0.1867
0.0313046 0.18296
0.0310755 0.183214
0.0313234 0.183483
0.0309042 0.181291
0.031632 0.185217
0.0309917 0.181235
0.0314023 0.183545
0.0312154 0.183754
0.0311032 0.181539
0.0307654 0.179152
0.03073 0.179503
0.0311137 0.181494
0.0304792 0.179281
0.0310922 0.18155
0.0317591 0.185545
0.0301927 0.178192
0.0305788 0.178876
0.0302986 0.178047
0.0307914 0.178756
0.0301901 0.177718
0.0301683 0.175083
0.0300768 0.17587
0.0297487 0.174588
0.0306874 0.180231
0.0305249 0.17869
0.030439 0.178501
0.0301072 0.17642
0.0298664 0.174963
0.0304351 0.177315
0.0301134 0.17733
0.0307718 0.180451
0.0298017 0.174041
0.0299117 0.175531
0.0304522 0.177364
0.0303789 0.179002
0.0307217 0.179308
0.030393 0.17733
0.0299587 0.175985
0.0303726 0.17795
0.0301423 0.176051
0.0304025 0.177781
