44815
43394
43334
44311
45179
45764
45690
46005
46215
45797
45993
45931
46081
46145
45879
46036
46037
46250
46057
45860
46087
46199
45925
45843
45482
44810
44601
44283
43997
43872
43552
43694
43557
43642
43762
43652
43779
44201
44440
45080
45280
45562
45346
45358
45574
45493
45670
45385
45425
45720
45711
45555
45699
45653
45644
45847
45688
45759
45490
45963
45753
45821
45689
46126
46154
46033
45983
45813
45849
45892
45933
45519
45784
45967
45925
45989
45703
45910
45992
46104
45936
46172
46017
45943
46114
46304
46218
46274
45978
46020
46220
46258
46163
46312
46110
46344
46372
46357
46282
46425
46242
46268
46139
46397
46420
46303
46328
46498
46268
46357
46126
46133
46086
46331
46374
46232
46478
46320
46548
46334
46478
46527
46455
46379
46345
46550
46333
46600
46620
46552
46563
46574
46475
46322
46270
46334
46163
46070
46562
46564
46737
46572
46411
46517
46387
46613
46595
46384
46364
46262
46539
46556
46721
46461
46575
46650
46508
46595
46457
46252
46739
46683
46605
46429
46396
46579
46541
46759
46671
46591
46426
46640
46562
46775
46622
46696
46569
46800
46713
46696
46710
46555
46630
46697
46592
46701
46673
46735
46436
46481
46833
46739
46535
46578
46620
46838
46606
46734
46518
46618
46920
46502
46690
46973
46633
46812
46725
46636
47031
47072
47084
46670
46932
46834
46951
46954
46806
46965
46922
46732
46717
46802
46818
47078
46952
46962
46919
46787
46666
47004
47003
47073
46901
47289
46664
46882
47079
46793
47194
46916
47066
46960
47003
47108
46874
46961
46773
47188
47229
47044
46824
47204
46919
46896
46752
46957
47409
47218
46954
47073
47141
47115
47158
47130
47248
47128
47041
46926
46967
46998
47059
46938
47058
47253
47279
46907
47364
47128
47072
47231
47028
47321
47290
47124
47161
47602
47006
47399
47220
47280
47128
47582
47408
47663
47515
47627
47607
47567
47731
47949
47635
47520
47311
47368
47673
47763
47360
47323
47455
47791
47756
47677
47745
47718
47883
47644
47867
47691
47805
47948
47701
47603
47676
47812
47700
47988
47931
47947
47413
47972
48095
47996
47731
47886
47744
47915
47853
47705
47849
48002
47580
47704
48032
47775
47439
47613
47652
47895
47832
47649
47538
47595
47580
48003
47573
47955
47638
47730
47852
47717
47643
47539
47682
47707
47764
47897
47835
47808
47945
47488
47590
47802
47590
47880
47876
47777
47622
47722
47850
47850
47726
47481
47656
47686
47878
47722
47790
47703
47717
48145
47870
47630
47747
47761
47797
47663
47819
47735
47652
47829
47904
47873
47687
47608
47529
47682
47722
47638
47678
47477
47636
47695
47477
47749
47584
47483
47676
47538
47454
47521
47476
47289
47465
47601
47383
47527
47402
47392
47359
47396
47158
47335
46978
47076
47148
46944
46855
47006
47227
46888
46640
46901
46657
46757
46630
46376
46328
46428
46429
46355
46183
46378
46397
46239
46165
46240
46091
46394
46043
46034
46280
46119
46294
46006
45994
46266
46233
46188
46039
46069
46455
45985
45987
46304
46134
45892
46019
46288
45885
46071
46187
46061
45819
45858
45581
45616
45646
45528
45593
45284
45108
45552
45187
45159
45624
45465
45195
45184
45295
45413
45652
45358
45552
45759
45274
45449
45538
45755
45395
45830
45806
45998
46321
46014
46087
46359
46500
46167
45930
45799
46097
45925
46417
46195
46180
46197
45787
45531
45519
45473
44412
44585
44540
44855
44965
44853
44973
44912
45089
44746
44925
44850
44922
45033
44507
43913
43960
44116
44122
43917
43136
43179
43364
43596
44860
44651
44499
44684
45064
45004
45138
45244
45041
45361
45697
45809
45989
46179
46636
47149
47153
47458
47344
47460
47569
47333
47576
47477
47418
47680
47486
47666
47569
47792
47584
47478
47872
47688
47559
47525
47469
47334
47386
47184
47250
47598
47445
47515
47775
47398
47189
47550
47407
47380
46999
47251
47542
47636
47360
47524
47746
47600
47604
47523
47420
47848
47207
47269
47634
47234
47471
47167
47156
47009
46903
46856
46860
47008
46909
46997
47069
47167
47370
46856
47026
47154
46996
47018
47130
47105
47023
46954
46947
46787
46879
46880
46881
46847
47108
46620
47050
46734
46820
46922
46893
46577
46766
46928
46819
46554
46975
46730
46881
46837
46952
46676
46977
46858
46800
46487
46797
46765
46464
46558
46564
46572
46608
46728
46478
46745
46822
46779
46810
46721
46788
46733
46991
46677
46706
46545
46404
46744
46593
46331
46587
46545
46563
46519
46440
46731
46688
46645
46627
46574
46597
46718
46675
46536
46663
46672
46681
46592
46706
46653
46558
46879
46879
46703
46511
46854
46766
46698
46474
46514
46658
46333
46464
46632
46615
46613
46763
46577
46679
47015
46846
46736
46755
46634
46659
46454
46714
46637
46676
46670
46598
46524
46411
46351
46455
46571
46720
46541
46539
46517
46519
46340
46426
46354
46637
46336
46396
46435
46344
46119
46194
46279
46542
45982
46277
46239
46575
46460
46277
46263
46118
46131
46389
46508
46542
46251
46160
46369
46355
46318
46390
46177
46206
46726
46676
46815
46696
46675
46408
46824
46746
46637
46643
46527
46625
46594
46652
46701
46451
46356
46460
46420
46389
46407
46340
46504
46478
46655
46668
46462
46336
46609
46664
46932
47074
46777
46965
46670
46876
46546
46764
46716
46758
46994
46887
46594
46418
46529
46565
46858
46798
46907
46727
47003
46895
46656
46595
46961
46891
46874
46747
47447
47163
47033
46961
46980
47019
47125
46982
46972
46793
47147
46678
46913
46323
46850
46720
46605
46632
46654
46749
46786
46609
46653
46624
46782
46364
46503
46564
46581
46658
46804
46656
46746
47126
46860
47066
46968
47081
46964
47171
47059
46990
47016
47496
47186
47153
47168
47231
46901
47172
46918
46962
46949
47141
47162
47209
47219
46910
47021
47046
46854
46806
46786
46984
46776
47030
46919
46960
47009
47178
47295
47563
47248
47308
47539
47499
47654
47528
47988
47383
48101
47923
48011
47546
47564
47926
47625
47769
47752
47852
47737
47767
47658
47814
48003
48053
48029
48184
48025
47953
47983
48102
48222
48102
48102
47949
48098
48145
47931
47789
47802
47794
47790
47830
47839
47758
47605
47918
47986
48093
48496
47809
48100
47543
47909
47253
47607
47880
47635
47866
47736
47913
47928
47801
47811
47491
47731
47729
47923
47585
47125
46790
46867
47019
47012
47085
46887
47080
46881
46940
46810
46620
46393
46500
46506
46496
46748
46622
46701
46616
46626
46600
46659
46667
46643
46784
46719
46643
46783
46629
46507
47092
46863
47559
46704
47008
46875
46855
46858
46840
46946
46871
46873
46627
46639
46408
46556
46737
46624
46524
46438
46738
46512
46498
46453
46262
46160
46583
46718
46583
46697
46968
46582
46891
46992
46778
46698
46785
46968
46740
47063
46734
46705
46718
46749
46610
46850
46675
46867
46512
46674
46880
46855
46966
46826
46491
46753
46249
47049
46947
46787
46603
46054
46245
46667
46588
46592
46302
46429
46372
46486
45946
46423
46276
46383
46617
46389
46554
46402
46605
46507
46694
46651
46262
46726
46174
46307
46422
46013
46136
46090
46172
46217
46905
45894
45940
45808
46149
46064
46212
46269
46153
46384
46335
46266
46222
46405
46081
46126
46116
46065
46545
46276
46372
46300
46480
45931
46298
46134
46091
46210
46171
46079
46249
46103
46264
46266
46177
45566
46285
46475
46186
46612
46540
46504
46656
46680
46661
46634
46648
46870
46766
46651
46706
46956
47211
47099
46735
46993
46867
46943
47087
46848
47249
47074
47042
46875
46983
47276
47027
47112
47060
47071
47199
46965
47004
47407
47062
47455
47165
47329
47248
47374
47655
47279
47404
47313
47698
47468
47466
47489
47364
47282
47282
47258
47737
47522
47536
47561
47555
47634
47528
47547
47572
47502
47866
47426
47523
47685
47817
47699
47715
47791
47731
47736
47752
47370
47328
47441
47416
47302
47558
47469
47626
47664
47534
47452
47432
47385
47829
47487
47651
47478
47471
47639
47536
47451
47793
47353
47593
47221
47764
47467
47545
47666
47772
47797
47899
47663
47545
47511
47952
47576
47514
47774
47550
47928
47556
47511
47699
47510
47508
47529
