44988      14196
43578      13730
43516      13544
44477      13547
45377      13568
45934      13622
45866      13710
46178      13754
46386      13780
45965      13712
46186      13896
46119      13883
46260      13914
46324      13949
46051      13854
46201      13700
46207      13725
46431      13729
46224      13758
46007      13682
46256      13687
46364      13696
46098      13676
46004      13878
45659      13811
44964      13819
44748      13999
44434      14014
44153      13943
44031      13950
43683      13917
43828      13821
43707      13905
43787      14024
43895      13796
43809      13889
43914      13926
44354      14073
44593      14068
45228      14246
45448      14271
45737      14344
45510      14278
45533      14355
45748      14327
45650      14288
45823      14245
45547      14189
45589      14235
45894      14335
45893      14297
45707      14194
45848      14166
45840      14111
45839      14171
46008      14141
45869      14246
45907      14231
45661      14357
46136      14435
45913      14380
45976      14258
45861      14315
46301      14350
46332      14333
46194      14260
46136      14231
45992      14265
46012      14100
46056      13997
46071      13936
45671      13865
45935      13993
46151      13917
46097      13930
46159      13878
45874      13877
46046      13845
46143      13880
46256      13828
46093      13657
46333      13666
46179      13616
46118      13478
46273      13375
46457      13247
46395      13380
46446      13445
46172      13515
46197      13583
46400      13394
46445      13356
46328      13376
46502      13418
46290      13478
46510      13365
46550      13298
46535      13191
46461      13151
46614      13201
46440      13198
46471      13220
46342      13207
46589      13151
46601      13119
46495      13008
46528      13010
46706      13134
46454      13286
46557      13211
46315      13213
46348      13351
46277      13281
46547      13372
46555      13278
46431      13345
46662      13171
46527      13094
46737      13195
46524      13186
46657      13227
46721      13212
46682      13157
46577      13083
46565      13125
46731      13105
46525      13054
46788      13126
46808      13101
46740      13154
46748      13175
46790      13265
46664      13165
46522      13032
46470      12959
46538      12990
46348      12922
46271      12967
46771      13024
46760      12985
46928      13081
46772      13094
46620      13127
46704      13090
46615      13137
46818      13108
46767      13161
46601      13115
46566      12987
46454      12901
46754      12922
46748      12957
46922      13066
46683      12917
46782      12983
46855      13124
46737      13143
46785      13061
46667      13020
46437      13006
46963      13094
46883      13047
46827      13020
46639      13047
46596      13091
46785      12971
46757      13095
46974      13100
46884      13015
46828      13031
46637      12997
46845      12998
46778      13048
47015      13130
46841      13085
46929      13194
46784      13103
47031      13095
46962      13003
46939      12985
46935      13020
46807      13009
46865      13015
46918      12997
46827      13059
46902      13109
46900      13009
46935      13173
46637      13098
46718      13048
47046      13095
46954      13078
46762      13043
46794      13146
46873      13155
47080      13046
46821      12951
46974      12808
46742      12874
46861      12855
47131      12917
46716      12792
46923      12909
47185      12991
46849      13003
47057      13041
46967      12888
46898      12819
47277      12911
47301      12830
47326      12885
46913      12901
47189      12852
47069      12907
47192      12920
47192      12802
47055      12842
47215      12989
47168      13035
46989      12975
46969      12896
47040      12901
47065      12904
47323      12986
47189      12860
47189      12889
47137      12909
47000      13047
46930      12956
47260      12941
47267      12948
47305      13037
47118      12941
47545      12983
46924      12963
47146      12909
47318      13045
47048      13003
47458      12969
47152      12932
47312      12949
47188      12875
47245      12777
47346      12831
47112      12789
47223      12852
46995      12773
47426      12811
47482      12754
47264      12795
47078      12865
47425      12806
47164      12713
47177      12662
47013      12822
47207      12892
47650      13027
47461      12905
47215      13031
47294      12885
47401      12929
47338      12838
47411      12858
47371      12887
47496      12848
47383      12806
47251      12757
47176      12849
47223      12778
47236      12819
47282      12736
47178      12668
47287      12626
47511      12488
47506      12412
47132      12416
47601      12287
47369      12277
47311      12295
47460      12070
47239      12059
47569      12052
47536      11976
47356      11952
47431      11890
47847      11880
47239      11777
47655      11726
47482      11611
47535      11678
47372      11579
47821      11539
47632      11421
47901      11352
47742      11234
47867      11081
47833      11154
47800      11075
47980      11028
48189      11101
47867      10993
47760      10995
47585      10867
47599      11003
47906      10958
48000      10855
47593      10724
47552      10681
47672      10660
48014      10703
48005      10759
47911      10771
47986      10628
47936      10626
48101      10552
47878      10488
48130      10439
47923      10329
48041      10298
48208      10167
47947      10213
47863      10216
47900      10204
48085      10146
47944      10155
48233      10194
48178      10129
48210      10034
47653      10057
48251      10048
48364      10009
48259      9920
48006      9905
48156      9886
47986      9803
48175      9715
48113      9767
47978      9806
48125      9779
48293      9722
47846      9882
47994      9689
48289      9631
48042      9589
47747      9652
47903      9606
47908      9638
48162      9672
48103      9793
47924      9735
47821      9620
47863      9624
47863      9494
48296      9465
47857      9616
48222      9575
47935      9567
48011      9531
48117      9530
48003      9470
47932      9493
47828      9505
47970      9508
48008      9529
48046      9483
48177      9452
48119      9440
48097      9461
48215      9433
47804      9419
47868      9353
48069      9308
47880      9313
48196      9356
48182      9306
48078      9316
47903      9384
48006      9281
48136      9318
48129      9315
47991      9210
47762      9245
47959      9243
48009      9259
48154      9163
48004      9279
48098      9171
47999      9108
48025      9073
48476      9131
48179      9086
47934      9146
48075      9184
48075      9064
48109      9051
47975      9006
48092      8919
48034      8938
47947      8883
48102      8815
48211      8829
48165      8819
47997      8817
47911      8670
47835      8790
48016      8777
48029      8725
47934      8761
47981      8648
47787      8550
47978      8599
48035      8596
47804      8697
48059      8629
47943      8474
47827      8548
48040      8469
47884      8516
47786      8567
47856      8541
47813      8458
47644      8444
47807      8455
47946      8392
47730      8328
47865      8268
47749      8172
47726      8271
47710      8256
47709      8308
47503      8169
47657      8122
47342      8022
47448      7976
47491      7982
47300      7954
47209      8006
47334      7821
47582      7653
47246      7691
46992      7611
47228      7657
46985      7611
47101      7636
46965      7580
46691      7507
46620      7444
46732      7498
46725      7462
46655      7483
46448      7385
46669      7399
46697      7361
46540      7363
46457      7330
46525      7386
46408      7400
46694      7447
46319      7581
46325      7581
46542      7526
46353      7572
46554      7725
46278      7772
46261      7745
46524      7706
46486      7583
46441      7527
46288      7487
46347      7405
46745      7422
46236      7349
46229      7412
46544      7377
46384      7350
46145      7326
46281      7389
46560      7383
46126      7379
46335      7434
46411      7517
46292      7551
46071      7538
46075      7615
45802      7629
45820      7619
45858      7724
45731      7946
45810      7894
45492      7877
45299      7902
45742      7798
45387      7897
45388      8013
45819      8056
45673      8086
45400      8065
45394      8007
45495      8107
45612      8294
45847      8383
45563      8321
45736      8321
45963      8418
45461      8379
45636      8531
45722      8528
45943      8500
45583      8436
45984      8489
45976      8610
46183      8673
46511      8798
46197      8753
46255      8892
46566      8953
46698      9136
46339      9064
46122      8908
45979      8874
46290      8996
46104      9062
46583      9192
46361      9203
46349      9119
46376      9066
45922      9110
45669      9099
45696      8957
45638      9058
44588      9040
44790      9158
44764      9259
45103      9186
45209      9090
45105      9002
45189      8953
45132      8632
45293      8755
44935      8810
45108      8674
45048      8673
45089      8695
45194      8719
44695      8706
44073      8672
44115      8546
44299      8433
44289      8528
44096      8480
43317      8469
43344      8499
43569      8581
43818      8381
45079      8161
44882      8098
44724      8211
44876      8389
45291      8399
45232      8323
45367      8490
45475      8473
45232      8328
45557      8162
45895      8506
46005      8420
46191      8504
46356      8504
46809      8462
47329      8639
47331      8700
47643      8847
47547      8747
47642      8888
47752      8808
47515      8986
47756      8988
47663      9094
47599      9062
47837      9121
47626      9119
47820      9121
47714      9278
47912      9278
47733      9288
47632      9356
48026      9415
47840      9379
47701      9315
47660      9474
47611      9477
47500      9205
47542      9338
47327      9463
47401      9649
47743      9741
47574      9587
47664      9530
47933      9737
47567      9709
47374      9647
47741      9656
47592      9653
47576      9655
47213      9748
47444      9772
47725      9800
47837      9546
47565      9632
47700      9818
47948      9788
47768      9844
47766      9984
47684      9920
47609      10170
48019      10195
47376      10162
47464      10004
47817      10080
47412      10163
47691      10259
47397      10196
47373      10222
47216      10121
47104      10182
47062      10149
47073      9994
47229      9988
47119      9880
47217      9839
47307      9820
47397      9873
47606      9662
47070      9570
47282      9655
47391      9560
47238      9578
47279      9461
47367      9565
47341      9564
47275      9462
47237      9368
47205      9545
47035      9732
47131      9601
47156      9544
47154      9455
47116      9442
47367      9624
46883      9602
47319      9513
46974      9572
47058      9497
47164      9454
47153      9537
46833      9616
47024      9793
47182      9531
47084      9645
46806      9679
47193      9699
46953      9698
47082      9672
47042      9534
47160      9522
46887      9499
47193      9693
47091      9703
47014      9472
46720      9644
47046      9707
46980      9640
46721      9797
46814      9911
46823      9825
46820      9842
46876      9864
46976      9856
46745      9793
47019      10017
47105      9901
47054      9808
47080      9888
46976      10001
47025      10060
46985      10036
47254      10140
46925      10170
46944      10087
46789      10102
46654      10073
46996      10171
46851      10073
46603      10216
46841      10175
46807      10083
46811      10124
46754      10149
46695      10021
46981      10188
46984      10136
46912      10180
46887      10073
46817      10165
46831      10030
46960      10002
46907      9882
46767      10141
46917      10267
46911      10094
46936      10206
46813      10158
46941      10244
46884      10144
46771      10218
47123      10130
47116      10178
46952      10202
46745      10159
47097      10109
46970      10076
46922      9999
46699      10077
46748      10206
46905      10078
46563      9916
46703      9859
46853      9862
46844      9925
46833      10001
46998      9987
46799      9982
46902      10019
47236      10037
47059      10022
46955      10002
46996      9974
46873      9976
46892      10092
46680      9974
46956      10121
46845      10028
46899      10098
46888      10318
46835      10128
46787      10319
46661      10178
46631      10042
46713      10373
46849      10226
46984      10128
46803      10111
46803      10275
46783      10589
46787      10193
46606      10105
46678      10052
46610      10179
46883      10153
46605      10159
46655      10308
46669      10182
46583      10345
46370      10174
46417      10342
46491      10231
46763      10389
46198      10304
46506      10375
46513      10326
46826      10385
46674      10653
46539      10533
46543      10284
46407      10126
46415      10280
46690      10327
46774      10534
46830      10535
46533      10417
46453      10406
46640      10529
46624      10508
46568      10386
46616      10475
46424      10458
46449      10349
46966      10414
46910      10078
47048      10172
46912      10168
46890      9906
46640      9941
47077      10016
46984      10136
46868      10021
46867      9798
46756      9841
46843      10173
46818      9820
46846      9918
46896      10254
46691      10053
46622      10127
46714      10012
46677      10276
46637      10245
46663      10218
46599      10283
46783      10424
46730      10285
46898      10079
46921      10138
46725      10225
46607      10256
46897      10248
46954      10270
47222      10252
47367      10183
47063      10202
47227      10096
46924      10063
47149      10140
46841      9894
47036      10023
46981      9936
47008      9816
47260      9702
47126      9641
46853      9650
46683      9466
46754      9620
46806      9587
47103      9599
47012      9622
47124      9602
46940      9785
47231      9994
47124      9787
46867      9722
46817      9796
47143      9804
47091      9800
47078      9579
46969      9732
47678      9759
47382      9727
47234      9559
47167      9755
47200      9694
47218      9680
47332      9753
47200      9684
47185      9691
47014      9635
47342      9751
46867      9504
47119      9613
46537      9607
47042      9749
46935      9723
46810      9801
46840      9900
46877      9891
46984      9885
47005      9890
46840      9745
46857      9872
46828      9616
46993      9720
46572      9614
46696      9670
46791      9731
46789      9916
46858      9812
47002      9729
46841      9787
46945      9652
47306      9892
47031      9960
47231      9759
47125      9677
47238      9592
47119      9545
47320      9537
47225      9463
47153      9567
47198      9533
47693      9566
47377      9372
47336      9449
47345      9381
47403      9381
47076      9450
47340      9361
47093      9419
47154      9470
47141      9262
47339      9310
47341      9322
47387      9192
47395      9138
47076      9068
47188      9147
47243      9249
47047      9029
47013      8971
46979      8926
47167      8774
46954      8648
47238      8691
47119      8586
47169      8458
47183      8265
47350      8422
47501      8441
47748      8476
47453      8365
47502      8325
47720      8263
47697      8364
47827      8397
47710      8275
48189      8491
47578      8398
48263      8265
48092      8392
48195      8332
47722      8377
47730      8110
48112      8042
47799      8058
47935      8083
47914      8040
48034      7839
47922      7862
47936      7823
47863      7771
47999      7817
48211      7827
48222      7886
48212      7997
48335      7784
48160      7781
48077      7761
48111      7907
48227      7896
48352      7846
48255      7807
48275      7890
48135      7938
48296      7908
48348      7829
48114      7657
47963      7668
47969      7709
47952      7592
47949      7578
47987      7607
48010      7607
47924      7699
47780      7705
48082      7936
48142      8040
48247      7832
48644      7908
47967      7679
48258      7821
47714      7773
48055      7887
47410      8024
47758      7919
48041      8088
47787      7956
48010      8079
47896      8118
48057      8078
48103      8151
47991      7974
47990      8123
47699      8164
47934      8270
47955      8197
48144      8311
47795      8498
47339      8330
47006      8410
47088      8494
47220      8573
47214      8708
47311      8655
47097      8628
47298      8852
47079      8988
47145      8929
47037      9057
46844      9097
46597      8979
46698      9198
46703      9002
46701      9166
46950      9490
46821      9208
46905      9520
46797      9608
46808      9765
46781      9650
46831      9840
46858      9745
46823      9801
46959      9759
46911      9684
46831      9675
46977      9498
46839      9436
46718      9457
47308      9562
47054      9502
47778      9488
46930      9604
47227      9591
47121      9590
47075      9763
47064      9860
47021      9903
47129      10182
47074      10195
47074      10187
46817      10062
46867      10006
46630      9808
46786      9723
46985      9706
46859      9717
46760      9662
46655      9768
46987      9849
46772      10101
46747      9892
46685      10151
46504      9956
46388      9863
46837      9953
46940      10050
46814      10053
46927      9840
47185      9934
46783      9840
47112      9960
47193      9817
47008      10052
46933      9920
47002      10074
47188      10039
46950      9804
47278      9975
46951      9837
46934      9836
46942      10063
46989      9867
46842      9824
47116      10183
46931      10102
47147      9968
46780      10135
46921      10048
47130      10399
47094      10046
47181      10259
47068      10085
46741      10224
47005      10322
46522      10099
47343      10259
47227      10118
47048      10067
46853      10064
46311      10017
46487      10062
46929      10141
46825      10145
46805      9878
46536      9977
46685      9893
46627      9847
46716      9921
46189      9940
46668      9864
46539      9835
46621      9742
46834      9636
46624      9728
46806      9656
46643      9745
46851      9721
46745      9835
46932      9781
46890      9921
46503      9870
46952      9925
46391      9786
46524      10107
46660      10142
46259      10253
46414      10316
46350      10216
46459      10179
46475      10093
47150      10327
46154      10150
46178      10112
46074      10153
46371      10217
46311      10031
46449      10087
46512      10257
46395      10144
46625      10175
46587      10068
46501      9886
46478      9885
46638      9934
46309      9827
46362      9762
46351      9861
46292      9714
46795      9872
46529      9766
46622      9716
46524      9671
46736      9677
46203      9672
46539      9454
46371      9546
46324      9524
46450      9396
46396      9419
46291      9423
46485      9617
46319      9548
46477      9591
46481      9689
46404      9638
45787      9543
46480      9690
46677      9771
46391      9726
46822      9651
46715      9658
46716      9403
46847      9430
46861      9382
46877      9339
46858      9187
46861      8997
47083      9093
46996      9030
46877      9001
46933      8979
47194      9020
47422      8985
47307      8984
46941      8929
47209      8824
47072      8818
47147      8741
47303      8784
47071      8767
47456      8831
47311      8685
47265      8645
47092      8687
47195      8643
47483      8628
47256      8639
47321      8589
47269      8591
47253      8562
47403      8512
47147      8502
47193      8462
47590      8496
47262      8365
47659      8378
47366      8331
47535      8322
47444      8272
47572      8269
47868      8140
47489      8079
47596      8186
47507      8225
47900      8160
47671      8062
47672      8209
47683      8162
47578      8132
47488      8067
47475      8133
47472      8166
47934      8156
47694      8150
47712      8124
47771      8140
47720      8106
47819      8122
47744      8131
47770      8222
47779      8199
47715      8138
48066      8181
47624      8077
47719      8136
47901      8223
48027      8168
47920      8149
47919      8142
48005      8148
47936      8223
47930      8189
47954      8179
47571      8159
47536      8071
47646      8121
47611      8098
47502      8168
47770      8127
47662      8130
47827      8091
47880      8149
47735      8112
47661      8115
47649      8122
47593      8116
48036      8134
47680      8142
47862      8192
47655      8137
47668      8145
47858      8106
47738      8147
47655      8128
48002      8106
47536      8104
47791      8109
47419      8140
47960      8123
47660      8194
47742      8140
47867      8131
47985      8148
48015      8176
48097      8177
47864      8144
47763      8124
47700      8164
48174      8155
47785      8124
47724      8144
47974      8149
47742      8172
48146      8143
47758      8159
47704      8154
47924      8137
47698      8117
47711      8146
47741      8137
