0.0390549 0.123767
0.0385975 0.122505
0.0382158 0.122785
0.038874 0.12763
0.0380149 0.127137
0.0376192 0.126854
0.0371953 0.124435
0.0376586 0.126436
0.0368861 0.124165
0.037398 0.125365
0.0376954 0.125288
0.0376201 0.124973
0.0379594 0.126204
0.0376695 0.125099
0.0385877 0.128266
0.0382459 0.128978
0.0386305 0.130055
0.0378626 0.12805
0.0391788 0.131633
0.0394723 0.132729
0.0377465 0.127566
0.038284 0.1296
0.0377674 0.127303
0.0372142 0.123361
0.0376049 0.124321
0.0370519 0.120559
0.0371637 0.118794
0.0385291 0.122164
0.0385704 0.12214
0.0386092 0.121864
0.0384131 0.120572
0.0395409 0.125389
0.0390098 0.122618
0.0385731 0.120436
0.0390477 0.124239
0.0388733 0.122615
0.0398734 0.125736
0.041056 0.129397
0.0404324 0.128163
0.0394225 0.125158
0.0408599 0.130124
0.0407766 0.13002
0.0403867 0.12873
0.0403444 0.127969
0.0386902 0.123543
0.0399781 0.12773
0.0403509 0.1298
0.0408589 0.131158
0.0393077 0.125887
0.0393515 0.125985
0.0379361 0.121774
0.0383092 0.123362
0.0378424 0.122476
0.0395724 0.128552
0.0386134 0.124903
0.039015 0.126936
0.0386754 0.124526
0.0393186 0.126836
0.0384354 0.12224
0.0389934 0.124628
0.0397273 0.126843
0.0393466 0.126876
0.0390746 0.125183
0.0383361 0.123693
0.0386342 0.124887
0.0381435 0.123562
0.0383215 0.124236
0.0378979 0.122187
0.0380988 0.124326
0.0376932 0.124027
0.0390484 0.12909
0.0387117 0.127515
0.0381409 0.125205
0.037529 0.124452
0.0377031 0.124767
0.0368726 0.12264
0.03684 0.121784
0.0382444 0.127194
0.0365169 0.121398
0.0372708 0.124675
0.0373593 0.126089
0.0373384 0.126592
0.037961 0.128746
0.0379028 0.129693
0.0371923 0.128673
0.0373894 0.131124
0.0373747 0.129596
0.037226 0.128598
0.0375119 0.128154
0.0372535 0.126703
0.0369612 0.128042
0.0366886 0.127583
0.0359826 0.124626
0.0352673 0.122224
0.0356665 0.122496
0.0365513 0.127198
0.0352954 0.123552
0.0357151 0.125995
0.0360517 0.127367
0.0358047 0.12643
0.0359819 0.12661
0.0361301 0.127005
0.0363385 0.127508
0.0370688 0.131321
0.0358147 0.12722
0.0360899 0.128998
0.0369885 0.132283
0.0381321 0.135602
0.0382529 0.13375
0.0382112 0.134661
0.0378063 0.132521
0.0378441 0.131376
0.0377293 0.131466
0.0382839 0.133264
0.038041 0.133379
0.0376042 0.130836
0.0375037 0.132868
0.0372042 0.132198
0.0377217 0.133611
0.037572 0.132565
0.037272 0.131473
0.0379487 0.134196
0.0373377 0.132477
0.0386457 0.137583
0.0386771 0.137219
0.0386467 0.13781
0.038431 0.13697
0.0391767 0.139647
0.0378781 0.135333
0.0387249 0.137601
0.0375203 0.133131
0.036931 0.130268
0.0375664 0.133156
0.0376596 0.134438
0.0386056 0.138437
0.0382053 0.136875
0.038362 0.137595
0.0382961 0.136655
0.0380364 0.136594
0.0376818 0.135695
0.0379944 0.136305
0.0381425 0.136246
0.0385028 0.136741
0.0380481 0.135752
0.0377132 0.133821
0.0384254 0.137244
0.0388308 0.137983
0.0375958 0.133587
0.0382038 0.136983
0.0386404 0.139137
0.0382641 0.138446
0.0380337 0.137223
0.0370402 0.133017
0.0378296 0.136719
0.0369159 0.13302
0.0361968 0.129229
0.0364807 0.129727
0.037341 0.133757
0.036214 0.1298
0.037707 0.13463
0.0375615 0.134718
0.0374549 0.13459
0.0372221 0.133871
0.0372435 0.133134
0.0371491 0.132228
0.0374052 0.134916
0.0363368 0.129744
0.0370205 0.132748
0.0373688 0.134614
0.0369224 0.132684
0.0367948 0.13203
0.0372932 0.134405
0.0370473 0.132817
0.0381155 0.136481
0.03862 0.13825
0.0379509 0.134986
0.0373846 0.133481
0.0381025 0.136846
0.0373919 0.135046
0.0371333 0.134232
0.0372643 0.134332
0.0372807 0.134138
0.0381735 0.137457
0.0393026 0.141879
0.0376706 0.135079
0.0378875 0.135556
0.0392324 0.141441
0.038287 0.136415
0.0388747 0.138418
0.0376728 0.134887
0.0381967 0.137228
0.0381863 0.1371
0.0389633 0.139692
0.0387229 0.137837
0.0385723 0.137438
0.038785 0.139966
0.0382734 0.138368
0.0392558 0.143973
0.0387874 0.140826
0.0391157 0.14259
0.0391462 0.142835
0.0383809 0.140166
0.0390427 0.141916
0.0393345 0.142868
0.0396807 0.142967
0.039569 0.14278
0.0392616 0.143079
0.0396605 0.145097
0.0386023 0.141352
0.0388364 0.14318
0.0389638 0.143112
0.039051 0.142004
0.0392676 0.14418
0.039219 0.143023
0.0392863 0.143498
0.0392439 0.144665
0.0402295 0.147407
0.03878 0.140965
0.0401331 0.145224
0.0388176 0.140578
0.0397496 0.144774
0.0409226 0.149213
0.0393923 0.143676
0.0391564 0.142692
0.0390981 0.143468
0.0400941 0.146792
0.0400747 0.146332
0.0388298 0.139879
0.0396335 0.143563
0.0393356 0.143652
0.0397529 0.145119
0.0395307 0.143438
0.0396239 0.14427
0.0389736 0.142725
0.0384451 0.139165
0.0386671 0.141219
0.0379771 0.137754
0.0380888 0.137814
0.0386447 0.141414
0.038132 0.139035
0.0387428 0.141555
0.0395228 0.144854
0.0402371 0.148783
0.0388628 0.143403
0.0388012 0.142935
0.0389429 0.143091
0.0391531 0.144054
0.039472 0.146124
0.0399099 0.148581
0.0395438 0.146073
0.0392752 0.143723
0.0405693 0.150242
0.0399033 0.148037
0.0403375 0.150292
0.0403718 0.148027
0.0401635 0.147068
0.0398531 0.145774
0.0402225 0.147927
0.0395637 0.14335
0.0396033 0.145363
0.0395561 0.145023
0.0404115 0.149011
0.0398642 0.14699
0.0385679 0.141771
0.0385717 0.14259
0.0394445 0.145947
0.039724 0.147135
0.039342 0.144447
0.0384347 0.142041
0.0390804 0.144005
0.0386405 0.143452
0.0384077 0.143038
0.0380654 0.142563
0.0378439 0.143978
0.0379531 0.145263
0.0378087 0.143524
0.039537 0.15317
0.0368807 0.142299
0.0371795 0.143066
0.0376106 0.147887
0.0371515 0.145534
0.0366415 0.144623
0.0376136 0.149299
0.0373976 0.148176
0.0362 0.144407
0.0364077 0.146633
0.035966 0.144264
0.0360928 0.146683
0.0355082 0.145207
0.0361208 0.147029
0.0360762 0.147595
0.0346291 0.143513
0.0360262 0.15025
0.0358239 0.151163
0.0362783 0.154175
0.0356195 0.153867
0.0365647 0.156805
0.0357531 0.154312
0.0349937 0.152249
0.0355475 0.15431
0.0353479 0.153916
0.0354271 0.153888
0.0345067 0.1511
0.0350428 0.151595
0.0356532 0.155868
0.0361042 0.15965
0.0364339 0.161693
0.0353718 0.157476
0.0357862 0.160038
0.0365935 0.16416
0.0371211 0.165629
0.0368391 0.163866
0.0357188 0.161272
0.0367156 0.165631
0.0366105 0.166888
0.037324 0.170385
0.0374195 0.172526
0.037915 0.175912
0.0370101 0.172655
0.0378153 0.179306
0.0373746 0.175463
0.0365836 0.171398
0.0377662 0.177283
0.0376209 0.178297
0.0379818 0.179321
0.0385421 0.182362
0.0376728 0.179188
0.0370463 0.177995
0.0377311 0.178781
0.0370148 0.177747
0.0377967 0.182636
0.0373609 0.181754
0.0379744 0.184048
0.0371293 0.180862
0.0374067 0.183107
0.0367826 0.182398
0.0377237 0.18583
0.0381425 0.18662
0.0376312 0.185193
0.0388048 0.192759
0.0391673 0.189638
0.0387965 0.192177
0.0386009 0.193542
0.0395487 0.198144
0.0383898 0.189909
0.0394339 0.196648
0.0386992 0.192364
0.0387027 0.192721
0.0395402 0.19422
0.0396252 0.195069
0.038916 0.193451
0.0394041 0.195968
0.0389654 0.19644
0.0399205 0.203698
0.0392837 0.195507
0.0402721 0.20282
0.0406384 0.203617
0.0403449 0.203232
0.0402976 0.203463
0.0393517 0.199472
0.0396604 0.200253
0.0402902 0.202735
0.0401292 0.202461
0.0393268 0.198132
0.0389418 0.1973
0.0391058 0.199323
0.0392984 0.200318
0.0391916 0.199239
0.0387431 0.198028
0.0375282 0.190466
0.0387524 0.198332
0.0392561 0.202729
0.0390769 0.200902
0.0381152 0.196345
0.0391225 0.202557
0.0396231 0.204487
0.039079 0.199488
0.0390993 0.202241
0.0390352 0.201653
0.0392695 0.202899
0.0396949 0.20684
0.0398225 0.205733
0.039075 0.202748
0.039076 0.202614
0.0395606 0.207901
0.0392676 0.203147
0.0381097 0.199869
0.0391467 0.206302
0.039292 0.20798
0.0388233 0.206111
0.0397476 0.210764
0.0396378 0.207741
0.0392512 0.205466
0.039272 0.208297
0.0394937 0.209922
0.0397499 0.211748
0.0409839 0.220989
0.0396594 0.213135
0.0399191 0.215468
0.0405596 0.221327
0.0410072 0.223921
0.0407142 0.222361
0.0393983 0.214472
0.0410762 0.22699
0.0400544 0.217975
0.0403407 0.22069
0.0383727 0.211232
0.0401385 0.21961
0.0394531 0.218895
0.040555 0.226667
0.0405603 0.226305
0.0405954 0.22685
0.0403104 0.221571
0.0394931 0.219956
0.0393592 0.222681
0.0390783 0.218648
0.0394047 0.223521
0.0399507 0.224636
0.0398234 0.222131
0.039598 0.221871
0.0386715 0.21861
0.0384728 0.217077
0.0394503 0.223063
0.0397948 0.227359
0.0393254 0.225384
0.0398203 0.230527
0.0391422 0.228708
0.0390563 0.225366
0.0396982 0.229409
0.0389235 0.22352
0.0392817 0.228425
0.0397633 0.233317
0.0386549 0.228123
0.0388214 0.230943
0.0385126 0.229141
0.0396406 0.23573
0.0385096 0.22708
0.0397389 0.240506
0.039868 0.247877
0.0392837 0.241321
0.0399855 0.24688
0.0409291 0.252449
0.0405874 0.250558
0.0411032 0.253536
0.0402427 0.24934
0.0408644 0.254163
0.0408623 0.255911
0.0413421 0.257669
0.0409631 0.2565
0.0412174 0.256983
0.0418533 0.263236
0.0412694 0.260305
0.0417586 0.26491
0.0418994 0.264838
0.0410918 0.260437
0.0411822 0.25941
0.0410705 0.257568
0.0410759 0.257553
0.0407824 0.249176
0.0407124 0.24878
0.0409308 0.253123
0.0409898 0.250924
0.0412424 0.248544
0.0409266 0.243695
0.0412442 0.246352
0.0400224 0.24163
0.0417115 0.255704
0.0420964 0.259732
0.0407881 0.25217
0.0398947 0.249696
0.039555 0.249124
0.0408556 0.257042
0.0410997 0.256341
0.0393391 0.248204
0.0405959 0.25619
0.0402644 0.253617
0.041248 0.258357
0.0406572 0.2564
0.0419503 0.262231
0.0423222 0.263788
0.0409817 0.253026
0.0413678 0.253609
0.041588 0.254179
0.0407162 0.246356
0.0410681 0.246559
0.0415539 0.249902
0.0412142 0.244692
0.041263 0.237478
0.0402969 0.233848
0.0410622 0.237146
0.0410605 0.235383
0.0409033 0.239933
0.0405623 0.233127
0.0411783 0.233246
0.0416858 0.23709
0.0414906 0.234356
0.0405066 0.228022
0.0402917 0.228425
0.0402682 0.225978
0.0395948 0.217748
0.0396536 0.216867
0.0395277 0.21644
0.041674 0.229059
0.0408372 0.222975
0.042454 0.230338
0.0441099 0.235963
0.0436333 0.233935
0.0422698 0.228471
0.042801 0.231271
0.0427975 0.231829
0.0419132 0.22381
0.0429595 0.228756
0.0422266 0.223233
0.0422105 0.222781
0.0408388 0.212438
0.0404372 0.210321
0.0418647 0.213989
0.0417575 0.213482
0.0409566 0.212057
0.040127 0.207911
0.0389933 0.200645
0.0395627 0.20128
0.0377391 0.191253
0.0374668 0.188743
0.0376491 0.191359
0.0374547 0.191595
0.0380863 0.191987
0.0393484 0.197494
0.0388655 0.198281
0.0393093 0.198057
0.0416031 0.205199
0.0417727 0.204302
0.0413725 0.200022
0.0406403 0.199543
0.0425358 0.211551
0.0417027 0.208954
0.0415809 0.209874
0.0408136 0.213392
0.0388802 0.201142
0.0393235 0.200568
0.0389066 0.202329
0.0394912 0.205119
0.0387456 0.20092
0.039253 0.203464
0.0383041 0.196646
0.0403422 0.205028
0.0402584 0.207817
0.0386465 0.203012
0.0406647 0.211187
0.0388017 0.201769
0.0397765 0.203448
0.0420127 0.214261
0.0411302 0.208833
0.0405541 0.212027
0.0377781 0.208675
0.0378548 0.209805
0.0371836 0.202533
0.0384393 0.205626
0.0366298 0.197524
0.0373187 0.202811
0.0369211 0.197291
0.0383947 0.206066
0.0380704 0.206772
0.038172 0.213061
0.0372372 0.200917
0.0374959 0.204869
0.0371717 0.201905
0.0381612 0.20802
0.0374928 0.207398
0.0370175 0.202801
0.0379667 0.206552
0.0368365 0.198372
0.0372053 0.202241
0.03732 0.200045
0.0376948 0.20436
0.0377355 0.199533
0.0377125 0.200378
0.0371147 0.194524
0.0371016 0.19488
0.037356 0.195921
0.0371226 0.193881
0.0357591 0.187479
0.0356709 0.183445
0.0355235 0.183445
0.0357405 0.183678
0.0352914 0.179671
0.0343772 0.175358
0.0342391 0.174645
0.0349259 0.178851
0.0350189 0.176166
0.0346139 0.173895
0.0351579 0.181423
0.0349796 0.17809
0.0349483 0.174786
0.0350836 0.172349
0.0349999 0.171543
0.034914 0.173255
0.0342816 0.171459
0.0356748 0.175619
0.0360124 0.176434
0.0356314 0.174977
0.0346034 0.171085
0.0356152 0.175593
0.0356692 0.175764
0.0354563 0.171728
0.0355999 0.172841
0.034615 0.168571
0.0343458 0.172114
0.035278 0.174211
0.0347589 0.168874
0.0343706 0.168369
0.0348769 0.16924
0.0355692 0.170172
0.0352319 0.169355
0.0338591 0.158505
0.0347987 0.163904
0.0357987 0.166896
0.035922 0.170432
0.0344229 0.163294
0.0351177 0.16383
0.0353735 0.164441
0.0356774 0.165849
0.0359487 0.166601
0.0354329 0.1653
0.0363026 0.167943
0.0364838 0.169179
0.0376224 0.177206
0.0379428 0.179415
0.0379465 0.180972
0.0383337 0.183962
0.0374997 0.180652
0.0380615 0.182721
0.036676 0.180708
0.0380072 0.186938
0.0371389 0.181875
0.0371379 0.1841
0.0371311 0.183128
0.0361471 0.180636
0.03627 0.179613
0.0366912 0.181619
0.0364252 0.181991
0.0366027 0.184564
0.0368181 0.182085
0.0370363 0.178997
0.0369184 0.181231
0.035584 0.175817
0.0361369 0.180222
0.0361873 0.180576
0.0363966 0.179136
0.0364098 0.177775
0.0366026 0.182067
0.0367224 0.180213
0.0363381 0.180057
0.0375498 0.187328
0.0363285 0.179616
0.0374522 0.182404
0.0379168 0.182069
0.03868 0.19148
0.0379959 0.185485
0.0381789 0.184627
0.0383955 0.186823
0.0392733 0.190142
0.0385073 0.187448
0.0379661 0.18733
0.0377863 0.187146
0.0381982 0.188546
0.0380777 0.185392
0.0387972 0.188292
0.0386906 0.19204
0.0391267 0.189548
0.0384305 0.186257
0.0386335 0.188278
0.0389332 0.185669
0.0396676 0.187368
0.0391901 0.186768
0.039513 0.18797
0.0390392 0.185523
0.0394244 0.187906
0.03917 0.18697
0.039048 0.183288
0.0391254 0.186143
0.0380839 0.182708
0.0384664 0.183151
0.0392541 0.184382
0.0385327 0.180119
0.0378844 0.177362
0.0370551 0.172682
0.0373362 0.172271
0.038024 0.17696
0.0374447 0.173431
0.03691 0.170952
0.0378968 0.175106
0.0388039 0.180482
0.0401047 0.182948
0.0392391 0.180639
0.0397804 0.184667
0.0406528 0.187969
0.0412157 0.189871
0.0415676 0.193693
0.0403142 0.185905
0.0396731 0.183899
0.0404587 0.186444
0.040523 0.188623
0.0404981 0.186522
0.0402084 0.187737
0.0396508 0.186163
0.0396103 0.188019
0.038788 0.178878
0.0386001 0.17639
0.0382853 0.177927
0.0382862 0.176073
0.0387926 0.178775
0.0382182 0.175127
0.0381793 0.176459
0.04026 0.184283
0.0381767 0.177591
0.0382673 0.177147
0.0380175 0.174966
0.0388063 0.178561
0.0379005 0.176575
0.0382159 0.178146
0.0374025 0.175518
0.038609 0.178922
0.0384401 0.176073
0.038482 0.179103
0.0391083 0.183643
0.0399546 0.189269
0.0392931 0.186676
0.0394287 0.186096
0.0392458 0.183782
0.0388102 0.182637
0.0392743 0.184131
0.0388683 0.181954
0.0382971 0.180233
0.0383986 0.180303
0.0383985 0.180264
0.0381947 0.179968
0.0381883 0.179431
0.0386207 0.179449
0.0388603 0.181873
0.0384189 0.178243
0.0394919 0.184483
0.0397663 0.18469
0.0406074 0.184532
0.040205 0.18592
0.0401607 0.182091
0.0403335 0.184909
0.0395231 0.183529
0.037313 0.168032
0.0384213 0.176022
0.0383748 0.178021
0.0386086 0.178716
0.0392069 0.178589
0.0390526 0.172538
0.0377028 0.17306
0.0385358 0.177734
0.0375766 0.174493
0.0384038 0.175852
0.0393533 0.18172
0.0389014 0.178462
0.0390741 0.176853
0.0398337 0.182577
0.0389412 0.17535
0.0393358 0.179281
0.039339 0.176562
0.0387387 0.176034
0.038385 0.172779
0.0377938 0.169449
0.0382101 0.171277
0.0381184 0.171703
0.0391236 0.176408
0.0388225 0.170093
0.0386772 0.170891
0.0405002 0.183294
0.0397138 0.182007
0.0402456 0.181712
0.0402656 0.182047
0.0405995 0.180273
0.0415119 0.184528
0.0423785 0.189306
0.0400189 0.178647
0.0399443 0.17694
0.0397435 0.176342
0.0399631 0.179184
0.0384846 0.171265
0.03873 0.171926
0.0386015 0.173253
0.0385811 0.173997
0.0391814 0.182377
0.0388114 0.179512
0.0381565 0.176042
0.0385157 0.182314
0.0386578 0.18137
0.0368545 0.173223
0.0372042 0.172455
0.0374883 0.175332
0.0373824 0.178812
0.0381555 0.181282
0.0381914 0.175858
0.0377205 0.179837
0.0374632 0.176951
0.0363997 0.166472
0.0380801 0.176863
0.0380293 0.175077
0.0378901 0.176788
0.0376631 0.171078
0.0378884 0.172474
0.0372458 0.170092
0.036975 0.167558
0.0369579 0.165867
0.0373636 0.169762
0.0366327 0.170453
0.0365721 0.169264
0.0347566 0.158826
0.036325 0.165074
0.0363563 0.166374
0.036376 0.16631
0.0360849 0.166211
0.0349822 0.162722
0.0355481 0.163987
0.0350435 0.163926
0.0349928 0.163172
0.0334896 0.15572
0.032621 0.154437
0.0335488 0.157438
0.0336093 0.158917
0.0341857 0.163712
0.0340669 0.165945
0.0338667 0.165543
0.0342347 0.166218
0.0339096 0.16723
0.0332378 0.161538
0.0337564 0.164807
0.0334798 0.164288
0.034438 0.16826
0.0345896 0.169756
0.0339369 0.1628
0.0334738 0.158195
0.0332103 0.159906
0.0336484 0.162209
0.0344106 0.164455
0.0341302 0.164117
0.035166 0.16898
0.0349633 0.171834
0.0355341 0.171496
0.0350896 0.171431
0.0349078 0.170042
0.0350595 0.17324
0.0339644 0.164223
0.0348941 0.169899
0.0356008 0.173657
0.0350714 0.170204
0.0340466 0.165944
0.0332521 0.161903
0.0334794 0.163363
0.0338811 0.164496
0.0349073 0.172138
0.0344872 0.169042
0.0349614 0.169356
0.0342247 0.165145
0.0348354 0.168158
0.0352489 0.16835
0.0347353 0.164343
0.0343239 0.162673
0.0349055 0.165908
0.0350814 0.166734
0.0345431 0.166034
0.035619 0.169064
0.035876 0.174709
0.0356436 0.172325
0.0368462 0.17849
0.0355705 0.171768
0.0357761 0.172028
0.0356067 0.168011
0.0342524 0.163575
0.0347645 0.167951
0.0346918 0.166037
0.0340398 0.165562
0.0324906 0.155378
0.0318301 0.150301
0.0326904 0.158213
0.0322546 0.157073
0.0329819 0.162427
0.0330652 0.163227
0.0329882 0.163678
0.0334357 0.16686
0.0326808 0.161075
0.0325438 0.161125
0.0325415 0.162241
0.0309222 0.156317
0.0315193 0.1579
0.0314078 0.158512
0.0320022 0.16171
0.0310774 0.154815
0.032256 0.163124
0.0314696 0.157342
0.03215 0.160084
0.0326467 0.166163
0.0312639 0.158969
0.0313259 0.159086
0.0300715 0.155026
0.0304884 0.158131
0.0320121 0.166189
0.0317454 0.16377
0.0309676 0.158179
0.0316492 0.164913
0.0316508 0.165868
0.0323123 0.170065
0.0315687 0.169706
0.0314989 0.171022
0.0309285 0.168105
0.0303699 0.166667
0.0289385 0.161386
0.0293326 0.167453
0.0267793 0.150558
0.0277257 0.156024
0.0278546 0.156914
0.0279224 0.158398
0.0274725 0.156757
0.0270536 0.156239
0.0277795 0.158417
0.0283522 0.161486
0.0284008 0.163746
0.0279939 0.158874
0.0279541 0.158371
0.0276817 0.161645
0.0273018 0.156459
0.0267455 0.154705
0.0262562 0.149576
0.0260214 0.153144
0.0259395 0.155185
0.0247495 0.146811
0.0241786 0.143387
0.0247736 0.147637
0.0262731 0.16099
0.0256667 0.156449
0.0249708 0.15301
0.0250298 0.154163
0.025313 0.15543
0.0245172 0.151016
0.0246153 0.15052
0.0235211 0.141803
0.0247854 0.153905
0.0245847 0.152166
0.0249184 0.154362
0.0251294 0.152902
0.0259191 0.158308
0.0247353 0.152434
0.0244741 0.151275
0.0239461 0.146515
0.0246806 0.14966
0.024764 0.151239
0.0240548 0.14855
0.0234651 0.147447
0.0236641 0.148018
0.0232025 0.144377
0.023878 0.150817
0.0242132 0.153207
0.0249651 0.157487
0.0250989 0.158407
0.0253526 0.157813
0.0262871 0.163011
0.0261636 0.158518
0.0267334 0.160075
0.0269447 0.165986
0.0274443 0.168816
0.0264348 0.165126
0.0264412 0.16315
0.0259672 0.159398
0.0265321 0.161658
0.0262181 0.15491
0.0259224 0.156333
0.0259778 0.154303
0.0268065 0.161011
0.0269527 0.160168
0.0276015 0.162848
0.0277795 0.165264
0.0279608 0.16501
0.0287346 0.172937
0.0278391 0.164471
0.0274849 0.160583
0.0282054 0.163482
0.0275884 0.161401
0.0285602 0.165443
0.0283921 0.159685
0.0278206 0.158103
0.027805 0.15541
0.0290945 0.16129
0.029119 0.160387
0.0291651 0.15813
0.0282387 0.154362
0.028006 0.152874
0.0277813 0.148441
0.0280805 0.147085
0.0295471 0.156009
0.0289772 0.150491
0.0300786 0.154886
0.0307531 0.159595
0.0325496 0.165253
0.0328459 0.170407
0.0329543 0.167903
0.0338658 0.167545
0.0327844 0.166703
0.0339409 0.167227
0.0353228 0.172044
0.0357204 0.171224
0.0347363 0.168394
0.0355961 0.169411
0.0349567 0.168086
0.0362215 0.173044
0.0353713 0.170202
0.0340006 0.164705
0.0348914 0.168889
0.0350384 0.1733
0.0338393 0.167974
0.0348046 0.171936
0.0339477 0.167957
0.0335784 0.166281
0.0333626 0.168002
0.0330279 0.161391
0.0339213 0.167032
0.0340612 0.167362
0.0343919 0.16583
0.0344212 0.1643
0.0362391 0.172069
0.0361985 0.167551
0.0347326 0.160373
0.0350512 0.161971
0.0342397 0.159312
0.0343099 0.160704
0.0337122 0.160277
0.0336853 0.16209
0.0330744 0.160107
0.0344438 0.166101
0.0355646 0.172118
0.0356875 0.170455
0.0352012 0.167936
0.0354058 0.163944
0.0361948 0.171047
0.0364785 0.167767
0.0369216 0.172459
0.0372079 0.174997
0.036168 0.1702
0.0362378 0.169254
0.0359294 0.167313
0.0369936 0.176423
0.0361556 0.171733
0.0363807 0.172967
0.0365724 0.172992
0.0360859 0.173475
0.035143 0.164345
0.0360514 0.170565
0.0348496 0.162597
0.0353692 0.166252
0.0356975 0.170951
0.0345192 0.163609
0.0345467 0.164888
0.0345805 0.165006
0.0341911 0.159495
0.0343485 0.163576
0.0340506 0.162357
0.0356991 0.165177
0.0359677 0.167096
0.036015 0.170345
0.0359342 0.165861
0.0364442 0.170183
0.0358795 0.162612
0.0365652 0.171412
0.0362434 0.166683
0.0360117 0.168071
0.0368841 0.168623
0.0367408 0.167313
0.037982 0.174968
0.0380838 0.175748
0.0384102 0.179284
0.0391302 0.182875
0.0385247 0.179352
0.0384142 0.177598
0.0389141 0.179785
0.0385476 0.178385
0.0390176 0.180089
0.0394189 0.186779
0.039174 0.18272
0.0393488 0.185687
0.0406202 0.192343
0.0399863 0.188287
0.0401827 0.18672
0.0406917 0.192518
0.0402888 0.190646
0.0397889 0.190413
0.039971 0.194271
0.0397006 0.190275
0.039418 0.191073
0.0393199 0.188199
0.0388466 0.187224
0.0382715 0.181901
0.0385877 0.185155
0.0398806 0.188489
0.0386212 0.181966
0.038976 0.184383
0.0406544 0.192724
0.0386037 0.177699
0.0395199 0.181818
0.0413325 0.186482
0.0423364 0.190481
0.0406904 0.184612
0.039777 0.18155
0.0376331 0.173288
0.0377943 0.172557
0.0383715 0.174483
0.0391312 0.178699
0.0385901 0.175121
0.0382351 0.173534
0.0369675 0.170671
0.0374174 0.172301
0.0376032 0.170518
0.0373532 0.17084
0.0364826 0.167174
0.0363621 0.168256
0.0378486 0.17803
0.0363398 0.170865
0.0363223 0.170525
0.0367099 0.172993
0.0363229 0.172506
0.0359863 0.169151
0.0357513 0.170373
0.0355166 0.168355
0.0352468 0.16793
0.0348119 0.167044
0.0364758 0.175473
0.0356684 0.172264
0.0347596 0.166046
0.0368078 0.181193
0.0365099 0.177352
0.0375615 0.182696
0.0363186 0.179544
0.0373524 0.18399
0.0378475 0.185928
0.036743 0.177602
0.0376303 0.182551
0.0369 0.178813
0.0370904 0.177934
0.0365055 0.175763
0.0366261 0.175731
0.0361876 0.173581
0.0351993 0.168151
0.0353301 0.168517
0.0356884 0.173143
0.0359842 0.174053
0.0352556 0.175157
0.0359041 0.178367
0.0349118 0.174376
0.0343239 0.172288
0.0334841 0.170785
0.0328845 0.171279
0.0321347 0.166392
0.0317261 0.165116
0.0306547 0.159649
0.0298937 0.156253
0.0298555 0.156208
0.0298806 0.157707
0.0293614 0.154608
0.0299738 0.157576
0.029613 0.158432
0.0301028 0.160694
0.0299489 0.161538
0.0302729 0.163024
0.029976 0.160944
0.0293957 0.157966
0.0291053 0.158549
0.0287316 0.157085
0.0282426 0.153102
0.0273546 0.149369
0.0270834 0.14905
0.0274674 0.150249
0.0271127 0.149377
0.0270367 0.14876
0.027575 0.152184
0.0270658 0.150728
0.027743 0.153846
0.0273346 0.152446
0.0274007 0.153484
0.026808 0.151464
0.02627 0.149439
0.0268758 0.152803
0.0270117 0.15429
0.0267473 0.153409
0.0261498 0.150441
0.0270953 0.159337
0.0273958 0.161035
0.0270191 0.157097
0.0277222 0.160122
0.0280167 0.164461
0.027459 0.162367
0.0277312 0.161043
0.0273892 0.16001
0.0275968 0.161461
0.0275438 0.162142
0.0281622 0.164392
0.0279112 0.162258
0.0279551 0.164296
0.027949 0.163558
0.0268905 0.157927
0.0275062 0.161425
0.0277661 0.163459
0.0269558 0.158705
0.0264955 0.155577
0.0274021 0.159207
0.0261412 0.152336
0.0264906 0.155321
0.0278783 0.163794
0.0269612 0.15897
0.0274105 0.160767
0.0274525 0.159917
0.0273596 0.160872
0.0275459 0.161983
0.0273378 0.160894
0.0276013 0.162617
0.0276619 0.161255
0.0271229 0.15875
0.0272761 0.159922
0.027769 0.161907
0.0274318 0.161566
0.0275784 0.161803
0.0279347 0.164238
0.0278515 0.161974
0.0272975 0.160453
0.0271285 0.159041
0.0267422 0.158077
0.0266708 0.156706
0.0265633 0.156312
0.0271081 0.159211
0.0262965 0.154272
0.0268947 0.157713
0.0267716 0.158102
0.0269295 0.157701
0.0262212 0.153198
0.0269017 0.157552
0.0268524 0.157152
0.0257637 0.15211
0.0267292 0.156622
0.0273424 0.16031
0.0257073 0.152233
0.0266114 0.156096
0.02603 0.15341
0.0264873 0.1543
0.02598 0.153392
0.0259966 0.151208
0.0258263 0.151474
0.0254246 0.149674
0.0261123 0.15378
0.0258461 0.151786
0.0261971 0.154091
0.0257814 0.151523
0.0251659 0.147957
0.0263522 0.153969
0.0253664 0.149847
0.0262635 0.154481
0.0252703 0.148084
0.025618 0.150816
0.0263081 0.153696
0.0257135 0.152032
0.0263621 0.154308
0.0262242 0.153422
0.0251231 0.147966
0.0263114 0.154614
0.0257593 0.150872
0.0258269 0.15153
