1.39323
1.36718
1.39684
1.36796
1.41006
1.40909
1.43155
1.409
1.37884
1.3574
1.37674
1.39642
1.43331
1.4294
1.50151
1.42382
1.44565
1.42666
1.3781
1.43595
1.41956
1.39558
1.49825
1.50101
1.41196
1.52413
1.42087
1.41474
1.47003
1.48353
1.46729
1.48747
1.42501
1.45132
1.45869
1.52555
1.40227
1.46959
1.40137
1.43826
1.43079
1.47662
1.46962
1.47772
1.50372
1.47984
1.52919
1.51082
1.45995
1.46297
1.4919
1.49876
1.49965
1.46105
1.59106
1.53602
1.5051
1.61031
1.48696
1.50588
1.53969
1.45671
1.52336
1.53829
1.4726
1.52371
1.4865
1.52111
1.48857
1.43549
1.45629
1.44933
1.45943
1.47561
1.48503
1.48383
1.40946
1.41369
1.392
1.42999
1.47267
1.46105
1.43915
1.4867
1.45732
1.47586
1.53639
1.43262
1.47159
1.49903
1.44983
1.47612
1.49984
1.44251
1.41894
1.48532
1.35392
1.40906
1.42937
1.46211
1.45954
1.48836
1.55581
1.59829
1.71197
1.67676
1.86108
1.80662
1.80555
1.74446
1.73049
1.75209
1.72759
1.71472
1.74375
1.74817
1.69208
1.76315
1.78704
1.73923
1.74959
1.75142
1.74121
1.7807
1.80059
1.70263
1.71647
1.68871
1.68232
1.7346
1.66004
1.78693
1.735
1.76833
1.78752
1.83196
1.76328
1.73936
1.79469
1.75805
1.7775
1.78796
1.8088
1.8297
1.78888
1.82943
1.75847
1.80985
1.77073
1.85187
1.8071
1.86684
1.85327
1.86861
1.82181
1.86225
1.87005
1.79796
1.81992
1.81341
1.8774
1.85291
1.8499
1.84038
1.81527
1.89286
1.7585
1.7494
1.80306
1.78067
1.77872
1.71372
1.60279
1.63522
1.49913
1.46937
1.53523
1.49958
1.45988
1.55825
1.48579
1.46801
1.51607
1.49237
1.52044
1.48714
1.49797
1.49062
1.4832
1.47138
1.48791
1.51485
1.56499
1.51125
1.50183
1.51601
1.44279
1.5358
1.56161
1.51902
1.46874
1.50457
1.41867
1.4138
1.47541
1.43679
1.50225
1.40418
1.4862
1.47171
1.48503
1.48128
1.44697
1.42004
1.54165
1.50609
1.48692
1.5255
1.52246
1.50216
1.53468
1.46716
1.51186
1.46386
1.46147
1.43354
1.48503
1.50597
1.5254
1.49167
1.53889
1.51494
1.47152
1.5175
1.46503
1.44779
1.42345
1.41912
1.42256
1.48347
1.45987
1.60896
1.53193
1.43941
1.53756
1.54204
1.40861
1.38882
1.46643
1.45542
1.4296
1.47051
1.54174
1.44676
1.53644
1.48181
1.41472
1.44932
1.36588
1.46828
1.57598
1.50106
1.65057
1.68625
1.4889
1.52256
1.69099
1.62634
1.53931
1.3985
1.46316
1.39797
1.38496
1.58719
1.46362
1.46878
1.49569
1.50013
1.50934
1.51454
1.50396
1.44675
1.42947
1.43256
1.38435
1.44129
1.41231
1.4582
1.41493
1.4189
1.48048
1.41925
1.43849
1.4597
1.49486
1.41447
1.36884
1.34684
1.41377
1.39589
1.41003
1.57514
1.37222
1.36465
1.34866
1.34567
1.33941
1.36702
1.32899
1.32007
1.30153
1.35635
1.43282
1.36015
1.37214
1.29418
1.36205
1.3923
1.41184
1.363
1.30387
1.38543
1.42275
1.27581
1.46386
1.45718
1.42881
1.39015
1.45103
1.53801
1.45398
1.45928
1.37145
1.4521
1.39779
1.42991
1.39699
1.41981
1.4278
1.48395
1.3969
1.3498
1.40555
1.41949
1.42469
1.41765
1.37289
1.37641
1.4236
1.35231
1.37219
1.33835
1.33232
1.33901
1.43703
1.41214
1.35289
1.47975
1.34608
1.28451
1.31657
1.36939
1.40174
1.37469
1.38516
1.40052
1.39505
1.38337
1.55471
1.39071
1.50562
1.48027
1.46368
1.39259
1.45885
1.45383
1.4298
1.44512
1.46827
1.43178
1.46115
1.49862
1.45746
1.44124
1.46986
1.42564
1.44373
1.43828
1.43634
1.45739
1.4368
1.41497
1.4263
1.39407
1.38117
1.34618
1.4191
1.36489
1.34284
1.36738
1.29834
1.37004
1.3936
1.34464
1.41253
1.48276
1.28621
1.28617
1.30505
1.40158
1.49579
1.52607
1.51388
1.50027
1.46182
1.55943
1.67298
1.5705
1.55899
1.58896
1.51196
1.58802
1.53293
1.4812
1.48239
1.50728
1.42304
1.4109
1.42869
1.42999
1.39848
1.41639
1.38248
1.50437
1.42346
1.49214
1.46335
1.45881
1.52259
1.51116
1.50721
1.51402
1.50735
1.45106
1.53015
1.48101
1.44056
1.52774
1.49762
1.4775
1.50506
1.444
1.50622
1.41476
1.45517
1.49547
1.5184
1.47075
1.4704
1.52446
1.6215
1.44122
1.44424
1.52421
1.42433
1.44937
1.49046
1.51415
1.46909
1.48194
1.41572
1.51949
1.37306
1.47653
1.45626
1.44375
1.49398
1.47434
1.49939
1.44222
1.43525
1.44191
1.53582
1.49986
1.53982
1.46565
1.49405
1.51136
1.59905
1.55616
1.61967
1.51341
1.55082
1.58084
1.52979
1.67287
1.54701
1.65741
1.69675
1.63905
1.56632
1.61918
1.53786
1.61172
1.60821
1.72548
1.66154
1.67683
1.649
1.62082
1.59107
1.67389
1.69341
1.61269
1.5839
1.57646
1.56914
1.4527
1.52184
1.47603
1.52413
1.50947
1.49668
1.53349
1.48743
1.53785
1.57215
1.57491
1.58604
1.57858
1.49121
1.46235
1.46426
1.40041
1.45961
1.38231
1.38479
1.39987
1.37118
1.34949
1.31862
1.26219
1.27644
1.25071
1.27549
1.2513
1.20419
1.23162
1.22374
1.26975
1.27669
1.31745
1.27223
1.26273
1.2304
1.25482
1.24369
1.2535
1.27323
1.25957
1.26883
1.25411
1.25472
1.21802
1.27847
1.2609
1.24809
1.23096
1.27684
1.23843
1.25056
1.23292
1.23901
1.26389
1.28971
1.25296
1.26867
1.26448
1.32513
1.29448
1.37438
1.41512
1.38318
1.38346
1.37849
1.62774
1.61536
1.35577
1.34586
1.35519
1.43115
1.45125
1.44012
1.4744
1.46358
1.50905
1.56522
1.55765
1.58813
1.56264
1.54548
1.4956
1.53102
1.50667
1.50654
1.53773
1.53822
1.56684
1.56743
1.54669
1.57482
1.57166
1.58152
1.59891
1.54796
1.58268
1.59402
1.58769
1.6268
1.60149
1.68376
1.62473
1.64066
1.6371
1.72321
1.71058
1.69208
1.75747
1.73377
1.78055
1.78558
1.7586
1.78045
1.77302
1.77173
1.78117
1.67757
1.65505
1.58904
1.61606
1.76591
1.59965
1.57562
1.55114
1.56547
1.61099
1.5585
1.52528
1.4719
1.40188
1.49878
1.44631
1.49592
1.54392
1.46615
1.4578
1.45336
1.43244
1.38283
1.38764
1.39919
1.39407
1.45331
1.48188
1.45051
1.45392
1.41012
1.44692
1.45386
1.53307
1.50848
1.46992
1.49477
1.48738
1.46748
1.50542
1.47054
1.43253
1.52973
1.43585
1.4459
1.39754
1.46359
1.47105
1.49688
1.47846
1.46766
1.45522
1.51984
1.39289
1.36395
1.3937
1.3373
1.39957
1.34324
1.34772
1.35744
1.36351
1.63855
1.61843
1.36298
1.38003
1.38632
1.32427
1.31949
1.26537
1.36879
1.3659
1.35081
1.35385
1.32756
1.3669
1.31685
1.31319
1.34736
1.33912
1.30532
1.46978
1.65381
1.4014
1.39663
1.51453
1.4033
1.45918
1.36171
1.33968
1.37869
1.36095
1.33676
1.40519
1.41001
1.41083
1.40242
1.37919
1.43545
1.3643
1.38448
1.38772
1.41046
1.3702
1.35591
1.37967
1.38876
1.35299
1.36173
1.34332
1.37907
1.42274
1.31246
1.33157
1.39548
1.33058
1.33024
1.34231
1.30962
1.278
1.34406
1.2924
1.24918
1.31737
1.30363
1.29477
1.25979
1.29723
1.34087
1.25411
1.3409
1.31249
1.29534
1.35913
1.35841
1.28045
1.31028
1.37528
1.31319
1.27563
1.2692
1.31074
1.28126
1.26094
1.30135
1.3604
1.33876
1.293
1.31691
1.282
1.32973
1.276
1.27882
1.19884
1.29026
1.2514
1.27892
1.25291
1.2273
1.37759
1.23195
1.33039
1.35919
1.35625
1.39182
1.40733
1.43416
1.43997
1.36659
1.41721
1.52682
1.36675
1.44737
1.3263
1.31229
1.27071
1.30025
1.29775
1.35474
1.31135
1.33956
1.3554
1.3796
1.32563
1.38541
1.40059
1.33131
1.32882
1.38004
1.44548
1.39523
1.41334
1.44825
1.44492
1.4934
1.41982
1.5055
1.44098
1.44284
1.36947
1.3859
1.35523
1.35479
1.2702
1.30637
1.30919
1.37645
1.30052
1.43465
1.36449
1.33547
1.29545
1.42283
1.31498
1.35239
1.2808
1.23944
1.24452
1.27303
1.28466
1.32349
1.36649
1.34403
1.27222
1.27115
1.29384
1.30135
1.28748
1.34388
1.3562
1.40589
1.37556
1.34231
1.3752
1.3256
1.35712
1.35204
1.3348
1.34133
1.40822
1.4017
1.3223
1.34821
1.36073
1.32958
1.31163
1.29838
1.34979
1.32929
1.3149
1.34009
1.34795
1.39214
1.41273
1.3656
1.39387
1.42515
1.40698
1.38628
1.29292
1.30916
1.34753
1.24961
1.31048
1.33033
1.29336
1.28937
1.32503
1.40081
1.29854
1.22872
1.19513
1.23526
1.2605
1.25902
1.30185
1.39705
1.16534
1.21952
1.19225
1.17934
1.21281
1.19839
1.17036
1.19814
1.28529
1.30191
1.24785
1.1896
1.22052
1.2688
1.29375
1.30915
1.26961
1.29584
1.31536
1.31067
1.32772
1.42229
1.5034
1.51277
1.63768
1.56189
1.62709
1.54787
1.40141
1.37262
1.36372
1.38271
1.3576
1.37825
1.3888
1.43048
1.39312
1.40568
1.39193
1.38653
1.40415
1.43941
1.38024
1.45536
1.36058
1.3213
1.35289
1.40651
1.40412
1.39144
1.3374
1.53158
1.3778
1.37203
1.3833
1.41866
1.39942
1.41587
1.46988
1.43695
1.49345
1.46061
1.40024
1.31113
1.34558
1.40647
1.27324
1.2936
1.30075
1.23768
1.27557
1.60569
1.32634
1.37658
1.46917
1.33559
1.4177
1.51579
1.44345
1.32798
1.28249
1.40472
1.37201
1.45922
1.41273
1.45547
1.448
1.44974
1.5874
1.54318
1.53357
1.53389
1.47828
1.46621
1.49018
1.46394
1.49341
1.39441
1.4627
1.43802
1.42404
1.54785
1.40157
1.39122
1.43824
1.44445
1.43352
1.4075
1.4351
1.35325
1.37274
1.41541
1.45174
1.37177
1.3773
1.38272
1.38354
1.37834
1.488
1.43675
1.62531
1.61695
1.4201
1.36638
1.42328
1.39537
1.39122
1.39169
1.3616
1.3356
1.3572
1.39939
1.41575
1.34958
1.40646
1.39686
1.46449
1.43366
1.43497
1.48475
1.47343
1.46095
1.41068
1.44586
1.44354
1.45216
1.39051
1.45596
1.44564
1.49943
1.477
1.45186
1.4173
1.50402
1.4838
1.4678
1.43384
1.4047
1.3354
1.38215
1.39236
1.39897
1.40773
1.42434
1.48604
1.38645
1.37649
1.37958
1.37506
1.45315
1.63046
1.41175
1.43136
1.44874
1.62195
1.42023
1.46655
1.45343
1.38841
1.44783
1.44571
1.44858
1.42229
1.42844
1.42468
1.4182
1.51162
1.45754
1.45396
1.48368
1.46799
1.45608
1.40798
1.50578
1.46557
1.51709
1.4706
1.57931
1.48272
1.63344
1.60052
1.57526
1.63434
1.66465
1.61858
1.62981
1.57522
1.61731
1.51263
1.46446
1.50174
1.68631
1.46059
1.49259
1.44645
1.43877
1.47591
1.56416
1.59094
1.52076
1.47587
1.53474
1.49005
1.43332
1.45649
1.50302
1.47223
1.52504
1.5055
1.50713
1.58652
1.66918
1.6034
1.80307
1.57204
1.6605
1.68944
1.72559
1.75236
1.78353
1.76036
1.65168
1.63926
1.57122
1.71404
1.69234
1.48332
1.49834
1.54023
1.51314
1.49088
1.49293
1.44935
1.46944
1.48626
1.46507
1.44165
1.46106
1.51425
1.51225
1.52099
1.52492
1.50284
1.502
1.52328
1.46157
1.518
1.45657
1.41061
1.49493
1.36622
1.45402
1.38072
1.41275
1.39303
1.41157
1.31614
1.28489
1.32314
1.29783
1.30399
1.35763
1.39622
1.3802
1.37246
1.36171
1.32915
1.36402
1.4265
1.45121
1.40176
1.3964
1.41505
1.42408
1.43063
1.44782
1.45265
1.41548
1.42895
1.42934
1.43568
1.4857
1.40878
1.40126
1.45289
1.44719
1.4389
1.48156
1.51839
1.48712
1.47772
1.47476
1.46154
1.52584
1.47815
1.45826
1.45328
1.45188
1.4504
1.45955
1.40547
1.46777
1.43129
1.4356
1.40379
1.42315
1.44409
1.39748
1.4432
1.43393
1.44963
1.47144
1.47555
1.45217
1.4034
1.38401
1.44035
1.47601
1.44066
1.39692
1.41056
1.41302
1.42586
1.46026
1.44939
1.4146
1.40582
1.44649
1.43074
1.41138
1.45089
1.36697
1.41802
1.43186
1.46423
1.50512
1.53727
1.43189
1.48881
1.53065
1.48664
1.4933
1.49771
1.45777
1.43437
1.40901
1.40132
1.37597
1.42478
1.4545
1.41472
1.41897
1.36681
1.32915
1.3808
1.31712
1.36154
1.34733
1.3715
1.38745
1.40058
1.30934
1.37928
1.33797
1.35282
1.35765
1.3446
1.36808
1.36695
1.34621
1.37766
1.36465
1.39509
1.37448
1.41124
1.3584
1.33321
1.39869
1.39568
1.38953
1.42094
1.36234
1.3749
1.39606
1.40395
1.39445
1.39405
1.36585
1.49511
1.39089
1.37947
1.39765
1.40382
1.35969
1.36821
1.41098
1.43537
1.49445
1.43788
1.42151
1.42264
1.41673
1.41122
1.41174
1.40464
1.40986
1.43938
1.39264
1.42584
1.45646
1.47146
1.47055
1.46937
1.46485
1.45993
1.4302
1.42546
1.4217
1.45117
1.4114
1.43192
1.46662
1.43554
1.46152
1.45747
1.53588
1.56416
1.50997
1.54923
1.53541
1.57199
1.59202
1.65812
1.67285
1.68136
1.79662
1.72862
1.69892
1.69408
1.64687
1.62639
1.64118
1.62419
1.52082
1.55164
1.484
1.4686
1.45272
1.48881
1.57814
1.56943
1.5335
1.46158
1.36312
1.33825
1.38017
1.38146
1.41238
1.45003
1.47535
1.51199
1.55901
1.52404
1.54786
1.47306
1.55314
1.53672
1.52307
1.56228
1.56926
1.55306
1.56441
1.49108
1.48726
1.46402
1.40474
1.38036
1.40187
1.50365
1.52065
1.40828
1.52868
1.49025
1.50344
1.45346
1.4622
1.51619
1.56043
1.63978
1.66818
1.86317
1.67312
1.67823
1.76274
1.73983
1.71916
1.66744
1.65707
1.69442
1.69991
1.65671
1.59588
1.59058
1.51762
1.46116
1.53731
1.46169
1.46032
1.72525
1.55015
1.54794
1.58836
1.57846
1.85694
1.6747
1.62936
1.58854
1.52504
1.48508
1.55624
1.49558
1.59807
1.54471
1.595
1.60682
1.58656
1.60356
1.56095
1.61133
1.56473
1.52522
1.54611
1.50713
1.46954
1.50073
1.50067
1.45935
1.49941
1.46347
1.41324
1.45293
1.41108
1.3774
1.44371
1.37918
1.32744
1.36666
1.42366
1.42402
1.36604
1.41181
1.4584
1.44644
1.42254
1.44638
1.43619
1.42152
1.40168
1.44054
1.40297
1.45661
1.43034
1.44338
1.47429
1.38854
1.50081
1.54423
1.49698
1.48146
1.4308
1.46684
1.55998
1.48174
1.47461
1.55412
1.50889
1.4615
1.47633
1.49431
1.50644
1.46886
1.4291
1.4084
1.47296
1.49462
1.44937
1.47747
1.43219
1.41317
1.39059
1.46257
1.38599
1.39554
1.44238
1.40633
1.39962
1.45018
1.47545
1.49096
1.42142
1.43057
1.39102
1.46502
1.45227
1.42098
1.5723
1.53225
1.48079
1.47158
1.39597
1.39841
1.38306
1.33496
1.33182
1.34281
1.31213
1.36573
1.38211
1.34637
1.39777
1.39673
1.40415
1.34923
1.33127
1.33103
1.45395
1.34761
1.35098
1.26866
1.38459
1.39802
1.40931
1.31891
1.3546
1.36982
1.36624
1.30804
1.36716
1.35568
1.34573
1.33926
1.36758
1.41909
1.3139
1.28359
1.29048
1.28761
1.31119
1.32407
1.29485
1.26061
1.36717
1.2951
1.33292
1.33243
1.25324
1.2853
1.28073
1.25698
1.30959
1.25835
1.29228
1.30457
1.27959
1.3676
1.32494
1.33188
1.28739
1.25693
1.28749
1.29509
1.31981
1.31779
1.35483
1.32545
1.30626
1.33187
1.29495
1.32422
1.33319
1.33246
1.30597
1.38553
1.29252
1.31246
1.35847
1.37248
1.38134
1.41072
1.39135
1.41718
1.3187
1.42733
1.38524
1.3937
1.40907
1.3591
1.39752
1.35885
1.31387
1.28152
1.33535
1.29802
1.4518
1.46941
1.42718
1.39986
1.36338
1.27475
1.38775
1.28856
1.31774
1.28789
1.29776
1.30436
1.37701
1.40233
1.47589
1.30902
1.47157
1.30709
1.34645
1.39582
1.29839
1.33216
1.27389
1.26257
1.28724
1.28119
1.28091
1.29965
1.23979
1.4
1.29508
1.33865
1.30664
1.37277
1.49085
1.49834
1.38455
1.33415
1.46873
1.2042
1.34144
1.24187
1.37587
1.44976
1.50208
1.4052
1.41313
1.36576
1.46225
1.49915
1.43269
1.38873
1.40176
1.36077
1.32915
1.30151
1.31121
1.28331
1.26752
1.26221
1.31235
1.25066
1.25545
1.27887
1.28465
1.30015
1.30163
1.30121
1.30283
1.33152
1.31529
1.41844
1.28022
1.40105
1.36037
1.35543
1.35788
1.44673
1.3923
1.44011
1.47586
1.43528
1.45548
1.47361
1.39858
1.29053
1.18619
1.26914
1.27851
1.33315
1.26313
1.19654
1.22334
1.2154
1.25014
1.37719
1.34629
1.32513
1.39051
1.37865
1.39604
1.35632
1.35858
1.32073
1.3125
1.31274
1.30858
1.51162
1.32131
1.3224
1.29335
1.29495
1.32624
1.36831
1.39176
1.35779
1.35032
1.34227
1.34948
1.33947
1.31554
1.32739
1.31945
1.37122
1.34116
1.30196
1.42383
1.37924
1.48513
1.36926
1.45277
1.52447
1.61793
1.63041
1.52179
1.59447
1.56012
1.49328
1.6251
1.46833
1.44981
1.41785
1.45306
1.48812
1.43093
1.49889
1.48275
1.42367
1.4161
1.36605
1.38337
1.42201
1.37458
1.31939
1.39578
1.2512
1.22846
1.30846
1.28082
1.26098
1.30942
1.27214
1.24287
1.48407
1.24429
1.25077
1.26966
1.22312
1.21339
1.24486
1.2358
1.27901
1.2784
1.42523
1.32234
1.30271
1.273
1.2413
1.26286
1.29197
1.30973
1.26696
1.28089
1.29538
1.29825
1.29809
1.34279
1.2869
1.35335
1.25376
1.25527
1.20616
1.28062
1.29607
1.26908
1.29187
1.32203
1.2604
1.35963
1.30139
1.34961
1.31644
1.27626
1.33072
1.28089
1.31662
1.37039
1.33305
1.40241
1.45955
1.38192
1.45693
1.40602
1.34854
1.34013
1.29608
1.33912
1.3353
1.32295
1.31223
1.30952
1.31084
1.29143
1.26913
1.3065
1.37175
1.32466
1.36987
1.32138
1.31982
1.36623
1.47185
1.33798
1.42053
1.35238
1.6099
1.40031
1.43046
1.40507
1.47275
1.40118
1.40436
1.41508
1.45454
1.37619
1.36931
1.34383
1.31009
1.31582
1.35939
1.35685
1.37779
1.29862
1.41865
1.36259
1.29941
1.30373
1.27052
1.28108
1.32909
1.38977
1.41198
1.38162
1.42948
1.38245
1.48679
1.52246
1.5252
1.56097
1.48741
1.43151
1.44018
1.4168
1.45873
1.374
1.37234
1.33191
1.27438
1.43542
1.30319
1.2848
1.26872
1.25511
1.26174
1.32053
1.31549
1.30893
1.28166
1.30272
1.378
1.41716
1.36963
1.39804
1.33031
1.34897
1.37594
1.37129
1.35557
1.38327
1.36901
1.31444
1.38677
1.32578
1.2772
1.44215
1.27193
1.37045
1.28933
1.26091
1.32562
1.35723
1.33342
1.30274
1.39316
1.3528
1.41216
1.31234
1.43064
1.3836
1.42126
1.44511
1.46938
1.49621
1.4905
1.47306
1.53935
1.47193
1.48894
1.51672
1.50398
1.54236
1.51277
1.49041
1.44043
1.49139
1.48168
1.43164
1.45952
1.50958
1.45938
1.46909
1.45377
1.47268
1.46062
1.47029
1.38898
1.42681
1.45231
1.41533
1.41679
1.40666
1.38447
1.36811
1.41098
1.33489
1.4077
1.3812
1.38259
1.38719
1.37184
1.42819
1.36215
1.31875
1.42491
1.44553
1.4417
1.45522
1.46109
1.43529
1.39494
1.48758
1.47304
1.39041
1.56666
1.40872
1.41134
1.42718
1.4019
1.40341
1.38175
1.38788
1.44519
1.39558
1.30896
1.33395
1.35763
1.31585
1.30979
1.33721
1.30159
1.31281
1.34261
1.3648
1.4092
1.39118
1.35519
1.34837
1.34161
1.36457
1.42157
1.39274
1.37281
1.53282
1.39982
1.42681
1.38539
1.45152
1.43174
1.46648
1.35581
1.33122
1.33172
1.32518
1.35107
1.34022
1.35228
1.34433
1.31861
1.33264
1.34429
1.3202
1.36862
1.41049
1.40308
1.47508
1.43386
1.42315
1.29449
1.28665
1.35247
1.34595
1.30669
1.27996
1.28041
1.29638
1.28154
1.29905
1.31078
1.43379
1.41638
1.60355
1.4128
1.41074
1.45707
1.46616
1.54261
1.55119
1.59895
1.55562
1.63053
1.64116
1.63621
1.66542
1.62486
1.6482
1.67522
1.73689
1.62552
1.52545
1.47975
1.46068
1.49819
1.44873
1.44701
1.51225
1.5475
1.53944
1.56274
1.54296
1.58519
1.55723
1.57937
1.51628
1.56578
1.50463
1.49461
1.53284
1.53859
1.53213
1.64213
1.57646
1.6283
1.63461
1.6279
1.60681
1.62533
1.67063
1.62366
1.65085
1.67448
1.64299
1.67898
1.69435
1.75052
1.64467
1.69438
1.65903
1.66005
1.6787
1.62941
1.5913
1.5377
1.57872
1.56669
1.51935
1.53959
1.52572
1.5584
1.5977
1.50822
1.62055
1.59503
1.73779
1.61031
1.59436
1.54079
1.53092
1.43463
1.49051
1.44665
1.52219
1.52488
1.48526
1.52438
1.45371
1.44332
1.43064
1.42642
1.42568
1.4047
1.4043
1.4625
1.39595
1.56811
1.44373
1.50481
1.45684
1.50265
1.41403
1.41094
1.41349
1.36117
1.40097
1.45094
1.43608
1.41089
1.40104
1.40548
1.38289
1.40559
1.41661
1.4356
1.41929
1.43561
1.44595
1.44465
1.51977
1.50236
1.46418
1.48729
1.51093
1.54901
1.5392
1.60651
1.4623
1.39352
1.34999
1.36668
1.39952
1.33786
1.39771
1.42778
1.47612
1.42777
1.44992
1.43772
1.46157
1.52143
1.52051
1.57187
1.49301
1.49831
1.48623
1.52019
1.47889
1.53475
1.58488
1.61111
1.49988
1.48724
1.58972
1.57114
1.59788
1.55793
1.53732
1.60919
1.65664
1.74387
1.74936
1.60787
1.51944
1.56342
1.43719
1.50934
1.56841
1.53683
1.59538
1.5563
1.58779
1.4564
1.50353
1.48627
1.45086
1.61289
1.55517
1.46794
1.44311
1.44633
1.48825
1.42058
1.45705
1.44242
1.44069
1.4238
1.43282
1.36117
1.41919
1.41191
1.43913
1.42353
1.44476
1.49537
1.44612
1.55477
1.50776
1.50006
1.49011
1.44641
1.50327
1.46398
1.45214
1.43377
1.48229
1.45197
1.4112
1.44171
1.43039
1.47054
1.36864
1.43083
1.35033
1.35071
1.43123
1.35996
1.35503
1.3905
1.46842
1.46632
1.4907
1.46326
1.48929
1.49659
1.4261
1.40866
1.39384
1.39171
1.4099
1.36948
1.38536
1.45707
1.43529
1.41391
1.45361
1.41061
1.43005
1.41249
1.41094
1.39399
1.39903
1.39826
1.38045
1.38746
1.36026
1.35217
1.3117
1.31987
1.35095
1.72842
1.37915
1.43559
1.47646
1.49284
1.47519
1.47466
1.46514
1.72136
1.39818
1.44402
1.42259
1.47207
1.31875
1.38552
1.47606
1.33763
1.39574
1.43584
1.47264
1.42786
1.39103
1.44424
1.44997
1.4091
1.44108
1.39644
1.36296
1.38636
1.32674
1.35308
1.33113
1.35264
1.32724
1.35215
1.26522
1.32688
1.26954
1.32471
1.24448
1.29219
1.29986
1.30828
1.27932
1.32965
1.22628
1.30596
1.212
1.21798
1.27096
1.35975
1.29944
1.33504
1.32771
1.30277
1.31369
1.29543
1.30029
1.35733
1.35733
1.31545
1.25915
1.28862
1.28279
1.27768
1.32506
1.29519
1.23406
1.36391
1.26108
1.28815
1.36558
1.36646
1.37747
1.39905
1.35739
1.39777
1.31493
1.41022
1.35621
1.4755
1.46424
1.56405
1.3791
1.39556
1.39625
1.4011
1.39332
1.37354
1.24515
1.38327
1.30074
1.28404
1.32292
1.4177
1.31455
1.34044
1.28447
1.31472
1.25293
1.28076
1.33253
1.28382
1.29114
1.40532
1.39239
1.36717
1.38515
1.29294
1.30949
1.2726
1.17322
1.28575
1.62399
1.34302
1.38815
1.45505
1.42351
1.28785
1.2777
1.36513
1.34702
1.27232
1.295
1.28389
1.3335
1.32148
1.28482
1.33715
1.43714
1.40454
1.37551
1.55069
1.32175
1.36665
1.32625
1.36939
1.38082
1.37591
1.30859
1.40459
1.30136
1.28048
1.31457
1.33006
1.34165
1.35183
1.33879
1.33736
1.2911
1.27055
1.23282
1.22113
1.27603
1.25389
1.35316
1.30878
1.31246
1.294
1.3541
1.35638
1.31617
1.24852
1.2231
1.29119
1.27397
1.2789
1.32027
1.33702
1.34856
1.34364
1.41239
1.31429
1.25626
1.22217
1.15811
1.22097
1.25831
1.20728
1.22214
1.23081
1.16154
1.17085
1.22806
1.19558
1.2738
1.21728
1.2567
1.1937
1.25043
1.23705
1.22271
1.24559
1.19118
1.21879
1.23586
1.23677
1.24136
1.56202
1.23427
1.25588
1.20947
1.26818
1.26984
1.25678
1.32301
1.31575
1.29302
1.34294
1.31804
1.25753
1.23744
1.23451
1.20308
1.21116
1.25016
1.22764
1.25685
1.23318
1.1842
1.20159
1.23342
1.22086
1.18696
1.21865
1.23811
1.22153
1.2525
1.18543
1.23397
1.23741
1.18725
1.2416
1.1905
1.21186
1.2332
1.26587
1.23812
1.37803
1.42213
1.34625
1.43726
1.39121
1.42918
1.47036
1.45051
1.50234
1.51826
1.51801
1.46472
1.46917
1.41832
1.45106
1.34476
1.42317
1.28308
1.30642
1.22502
1.24183
1.20782
1.2501
1.33639
1.41416
1.37513
1.30811
1.28786
1.32275
1.44114
1.30094
1.32601
1.42266
1.39995
1.42502
1.38495
1.3842
1.34988
1.37891
1.41753
1.31843
1.3582
1.37491
1.29735
1.37344
1.29723
1.35414
1.3321
1.32121
1.24938
1.2206
1.24994
1.19933
1.20768
1.22167
1.26457
1.31897
1.32391
1.36746
1.4172
1.42619
1.40632
1.40236
1.31153
1.3284
1.37386
1.32463
1.39624
1.3974
1.43791
1.36563
1.45035
1.45126
1.44418
1.37362
1.3637
1.37795
1.33535
1.36706
1.44559
1.37335
1.33468
1.29784
1.23931
1.25485
1.33413
1.24013
1.32151
1.217
1.25064
1.29809
1.30616
1.30968
1.30504
1.29588
1.34958
1.39017
1.35065
1.30241
1.36433
1.35353
1.32054
1.27778
1.30939
1.20178
1.24592
1.24449
1.31378
1.31416
1.34266
1.26172
1.18415
1.18014
1.2873
1.32815
1.3267
1.40452
1.35532
1.28549
1.37032
1.26751
1.33
1.2966
1.42454
1.46411
1.5136
1.5261
1.50389
1.46948
1.42903
1.48049
1.51047
1.5369
1.49561
1.49137
1.50119
1.53257
1.54394
1.55005
1.51757
1.82025
1.58814
1.60077
1.60214
1.6223
1.56352
1.61773
1.59407
1.78858
1.82735
1.87094
1.64052
1.65944
1.51973
1.56407
1.53604
1.5796
1.59125
1.53687
1.6088
1.55833
1.67907
1.6172
1.69877
1.57064
1.58614
1.58052
1.57918
1.48435
1.42972
1.46908
1.43314
1.43296
1.42172
1.42104
1.41558
1.39732
1.37115
1.38621
1.36162
1.40585
1.51916
1.3843
1.47133
1.42357
1.42891
1.51594
1.42423
1.40531
1.43935
1.42175
1.41157
1.46971
1.42001
1.45761
1.46455
1.39723
1.37831
1.44025
1.40799
1.37149
1.38976
1.36859
1.36788
1.36626
1.35608
1.34966
1.36529
1.38383
1.43407
1.42244
1.41816
1.41549
1.35853
1.40331
1.40991
1.44126
1.47727
1.45218
1.47336
1.42726
1.44146
1.38833
1.39921
1.41287
1.43506
1.37911
1.38146
1.44156
1.45817
1.47741
1.36975
1.38951
1.42063
1.40559
1.37787
1.43068
1.39985
1.55109
1.50105
1.55342
1.5192
1.49682
1.52987
1.45783
1.46146
1.4642
1.50972
1.51626
1.44911
1.44088
1.39643
1.39839
1.49308
1.36132
1.4021
1.4566
1.60566
1.46884
1.46771
1.592
1.50834
1.51004
1.58621
1.5601
1.54776
1.54825
1.56514
1.62851
1.69471
1.66957
1.55044
1.49866
1.46715
1.53195
1.45327
1.47469
1.48705
1.50423
1.53722
1.50699
1.44251
1.5252
1.52974
1.52331
1.65278
1.63901
1.58748
1.5287
1.53821
1.46119
1.49808
1.55814
1.54241
1.54849
1.48226
1.52051
1.54711
1.55696
1.52146
1.54223
1.53937
1.59197
1.51398
1.69983
1.73003
1.70662
1.66018
1.51972
1.53102
1.85346
1.44052
1.39524
1.81385
1.55155
1.53168
1.59562
1.57407
1.61483
1.60957
1.62926
1.52471
1.43171
1.47528
1.40412
1.3979
1.43489
1.37718
1.40421
1.49231
1.46257
1.45956
1.43623
1.46537
1.44479
1.44545
1.4558
1.43803
1.40579
1.32632
1.35752
1.34813
1.35659
1.33843
1.34839
1.38384
1.35934
1.35574
1.34373
1.32863
1.33335
1.37456
1.35265
1.29909
1.30384
1.38224
1.38913
1.38516
1.42373
1.48372
1.46105
1.45159
1.40887
1.41344
1.38953
1.40035
1.40318
1.41599
1.41008
1.47212
1.45818
1.46969
1.4682
1.49181
1.52088
1.46745
1.48032
1.50251
1.50472
1.70196
1.45466
1.52785
1.5009
1.56961
1.53219
1.53114
1.61787
1.59309
1.58346
1.614
1.5909
1.56666
1.69643
1.85133
1.60563
1.66648
1.66342
1.67859
1.51015
1.4794
1.39852
1.42532
1.42273
1.45994
1.4872
1.49592
1.44449
1.4809
1.45989
1.39064
1.42265
1.46353
1.42711
1.42904
1.37941
1.41251
1.364
1.31959
1.33852
1.34901
1.34566
1.30877
1.33204
1.33973
1.32082
1.294
1.31399
1.34696
1.40252
1.41546
1.45782
1.46572
1.46406
1.44198
1.43303
1.48803
1.3701
1.43408
1.42512
1.37568
1.42832
1.49017
1.45441
1.49735
1.46634
1.48839
1.50343
1.47429
1.46265
1.42902
1.49239
1.41817
1.41626
1.40052
1.45132
1.47024
1.42067
1.41218
1.41095
1.38485
1.42836
1.43768
1.38763
1.49365
1.44032
1.43241
1.55408
1.50557
1.39278
1.35067
1.28673
1.35722
1.39512
1.41597
1.33506
1.36181
1.28419
1.34483
1.3628
1.39408
1.37213
1.35504
1.37834
1.37104
1.34578
1.33776
1.36438
1.32177
1.42421
1.32806
1.3604
1.40311
1.33526
1.32791
1.36019
1.36914
1.33945
1.33486
1.36058
1.34345
1.36685
1.32246
1.27788
1.24043
1.30319
1.29942
1.34027
1.28922
1.29484
1.24752
1.25764
1.2392
1.26063
1.23239
1.20391
1.29361
1.25251
1.25156
1.29818
1.25853
1.32367
1.19581
1.32221
1.35504
1.30794
1.27239
1.32885
1.35597
1.30307
1.36044
1.43377
1.39996
1.34989
1.49342
1.35701
1.35626
1.35548
1.32662
1.30802
1.32078
1.37507
1.3495
1.36764
1.27603
1.38071
1.37032
1.32951
1.36455
1.31946
1.38747
1.33917
1.37905
1.36199
1.31272
1.32863
1.31598
1.28327
1.23363
1.40583
1.35397
1.29385
1.30522
1.30133
1.27383
1.48495
1.36333
1.35587
1.33712
1.32358
1.31685
1.33255
1.33221
1.36058
1.35082
1.38578
1.30244
1.33499
1.3289
1.34241
1.3766
1.329
1.32126
1.2999
1.29252
1.33634
1.33905
1.22702
1.24673
1.25603
1.34247
1.28514
1.38514
1.3438
1.30309
1.31191
1.32315
1.34803
1.38947
1.35861
1.3166
1.34439
1.36161
1.30436
1.34401
1.26687
1.34822
1.34888
1.44249
1.39719
1.30393
1.3039
1.29629
1.30941
1.28879
1.36174
1.39641
1.38786
1.30053
1.34656
1.34458
1.30584
1.43927
1.4505
1.4218
1.48568
1.43415
1.40691
1.33699
1.34257
1.37144
1.30931
1.21106
1.23294
1.26351
1.26986
1.21513
1.22758
1.25447
1.28571
1.33038
1.3761
1.36523
1.37013
1.35909
1.30063
1.32385
1.34872
1.30302
1.28097
1.18575
1.19219
1.21904
1.16681
1.25788
1.24435
1.40637
1.25938
1.28659
1.31068
1.26173
1.29417
1.39153
1.41924
1.30902
1.45467
1.44508
1.38143
1.53561
1.43056
1.30092
1.30124
1.46539
1.35482
1.43084
1.44752
1.29582
1.33805
1.35035
1.36063
1.48699
1.52184
1.46171
1.49872
1.49232
1.50857
1.50551
1.60903
1.4896
1.48706
1.46962
1.48554
1.41614
1.33744
1.40105
1.39347
1.30598
1.41093
1.35492
1.23577
1.18616
1.22617
1.26036
1.22937
1.29184
1.2532
1.23957
1.39277
1.46872
1.34182
1.30108
1.24492
1.29486
1.48449
1.30369
1.35226
1.20358
1.24865
1.36854
1.44719
1.48576
1.33471
1.47976
1.45952
1.33688
1.31047
1.44511
1.46103
1.47496
1.69333
1.4256
1.51683
1.44
1.44334
1.32964
1.45142
1.61198
1.41708
1.38763
1.42215
1.31156
1.43551
1.47789
1.45289
1.53125
1.5027
1.49856
1.50839
1.51223
1.45687
1.41784
1.43805
1.36794
1.4124
1.3534
1.37417
1.37964
1.38007
1.40858
1.40597
1.37241
1.40785
1.40687
1.38508
1.4283
1.42305
1.37666
1.38206
1.40092
1.40858
1.38547
1.38104
1.42174
1.40125
1.40093
1.38778
1.39497
1.38984
1.40753
1.42017
1.37366
1.37677
1.36629
1.41804
1.3776
1.43269
1.39027
1.38125
1.37154
1.37949
1.41045
1.39649
1.35214
1.37092
1.37531
1.376
1.38902
1.32049
1.39755
1.40362
1.414
1.386
1.37023
1.39692
1.35238
1.36395
1.42685
1.37195
1.38014
1.35829
1.39768
1.38128
1.40957
1.37343
1.44118
1.39279
1.42295
1.40232
1.36975
1.44517
1.3783
1.34884
1.87798
1.38751
1.4052
1.37942
1.35443
1.32975
1.32205
1.33381
1.35689
1.39386
1.35017
1.3614
1.39703
1.364
1.40985
1.38648
1.40459
1.43467
1.37907
1.41929
1.39284
1.44706
1.42514
1.4237
1.44197
1.39128
1.41437
1.4328
1.43091
1.40657
1.42727
1.43867
1.43845
1.45963
1.45221
1.46175
1.46104
1.49113
1.524
1.54102
1.60211
1.51527
1.53766
1.54405
1.53542
1.54618
1.62999
1.55829
1.67376
1.56969
1.61444
1.52527
1.5427
1.51623
1.54507
1.56625
1.59484
1.54782
1.91794
1.89615
1.49619
1.49502
1.43033
1.40444
1.40802
1.42612
1.39396
1.4303
1.43637
1.4142
1.40055
1.3282
1.378
1.42042
1.39622
1.3587
1.37022
1.40577
1.37827
1.37667
1.42364
1.37412
1.36385
1.34408
1.36282
1.34993
1.41269
1.42238
1.97896
1.43007
1.40916
1.38592
1.37642
1.38931
1.34308
1.37303
1.35383
1.45351
1.45989
1.41607
1.46175
1.48376
1.4371
1.42393
1.4584
1.46022
1.37201
1.39852
1.44846
1.3829
1.44861
1.42184
1.4024
1.4343
1.4175
1.42276
1.40846
1.41036
1.38923
1.38669
1.38372
1.44303
1.41208
1.43097
1.42652
1.43323
1.40884
1.43243
1.41675
1.38726
1.41843
1.40478
1.41339
1.45175
1.43872
1.43334
1.43292
1.93586
1.34738
1.43353
1.42707
1.4194
1.38039
1.37664
1.38163
1.81766
1.36042
1.38495
1.39248
1.3782
1.39928
