44988      6725
43578      6435
43516      6357
44477      6356
45377      6335
45934      6377
45866      6416
46178      6396
46386      6475
45965      6461
46186      6521
46119      6514
46260      6567
46324      6571
46051      6559
46201      6470
46207      6452
46431      6534
46224      6496
46007      6440
46256      6472
46364      6499
46098      6463
46004      6518
45659      6560
44964      6530
44748      6647
44434      6660
44153      6603
44031      6616
43683      6623
43828      6581
43707      6648
43787      6667
43895      6602
43809      6652
43914      6628
44354      6702
44593      6696
45228      6742
45448      6775
45737      6850
45510      6849
45533      6825
45748      6803
45650      6795
45823      6800
45547      6774
45589      6775
45894      6777
45893      6717
45707      6728
45848      6736
45840      6737
45839      6663
46008      6763
45869      6827
45907      6792
45661      6805
46136      6827
45913      6847
45976      6848
45861      6897
46301      6919
46332      6814
46194      6762
46136      6746
45992      6759
46012      6739
46056      6755
46071      6651
45671      6684
45935      6722
46151      6769
46097      6761
46159      6738
45874      6670
46046      6708
46143      6661
46256      6587
46093      6594
46333      6587
46179      6550
46118      6451
46273      6393
46457      6331
46395      6330
46446      6365
46172      6381
46197      6380
46400      6382
46445      6335
46328      6316
46502      6268
46290      6278
46510      6274
46550      6240
46535      6214
46461      6253
46614      6278
46440      6236
46471      6212
46342      6145
46589      6157
46601      6148
46495      6147
46528      6155
46706      6172
46454      6195
46557      6180
46315      6194
46348      6256
46277      6226
46547      6258
46555      6234
46431      6246
46662      6178
46527      6185
46737      6134
46524      6144
46657      6126
46721      6141
46682      6007
46577      5981
46565      6021
46731      6023
46525      5990
46788      6064
46808      6035
46740      6018
46748      6010
46790      6050
46664      5963
46522      5916
46470      5888
46538      5913
46348      5934
46271      5933
46771      6006
46760      5978
46928      5959
46772      5997
46620      5958
46704      5986
46615      6039
46818      6072
46767      6068
46601      6047
46566      5999
46454      6004
46754      6013
46748      5964
46922      5959
46683      5922
46782      5903
46855      5895
46737      5925
46785      5879
46667      5841
46437      5907
46963      5965
46883      5990
46827      5971
46639      5948
46596      5947
46785      5953
46757      6001
46974      6021
46884      6034
46828      6041
46637      5969
46845      5918
46778      5886
47015      5910
46841      5908
46929      5935
46784      5914
47031      5957
46962      5902
46939      5888
46935      5883
46807      5799
46865      5873
46918      5860
46827      5876
46902      5874
46900      5816
46935      5879
46637      5911
46718      5909
47046      5828
46954      5851
46762      5841
46794      5859
46873      5795
47080      5736
46821      5749
46974      5730
46742      5752
46861      5810
47131      5801
46716      5763
46923      5818
47185      5856
46849      5824
47057      5799
46967      5730
46898      5657
47277      5635
47301      5586
47326      5646
46913      5632
47189      5566
47069      5579
47192      5573
47192      5507
47055      5532
47215      5547
47168      5570
46989      5572
46969      5557
47040      5515
47065      5489
47323      5553
47189      5500
47189      5512
47137      5496
47000      5531
46930      5504
47260      5565
47267      5638
47305      5617
47118      5588
47545      5611
46924      5587
47146      5545
47318      5613
47048      5572
47458      5523
47152      5477
47312      5494
47188      5464
47245      5411
47346      5452
47112      5469
47223      5475
46995      5387
47426      5448
47482      5383
47264      5390
47078      5440
47425      5476
47164      5458
47177      5414
47013      5495
47207      5613
47650      5752
47461      5656
47215      5654
47294      5601
47401      5668
47338      5676
47411      5656
47371      5644
47496      5591
47383      5581
47251      5592
47176      5574
47223      5488
47236      5513
47282      5432
47178      5356
47287      5380
47511      5318
47506      5308
47132      5322
47601      5288
47369      5188
47311      5210
47460      5146
47239      5153
47569      5191
47536      5144
47356      5109
47431      5090
47847      5067
47239      5038
47655      4978
47482      4927
47535      4881
47372      4895
47821      4806
47632      4777
47901      4750
47742      4729
47867      4700
47833      4673
47800      4600
47980      4668
48189      4707
47867      4694
47760      4629
47585      4636
47599      4667
47906      4638
48000      4575
47593      4551
47552      4568
47672      4513
48014      4505
48005      4483
47911      4507
47986      4415
47936      4358
48101      4329
47878      4312
48130      4283
47923      4226
48041      4206
48208      4146
47947      4178
47863      4130
47900      4153
48085      4077
47944      4058
48233      4103
48178      4062
48210      4043
47653      4064
48251      4096
48364      4082
48259      3995
48006      3992
48156      3944
47986      3856
48175      3823
48113      3799
47978      3816
48125      3837
48293      3841
47846      3840
47994      3798
48289      3825
48042      3837
47747      3840
47903      3798
47908      3789
48162      3812
48103      3887
47924      3847
47821      3844
47863      3815
47863      3758
48296      3742
47857      3762
48222      3691
47935      3699
48011      3648
48117      3669
48003      3671
47932      3646
47828      3634
47970      3637
48008      3646
48046      3631
48177      3612
48119      3618
48097      3587
48215      3582
47804      3576
47868      3563
48069      3527
47880      3529
48196      3512
48182      3496
48078      3496
47903      3487
48006      3512
48136      3528
48129      3518
47991      3469
47762      3437
47959      3460
48009      3462
48154      3399
48004      3452
48098      3419
47999      3345
48025      3332
48476      3321
48179      3346
47934      3359
48075      3333
48075      3327
48109      3304
47975      3255
48092      3198
48034      3240
47947      3230
48102      3240
48211      3244
48165      3234
47997      3184
47911      3164
47835      3187
48016      3170
48029      3147
47934      3151
47981      3137
47787      3095
47978      3099
48035      3115
47804      3165
48059      3160
47943      3120
47827      3185
48040      3158
47884      3159
47786      3137
47856      3173
47813      3149
47644      3176
47807      3147
47946      3113
47730      3138
47865      3091
47749      3035
47726      3038
47710      3002
47709      3036
47503      3025
47657      3022
47342      3020
47448      3041
47491      3058
47300      3083
47209      3147
47334      3125
47582      3104
47246      3111
46992      3065
47228      3042
46985      3010
47101      3051
46965      3003
46691      2938
46620      2894
46732      2874
46725      2883
46655      2863
46448      2825
46669      2855
46697      2859
46540      2911
46457      2863
46525      2874
46408      2878
46694      2812
46319      2848
46325      2875
46542      2885
46353      2862
46554      2910
46278      2948
46261      2912
46524      2923
46486      2853
46441      2849
46288      2819
46347      2794
46745      2791
46236      2746
46229      2733
46544      2720
46384      2738
46145      2775
46281      2858
46560      2826
46126      2813
46335      2801
46411      2903
46292      2906
46071      2995
46075      3031
45802      3020
45820      3033
45858      3092
45731      3182
45810      3202
45492      3123
45299      3142
45742      3145
45387      3139
45388      3220
45819      3287
45673      3315
45400      3280
45394      3262
45495      3292
45612      3358
45847      3507
45563      3455
45736      3396
45963      3441
45461      3442
45636      3538
45722      3552
45943      3565
45583      3523
45984      3520
45976      3600
46183      3645
46511      3686
46197      3665
46255      3684
46566      3670
46698      3706
46339      3731
46122      3703
45979      3618
46290      3692
46104      3720
46583      3789
46361      3761
46349      3805
46376      3768
45922      3667
45669      3653
45696      3687
45638      3851
44588      3766
44790      3665
44764      3796
45103      3759
45209      3705
45105      3720
45189      3744
45132      3714
45293      3834
44935      3895
45108      3760
45048      3742
45089      3736
45194      3819
44695      3890
44073      3770
44115      3696
44299      3634
44289      3708
44096      3659
43317      3777
43344      3738
43569      3675
43818      3604
45079      3549
44882      3618
44724      3714
44876      3695
45291      3664
45232      3719
45367      3885
45475      3822
45232      3751
45557      3686
45895      3826
46005      3872
46191      3866
46356      3832
46809      3830
47329      3893
47331      3926
47643      4008
47547      3999
47642      3994
47752      3968
47515      4049
47756      4032
47663      3996
47599      3833
47837      3811
47626      3881
47820      4035
47714      4079
47912      4061
47733      4170
47632      4214
48026      4231
47840      4345
47701      4281
47660      4332
47611      4280
47500      4199
47542      4196
47327      4251
47401      4388
47743      4367
47574      4192
47664      4229
47933      4243
47567      4280
47374      4344
47741      4359
47592      4341
47576      4304
47213      4310
47444      4316
47725      4265
47837      4320
47565      4371
47700      4360
47948      4303
47768      4220
47766      4220
47684      4223
47609      4254
48019      4324
47376      4261
47464      4284
47817      4278
47412      4385
47691      4402
47397      4329
47373      4254
47216      4234
47104      4276
47062      4298
47073      4250
47229      4161
47119      4124
47217      4042
47307      4033
47397      3988
47606      3943
47070      3875
47282      3849
47391      3863
47238      3845
47279      3855
47367      3868
47341      3829
47275      3833
47237      3808
47205      3918
47035      4013
47131      4009
47156      3956
47154      3962
47116      3947
47367      3976
46883      3955
47319      3971
46974      3973
47058      3959
47164      3996
47153      3986
46833      4046
47024      4102
47182      4060
47084      4053
46806      4044
47193      4106
46953      4171
47082      4192
47042      4065
47160      4171
46887      4070
47193      4155
47091      4084
47014      3961
46720      4058
47046      4027
46980      4077
46721      4103
46814      4166
46823      4246
46820      4194
46876      4124
46976      4101
46745      4145
47019      4164
47105      4136
47054      4068
47080      4262
46976      4184
47025      4136
46985      4278
47254      4306
46925      4287
46944      4305
46789      4337
46654      4310
46996      4376
46851      4202
46603      4396
46841      4403
46807      4372
46811      4421
46754      4338
46695      4361
46981      4489
46984      4366
46912      4532
46887      4544
46817      4477
46831      4451
46960      4358
46907      4347
46767      4349
46917      4327
46911      4434
46936      4473
46813      4515
46941      4735
46884      4586
46771      4616
47123      4573
47116      4614
46952      4604
46745      4434
47097      4368
46970      4355
46922      4351
46699      4444
46748      4497
46905      4441
46563      4467
46703      4459
46853      4470
46844      4421
46833      4490
46998      4471
46799      4476
46902      4490
47236      4535
47059      4511
46955      4530
46996      4471
46873      4464
46892      4532
46680      4448
46956      4355
46845      4410
46899      4416
46888      4397
46835      4405
46787      4442
46661      4317
46631      4333
46713      4413
46849      4394
46984      4439
46803      4358
46803      4403
46783      4564
46787      4502
46606      4354
46678      4367
46610      4396
46883      4375
46605      4426
46655      4360
46669      4330
46583      4318
46370      4367
46417      4520
46491      4574
46763      4424
46198      4373
46506      4414
46513      4393
46826      4408
46674      4400
46539      4404
46543      4405
46407      4350
46415      4240
46690      4473
46774      4563
46830      4621
46533      4548
46453      4540
46640      4578
46624      4610
46568      4550
46616      4483
46424      4457
46449      4558
46966      4472
46910      4458
47048      4515
46912      4425
46890      4317
46640      4297
47077      4071
46984      4204
46868      4268
46867      4253
46756      4375
46843      4525
46818      4410
46846      4339
46896      4421
46691      4329
46622      4321
46714      4319
46677      4520
46637      4512
46663      4504
46599      4494
46783      4429
46730      4336
46898      4325
46921      4369
46725      4438
46607      4495
46897      4539
46954      4454
47222      4505
47367      4505
47063      4442
47227      4356
46924      4369
47149      4443
46841      4419
47036      4394
46981      4298
47008      4293
47260      4211
47126      4124
46853      4122
46683      4137
46754      4167
46806      4192
47103      4124
47012      4218
47124      4165
46940      4233
47231      4262
47124      4284
46867      4265
46817      4221
47143      4226
47091      4257
47078      4030
46969      4130
47678      4157
47382      4173
47234      4047
47167      4088
47200      4042
47218      4047
47332      4028
47200      4088
47185      4050
47014      4020
47342      4028
46867      4066
47119      4198
46537      4274
47042      4242
46935      4278
46810      4168
46840      4307
46877      4301
46984      4265
47005      4269
46840      4260
46857      4145
46828      4145
46993      4124
46572      3984
46696      4005
46791      4011
46789      4104
46858      4145
47002      4193
46841      4119
46945      4059
47306      4160
47031      4074
47231      4084
47125      4032
47238      4017
47119      3904
47320      3928
47225      4011
47153      3973
47198      3970
47693      3951
47377      3932
47336      3941
47345      4036
47403      4023
47076      3999
47340      4000
47093      3894
47154      4017
47141      3842
47339      3892
47341      3924
47387      3852
47395      3846
47076      3833
47188      3950
47243      3873
47047      3816
47013      3921
46979      3787
47167      3697
46954      3675
47238      3712
47119      3625
47169      3525
47183      3443
47350      3401
47501      3540
47748      3443
47453      3440
47502      3438
47720      3580
47697      3483
47827      3497
47710      3572
48189      3587
47578      3542
48263      3504
48092      3549
48195      3478
47722      3418
47730      3427
48112      3429
47799      3401
47935      3442
47914      3493
48034      3391
47922      3396
47936      3389
47863      3351
47999      3306
48211      3372
48222      3417
48212      3364
48335      3240
48160      3210
48077      3182
48111      3243
48227      3264
48352      3291
48255      3256
48275      3290
48135      3340
48296      3449
48348      3311
48114      3255
47963      3443
47969      3352
47952      3409
47949      3340
47987      3285
48010      3287
47924      3365
47780      3399
48082      3435
48142      3571
48247      3500
48644      3537
47967      3487
48258      3549
47714      3553
48055      3532
47410      3623
47758      3578
48041      3586
47787      3494
48010      3630
47896      3640
48057      3660
48103      3619
47991      3551
47990      3483
47699      3484
47934      3424
47955      3454
48144      3454
47795      3616
47339      3534
47006      3582
47088      3706
47220      3756
47214      3704
47311      3664
47097      3723
47298      3791
47079      3797
47145      3824
47037      3943
46844      3850
46597      3671
46698      3894
46703      3827
46701      3859
46950      3888
46821      3983
46905      3933
46797      4047
46808      4138
46781      4101
46831      4178
46858      4223
46823      4202
46959      4174
46911      4157
46831      4080
46977      3994
46839      4045
46718      4066
47308      4221
47054      4190
47778      4210
46930      4170
47227      4129
47121      4076
47075      4125
47064      4422
47021      4260
47129      4334
47074      4232
47074      4332
46817      4458
46867      4239
46630      4117
46786      4110
46985      4021
46859      3936
46760      3903
46655      4002
46987      4041
46772      4087
46747      4280
46685      4241
46504      4102
46388      4017
46837      4117
46940      4215
46814      4246
46927      4133
47185      4113
46783      3950
47112      4142
47193      4075
47008      4175
46933      4197
47002      4408
47188      4162
46950      4198
47278      4144
46951      4281
46934      4241
46942      4231
46989      4300
46842      4189
47116      4272
46931      4289
47147      4188
46780      4263
46921      4088
47130      4321
47094      4287
47181      4382
47068      4314
46741      4364
47005      4296
46522      4307
47343      4351
47227      4420
47048      4259
46853      4417
46311      4390
46487      4317
46929      4425
46825      4344
46805      4306
46536      4288
46685      4405
46627      4323
46716      4237
46189      4337
46668      4348
46539      4194
46621      4122
46834      4173
46624      4232
46806      4279
46643      4230
46851      4210
46745      4216
46932      4211
46890      4305
46503      4003
46952      4167
46391      4210
46524      4386
46660      4282
46259      4265
46414      4483
46350      4264
46459      4318
46475      4208
47150      4388
46154      4248
46178      4237
46074      4257
46371      4249
46311      4239
46449      4308
46512      4276
46395      4154
46625      4133
46587      4124
46501      4130
46478      4159
46638      4175
46309      4134
46362      4109
46351      4082
46292      4025
46795      4081
46529      4074
46622      4062
46524      3930
46736      3923
46203      3995
46539      3886
46371      3868
46324      3908
46450      3954
46396      3900
46291      4004
46485      3909
46319      3958
46477      4036
46481      3987
46404      4036
45787      4009
46480      4054
46677      4153
46391      4043
46822      4072
46715      4175
46716      3966
46847      3921
46861      3887
46877      3900
46858      3804
46861      3747
47083      3816
46996      3709
46877      3703
46933      3584
47194      3551
47422      3671
47307      3674
46941      3622
47209      3656
47072      3665
47147      3610
47303      3606
47071      3598
47456      3607
47311      3606
47265      3561
47092      3582
47195      3624
47483      3602
47256      3627
47321      3618
47269      3578
47253      3501
47403      3460
47147      3463
47193      3461
47590      3472
47262      3382
47659      3392
47366      3408
47535      3453
47444      3441
47572      3408
47868      3392
47489      3407
47596      3419
47507      3446
47900      3410
47671      3314
47672      3374
47683      3372
47578      3386
47488      3422
47475      3480
47472      3501
47934      3461
47694      3471
47712      3456
47771      3449
47720      3404
47819      3428
47744      3431
47770      3486
47779      3467
47715      3461
48066      3455
47624      3461
47719      3464
47901      3442
48027      3438
47920      3367
47919      3346
48005      3365
47936      3367
47930      3356
47954      3325
47571      3330
47536      3304
47646      3292
47611      3284
47502      3312
47770      3306
47662      3333
47827      3313
47880      3326
47735      3306
47661      3291
47649      3295
47593      3288
48036      3299
47680      3282
47862      3288
47655      3281
47668      3303
47858      3286
47738      3295
47655      3309
48002      3315
47536      3312
47791      3316
47419      3324
47960      3319
47660      3335
47742      3312
47867      3298
47985      3278
48015      3284
48097      3280
47864      3284
47763      3298
47700      3294
48174      3280
47785      3284
47724      3303
47974      3295
47742      3289
48146      3291
47758      3291
47704      3297
47924      3285
47698      3292
47711      3285
47741      3304
