0.0390549 0.261264
0.0385975 0.261383
0.0382158 0.261601
0.038874 0.272026
0.0380149 0.272297
0.0376192 0.270974
0.0371953 0.265898
0.0376586 0.271889
0.0368861 0.264247
0.037398 0.266058
0.0376954 0.266984
0.0376201 0.266349
0.0379594 0.267398
0.0376695 0.265561
0.0385877 0.270925
0.0382459 0.273107
0.0386305 0.276658
0.0378626 0.269054
0.0391788 0.278787
0.0394723 0.281988
0.0377465 0.269778
0.038284 0.273119
0.0377674 0.26938
0.0372142 0.262657
0.0376049 0.261738
0.0370519 0.25513
0.0371637 0.250188
0.0385291 0.257057
0.0385704 0.257913
0.0386092 0.256953
0.0384131 0.253359
0.0395409 0.263334
0.0390098 0.256468
0.0385731 0.253337
0.0390477 0.259618
0.0388733 0.256013
0.0398734 0.264182
0.041056 0.27171
0.0404324 0.269265
0.0394225 0.264462
0.0408599 0.274096
0.0407766 0.272263
0.0403867 0.26836
0.0403444 0.269157
0.0386902 0.260179
0.0399781 0.26858
0.0403509 0.271912
0.0408589 0.274727
0.0393077 0.264502
0.0393515 0.26649
0.0379361 0.259193
0.0383092 0.260256
0.0378424 0.257571
0.0395724 0.269259
0.0386134 0.265646
0.039015 0.265415
0.0386754 0.259851
0.0393186 0.265754
0.0384354 0.257899
0.0389934 0.263513
0.0397273 0.266394
0.0393466 0.264165
0.0390746 0.259823
0.0383361 0.25654
0.0386342 0.262694
0.0381435 0.260574
0.0383215 0.262081
0.0378979 0.257878
0.0380988 0.260128
0.0376932 0.256995
0.0390484 0.270486
0.0387117 0.264512
0.0381409 0.260637
0.037529 0.255872
0.0377031 0.257063
0.0368726 0.252597
0.03684 0.253373
0.0382444 0.262522
0.0365169 0.252965
0.0372708 0.261728
0.0373593 0.261146
0.0373384 0.262639
0.037961 0.267634
0.0379028 0.270966
0.0371923 0.269201
0.0373894 0.274364
0.0373747 0.273934
0.037226 0.271642
0.0375119 0.271431
0.0372535 0.269749
0.0369612 0.268725
0.0366886 0.268982
0.0359826 0.263933
0.0352673 0.261646
0.0356665 0.262982
0.0365513 0.27096
0.0352954 0.263301
0.0357151 0.267461
0.0360517 0.267871
0.0358047 0.265849
0.0359819 0.26796
0.0361301 0.270283
0.0363385 0.274044
0.0370688 0.280494
0.0358147 0.27147
0.0360899 0.272979
0.0369885 0.27961
0.0381321 0.288561
0.0382529 0.286844
0.0382112 0.287864
0.0378063 0.282693
0.0378441 0.280371
0.0377293 0.280437
0.0382839 0.284755
0.038041 0.284087
0.0376042 0.279539
0.0375037 0.283263
0.0372042 0.279871
0.0377217 0.287414
0.037572 0.284505
0.037272 0.283872
0.0379487 0.288715
0.0373377 0.290161
0.0386457 0.300953
0.0386771 0.29912
0.0386467 0.299851
0.038431 0.298497
0.0391767 0.302276
0.0378781 0.293786
0.0387249 0.300764
0.0375203 0.291847
0.036931 0.28562
0.0375664 0.29398
0.0376596 0.296146
0.0386056 0.304688
0.0382053 0.300693
0.038362 0.299629
0.0382961 0.298668
0.0380364 0.296204
0.0376818 0.294747
0.0379944 0.299211
0.0381425 0.297482
0.0385028 0.301276
0.0380481 0.296859
0.0377132 0.291108
0.0384254 0.296278
0.0388308 0.299275
0.0375958 0.28973
0.0382038 0.296549
0.0386404 0.298967
0.0382641 0.297522
0.0380337 0.298122
0.0370402 0.29166
0.0378296 0.29821
0.0369159 0.292563
0.0361968 0.287701
0.0364807 0.287764
0.037341 0.297159
0.036214 0.289334
0.037707 0.296428
0.0375615 0.295725
0.0374549 0.293155
0.0372221 0.291911
0.0372435 0.292031
0.0371491 0.291071
0.0374052 0.293969
0.0363368 0.283119
0.0370205 0.288822
0.0373688 0.290355
0.0369224 0.286211
0.0367948 0.287485
0.0372932 0.295201
0.0370473 0.294427
0.0381155 0.303215
0.03862 0.306195
0.0379509 0.300084
0.0373846 0.295739
0.0381025 0.300823
0.0373919 0.297526
0.0371333 0.296026
0.0372643 0.297297
0.0372807 0.300914
0.0381735 0.304614
0.0393026 0.314676
0.0376706 0.300204
0.0378875 0.30252
0.0392324 0.316369
0.038287 0.305664
0.0388747 0.306716
0.0376728 0.297851
0.0381967 0.308339
0.0381863 0.306443
0.0389633 0.311933
0.0387229 0.309268
0.0385723 0.311993
0.038785 0.31834
0.0382734 0.311706
0.0392558 0.321815
0.0387874 0.315195
0.0391157 0.315491
0.0391462 0.318049
0.0383809 0.311123
0.0390427 0.314885
0.0393345 0.31694
0.0396807 0.319196
0.039569 0.32109
0.0392616 0.321815
0.0396605 0.328796
0.0386023 0.323869
0.0388364 0.328858
0.0389638 0.326603
0.039051 0.325284
0.0392676 0.332914
0.039219 0.330884
0.0392863 0.332675
0.0392439 0.336299
0.0402295 0.342191
0.03878 0.330088
0.0401331 0.339856
0.0388176 0.327351
0.0397496 0.335973
0.0409226 0.349048
0.0393923 0.337766
0.0391564 0.333694
0.0390981 0.335455
0.0400941 0.343251
0.0400747 0.343705
0.0388298 0.329958
0.0396335 0.337936
0.0393356 0.334052
0.0397529 0.333274
0.0395307 0.332918
0.0396239 0.334109
0.0389736 0.330244
0.0384451 0.322892
0.0386671 0.328765
0.0379771 0.32015
0.0380888 0.321608
0.0386447 0.332066
0.038132 0.328282
0.0387428 0.333637
0.0395228 0.341325
0.0402371 0.351321
0.0388628 0.337491
0.0388012 0.334248
0.0389429 0.33589
0.0391531 0.341563
0.039472 0.343612
0.0399099 0.352034
0.0395438 0.346753
0.0392752 0.33989
0.0405693 0.351351
0.0399033 0.344815
0.0403375 0.351496
0.0403718 0.345405
0.0401635 0.337787
0.0398531 0.330146
0.0402225 0.337518
0.0395637 0.330386
0.0396033 0.334405
0.0395561 0.330805
0.0404115 0.337033
0.0398642 0.334158
0.0385679 0.323707
0.0385717 0.327669
0.0394445 0.334886
0.039724 0.335658
0.039342 0.332975
0.0384347 0.330722
0.0390804 0.334845
0.0386405 0.33634
0.0384077 0.338312
0.0380654 0.334572
0.0378439 0.338097
0.0379531 0.339676
0.0378087 0.334837
0.039537 0.3559
0.0368807 0.336739
0.0371795 0.33762
0.0376106 0.346871
0.0371515 0.340578
0.0366415 0.335773
0.0376136 0.347589
0.0373976 0.346643
0.0362 0.337328
0.0364077 0.343793
0.035966 0.337237
0.0360928 0.34552
0.0355082 0.342196
0.0361208 0.351772
0.0360762 0.349132
0.0346291 0.344569
0.0360262 0.359221
0.0358239 0.361263
0.0362783 0.366251
0.0356195 0.362766
0.0365647 0.374278
0.0357531 0.371522
0.0349937 0.359683
0.0355475 0.363926
0.0353479 0.36046
0.0354271 0.365522
0.0345067 0.354185
0.0350428 0.357403
0.0356532 0.368262
0.0361042 0.378798
0.0364339 0.381015
0.0353718 0.368214
0.0357862 0.378019
0.0365935 0.390011
0.0371211 0.397502
0.0368391 0.391613
0.0357188 0.388222
0.0367156 0.403855
0.0366105 0.406791
0.037324 0.414425
0.0374195 0.4205
0.037915 0.429957
0.0370101 0.422729
0.0378153 0.439701
0.0373746 0.428913
0.0365836 0.423971
0.0377662 0.435589
0.0376209 0.443709
0.0379818 0.448743
0.0385421 0.453083
0.0376728 0.446824
0.0370463 0.441751
0.0377311 0.442421
0.0370148 0.436035
0.0377967 0.44782
0.0373609 0.451314
0.0379744 0.456663
0.0371293 0.453347
0.0374067 0.465508
0.0367826 0.46351
0.0377237 0.477757
0.0381425 0.47956
0.0376312 0.471983
0.0388048 0.487894
0.0391673 0.488021
0.0387965 0.490258
0.0386009 0.48732
0.0395487 0.495179
0.0383898 0.477344
0.0394339 0.497367
0.0386992 0.489311
0.0387027 0.488982
0.0395402 0.489323
0.0396252 0.493631
0.038916 0.484131
0.0394041 0.494364
0.0389654 0.496275
0.0399205 0.515233
0.0392837 0.499734
0.0402721 0.526145
0.0406384 0.526629
0.0403449 0.530976
0.0402976 0.528482
0.0393517 0.514574
0.0396604 0.521393
0.0402902 0.53027
0.0401292 0.529282
0.0393268 0.517828
0.0389418 0.515285
0.0391058 0.521595
0.0392984 0.522664
0.0391916 0.525509
0.0387431 0.521496
0.0375282 0.501678
0.0387524 0.520629
0.0392561 0.535016
0.0390769 0.530179
0.0381152 0.523064
0.0391225 0.539188
0.0396231 0.544908
0.039079 0.536851
0.0390993 0.534453
0.0390352 0.532596
0.0392695 0.537237
0.0396949 0.54915
0.0398225 0.55339
0.039075 0.541619
0.039076 0.541883
0.0395606 0.560459
0.0392676 0.54606
0.0381097 0.536122
0.0391467 0.561734
0.039292 0.566327
0.0388233 0.566697
0.0397476 0.572325
0.0396378 0.565645
0.0392512 0.566157
0.039272 0.567478
0.0394937 0.575061
0.0397499 0.585868
0.0409839 0.616323
0.0396594 0.587963
0.0399191 0.59257
0.0405596 0.602161
0.0410072 0.609433
0.0407142 0.60637
0.0393983 0.593907
0.0410762 0.621997
0.0400544 0.601192
0.0403407 0.611041
0.0383727 0.585637
0.0401385 0.6106
0.0394531 0.603443
0.040555 0.626171
0.0405603 0.627944
0.0405954 0.626003
0.0403104 0.608847
0.0394931 0.600633
0.0393592 0.604808
0.0390783 0.586813
0.0394047 0.59943
0.0399507 0.605571
0.0398234 0.606631
0.039598 0.597227
0.0386715 0.587171
0.0384728 0.577141
0.0394503 0.599301
0.0397948 0.612914
0.0393254 0.598152
0.0398203 0.616629
0.0391422 0.615815
0.0390563 0.613562
0.0396982 0.630913
0.0389235 0.61166
0.0392817 0.616859
0.0397633 0.627068
0.0386549 0.60596
0.0388214 0.605722
0.0385126 0.598103
0.0396406 0.608174
0.0385096 0.577693
0.0397389 0.60192
0.039868 0.611147
0.0392837 0.596593
0.0399855 0.613051
0.0409291 0.635437
0.0405874 0.633555
0.0411032 0.634546
0.0402427 0.629371
0.0408644 0.649421
0.0408623 0.658258
0.0413421 0.672234
0.0409631 0.663892
0.0412174 0.671673
0.0418533 0.688142
0.0412694 0.674606
0.0417586 0.682057
0.0418994 0.669873
0.0410918 0.666783
0.0411822 0.666667
0.0410705 0.662265
0.0410759 0.682077
0.0407824 0.663273
0.0407124 0.656
0.0409308 0.660312
0.0409898 0.663871
0.0412424 0.659794
0.0409266 0.642469
0.0412442 0.65522
0.0400224 0.637017
0.0417115 0.679635
0.0420964 0.686206
0.0407881 0.669741
0.0398947 0.661775
0.039555 0.662487
0.0408556 0.68791
0.0410997 0.695207
0.0393391 0.673162
0.0405959 0.687728
0.0402644 0.66955
0.041248 0.66795
0.0406572 0.669851
0.0419503 0.687878
0.0423222 0.700107
0.0409817 0.655184
0.0413678 0.658981
0.041588 0.639733
0.0407162 0.618938
0.0410681 0.622848
0.0415539 0.627761
0.0412142 0.611255
0.041263 0.593023
0.0402969 0.576515
0.0410622 0.598143
0.0410605 0.59198
0.0409033 0.594913
0.0405623 0.586493
0.0411783 0.580435
0.0416858 0.581077
0.0414906 0.571644
0.0405066 0.560671
0.0402917 0.560699
0.0402682 0.556501
0.0395948 0.53782
0.0396536 0.518392
0.0395277 0.521273
0.041674 0.561249
0.0408372 0.545481
0.042454 0.560721
0.0441099 0.568965
0.0436333 0.561655
0.0422698 0.544741
0.042801 0.553789
0.0427975 0.559091
0.0419132 0.535278
0.0429595 0.544307
0.0422266 0.532827
0.0422105 0.53206
0.0408388 0.512758
0.0404372 0.513079
0.0418647 0.527523
0.0417575 0.518628
0.0409566 0.510127
0.040127 0.50995
0.0389933 0.488895
0.0395627 0.490323
0.0377391 0.463975
0.0374668 0.461845
0.0376491 0.458607
0.0374547 0.460987
0.0380863 0.476957
0.0393484 0.491924
0.0388655 0.481692
0.0393093 0.465853
0.0416031 0.492565
0.0417727 0.510505
0.0413725 0.487882
0.0406403 0.48763
0.0425358 0.519028
0.0417027 0.505645
0.0415809 0.50187
0.0408136 0.495961
0.0388802 0.459311
0.0393235 0.453659
0.0389066 0.466755
0.0394912 0.475414
0.0387456 0.467612
0.039253 0.46452
0.0383041 0.440103
0.0403422 0.471618
0.0402584 0.480519
0.0386465 0.471106
0.0406647 0.485707
0.0388017 0.467614
0.0397765 0.456182
0.0420127 0.487159
0.0411302 0.487619
0.0405541 0.493063
0.0377781 0.479853
0.0378548 0.469596
0.0371836 0.447765
0.0384393 0.466847
0.0366298 0.452784
0.0373187 0.453885
0.0369211 0.431145
0.0383947 0.456829
0.0380704 0.459078
0.038172 0.471785
0.0372372 0.446681
0.0374959 0.445506
0.0371717 0.444128
0.0381612 0.461639
0.0374928 0.458225
0.0370175 0.450039
0.0379667 0.457718
0.0368365 0.437874
0.0372053 0.442361
0.03732 0.445168
0.0376948 0.453629
0.0377355 0.442825
0.0377125 0.446677
0.0371147 0.442693
0.0371016 0.460736
0.037356 0.468906
0.0371226 0.455553
0.0357591 0.423792
0.0356709 0.417259
0.0355235 0.419109
0.0357405 0.409113
0.0352914 0.398908
0.0343772 0.390215
0.0342391 0.376985
0.0349259 0.389161
0.0350189 0.385272
0.0346139 0.385047
0.0351579 0.397714
0.0349796 0.39633
0.0349483 0.389085
0.0350836 0.378988
0.0349999 0.382643
0.034914 0.396231
0.0342816 0.38638
0.0356748 0.403017
0.0360124 0.400234
0.0356314 0.388582
0.0346034 0.378986
0.0356152 0.390463
0.0356692 0.394284
0.0354563 0.388399
0.0355999 0.391335
0.034615 0.387339
0.0343458 0.380324
0.035278 0.383894
0.0347589 0.380275
0.0343706 0.382989
0.0348769 0.394787
0.0355692 0.402607
0.0352319 0.397821
0.0338591 0.378937
0.0347987 0.386448
0.0357987 0.398029
0.035922 0.397993
0.0344229 0.384759
0.0351177 0.379704
0.0353735 0.383235
0.0356774 0.390621
0.0359487 0.400329
0.0354329 0.395135
0.0363026 0.399906
0.0364838 0.399488
0.0376224 0.416706
0.0379428 0.430666
0.0379465 0.43356
0.0383337 0.447798
0.0374997 0.439871
0.0380615 0.452357
0.036676 0.44281
0.0380072 0.461677
0.0371389 0.456222
0.0371379 0.455604
0.0371311 0.456177
0.0361471 0.44332
0.03627 0.444157
0.0366912 0.453643
0.0364252 0.449256
0.0366027 0.454044
0.0368181 0.443594
0.0370363 0.434089
0.0369184 0.434023
0.035584 0.424166
0.0361369 0.430086
0.0361873 0.431974
0.0363966 0.433602
0.0364098 0.431606
0.0366026 0.436162
0.0367224 0.434181
0.0363381 0.431927
0.0375498 0.443193
0.0363285 0.429754
0.0374522 0.433515
0.0379168 0.434666
0.03868 0.449507
0.0379959 0.441401
0.0381789 0.441889
0.0383955 0.441305
0.0392733 0.4421
0.0385073 0.43249
0.0379661 0.43936
0.0377863 0.427236
0.0381982 0.440049
0.0380777 0.432491
0.0387972 0.447356
0.0386906 0.459227
0.0391267 0.450468
0.0384305 0.448969
0.0386335 0.44518
0.0389332 0.443334
0.0396676 0.445751
0.0391901 0.432171
0.039513 0.441106
0.0390392 0.443744
0.0394244 0.451597
0.03917 0.441737
0.039048 0.440922
0.0391254 0.4456
0.0380839 0.440511
0.0384664 0.424918
0.0392541 0.440727
0.0385327 0.438104
0.0378844 0.416082
0.0370551 0.406642
0.0373362 0.408677
0.038024 0.414634
0.0374447 0.403966
0.03691 0.399536
0.0378968 0.406993
0.0388039 0.432651
0.0401047 0.425159
0.0392391 0.417443
0.0397804 0.425892
0.0406528 0.430446
0.0412157 0.444214
0.0415676 0.445081
0.0403142 0.42192
0.0396731 0.426935
0.0404587 0.4188
0.040523 0.418134
0.0404981 0.423498
0.0402084 0.423051
0.0396508 0.42726
0.0396103 0.427421
0.038788 0.417107
0.0386001 0.418535
0.0382853 0.405052
0.0382862 0.401744
0.0387926 0.402215
0.0382182 0.378881
0.0381793 0.390318
0.04026 0.407929
0.0381767 0.393396
0.0382673 0.390767
0.0380175 0.387706
0.0388063 0.409111
0.0379005 0.408654
0.0382159 0.41217
0.0374025 0.403356
0.038609 0.405716
0.0384401 0.3996
0.038482 0.40644
0.0391083 0.407656
0.0399546 0.418479
0.0392931 0.411857
0.0394287 0.417779
0.0392458 0.409354
0.0388102 0.407962
0.0392743 0.410634
0.0388683 0.406013
0.0382971 0.398897
0.0383986 0.400576
0.0383985 0.398013
0.0381947 0.401476
0.0381883 0.400986
0.0386207 0.399603
0.0388603 0.407824
0.0384189 0.414237
0.0394919 0.419501
0.0397663 0.422328
0.0406074 0.433023
0.040205 0.427469
0.0401607 0.423008
0.0403335 0.435951
0.0395231 0.42534
0.037313 0.394969
0.0384213 0.40965
0.0383748 0.406173
0.0386086 0.41464
0.0392069 0.416761
0.0390526 0.400307
0.0377028 0.391826
0.0385358 0.412494
0.0375766 0.401649
0.0384038 0.407188
0.0393533 0.421714
0.0389014 0.409625
0.0390741 0.418119
0.0398337 0.42933
0.0389412 0.420102
0.0393358 0.417678
0.039339 0.403982
0.0387387 0.393747
0.038385 0.405741
0.0377938 0.399268
0.0382101 0.402583
0.0381184 0.403597
0.0391236 0.415608
0.0388225 0.411818
0.0386772 0.408719
0.0405002 0.427923
0.0397138 0.423678
0.0402456 0.440566
0.0402656 0.4203
0.0405995 0.416174
0.0415119 0.420688
0.0423785 0.433597
0.0400189 0.409471
0.0399443 0.406946
0.0397435 0.401952
0.0399631 0.409011
0.0384846 0.400178
0.03873 0.40341
0.0386015 0.393374
0.0385811 0.405188
0.0391814 0.412293
0.0388114 0.40443
0.0381565 0.40452
0.0385157 0.418346
0.0386578 0.419595
0.0368545 0.426185
0.0372042 0.415794
0.0374883 0.411668
0.0373824 0.411945
0.0381555 0.407771
0.0381914 0.395359
0.0377205 0.400454
0.0374632 0.404471
0.0363997 0.386112
0.0380801 0.410718
0.0380293 0.410322
0.0378901 0.409817
0.0376631 0.388938
0.0378884 0.391622
0.0372458 0.385879
0.036975 0.3834
0.0369579 0.390382
0.0373636 0.402675
0.0366327 0.397225
0.0365721 0.392767
0.0347566 0.365931
0.036325 0.376641
0.0363563 0.375633
0.036376 0.383476
0.0360849 0.378246
0.0349822 0.367814
0.0355481 0.376632
0.0350435 0.379936
0.0349928 0.37583
0.0334896 0.35539
0.032621 0.34578
0.0335488 0.359126
0.0336093 0.36738
0.0341857 0.37433
0.0340669 0.382332
0.0338667 0.387003
0.0342347 0.389131
0.0339096 0.382644
0.0332378 0.37293
0.0337564 0.376908
0.0334798 0.382396
0.034438 0.383831
0.0345896 0.391357
0.0339369 0.376329
0.0334738 0.370953
0.0332103 0.365313
0.0336484 0.369754
0.0344106 0.381663
0.0341302 0.380738
0.035166 0.389006
0.0349633 0.408437
0.0355341 0.404116
0.0350896 0.402454
0.0349078 0.396358
0.0350595 0.409192
0.0339644 0.391879
0.0348941 0.407472
0.0356008 0.415369
0.0350714 0.412115
0.0340466 0.393102
0.0332521 0.387407
0.0334794 0.391542
0.0338811 0.398213
0.0349073 0.402361
0.0344872 0.387089
0.0349614 0.380674
0.0342247 0.379538
0.0348354 0.382188
0.0352489 0.395873
0.0347353 0.377757
0.0343239 0.374099
0.0349055 0.384525
0.0350814 0.386273
0.0345431 0.379812
0.035619 0.402654
0.035876 0.405308
0.0356436 0.406159
0.0368462 0.430723
0.0355705 0.414732
0.0357761 0.417352
0.0356067 0.405945
0.0342524 0.387213
0.0347645 0.389697
0.0346918 0.394513
0.0340398 0.393693
0.0324906 0.369471
0.0318301 0.367452
0.0326904 0.378061
0.0322546 0.376984
0.0329819 0.387852
0.0330652 0.399078
0.0329882 0.397403
0.0334357 0.393667
0.0326808 0.387868
0.0325438 0.386902
0.0325415 0.392812
0.0309222 0.372584
0.0315193 0.378584
0.0314078 0.368434
0.0320022 0.377082
0.0310774 0.365841
0.032256 0.38175
0.0314696 0.380586
0.03215 0.377396
0.0326467 0.400573
0.0312639 0.380267
0.0313259 0.377931
0.0300715 0.369938
0.0304884 0.375715
0.0320121 0.393165
0.0317454 0.379241
0.0309676 0.377743
0.0316492 0.390199
0.0316508 0.379495
0.0323123 0.400845
0.0315687 0.402759
0.0314989 0.402449
0.0309285 0.393588
0.0303699 0.394759
0.0289385 0.387234
0.0293326 0.401975
0.0267793 0.372832
0.0277257 0.372034
0.0278546 0.386291
0.0279224 0.385174
0.0274725 0.379581
0.0270536 0.360615
0.0277795 0.380419
0.0283522 0.387761
0.0284008 0.379339
0.0279939 0.37608
0.0279541 0.375494
0.0276817 0.381279
0.0273018 0.369963
0.0267455 0.370615
0.0262562 0.366589
0.0260214 0.362416
0.0259395 0.363955
0.0247495 0.347839
0.0241786 0.336723
0.0247736 0.339823
0.0262731 0.372162
0.0256667 0.362191
0.0249708 0.353202
0.0250298 0.357505
0.025313 0.367514
0.0245172 0.350534
0.0246153 0.347381
0.0235211 0.337099
0.0247854 0.369753
0.0245847 0.368847
0.0249184 0.376493
0.0251294 0.372803
0.0259191 0.382966
0.0247353 0.363415
0.0244741 0.362715
0.0239461 0.351368
0.0246806 0.355689
0.024764 0.346767
0.0240548 0.351253
0.0234651 0.346851
0.0236641 0.329654
0.0232025 0.332041
0.023878 0.335876
0.0242132 0.347605
0.0249651 0.364688
0.0250989 0.366596
0.0253526 0.36107
0.0262871 0.36952
0.0261636 0.36623
0.0267334 0.360403
0.0269447 0.371429
0.0274443 0.377439
0.0264348 0.363636
0.0264412 0.359538
0.0259672 0.348719
0.0265321 0.360985
0.0262181 0.343086
0.0259224 0.346003
0.0259778 0.34802
0.0268065 0.366628
0.0269527 0.356474
0.0276015 0.363187
0.0277795 0.364754
0.0279608 0.37165
0.0287346 0.388341
0.0278391 0.383577
0.0274849 0.376292
0.0282054 0.39486
0.0275884 0.383034
0.0285602 0.398089
0.0283921 0.375277
0.0278206 0.372666
0.027805 0.36488
0.0290945 0.369671
0.029119 0.366081
0.0291651 0.37176
0.0282387 0.364629
0.028006 0.354284
0.0277813 0.34661
0.0280805 0.34817
0.0295471 0.364278
0.0289772 0.345676
0.0300786 0.365974
0.0307531 0.390357
0.0325496 0.390344
0.0328459 0.400836
0.0329543 0.398808
0.0338658 0.408951
0.0327844 0.385388
0.0339409 0.40478
0.0353228 0.408451
0.0357204 0.40406
0.0347363 0.396245
0.0355961 0.398995
0.0349567 0.387876
0.0362215 0.403617
0.0353713 0.39794
0.0340006 0.38369
0.0348914 0.40049
0.0350384 0.412118
0.0338393 0.391842
0.0348046 0.399902
0.0339477 0.380479
0.0335784 0.377088
0.0333626 0.378622
0.0330279 0.371703
0.0339213 0.387987
0.0340612 0.393768
0.0343919 0.392485
0.0344212 0.36635
0.0362391 0.4
0.0361985 0.393632
0.0347326 0.386342
0.0350512 0.380886
0.0342397 0.359578
0.0343099 0.379335
0.0337122 0.381831
0.0336853 0.383455
0.0330744 0.386471
0.0344438 0.410061
0.0355646 0.426082
0.0356875 0.416042
0.0352012 0.409305
0.0354058 0.405187
0.0361948 0.395327
0.0364785 0.401556
0.0369216 0.418576
0.0372079 0.429674
0.036168 0.411465
0.0362378 0.403559
0.0359294 0.396138
0.0369936 0.420034
0.0361556 0.414782
0.0363807 0.430886
0.0365724 0.415983
0.0360859 0.417914
0.035143 0.395689
0.0360514 0.403145
0.0348496 0.371597
0.0353692 0.401009
0.0356975 0.399238
0.0345192 0.393822
0.0345467 0.378883
0.0345805 0.382693
0.0341911 0.379343
0.0343485 0.375349
0.0340506 0.380759
0.0356991 0.393727
0.0359677 0.393565
0.036015 0.405444
0.0359342 0.394323
0.0364442 0.418297
0.0358795 0.391345
0.0365652 0.401679
0.0362434 0.390233
0.0360117 0.392907
0.0368841 0.39505
0.0367408 0.402002
0.037982 0.410262
0.0380838 0.414387
0.0384102 0.410407
0.0391302 0.432261
0.0385247 0.408648
0.0384142 0.405239
0.0389141 0.419041
0.0385476 0.408814
0.0390176 0.42058
0.0394189 0.428472
0.039174 0.42514
0.0393488 0.417026
0.0406202 0.438122
0.0399863 0.440878
0.0401827 0.427946
0.0406917 0.436753
0.0402888 0.447067
0.0397889 0.450024
0.039971 0.448598
0.0397006 0.437382
0.039418 0.431176
0.0393199 0.43357
0.0388466 0.432304
0.0382715 0.424336
0.0385877 0.430064
0.0398806 0.434379
0.0386212 0.448664
0.038976 0.439165
0.0406544 0.447981
0.0386037 0.409485
0.0395199 0.43064
0.0413325 0.4483
0.0423364 0.438323
0.0406904 0.442308
0.039777 0.427976
0.0376331 0.415637
0.0377943 0.406108
0.0383715 0.416902
0.0391312 0.426481
0.0385901 0.417665
0.0382351 0.417275
0.0369675 0.403869
0.0374174 0.403435
0.0376032 0.409027
0.0373532 0.417188
0.0364826 0.411565
0.0363621 0.410766
0.0378486 0.42615
0.0363398 0.406107
0.0363223 0.405749
0.0367099 0.411224
0.0363229 0.409832
0.0359863 0.408623
0.0357513 0.41118
0.0355166 0.407253
0.0352468 0.402553
0.0348119 0.399557
0.0364758 0.431807
0.0356684 0.42493
0.0347596 0.402003
0.0368078 0.440813
0.0365099 0.437694
0.0375615 0.445241
0.0363186 0.426657
0.0373524 0.444359
0.0378475 0.437562
0.036743 0.43694
0.0376303 0.440374
0.0369 0.424926
0.0370904 0.432405
0.0365055 0.419722
0.0366261 0.418309
0.0361876 0.414899
0.0351993 0.395618
0.0353301 0.405392
0.0356884 0.410363
0.0359842 0.402635
0.0352556 0.41528
0.0359041 0.428972
0.0349118 0.42089
0.0343239 0.412564
0.0334841 0.412461
0.0328845 0.411262
0.0321347 0.396488
0.0317261 0.401995
0.0306547 0.388064
0.0298937 0.391462
0.0298555 0.39679
0.0298806 0.385998
0.0293614 0.378062
0.0299738 0.388459
0.029613 0.382385
0.0301028 0.38663
0.0299489 0.391136
0.0302729 0.397116
0.029976 0.392162
0.0293957 0.386748
0.0291053 0.381864
0.0287316 0.381354
0.0282426 0.371301
0.0273546 0.356236
0.0270834 0.357024
0.0274674 0.357872
0.0271127 0.354616
0.0270367 0.357183
0.027575 0.372179
0.0270658 0.370809
0.027743 0.377707
0.0273346 0.372725
0.0274007 0.375576
0.026808 0.37463
0.02627 0.369104
0.0268758 0.373533
0.0270117 0.371851
0.0267473 0.368788
0.0261498 0.365023
0.0270953 0.38237
0.0273958 0.381861
0.0270191 0.376133
0.0277222 0.382182
0.0280167 0.393548
0.027459 0.394991
0.0277312 0.39182
0.0273892 0.387307
0.0275968 0.387773
0.0275438 0.382233
0.0281622 0.384195
0.0279112 0.378463
0.0279551 0.387171
0.027949 0.384039
0.0268905 0.371238
0.0275062 0.38098
0.0277661 0.389248
0.0269558 0.376021
0.0264955 0.368697
0.0274021 0.375502
0.0261412 0.360254
0.0264906 0.365212
0.0278783 0.387844
0.0269612 0.370991
0.0274105 0.377598
0.0274525 0.382045
0.0273596 0.382199
0.0275459 0.39204
0.0273378 0.391512
0.0276013 0.393759
0.0276619 0.393822
0.0271229 0.387366
0.0272761 0.393383
0.027769 0.396697
0.0274318 0.394673
0.0275784 0.399149
0.0279347 0.404994
0.0278515 0.399457
0.0272975 0.394434
0.0271285 0.387939
0.0267422 0.386055
0.0266708 0.383945
0.0265633 0.383545
0.0271081 0.392586
0.0262965 0.380273
0.0268947 0.389294
0.0267716 0.389815
0.0269295 0.391225
0.0262212 0.381691
0.0269017 0.390735
0.0268524 0.387526
0.0257637 0.375228
0.0267292 0.387253
0.0273424 0.393775
0.0257073 0.372247
0.0266114 0.381944
0.02603 0.375151
0.0264873 0.377858
0.02598 0.375414
0.0259966 0.371514
0.0258263 0.372283
0.0254246 0.369012
0.0261123 0.382245
0.0258461 0.377893
0.0261971 0.384146
0.0257814 0.375761
0.0251659 0.364463
0.0263522 0.381603
0.0253664 0.372561
0.0262635 0.382156
0.0252703 0.365123
0.025618 0.372989
0.0263081 0.381879
0.0257135 0.376177
0.0263621 0.382558
0.0262242 0.379436
0.0251231 0.366514
0.0263114 0.381227
0.0257593 0.374125
0.0258269 0.373184
