2178    14.52   0.0152489   -0.318317   1.52235   0.318682
2330    15.5333   0.0152489   -0.318317   1.52235   0.318682
2312    15.4133   0.0102895   -0.395504   -1.62494   0.395638
2432    16.2133   0.0102895   -0.395504   -1.62494   0.395638
2564    17.0933   0.0102895   -0.395504   -1.62494   0.395638
2649    17.66   0.0170386   -0.713761   -1.66395   0.713964
2755    18.3667   0.0170386   -0.713761   -1.66395   0.713964
2892    19.28   0.0170386   -0.713761   -1.66395   0.713964
3005    20.0333   0.0247201   -0.736442   -0.112932   0.736857
3116    20.7733   0.0247201   -0.736442   -0.112932   0.736857
3264    21.76   0.0247201   -0.736442   -0.112932   0.736857
3374    22.4933   0.0247201   -0.736442   -0.112932   0.736857
3521    23.4733   0.0128547   -0.774905   -1.66456   0.775012
3643    24.2867   0.0128547   -0.774905   -1.66456   0.775012
3751    25.0067   0.0128547   -0.774905   -1.66456   0.775012
3802    25.3467   0.0121555   -0.807477   1.47594   0.807569
3829    25.5267   0.00735957   -0.848882   1.47141   0.848913
3952    26.3467   0.00735957   -0.848882   1.47141   0.848913
4011    26.74   0.00735957   -0.848882   1.47141   0.848913
4129    27.5267   0.00735957   -0.848882   1.47141   0.848913
4232    28.2133   0.180396   -0.0268348   -1.57099   0.182381
4340    28.9333   0.180396   -0.0268348   -1.57099   0.182381
4478    29.8533   0.180396   -0.0268348   -1.57099   0.182381
4607    30.7133   444.463   12.9267   1.50945   444.651
4655    31.0333   -0.0201332   -1.04139   1.45826   1.04158
4781    31.8733   -0.0201332   -1.04139   1.45826   1.04158
4930    32.8667   -0.0266332   -1.082   0.919631   1.08233
4953    33.02   -0.0294597   -1.10136   1.45477   1.10175
4875    32.5   0.212134   -0.857976   -0.59859   0.883811
4994    33.2933   0.212134   -0.857976   -0.59859   0.883811
5141    34.2733   0.212134   -0.857976   -0.59859   0.883811
5208    34.72   0.212134   -0.857976   -0.59859   0.883811
5130    34.2   -0.0619068   -1.49201   1.42361   1.49329
5275    35.1667   -0.0619068   -1.49201   1.42361   1.49329
5326    35.5067   -0.0619068   -1.49201   1.42361   1.49329
5385    35.9   -0.0619068   -1.49201   1.42361   1.49329
5434    36.2267   -0.0619068   -1.49201   1.42361   1.49329
5370    35.8   -0.0619068   -1.49201   1.42361   1.49329
5472    36.48   0.219445   -0.433391   -1.47019   0.485782
5334    35.56   0.219445   -0.433391   -1.47019   0.485782
5425    36.1667   0.219445   -0.433391   -1.47019   0.485782
5448    36.32   0.219445   -0.433391   -1.47019   0.485782
5494    36.6267   -0.0600439   -1.46543   1.41269   1.46666
5647    37.6467   -0.0600439   -1.46543   1.41269   1.46666
5728    38.1867   -0.0600439   -1.46543   1.41269   1.46666
5761    38.4067   -0.360665   -0.455716   1.39428   0.581169
5731    38.2067   -0.0700725   -1.48936   1.3808   1.49101
5619    37.46   -0.0726267   -1.52849   1.36979   1.53021
5713    38.0867   -0.0746038   -1.5726   1.34208   1.57437
5596    37.3067   -0.0746038   -1.5726   1.34208   1.57437
5380    35.8667   -0.0746038   -1.5726   1.34208   1.57437
5215    34.7667   -0.159316   -2.11669   1.28785   2.12268
5350    35.6667   -0.159316   -2.11669   1.28785   2.12268
5362    35.7467   -0.159316   -2.11669   1.28785   2.12268
5188    34.5867   -0.171895   -2.25679   1.25569   2.26333
5305    35.3667   0.310969   -2.42812   1.22525   2.44795
5276    35.1733   0.310969   -2.42812   1.22525   2.44795
5229    34.86   0.310969   -2.42812   1.22525   2.44795
5133    34.22   -0.204847   -2.55676   1.13194   2.56495
5007    33.38   -0.204847   -2.55676   1.13194   2.56495
5052    33.68   -0.204847   -2.55676   1.13194   2.56495
5132    34.2133   -0.167207   -2.66652   1.07829   2.67176
5021    33.4733   -0.167207   -2.66652   1.07829   2.67176
5081    33.8733   -0.167207   -2.66652   1.07829   2.67176
4891    32.6067   -0.285896   -2.84485   1.04284   2.85918
4761    31.74   -0.285896   -2.84485   1.04284   2.85918
4799    31.9933   -0.298197   -2.86353   1.04038   2.87901
4864    32.4267   -0.298197   -2.86353   1.04038   2.87901
4978    33.1867   -0.339123   -2.90137   1.04623   2.92112
5032    33.5467   -0.342248   -2.92787   1.04724   2.9478
5115    34.1   -0.349584   -2.93798   1.049   2.95871
5255    35.0333   -0.356883   -2.94588   1.05045   2.96742
5404    36.0267   -0.359221   -2.94465   1.0503   2.96648
5520    36.8   -0.356231   -2.93674   1.04859   2.95827
5671    37.8067   -0.352837   -2.92703   1.04641   2.94822
5815    38.7667   -0.344265   -2.90177   1.04384   2.92212
5944    39.6267   -0.335348   -2.88347   1.03763   2.90291
6090    40.6   -0.321325   -2.85914   1.02966   2.87714
6234    41.56   -0.321325   -2.85914   1.02966   2.87714
6374    42.4933   -0.29338   -2.81689   1.00875   2.83213
6416    42.7733   -0.254986   -2.72986   0.986271   2.74174
6454    43.0267   -0.254986   -2.72986   0.986271   2.74174
6253    41.6867   -0.254986   -2.72986   0.986271   2.74174
6092    40.6133   -0.164254   -2.60969   0.917336   2.61486
6086    40.5733   -0.164254   -2.60969   0.917336   2.61486
5707    38.0467   -0.164254   -2.60969   0.917336   2.61486
4434    29.56   -0.164254   -2.60969   0.917336   2.61486
4416    29.44   0.0135385   -2.43735   0.773191   2.43739
4423    29.4867   0.0135385   -2.43735   0.773191   2.43739
4205    28.0333   0.0613841   -2.40905   0.738488   2.40983
3773    25.1533   0.0613841   -2.40905   0.738488   2.40983
3660    24.4   0.127603   -2.35431   0.682171   2.35777
3570    23.8   0.17882   -2.30741   0.651101   2.31433
3187    21.2467   0.228068   -2.2698   0.619392   2.28123
2687    17.9133   0.286553   -2.2208   -2.55484   2.23921
2597    17.3133   0.332945   -1.77979   0.563566   1.81067
2209    14.7267   0.362354   -2.17046   0.534495   2.2005
2053    13.6867   46.0786   -1.37208   3.12042   46.099
1949    12.9933   0.496029   4.17037   -1.56662   4.19976
1769    11.7933   0.538982   -2.24056   0.437875   2.30447
1525    10.1667   0.57133   -2.07684   0.415029   2.15399
1461    9.74   0.640398   -2.02986   0.382432   2.12848
1461    9.74   -308.446   -2.01431   -1.90506   308.453
1572    10.48   0.783422   -1.96554   0.326396   2.11591
1328    8.85333   0.783422   -1.96554   0.326396   2.11591
1311    8.74   0.783422   -1.96554   0.326396   2.11591
1390    9.26667   81.1437   12.4564   -1.31322   82.0942
1409    9.39333   0.979397   -1.88257   0.31325   2.12209
1543    10.2867   0.979397   -1.88257   0.31325   2.12209
1645    10.9667   0.979397   -1.88257   0.31325   2.12209
1743    11.62   0.979397   -1.88257   0.31325   2.12209
1841    12.2733   0.979397   -1.88257   0.31325   2.12209
1958    13.0533   336.461   -1.78212   2.50997   336.466
2065    13.7667   1.1541   -2.22692   0.359054   2.50821
2176    14.5067   52.0782   -0.982734   -3.10395   52.0874
2326    15.5067   1.15701   25.7469   -1.57043   25.7729
2464    16.4267   1.04904   -1.88395   0.347669   2.15633
2609    17.3933   1.03931   -1.89331   3.09688   2.15981
2751    18.34   3.02498   -1.91065   -2.91992   3.57786
2863    19.0867   3.02498   -1.91065   -2.91992   3.57786
3013    20.0867   0.971024   -1.92898   0.307844   2.1596
3098    20.6533   0.971024   -1.92898   0.307844   2.1596
3181    21.2067   -100.951   -105.088   -1.56968   145.721
3134    20.8933   0.856944   -1.97416   0.259757   2.15213
3055    20.3667   0.822805   -2.19305   0.238873   2.34232
3074    20.4933   0.822805   -2.19305   0.238873   2.34232
3143    20.9533   0.744001   -2.03569   0.193641   2.16739
2949    19.66   99.0199   -0.637074   3.13079   99.022
2849    18.9933   0.633251   4.12912   -1.5274   4.1774
2627    17.5133   0.633251   4.12912   -1.5274   4.1774
2585    17.2333   0.589288   -2.07369   3.13508   2.1558
2528    16.8533   1.27813   -2.0868   -3.05336   2.44711
2423    16.1533   -102.283   -81.019   -1.48406   130.483
2496    16.64   0.407292   -2.10927   0.0366383   2.14823
2305    15.3667   0.407292   -2.10927   0.0366383   2.14823
2090    13.9333   0.336705   -2.12162   -3.1002   2.14817
1926    12.84   0.298044   -2.12826   -0.0233106   2.14903
1576    10.5067   0.298044   -2.12826   -0.0233106   2.14903
1540    10.2667   0.200801   -1.43187   -0.0790571   1.44588
1452    9.68   0.157907   -2.14633   -3.14027   2.15213
1591    10.6067   0.128396   -2.14876   -0.123934   2.1526
1728    11.52   0.128396   -2.14876   -0.123934   2.1526
1794    11.96   0.0233892   -2.15507   1.58415   2.1552
1819    12.1267   -0.0331725   -2.14888   -0.208269   2.14914
1904    12.6933   -0.0936821   -2.02505   -0.245126   2.02722
1916    12.7733   -355.008   -2.1402   1.88023   355.014
1939    12.9267   -0.170484   -2.13548   -0.289079   2.14228
2016    13.44   89.7801   117.945   1.56152   148.228
2062    13.7467   -0.232667   -2.1236   -3.10325   2.13631
2154    14.36   -0.232667   -2.1236   -3.10325   2.13631
2195    14.6333   422.812   -2.10362   1.73828   422.817
2220    14.8   -0.380797   -1.60923   -0.409698   1.65367
2214    14.76   -0.46605   -2.07193   -0.456558   2.1237
2273    15.1533   34.6785   -0.864459   -3.08053   34.6893
2403    16.02   -0.579888   10.7886   1.5711   10.8041
2331    15.54   -0.579888   10.7886   1.5711   10.8041
2413    16.0867   -0.567294   -2.02625   3.13283   2.10416
2448    16.32   -0.525892   -2.00567   2.58125   2.07347
2520    16.8   -0.648316   -2.08539   -0.557019   2.18384
2403    16.02   -0.682577   -1.97226   -0.561722   2.08703
2346    15.64   -0.682577   -1.97226   -0.561722   2.08703
2184    14.56   -359.272   -1.94497   2.68086   359.277
2293    15.2867   -0.74456   -1.93009   2.5955   2.06873
2417    16.1133   -74470.6   27698.8   -2.93055   79454.9
2562    17.08   -6329.11   3678.98   2.05385   7320.69
2673    17.82   -6329.11   3678.98   2.05385   7320.69
2786    18.5733   854.479   3770.12   1.4274   3865.74
2882    19.2133   -2503.91   -7260.36   1.273   7680
3007    20.0467   -2503.91   -7260.36   1.273   7680
3158    21.0533   -2503.91   -7260.36   1.273   7680
3308    22.0533   12897.7   -5578.44   2.33967   14052.4
3455    23.0333   1374.69   103704   1.67645   103713
3605    24.0333   -184.831   -412.217   -2.50178   451.758
3755    25.0333   1352.63   -9135.76   1.81621   9235.35
3898    25.9867   -12624.7   4379.18   1.935   13362.7
4048    26.9867   717.873   -1088.73   1.88515   1304.1
4181    27.8733   -43412   10709.9   1.29421   44713.6
4309    28.7267   -1991.28   -3521.98   -2.46792   4045.93
4445    29.6333   -3387.23   -1440.43   -2.78221   3680.78
4544    30.2933   62471.3   8402.34   -3.10526   63033.8
4674    31.16   3659.85   -30574.5   1.85726   30792.8
4803    32.02   -27583.8   -488997   2.03592   489774
4908    32.72   -120754   -1.81696e+06   1.00073   1.82097e+06
4969    33.1267   -120754   -1.81696e+06   1.00073   1.82097e+06
5093    33.9533   -875882   8222.32   -3.02481   875920
5162    34.4133   -875882   8222.32   -3.02481   875920
5190    34.6   216264   -3.07506e+06   2.14159   3.08266e+06
5188    34.5867   2.45773e+06   33922.3   2.95276   2.45797e+06
5070    33.8   -8154.42   896942   2.99004   896979
5065    33.7667   9394.67   -1.05181e+06   1.5895   1.05186e+06
4977    33.18   9394.67   -1.05181e+06   1.5895   1.05186e+06
4865    32.4333   882245   -271251   2.91741   923002
4735    31.5667   488208   2.84716e+06   2.88917   2.88871e+06
4785    31.9   -8.6838e+06   66354.2   -3.12917   8.68406e+06
4520    30.1333   -4602.72   -580.463   1.09672   4639.18
4530    30.2   -266798   -5126.84   -2.86502   266848
4286    28.5733   -266798   -5126.84   -2.86502   266848
4227    28.18   -6195.69   -30575   1.92311   31196.5
3903    26.02   995.336   -90610.7   1.75721   90616.2
3620    24.1333   -168272   -1.80567e+06   1.71816   1.8135e+06
3416    22.7733   -314100   14861   3.11267   314451
3206    21.3733   -571215   10365.6   -3.05976   571309
2868    19.12   -1.34317e+06   -69595.9   3.12413   1.34497e+06
2876    19.1733   -1.34317e+06   -69595.9   3.12413   1.34497e+06
2760    18.4   213381   -3.04524e+06   1.83694   3.05271e+06
2434    16.2267   1.56593e+06   42900.7   1.17827   1.56652e+06
2305    15.3667   5.30654e+06   -70348.9   1.96079   5.307e+06
2168    14.4533   709473   -61665.2   3.13109   712148
2165    14.4333   709473   -61665.2   3.13109   712148
2287    15.2467   -38979   7590.58   1.16103   39711.2
2414    16.0933   -6.72369e+06   253588   3.1393   6.72847e+06
2544    16.96   80409.2   -2.19153e+06   -2.9942   2.193e+06
2604    17.36   200533   4.07912e+06   1.55779   4.08404e+06
2733    18.22   -3.65149e+06   63326   3.13195   3.65204e+06
2848    18.9867   -40416.8   27697.5   1.61894   48996.6
2983    19.8867   155801   -1.13831e+07   1.75442   1.13842e+07
3089    20.5933   -363357   -2.20787e+06   1.51022   2.23757e+06
3224    21.4933   -1277.24   20.3739   2.98973   1277.4
3371    22.4733   -70428.1   -1092.4   -3.13417   70436.6
3512    23.4133   -1.58022e+06   -38291.4   -3.12022   1.58068e+06
3657    24.38   3133.32   -12438.2   1.82386   12826.8
3802    25.3467   235087   -206.266   0.734142   235087
3921    26.14   5.82477e+06   -10143.1   -3.01781   5.82478e+06
4055    27.0333   9372.33   -1.05181e+06   1.58794   1.05186e+06
4149    27.66   431736   -42781.4   3.10264   433851
4195    27.9667   1.97172e+06   -350746   2.96653   2.00267e+06
4103    27.3533   117483   2.77614e+06   1.70965   2.77863e+06
3710    24.7333   -4.26078e+06   8252.58   0.69175   4.26079e+06
3527    23.5133   -2.12258e+07   -370014   2.00454   2.1229e+07
3259    21.7267   196032   4.17956e+06   1.55317   4.18415e+06
2798    18.6533   -2.0342e+06   45269.1   3.05244   2.0347e+06
2758    18.3867   -2.0342e+06   45269.1   3.05244   2.0347e+06
2672    17.8133   75229.7   -10668.7   1.79267   75982.4
2664    17.76   -0.20678   -2.72095   -1.41629   2.72879
2520    16.8   0.794401   -2.58192   1.43254   2.70137
2318    15.4533   -0.219675   -2.65017   -1.46264   2.65926
2301    15.34   -0.219675   -2.65017   -1.46264   2.65926
2180    14.5333   -0.247419   -2.56556   -1.51602   2.57746
2136    14.24   -0.258754   -2.52713   -1.54073   2.54034
2118    14.12   -0.267094   -2.48568   -1.5657   2.49999
2024    13.4933   -0.276322   -2.44697   -1.58773   2.46253
1912    12.7467   -0.276322   -2.44697   -1.58773   2.46253
1920    12.8   -0.294431   -2.35707   -1.64305   2.37538
1913    12.7533   -0.304317   -2.29924   -1.44984   2.3193
1916    12.7733   -0.310669   -2.25302   -1.76347   2.27433
1923    12.82   -0.313177   -2.21573   -1.73514   2.23775
1844    12.2933   -0.313177   -2.21573   -1.73514   2.23775
1864    12.4267   -0.321485   -2.09808   -1.80586   2.12257
1968    13.12   -0.32195   -2.05755   -1.83786   2.08259
1849    12.3267   -0.32215   -2.02165   -1.86392   2.04716
1782    11.88   -0.320655   -1.99344   -1.87903   2.01907
1736    11.5733   -0.318176   -1.91891   -1.92027   1.94511
1706    11.3733   -0.315157   -1.87898   -1.9463   1.90523
1678    11.1867   -0.311768   -1.84024   -1.96981   1.86646
1745    11.6333   -0.30491   -1.77864   -2.00508   1.80459
1708    11.3867   -0.297183   -1.73467   -2.03049   1.75995
1623    10.82   -0.28497   -1.67588   -2.06812   1.69993
1513    10.0867   -0.273441   -1.6351   -2.08819   1.6578
1589    10.5933   -0.256906   -1.58684   -2.11498   1.60751
1523    10.1533   -0.237454   -1.54109   -2.14729   1.55928
1558    10.3867   -0.212004   -1.48754   -2.17512   1.50257
1527    10.18   -0.19142   -1.43903   -2.20765   1.45171
1514    10.0933   -0.134975   -0.403868   -2.23094   0.425826
1501    10.0067   -0.134975   -0.403868   -2.23094   0.425826
1450    9.66667   0.883098   -1.28929   1.09684   1.56273
1469    9.79333   -0.0981504   -1.24785   -2.31371   1.2517
1434    9.56   -0.0760497   -1.20224   0.0872155   1.20464
1499    9.99333   -0.0421798   -1.14527   -2.3842   1.14604
1433    9.55333   0.165936   -0.0921456   -1.75695   0.189804
1497    9.98   0.0179911   -1.06563   -2.43104   1.06578
1550    10.3333   1.04367   -1.09387   2.44306   1.51188
1600    10.6667   0.0755694   -1.00103   -2.45313   1.00388
1696    11.3067   0.292257   -1.34537   0.607479   1.37675
1821    12.14   0.142268   -0.93724   -2.4657   0.947976
1956    13.04   0.15844   -0.92099   -2.46724   0.934519
2066    13.7733   0.191071   -0.891705   -2.46703   0.911947
2208    14.72   0.208075   -0.877265   -2.46519   0.901604
2277    15.18   -0.0604408   -0.858457   -2.46191   0.860582
2379    15.86   0.236011   -0.853606   -2.46055   0.885633
2480    16.5333   0.236011   -0.853606   -2.46055   0.885633
2624    17.4933   1.25445   -1.02502   -2.45922   1.61997
2758    18.3867   1.25445   -1.02502   -2.45922   1.61997
2909    19.3933   0.195397   -0.621603   -2.41281   0.65159
3059    20.3933   0.223986   -0.873593   -2.46745   0.901851
3209    21.3933   0.202776   -0.89264   -2.4723   0.915382
3345    22.3   0.202776   -0.89264   -2.4723   0.915382
3487    23.2467   0.155829   -0.930501   -2.487   0.943459
3568    23.7867   0.140595   -0.943147   -2.49563   0.953569
3610    24.0667   0.113536   -0.965628   -2.51129   0.972279
3598    23.9867   0.0936151   -0.982086   -2.51866   0.986538
3606    24.04   0.053087   -1.00726   2.16521   1.00865
3717    24.78   -0.129227   -1.03782   -2.5526   1.04584
3716    24.7733   -5.16046   -2.16161   -1.03964   5.5949
3819    25.46   1.05643   -0.691308   -2.52227   1.26252
3924    26.16   -1.03986   -0.398143   -2.60992   1.11347
3922    26.1467   -0.31046   -0.586245   1.13533   0.663376
3793    25.2867   -0.0904676   -1.52934   1.16473   1.53201
3433    22.8867   -0.308062   -1.36121   -2.76645   1.39563
3472    23.1467   2.99606   -0.149149   -2.24643   2.99977
3279    21.86   -0.76118   -1.24978   -1.69825   1.46333
3204    21.36   1.26101   -4.21122   2.47504   4.39597
3209    21.3933   1.26101   -4.21122   2.47504   4.39597
3215    21.4333   -0.551343   -0.667569   0.578664   0.86581
3031    20.2067   -0.272396   -1.38541   0.823568   1.41193
2818    18.7867   -0.261922   -1.47754   2.07746   1.50057
2537    16.9133   1.38244   -0.770336   -2.51763   1.58258
2602    17.3467   -0.530185   -1.03759   -2.51051   1.1652
2578    17.1867   -0.530185   -1.03759   -2.51051   1.1652
2418    16.12   -0.413235   -1.2442   0.442042   1.31103
2378    15.8533   -0.80578   -0.993547   0.636901   1.27923
2219    14.7933   -0.710913   -1.24053   -0.741423   1.4298
2179    14.5267   -0.383973   -0.8119   -2.37605   0.898118
2073    13.82   2.04455   -3.39438   3.10212   3.96257
1837    12.2467   -0.795077   -1.27115   -3.10133   1.49932
1734    11.56   -0.955294   -1.33594   -2.9359   1.64235
1666    11.1067   -0.785511   -1.59966   -0.00293474   1.78212
1610    10.7333   -1.01461   -1.31469   -3.11152   1.66068
1685    11.2333   -1.01461   -1.31469   -3.11152   1.66068
1715    11.4333   -1.78651   -4.38914   -0.651447   4.73879
1809    12.06   -1.7236   -1.10071   -3.14074   2.04508
1905    12.7   -1.11139   -0.76856   2.55106   1.35125
2055    13.7   -1.11139   -0.76856   2.55106   1.35125
2146    14.3067   -1.46461   -0.700236   0.927566   1.6234
2293    15.2867   -7.8262   2.41944   1.27544   8.19164
2405    16.0333   0.352325   -1.32717   1.93098   1.37314
2555    17.0333   -1.71428   -1.50978   3.06915   2.28433
2657    17.7133   -0.406788   -2.47433   2.73648   2.50755
2766    18.44   -0.406788   -2.47433   2.73648   2.50755
2902    19.3467   -1.17664   -1.28281   -1.45732   1.74071
3053    20.3533   -1.17664   -1.28281   -1.45732   1.74071
3196    21.3067   -1.3957   0.243979   2.97424   1.41686
3338    22.2533   -0.940325   -0.984122   3.13596   1.36114
3489    23.26   -0.940325   -0.984122   3.13596   1.36114
3570    23.8   -0.951595   -1.27961   -1.42066   1.59466
3346    22.3067   -1.07485   -1.19922   3.07568   1.61041
3155    21.0333   -0.975457   -1.2745   3.11403   1.60495
2953    19.6867   -0.318467   -1.08992   -2.7219   1.13549
2894    19.2933   0.317828   -1.43779   -0.472864   1.4725
2823    18.82   -0.764717   -1.25836   2.88679   1.4725
2502    16.68   -0.474705   0.646206   -1.43837   0.801827
2304    15.36   -0.604508   -0.908896   -2.10947   1.09157
2270    15.1333   -0.716796   -1.24865   2.95534   1.43977
2124    14.16   -3.38942   -1.26409   3.05193   3.61747
2104    14.0267   0.848467   -1.15341   0.0834023   1.43187
2048    13.6533   -0.175677   -1.15659   2.86933   1.16985
1911    12.74   -0.517631   -1.7664   -2.33493   1.84068
1986    13.24   -0.510354   -0.934389   -2.24039   1.06468
2017    13.4467   -0.379988   -1.74836   -2.71707   1.78918
1895    12.6333   5.75055   -3.36316   1.17065   6.66181
1996    13.3067   -2.60952   -0.469156   -2.99852   2.65136
1984    13.2267   -0.256954   -1.19469   2.85888   1.22201
1938    12.92   1.44653   -1.80909   0.552635   2.3163
1842    12.28   -0.252192   -1.28006   1.93362   1.30467
1895    12.6333   0.392277   -0.61838   -0.857922   0.732308
1946    12.9733   -0.434946   2.09579   0.629765   2.14045
1974    13.16   0.524651   -0.794596   0.0576238   0.952177
1800    12   0.382896   -1.21023   2.30765   1.26935
1736    11.5733   0.416839   -1.42398   -1.55469   1.48373
1735    11.5667   -1.08502   -1.00113   0.129638   1.47633
1635    10.9   0.998792   -2.99163   -2.35497   3.15395
1706    11.3733   0.384431   -1.58099   2.39822   1.62706
1734    11.56   4.1684   -4.23516   0.636807   5.9424
1672    11.1467   0.933335   -1.91232   2.42273   2.12793
1604    10.6933   0.439741   -1.58797   2.3489   1.64773
1633    10.8867   0.292036   -1.7183   2.294   1.74294
1605    10.7   0.44189   -1.85885   -2.27819   1.91065
1695    11.3   0.216139   -1.42152   2.29478   1.43785
1837    12.2467   0.216139   -1.42152   2.29478   1.43785
1970    13.1333   -18.7751   11.0295   0.64654   21.7751
2098    13.9867   0.297453   -1.7804   2.30532   1.80507
2227    14.8467   0.683564   -1.29235   -1.31606   1.46199
2349    15.66   0.682754   -1.61727   2.61614   1.75548
2487    16.58   0.714281   -1.48985   -1.28871   1.65223
2610    17.4   -3.01194   -4.0042   3.0002   5.01053
2760    18.4   1.4944   -1.22021   3.09254   1.92929
2878    19.1867   0.380959   1.00074   2.65776   1.0708
3028    20.1867   2.7914   -2.23707   0.00896212   3.5772
3163    21.0867   0.102284   -1.72912   0.0510507   1.73215
3296    21.9733   0.54845   -1.98699   -2.8833   2.06129
3409    22.7267   0.617141   -2.44969   0.00214683   2.52623
3526    23.5067   1.68495   -1.41518   2.32221   2.20041
3637    24.2467   1.20991   -1.55411   1.4104   1.96956
3761    25.0733   0.764882   -1.69392   0.0640856   1.8586
3778    25.1867   0.345505   -1.52315   2.2897   1.56184
3721    24.8067   0.345505   -1.52315   2.2897   1.56184
3801    25.34   0.518955   -1.67728   2.19172   1.75573
3845    25.6333   0.487124   -1.50339   2.16289   1.58034
3719    24.7933   0.444678   -1.52284   2.13882   1.58644
3497    23.3133   0.447105   -1.48797   2.11345   1.5537
3362    22.4133   0.394744   -1.44726   2.08318   1.50013
3374    22.4933   0.38471   -1.41531   2.06149   1.46666
3139    20.9267   0.362064   -2.18929   2.04455   2.21902
3160    21.0667   0.302749   -1.31917   1.99512   1.35347
3167    21.1133   0.271665   -1.31317   1.98432   1.34098
2819    18.7933   0.295462   -1.25315   -1.18857   1.28751
2672    17.8133   0.289713   -1.2161   1.92762   1.25013
2600    17.3333   0.279616   -1.1715   1.89608   1.20441
2640    17.6   0.279616   -1.1715   1.89608   1.20441
2371    15.8067   0.25737   -1.06175   1.82884   1.0925
2276    15.1733   0.252662   -1.04221   1.81728   1.0724
2391    15.94   0.242814   -0.994363   1.79782   1.02358
2403    16.02   0.242814   -0.994363   1.79782   1.02358
2496    16.64   0.21989   -0.894773   1.78551   0.921396
2594    17.2933   0.219614   -0.866306   1.79056   0.893709
2697    17.98   0.205093   -0.81886   1.80558   0.844153
2701    18.0067   0.200816   -0.78733   1.82009   0.812537
2660    17.7333   0.184014   -0.737767   1.84558   0.760369
2750    18.3333   0.171154   -0.701138   1.86632   0.721726
2797    18.6467   0.170145   -0.678291   1.88352   0.699305
2821    18.8067   0.159619   -0.657838   1.8943   0.676926
2837    18.9133   0.145127   -1.61301   1.91273   1.61952
2825    18.8333   0.136636   -0.591838   1.92816   0.607406
2820    18.8   0.122299   -0.555749   1.94665   0.569046
2851    19.0067   0.111754   -0.528799   2.00121   0.540479
2910    19.4   -0.00258399   -0.476912   1.93991   0.476919
3002    20.0133   -0.0814631   -0.767853   -1.34754   0.772162
3102    20.68   -0.0848965   -0.414116   1.99981   0.422729
3193    21.2867   0.332042   -3.00376   2.21543   3.02205
3294    21.96   -0.200336   1.23968   -1.25388   1.25576
3424    22.8267   1.14651   -0.538916   2.0222   1.26685
3502    23.3467   0.0393039   -1.00767   -1.85525   1.00844
3652    24.3467   -0.201442   0.400014   -1.73494   0.447873
3785    25.2333   0.188281   -0.206621   -0.338703   0.279539
3935    26.2333   -3.08623   -6.63255   -2.40072   7.31543
4079    27.1933   -3.08623   -6.63255   -2.40072   7.31543
4213    28.0867   -2.01233   -1.36207   1.45372   2.42996
4305    28.7   0.592982   -1.72483   -1.50217   1.82392
4405    29.3667   -0.071436   0.0350653   -1.6536   0.0795781
4493    29.9533   -0.071436   0.0350653   -1.6536   0.0795781
4620    30.8   0.868254   0.228181   -1.48921   0.897737
4750    31.6667   -0.103428   -0.0818034   1.97098   0.131868
4863    32.42   -4.00148   -3.20887   2.01583   5.12919
4993    33.2867   0.318684   -0.687587   -0.405979   0.757849
5125    34.1667   0.435443   -0.00960755   -0.988351   0.435549
5199    34.66   0.120209   -0.601878   1.99988   0.613765
5242    34.9467   0.131059   -0.790433   1.73996   0.801225
5353    35.6867   0.131059   -0.790433   1.73996   0.801225
5473    36.4867   1.76603   -0.303001   1.93047   1.79184
5562    37.08   -8503.31   566684   -2.61954   566748
5607    37.38   -179.7   5962.34   -1.64028   5965.05
5717    38.1133   -72.7364   981.708   -1.70887   984.398
5789    38.5933   -1543.61   -1130.31   -1.48841   1913.2
5688    37.92   3311.46   -38963.5   -0.315723   39104
5666    37.7733   3311.46   -38963.5   -0.315723   39104
5714    38.0933   0.295027   -1.13766   -0.627328   1.17529
5464    36.4267   0.295027   -1.13766   -0.627328   1.17529
5451    36.34   0.318603   -1.20964   1.81687   1.25089
5587    37.2467   32.2452   260.061   -1.28051   262.053
5239    34.9267   0.359192   -1.31875   -0.408759   1.36679
4970    33.1333   0.359192   -1.31875   -0.408759   1.36679
4667    31.1133   -1185.38   220.75   1.7326   1205.76
4535    30.2333   0.394643   -1.45441   -2.33624   1.507
4477    29.8467   0.394643   -1.45441   -2.33624   1.507
4178    27.8533   -30.3919   53.0903   -2.33851   61.1739
3975    26.5   0.417053   -1.57806   1.64141   1.63224
3554    23.6933   -1051.34   10.1841   -3.07485   1051.39
3437    22.9133   2863.46   2715   -2.72597   3945.96
3398    22.6533   2863.46   2715   -2.72597   3945.96
3308    22.0533   -471.064   -991.886   -1.06883   1098.06
3327    22.18   8.76847   154.92   -0.631394   155.168
3253    21.6867   8.76847   154.92   -0.631394   155.168
3219    21.46   -3714.97   -10261.2   1.47386   10913
3280    21.8667   0.469182   -1.971   3.12224   2.02608
3023    20.1533   0.469182   -1.971   3.12224   2.02608
2971    19.8067   91.0778   473.459   -0.795165   482.14
2871    19.14   0.468724   -2.08483   -2.72753   2.13687
2934    19.56   990.918   -5.10992   -3.04037   990.931
2835    18.9   2747.93   1857.04   3.04809   3316.58
2642    17.6133   10614.7   2157.19   2.91618   10831.6
2740    18.2667   -1198.96   -1224.6   -1.00351   1713.81
2785    18.5667   -7.74107   43.92   -1.77674   44.5969
2556    17.04   69.1798   286.073   -0.996647   294.319
2503    16.6867   0.423879   -2.40712   -1.51788   2.44416
2326    15.5067   0.408873   -2.47827   -0.620501   2.51178
2381    15.8733   0.396133   -2.51431   1.15854   2.54533
2257    15.0467   2570.01   -382.988   1.13823   2598.39
2206    14.7067   0.373652   -2.58382   -0.737566   2.6107
2215    14.7667   0.354614   -2.6269   1.11068   2.65072
2181    14.54   600.633   3103.59   -2.91674   3161.17
2235    14.9   -829.337   933.249   -0.774773   1248.5
2291    15.2733   -191.838   420.395   1.11856   462.097
2276    15.1733   -27.1411   126.756   -2.18221   129.629
2325    15.5   -27.6601   -302.051   -1.89424   303.315
2419    16.1267   -9.06814   -69.2461   -1.59204   69.8373
2541    16.94   2897.07   -1227.25   -0.533149   3146.29
2673    17.82   2897.07   -1227.25   -0.533149   3146.29
2825    18.8333   29.4155   389.897   -1.50357   391.005
2975    19.8333   -25.3182   21.676   -2.91062   33.3296
3116    20.7733   15.7224   40.5489   -1.70551   43.4903
3265    21.7667   321.641   -15.9872   -2.61223   322.038
3395    22.6333   -689.475   -1891.85   3.0541   2013.57
3521    23.4733   -2970.49   -10901.8   1.1156   11299.3
3653    24.3533   4335.76   -7573.43   2.93853   8726.72
3697    24.6467   -1.35316   -53.8148   -1.97675   53.8318
3826    25.5067   24.3389   -260.987   -2.47235   262.12
3921    26.14   -109.751   48.932   -2.96342   120.165
3914    26.0933   0.375381   -2.57992   -1.94472   2.60709
3945    26.3   -234.608   2769.52   -1.40442   2779.44
3934    26.2267   0.409693   -2.58439   1.08009   2.61667
3967    26.4467   0.448676   -2.32053   -2.34658   2.36351
3981    26.54   -13.3992   -2.2056   -0.382046   13.5795
4071    27.14   1.06115   -2.38282   0.902023   2.60842
4112    27.4133   -3.98861   -2.17618   1.13945   4.54365
4154    27.6933   0.535777   -2.70577   -1.55074   2.75831
4188    27.92   0.61592   -2.26641   -0.637467   2.34861
4251    28.34   -344.483   115.749   -1.6551   363.409
4353    29.02   0.626803   -15.661   -2.28997   15.6736
4481    29.8733   -437.599   -104.523   -2.50639   449.909
4598    30.6533   -437.599   -104.523   -2.50639   449.909
4679    31.1933   0.680818   -2.18005   0.968694   2.28389
4694    31.2933   0.692417   -2.15903   0.974802   2.26735
4828    32.1867   2.1407   74.347   -1.14547   74.3778
4924    32.8267   0.706163   -2.13536   0.978112   2.2491
4981    33.2067   -5844.25   -370.873   -0.651324   5856.01
5128    34.1867   -1494.49   -63.204   2.86681   1495.83
5215    34.7667   -449.85   -2.13737   0.970394   449.855
5356    35.7067   -18.3737   65.8348   -1.3923   68.3507
5508    36.72   0.67995   -2.16514   2.71542   2.2694
5658    37.72   -368.976   -2.18399   -2.48818   368.982
5796    38.64   0.651438   -118.014   -3.13429   118.016
5947    39.6467   0.640595   -2.22103   -1.58191   2.31156
5971    39.8067   288138   282618   -1.5708   403604
6064    40.4267   0.570311   -15869.7   -1.44642   15869.7
6136    40.9067   723.513   -1272.23   -0.739931   1463.57
6179    41.1933   330.763   -2.41288   -2.29186   330.772
6079    40.5267   0.523553   -2.4477   -1.57076   2.50306
5817    38.78   0.518677   -2.47247   -0.941369   2.52629
5669    37.7933   0.491659   -2.51017   -1.37175   2.55786
5687    37.9133   0.476748   -199.946   -1.57078   199.947
5532    36.88   823.538   108.313   -2.62461   830.63
5238    34.92   -38.2372   -7.92043   -1.74351   39.0489
5169    34.46   0.398932   -2.62591   2.71111   2.65604
4702    31.3467   -333.649   -52.6879   3.14159   337.784
4412    29.4133   0.347898   -2.68942   0.670161   2.71183
4171    27.8067   0.347898   -2.68942   0.670161   2.71183
4161    27.74   -67.7195   -2.75829   -2.37431   67.7756
4040    26.9333   0.261547   -100.026   -2.79091   100.026
3900    26   0.240476   -2.80919   -1.56985   2.81946
3648    24.32   648.516   46.2327   -2.40302   650.162
3414    22.76   0.18973   -2.86444   0.53227   2.87072
2912    19.4133   0.160908   601.222   -2.34793   601.222
2934    19.56   393.384   12.2129   -2.88395   393.574
2988    19.92   463.432   -2.9181   -1.5708   463.442
2754    18.36   463.432   -2.9181   -1.5708   463.442
2772    18.48   -368.982   61.1199   -2.09472   374.01
2512    16.7467   0.0624069   347.102   0.400586   347.102
2445    16.3   0.0169913   -3.01183   -2.2242   3.01188
2527    16.8467   -0.00222973   -3.02534   0.34099   3.02534
2555    17.0333   -0.00222973   -3.02534   0.34099   3.02534
2540    16.9333   -0.0592203   -3.06283   0.294307   3.0634
2261    15.0733   -0.0592203   -3.06283   0.294307   3.0634
2296    15.3067   -0.102216   -3.08713   0.265102   3.08882
2284    15.2267   -0.129026   -3.09949   0.254897   3.10218
2117    14.1133   -0.156214   -3.10903   0.251254   3.11295
2129    14.1933   -0.156214   -3.10903   0.251254   3.11295
2218    14.7867   -0.214368   -3.12889   0.256841   3.13623
2305    15.3667   -0.247846   -3.13685   0.265142   3.14663
2395    15.9667   -0.278826   -3.14271   -2.7819   3.15506
2451    16.34   -0.312591   -3.15131   0.281572   3.16678
2494    16.6267   -0.33421   -3.15381   0.284197   3.17147
2565    17.1   -0.33421   -3.15381   0.284197   3.17147
2501    16.6733   -0.390953   -3.16471   0.288741   3.18877
2538    16.92   -0.41069   -3.16849   0.290568   3.195
2658    17.72   -0.428303   -3.17299   0.291416   3.20177
2616    17.44   -0.45273   -3.18007   0.293041   3.21213
2716    18.1067   -0.467732   -3.18422   0.294273   3.21839
2675    17.8333   -0.480604   -3.18898   0.294843   3.225
2826    18.84   -0.494755   -3.19424   0.295478   3.23233
2970    19.8   -0.506386   -3.19588   0.296476   3.23575
3078    20.52   -0.510975   -3.19673   0.296613   3.23731
3185    21.2333   -0.510975   -3.19673   0.296613   3.23731
3337    22.2467   -0.506202   -3.19276   0.296951   3.23264
3487    23.2467   -0.515141   -3.19647   0.29732   3.23772
3634    24.2267   -0.502898   -3.19152   0.29718   3.2309
3784    25.2267   -0.501826   -3.19167   0.29727   3.23088
3906    26.04   -0.479141   -3.18265   0.297591   3.21851
4031    26.8733   -0.449059   -3.17118   -2.02348   3.20282
4147    27.6467   -0.449059   -3.17118   -2.02348   3.20282
4258    28.3867   -0.401313   -3.1532   0.303642   3.17863
4343    28.9533   -0.401313   -3.1532   0.303642   3.17863
4442    29.6133   -0.347814   -3.13237   0.315017   3.15162
4540    30.2667   -0.316199   -3.12083   0.324311   3.13681
4626    30.84   -0.316199   -3.12083   0.324311   3.13681
4709    31.3933   -0.248722   -3.09393   0.344191   3.10391
4781    31.8733   -0.248722   -3.09393   0.344191   3.10391
4841    32.2733   -0.195497   -3.07221   0.350111   3.07843
4842    32.28   -0.195497   -3.07221   0.350111   3.07843
4746    31.64   -0.137369   -3.05032   0.338268   3.05341
4745    31.6333   -0.082884   -3.03441   0.315889   3.03554
4785    31.9   -0.039606   -3.02449   0.294876   3.02475
4644    30.96   -0.039606   -3.02449   0.294876   3.02475
4692    31.28   0.0299856   -3.01561   0.255273   3.01576
4625    30.8333   0.0798977   -3.00821   0.224869   3.00927
4614    30.76   0.112912   -3.00501   0.202391   3.00713
4466    29.7733   0.14648   -3.00165   0.182475   3.00522
4418    29.4533   0.185757   -3.00051   2.70297   3.00626
4516    30.1067   0.224485   -3.00265   0.139765   3.01103
4484    29.8933   0.25854   -3.00401   0.123023   3.01512
4599    30.66   0.300247   -3.00603   0.109835   3.02099
4620    30.8   0.320167   -3.00729   0.107722   3.02428
4760    31.7333   0.372466   -3.00888   0.109869   3.03185
4724    31.4933   0.394624   -3.00904   0.113777   3.03481
4821    32.14   0.415396   -3.00783   0.118503   3.03638
4942    32.9467   0.415396   -3.00783   0.118503   3.03638
4998    33.32   0.453378   -3.00696   0.129525   3.04094
4997    33.3133   0.481926   -3.00228   0.13812   3.04071
5046    33.64   0.491135   -2.99788   0.142191   3.03785
5191    34.6067   0.501559   -2.99349   0.143439   3.03522
5296    35.3067   0.501935   -2.98873   0.144343   3.03059
5410    36.0667   0.501935   -2.98873   0.144343   3.03059
5437    36.2467   0.493031   -2.98394   0.141533   3.0244
5588    37.2533   5257.24   -1487.52   2.58714   5463.63
5720    38.1333   -6308.19   3818.57   -2.94685   7373.93
5851    39.0067   -6308.19   3818.57   -2.94685   7373.93
5904    39.36   -4993.42   -27341.9   -2.83618   27794.1
6030    40.2   -7642.27   -1104.08   -3.09253   7721.62
6174    41.16   -7642.27   -1104.08   -3.09253   7721.62
6279    41.86   -13581.4   -30666.2   -2.22361   33539.1
6249    41.66   -15610.2   -19886.9   -2.96608   25281.7
6272    41.8133   -8143.99   -6549.25   -2.52954   10450.7
6305    42.0333   473.552   702.459   3.13136   847.172
6347    42.3133   2467.73   3375.36   3.0655   4181.24
6353    42.3533   2467.73   3375.36   3.0655   4181.24
6462    43.08   -24022.3   15901.6   -2.2968   28808.5
6506    43.3733   24368.7   -16701.4   3.03037   29542.6
6596    43.9733   -20793.5   -4042.54   -2.80321   21182.8
6460    43.0667   2391.46   -929.902   -3.08801   2565.89
6366    42.44   -28921.6   1312.33   2.84396   28951.3
6195    41.3   8002.9   -7396.18   -2.87947   10897.2
5872    39.1467   13569.7   33548.6   -2.3768   36189.1
5463    36.42   18380.1   1990.14   -2.7314   18487.5
5349    35.66   27842.9   18039.2   2.63925   33175.8
5103    34.02   -6070.19   -37909   -2.91514   38391.9
4594    30.6267   -1523.83   -3965.61   -2.90605   4248.31
4418    29.4533   -7230.83   -244.23   2.91889   7234.95
3947    26.3133   50714.2   48290.2   -3.13288   70027.7
3290    21.9333   50714.2   48290.2   -3.13288   70027.7
3049    20.3267   -29056.3   -95819.4   -1.66886   100128
3000    20   -29056.3   -95819.4   -1.66886   100128
3070    20.4667   -1999.53   166.3   2.78117   2006.44
3115    20.7667   -116215   -94435.1   -2.45912   149746
3179    21.1933   49667.4   -29857.2   2.04644   57950.9
3187    21.2467   49667.4   -29857.2   2.04644   57950.9
3328    22.1867   -45729.9   -56003.6   -3.09308   72302.3
3405    22.7   -29754.1   -2485.79   3.065   29857.8
3501    23.34   67571.9   16163.7   -2.65109   69478.3
3648    24.32   54172.1   16462.4   -2.05752   56618.2
3799    25.3267   30500.5   48462.5   -3.14012   57261.6
3949    26.3267   -5220.5   72376.6   2.58335   72564.6
4089    27.26   -0.528378   -3.08327   0.0314122   3.12822
4202    28.0133   -0.528378   -3.08327   0.0314122   3.12822
4353    29.02   -0.485882   -3.08325   0.00791248   3.1213
4472    29.8133   -0.459444   -3.08626   3.00156   3.12027
4460    29.7333   -0.433172   -3.08932   -0.0253696   3.11954
4433    29.5533   -0.400709   -3.09169   -0.0445948   3.11755
4506    30.04   -0.372652   -3.09286   -0.0610477   3.11523
4617    30.78   -0.339432   -3.09595   -0.0814867   3.1145
4454    29.6933   -0.285086   -3.10546   -0.115324   3.11851
4338    28.92   -0.256227   -3.1135   -0.134753   3.12403
4094    27.2933   -0.256227   -3.1135   -0.134753   3.12403
4003    26.6867   -0.200066   -3.13269   -0.168306   3.13907
4071    27.14   -0.160495   -3.14292   -0.178959   3.14702
4077    27.18   -0.160495   -3.14292   -0.178959   3.14702
4221    28.14   -0.118518   -3.16047   -0.178022   3.1627
4364    29.0933   -0.0799164   -3.17428   -0.166089   3.17529
4503    30.02   -0.0799164   -3.17428   -0.166089   3.17529
4608    30.72   -0.0587589   -3.18475   -0.155424   3.18529
4726    31.5067   -0.0351236   -3.18599   -0.141565   3.18618
4873    32.4867   -0.0351236   -3.18599   -0.141565   3.18618
4922    32.8133   -0.0108345   -3.18525   -0.127886   3.18527
5030    33.5333   -0.00306684   -3.18312   -0.12519   3.18312
5182    34.5467   -0.00306684   -3.18312   -0.12519   3.18312
5322    35.48   -0.00527368   -3.17584   -0.126764   3.17585
5472    36.48   -0.00980055   -3.1721   -0.129577   3.17211
5620    37.4667   -0.0182447   -3.16893   -0.134562   3.16898
5770    38.4667   -0.0234171   -3.1671   -0.138568   3.16719
5920    39.4667   -0.0372545   -3.16428   -0.145814   3.1645
6051    40.34   -0.0620682   -3.16077   -0.158303   3.16138
6049    40.3267   -0.0812032   -3.15885   -0.170463   3.15989
6178    41.1867   -0.112757   -3.156   -0.188555   3.15802
6295    41.9667   -0.112757   -3.156   -0.188555   3.15802
6197    41.3133   -0.169586   -3.15161   -0.220616   3.15617
6118    40.7867   -0.216285   -3.1473   -0.246392   3.15472
6049    40.3267   -0.250553   -3.14342   -0.265704   3.15339
5793    38.62   -0.284894   -3.13886   2.85676   3.15177
5303    35.3533   -0.316086   -3.13445   -0.302399   3.15034
5003    33.3533   -0.316086   -3.13445   -0.302399   3.15034
4260    28.4   -0.399492   -3.10361   -0.344431   3.12922
4019    26.7933   -0.435094   -3.09004   -0.350209   3.12052
3666    24.44   -0.471078   -3.07771   -0.349642   3.11355
3741    24.94   -0.519453   -3.06332   2.94898   3.10705
3803    25.3533   -0.549561   -3.05434   -0.332798   3.10338
3933    26.22   -0.549561   -3.05434   -0.332798   3.10338
4010    26.7333   -0.616124   -3.03344   -0.304   3.09538
3974    26.4933   -0.616124   -3.03344   -0.304   3.09538
4009    26.7267   -0.669634   -3.01434   -0.275134   3.08783
4092    27.28   -0.689236   -3.00623   -0.266501   3.08422
4073    27.1533   -0.693331   -3.00253   -0.261104   3.08154
4115    27.4333   -0.703361   -2.99711   -0.25805   3.07854
4219    28.1267   -0.703361   -2.99711   -0.25805   3.07854
4373    29.1533   -0.692233   -2.99597   -0.259957   3.0749
4522    30.1467   -0.683158   -2.99804   -0.266021   3.07489
4672    31.1467   -0.657531   -3.00343   -0.273131   3.07456
4822    32.1467   -0.635458   -3.00608   -0.282215   3.07251
4958    33.0533   -0.610851   -3.01077   -0.290864   3.07211
5078    33.8533   -0.575964   -3.02067   -0.308824   3.07509
5173    34.4867   -0.549212   -3.02876   -0.320182   3.07816
5315    35.4333   -0.521853   -3.04213   -0.342613   3.08657
5361    35.74   -0.488187   -3.05679   -0.361723   3.09553
5334    35.56   -0.454938   -3.07314   -2.55462   3.10663
5473    36.4867   -0.405832   -3.10223   -0.420269   3.12866
5294    35.2933   -0.370753   -3.12492   -0.448039   3.14684
5161    34.4067   -0.33175   -3.1443   -0.474607   3.16175
5063    33.7533   -0.33175   -3.1443   -0.474607   3.16175
5011    33.4067   -0.283745   -3.16778   -0.506812   3.18046
4845    32.3   -0.22377   -3.21907   -0.556674   3.22684
4910    32.7333   -0.22377   -3.21907   -0.556674   3.22684
4951    33.0067   -0.16071   -3.2776   -0.590898   3.28154
4332    28.88   -0.141126   -3.30061   -0.596369   3.30363
4397    29.3133   -0.141126   -3.30061   -0.596369   3.30363
4513    30.0867   -0.101382   -3.34222   -0.590623   3.34376
4579    30.5267   -0.0753477   -3.37129   -0.578078   3.37213
4684    31.2267   -0.0627577   -3.38333   -0.571609   3.38391
4826    32.1733   -0.034459   -3.40805   -0.555978   3.40822
4897    32.6467   -0.0180022   -3.41731   -0.54852   3.41736
4986    33.24   -0.00671141   -3.42543   -0.540445   3.42543
5102    34.0133   0.00747641   -3.43243   -0.535418   3.43244
5255    35.0333   0.013361   -3.43086   -0.533096   3.43088
5336    35.5733   0.013361   -3.43086   -0.533096   3.43088
5429    36.1933   0.0111813   -3.43451   1.64042   3.43453
5548    36.9867   0.00636178   -3.41873   -0.538757   3.41873
5685    37.9   -0.00101833   -3.41157   -0.544855   3.41157
5829    38.86   -0.0107279   -3.40269   -0.551665   3.40271
5974    39.8267   -0.0578928   -3.37839   -0.57804   3.37889
6125    40.8333   -0.0578928   -3.37839   -0.57804   3.37889
6249    41.66   -0.0578928   -3.37839   -0.57804   3.37889
6399    42.66   -0.0880852   -3.3597   -0.597894   3.36086
6549    43.66   -0.140609   -3.3205   -0.631004   3.32348
6071    40.4733   -0.140609   -3.3205   -0.631004   3.32348
5569    37.1267   -0.200709   -3.28444   -0.670148   3.29057
5255    35.0333   -0.228108   -3.26534   -0.688604   3.27329
4501    30.0067   -0.265247   -3.24321   -0.713672   3.25404
4319    28.7933   -0.307063   -3.21508   -0.741663   3.22971
4305    28.7   -0.345519   -3.18662   -0.769312   3.2053
3649    24.3267   -0.375059   -3.15497   -0.793524   3.17719
3395    22.6333   -0.412816   -3.12473   -0.823457   3.15188
3431    22.8733   -0.448943   -3.09557   -0.849339   3.12796
2979    19.86   -0.492469   -3.061   -0.87863   3.10036
2953    19.6867   -0.52668   -3.03165   1.01458   3.07705
2864    19.0933   -0.569075   -2.99463   -0.932672   3.04822
2776    18.5067   -0.61591   -2.95351   -0.96968   3.01704
2574    17.16   -0.653102   -2.91611   -0.998292   2.98835
2298    15.32   -0.692062   -2.87775   -1.0301   2.9598
2132    14.2133   -0.724756   -2.84462   -1.06115   2.93549
2141    14.2733   -0.768022   -2.79711   -1.095   2.90064
1979    13.1933   -0.803609   -2.75874   -1.13025   2.8734
1738    11.5867   -0.835942   -2.71669   -1.1638   2.8424
1605    10.7   -0.835942   -2.71669   -1.1638   2.8424
1328    8.85333   -0.891379   -2.63892   -1.22169   2.7854
1150    7.66667   -0.917002   -2.60329   -1.25115   2.76007
1187    7.91333   -0.95374   -2.54894   -1.29131   2.72153
1252    8.34667   -0.983307   -2.50313   -1.32817   2.68934
1228    8.18667   -1.00938   -2.45788   -1.36083   2.65707
1281    8.54   -1.03966   -2.40023   -1.3996   2.61572
1237    8.24667   -1.05439   -2.36524   -1.42364   2.58961
1198    7.98667   -1.07836   -2.30587   -1.46647   2.54556
1245    8.3   -1.07836   -2.30587   -1.46647   2.54556
1276    8.50667   -1.10903   -2.23583   0.169088   2.49577
1253    8.35333   -1.11678   -2.20049   -1.5577   2.46766
1353    9.02   -1.11678   -2.20049   -1.5577   2.46766
1324    8.82667   -1.15849   -2.10079   -1.63207   2.39904
1349    8.99333   -1.16469   -2.07487   -1.65526   2.37941
1307    8.71333   -1.18272   -2.01706   -1.6946   2.33823
1288    8.58667   -1.1919   -1.98771   -1.72466   2.31768
1227    8.18   -1.19785   -1.96335   -1.74808   2.29991
1321    8.80667   -1.2093   -1.90494   -1.79081   2.25637
1264    8.42667   -1.21056   -1.86751   -1.82175   2.22554
1323    8.82   -1.21602   -1.80665   -1.86231   2.17777
1358    9.05333   -1.22026   -1.76149   -1.89283   2.14287
1312    8.74667   -1.21856   -1.73184   -1.91339   2.11758
1366    9.10667   -1.21751   -1.65544   -1.96226   2.05495
1359    9.06   -1.2174   -1.60377   -1.9965   2.0135
1341    8.94   -1.21416   -1.55567   -2.0309   1.97339
1393    9.28667   -1.20632   -1.49448   -2.05971   1.92059
1205    8.03333   -1.19672   -1.43884   -2.09307   1.87147
1164    7.76   -1.18254   -1.36524   -2.13959   1.80617
1226    8.17333   -1.1659   -1.31813   0.278493   1.75977
1089    7.26   -1.14745   -1.26786   0.94644   1.71
1034    6.89333   -1.14745   -1.26786   0.94644   1.71
1093    7.28667   -1.10658   -1.1621   -2.24551   1.60468
1016    6.77333   -1.0603   -1.1156   -2.25416   1.53909
1111    7.40667   -1.02814   -1.0812   -2.25386   1.492
1222    8.14667   -1.00565   -1.06191   -2.25045   1.46252
1338    8.92   -0.991043   -1.04622   -2.24357   1.44109
1455    9.7   -0.953718   -1.01556   -2.23186   1.39318
1523    10.1533   -0.927559   -0.987835   -2.21578   1.35506
1643    10.9533   -0.905762   -0.96574   -2.20578   1.32403
1764    11.76   -0.87621   -0.939216   -2.20035   1.28447
1869    12.46   -0.861312   -0.923635   -2.19323   1.26292
2006    13.3733   -0.849862   -0.910891   -2.19025   1.24579
2156    14.3733   -0.847003   -0.907372   -2.19076   1.24126
2299    15.3267   -0.841264   -0.905493   -2.19299   1.23598
2449    16.3267   -0.842205   -0.910074   -2.19667   1.23998
2599    17.3267   -0.84639   -0.918266   -2.20538   1.24884
2743    18.2867   -0.856482   -0.930358   -2.2096   1.26457
2883    19.22   -0.870258   -0.946871   1.87303   1.28605
3010    20.0667   -0.886843   -0.966222   -2.2346   1.31152
3144    20.96   -0.911117   -0.993284   -2.25846   1.34787
3131    20.8733   -0.911117   -0.993284   -2.25846   1.34787
3073    20.4867   -0.961823   -1.04452   -2.30477   1.41991
3027    20.18   -0.961823   -1.04452   -2.30477   1.41991
2994    19.96   -1.03056   -1.11269   -2.34847   1.51662
2797    18.6467   -1.06006   -1.14144   -2.37045   1.55776
2774    18.4933   -1.1045   -1.18056   -2.40508   1.61668
2701    18.0067   -1.11923   -1.21568   -2.4246   1.65244
2611    17.4067   -1.11923   -1.21568   -2.4246   1.65244
2466    16.44   -1.17059   -1.27994   -2.47284   1.73451
2332    15.5467   -1.20914   -1.30915   -2.49569   1.7821
2324    15.4933   -1.25602   -1.34266   -2.52667   1.83856
2419    16.1267   -1.28784   -1.36338   -2.54305   1.87546
2462    16.4133   -1.3266   -1.39182   -2.55467   1.92276
2530    16.8667   -1.3266   -1.39182   -2.55467   1.92276
2596    17.3067   -1.40981   -1.45592   -2.55435   2.02663
2732    18.2133   -1.4382   -1.4807   -2.54585   2.06419
2877    19.18   -1.45572   -1.49942   0.327044   2.08983
2998    19.9867   -1.47929   -1.5234   -2.53242   2.12345
3106    20.7067   -1.49667   -1.5401   -2.52678   2.14754
3239    21.5933   -1.49667   -1.5401   -2.52678   2.14754
3389    22.5933   -1.53179   -1.56157   -2.51217   2.18744
3515    23.4333   -1.54771   -1.57681   -2.51103   2.20947
3593    23.9533   -1.5558   -1.58667   -2.51164   2.22216
3691    24.6067   -1.53752   -1.56653   -2.51288   2.19499
3839    25.5933   -1.53752   -1.56653   -2.51288   2.19499
3972    26.48   -1.52536   -1.56272   -2.52924   2.18376
4116    27.44   -1.51593   -1.55379   -2.53617   2.17078
4191    27.94   -1.4964   -1.53729   -2.54509   2.14534
4270    28.4667   -1.46889   -1.51725   -2.56019   2.1118
4368    29.12   -1.44201   -1.49876   -2.57337   2.07982
4464    29.76   -1.39277   -1.44377   0.543647   2.00606
4461    29.74   -1.39277   -1.44377   0.543647   2.00606
4490    29.9333   -1.33698   -1.38918   -2.63366   1.92804
4173    27.82   -1.2985   -1.36442   -2.66014   1.88355
3779    25.1933   -1.2985   -1.36442   -2.66014   1.88355
3695    24.6333   -1.20555   -1.29146   0.64049   1.7667
3256    21.7067   -1.16908   -1.262   -2.73367   1.72029
3130    20.8667   -1.12213   -1.23   -2.76219   1.66495
3012    20.08   -1.12213   -1.23   -2.76219   1.66495
2766    18.44   -1.07372   -1.20926   -2.79135   1.61715
2642    17.6133   -0.988588   -1.16383   -2.83684   1.52702
2287    15.2467   -0.940579   -1.14087   -2.86299   1.47861
1970    13.1333   -0.940579   -1.14087   -2.86299   1.47861
1662    11.08   -0.834938   -1.09173   -2.92433   1.37441
1704    11.36   -0.786395   -1.07091   -2.9548   1.32863
1434    9.56   -0.749643   -1.05497   -2.97855   1.29419
1424    9.49333   -0.696177   -1.035   -3.0096   1.24736
1281    8.54   -0.657694   -1.024   -3.03099   1.21702
1172    7.81333   -0.618332   -1.01341   -3.0514   1.18715
1178    7.85333   -0.618332   -1.01341   -3.0514   1.18715
1163    7.75333   -0.537813   -1.00266   -3.07183   1.13779
1244    8.29333   -0.504494   -1.00234   -3.07021   1.12214
1299    8.66   -0.467889   -1.00274   -3.06234   1.10653
1387    9.24667   -0.440442   -1.0035   -3.05321   1.0959
1411    9.40667   -0.440442   -1.0035   -3.05321   1.0959
1500    10   -0.379809   -1.00249   0.94628   1.07203
1561    10.4067   -0.352702   -1.0015   -3.0123   1.06179
1687    11.2467   -0.347146   -0.998503   -3.00256   1.05713
1797    11.98   -0.345485   -1.00158   -2.9969   1.05949
1887    12.58   -0.339834   -1.00292   -2.99435   1.05893
2028    13.52   -0.339834   -1.00292   -2.99435   1.05893
2178    14.52   -0.351276   -1.00616   -2.99768   1.06571
2327    15.5133   -0.355976   -1.00594   -3.00345   1.06706
2464    16.4267   -0.363699   -1.00514   -3.0106   1.06891
2594    17.2933   -0.363699   -1.00514   -3.0106   1.06891
2698    17.9867   -0.410623   -1.0072   -3.03844   1.08769
2799    18.66   -0.420059   -1.00942   -3.0461   1.09333
2761    18.4067   -0.455701   -1.00704   -3.06982   1.10535
2665    17.7667   -0.476328   -1.00468   -3.08554   1.11188
2577    17.18   -0.506356   -1.00263   -3.10418   1.12324
2554    17.0267   -0.54449   -0.997155   -3.12899   1.13613
2590    17.2667   -0.571055   -0.992953   3.13462   1.14545
2628    17.52   -0.571055   -0.992953   3.13462   1.14545
2564    17.0933   -0.642711   -0.98104   0.756631   1.17282
2479    16.5267   -0.67305   -0.976731   3.05865   1.18617
2469    16.46   -0.730691   -0.973565   3.01725   1.21727
2272    15.1467   -0.784514   -0.965743   2.97672   1.24424
2052    13.68   -0.784514   -0.965743   2.97672   1.24424
2007    13.38   -0.828511   -0.949308   2.93945   1.26001
1704    11.36   -0.893711   -0.927051   2.89742   1.28769
1676    11.1733   -0.936491   -0.907431   2.86635   1.30401
1786    11.9067   -0.968058   -0.894243   -0.297261   1.31788
1697    11.3133   -1.00527   -0.875725   2.81524   1.33322
1748    11.6533   -1.05611   -0.847944   2.77363   1.35439
1813    12.0867   -1.08703   -0.829806   2.74756   1.36756
1779    11.86   -1.08703   -0.829806   2.74756   1.36756
1817    12.1133   -1.15732   -0.779149   2.68344   1.39515
1753    11.6867   -1.18564   -0.759946   2.66333   1.40828
1771    11.8067   -1.22538   -0.731922   2.63598   1.42733
1780    11.8667   -1.24787   -0.712519   2.62178   1.43697
1840    12.2667   -1.28626   -0.679378   2.6057   1.45466
1928    12.8533   -1.32303   -0.658468   2.59929   1.47783
2064    13.76   -1.35052   -0.641154   -1.57369   1.49498
2184    14.56   -1.37035   -0.629098   2.59697   1.50785
2309    15.3933   -1.37035   -0.629098   2.59697   1.50785
2432    16.2133   8397.9   -291.6   0.888176   8402.96
2554    17.0267   -1.42001   -0.605451   2.60781   1.5437
2648    17.6533   -1.42836   -0.604195   2.6106   1.55089
2777    18.5133   -1.43153   -0.60371   2.61145   1.55363
2888    19.2533   -1.43228   -0.605243   2.61119   1.55491
3035    20.2333   -1.4296   -0.608413   2.61038   1.55368
3164    21.0933   -1.4174   -0.616314   2.60565   1.5456
3314    22.0933   -1.41379   -0.617897   2.60321   1.54292
3464    23.0933   -1.40313   -0.623325   2.59869   1.53535
3614    24.0933   -1.38396   -0.632043   2.59016   1.52146
3720    24.8   -1.36452   -0.638057   2.57998   1.50633
3746    24.9733   -1.34085   -0.650042   2.56711   1.49011
3878    25.8533   -1.30599   -0.666543   2.54812   1.46625
3773    25.1533   -1.26846   -0.680697   2.52818   1.43957
3624    24.16   -1.25413   -0.689866   2.51988   1.43134
3677    24.5133   -1.21731   -0.707302   2.49854   1.40788
3484    23.2267   -1.21731   -0.707302   2.49854   1.40788
3435    22.9   -1.15043   -0.739902   2.45782   1.36783
3387    22.58   -10364.8   7043.94   -0.71089   12531.8
3261    21.74   -10364.8   7043.94   -0.71089   12531.8
3006    20.04   -1.03194   -0.798819   2.38389   1.305
3059    20.3933   -0.969733   -0.842498   2.34363   1.28459
3058    20.3867   -0.947062   -0.861411   2.32757   1.28022
2963    19.7533   -0.91195   -0.898652   2.30298   1.28032
2845    18.9667   -0.881331   -0.922584   2.2828   1.27589
2815    18.7667   -0.843089   -0.953889   2.25954   1.27307
2671    17.8067   -0.809183   -0.985369   2.23468   1.27504
2593    17.2867   -0.766693   -1.02307   2.20364   1.27847
2320    15.4667   -0.720915   -1.0652   2.17306   1.28622
2328    15.52   -0.716596   -1.0705   2.16752   1.28821
2184    14.56   -0.716596   -1.0705   2.16752   1.28821
2131    14.2067   -0.614506   -1.17959   2.10465   1.33006
2235    14.9   -0.576753   -1.22513   2.08342   1.3541
2215    14.7667   -0.576753   -1.22513   2.08342   1.3541
2251    15.0067   -0.516734   -1.29644   2.05891   1.39562
2265    15.1   -0.499603   -1.31794   -2.22833   1.40946
2304    15.36   -0.47185   -1.36061   2.04597   1.4401
2373    15.82   19788.4   -44248.6   -1.10479   48471.9
2463    16.42   -0.419836   -1.43968   2.0328   1.49965
2598    17.32   -0.396848   -1.47748   2.02862   1.52984
2682    17.88   -0.396848   -1.47748   2.02862   1.52984
2726    18.1733   -0.344431   -1.57536   2.01796   1.61258
2751    18.34   -0.314084   -1.63776   2.01289   1.6676
2850    19   -0.297089   -1.66685   2.00948   1.69312
2904    19.36   -0.285505   -1.69132   2.00698   1.71525
2840    18.9333   -0.261437   -1.74234   2.00247   1.76185
2958    19.72   -0.245633   -1.77674   1.99923   1.79364
3051    20.34   -0.226482   -1.82054   1.99487   1.83458
3073    20.4867   -0.196598   -1.87741   1.98892   1.88767
3169    21.1267   -0.177522   -1.91194   1.98509   1.92017
3280    21.8667   -0.164979   -1.93535   1.98278   1.94237
3363    22.42   -0.133703   -1.99804   1.97762   2.00251
3179    21.1933   -0.116431   -2.03452   1.97415   2.03784
3167    21.1133   -0.0938575   -2.06987   1.96915   2.072
3233    21.5533   -0.084539   -2.09504   0.31522   2.09674
3353    22.3533   -0.084539   -2.09504   0.31522   2.09674
3494    23.2933   -0.0552811   -2.16438   1.96188   2.16509
3612    24.08   -0.0488873   -2.18023   1.96126   2.18078
3738    24.92   -0.0488873   -2.18023   1.96126   2.18078
3888    25.92   -0.0207971   -2.23267   1.9561   2.23277
3963    26.42   -0.0151427   -2.25052   1.95558   2.25058
4108    27.3867   -0.0114449   -2.26218   1.95517   2.26221
4250    28.3333   -0.0102182   -2.26499   1.95517   2.26501
4367    29.1133   -0.0109002   -2.26492   1.95532   2.26494
4517    30.1133   -0.0126874   -2.26277   1.95544   2.26281
4667    31.1133   -0.0137741   -2.26008   1.95545   2.26012
4817    32.1133   -0.0180762   -2.25409   1.95617   2.25416
4967    33.1133   -0.0222764   -2.24574   1.95695   2.24586
5117    34.1133   -0.0257344   -2.23748   1.95737   2.23763
5267    35.1133   -0.0319392   -2.23041   1.95843   2.23064
5417    36.1133   -0.0348086   -2.2254   1.95893   2.22567
5567    37.1133   -0.0367807   -2.22071   1.95926   2.22102
5717    38.1133   -0.0396688   -2.21596   1.95968   2.21632
5867    39.1133   -0.0418422   -2.21209   0.186983   2.21249
6017    40.1133   -0.0418422   -2.21209   0.186983   2.21249
6153    41.02   -0.0503823   -2.20474   1.96149   2.20532
6303    42.02   -0.0489648   -2.20251   1.9615   2.20306
6453    43.02   -0.051925   -2.20062   1.962   2.20123
6603    44.02   -0.0532472   -2.19847   1.96219   2.19911
6753    45.02   -0.0557439   -2.19658   1.96262   2.19729
6903    46.02   -0.0576146   -2.19533   1.96295   2.19608
7053    47.02   -0.0561056   -2.19426   1.96295   2.19498
7179    47.86   -0.0613765   -2.1923   1.96342   2.19316
7329    48.86   -0.0600778   -2.19193   1.96349   2.19275
7479    49.86   -0.062145   -2.19046   1.96386   2.19134
7629    50.86   -0.0620194   -2.18949   1.96398   2.19036
7779    51.86   -0.0620194   -2.18949   1.96398   2.19036
7929    52.86   -0.0681976   -2.18789   1.96459   2.18895
8079    53.86   -0.0659724   -2.18819   -1.17694   2.18918
8229    54.86   -0.0661381   -2.18729   1.9648   2.18829
8379    55.86   -0.0675358   -2.18623   1.96506   2.18727
8529    56.86   -0.0706612   -2.18505   1.96547   2.18619
8679    57.86   -0.0692081   -2.18519   -2.35433   2.18628
8794    58.6267   -0.0720712   -2.18369   1.96588   2.18488
8944    59.6267   -0.0723154   -2.18352   1.96609   2.18472
9094    60.6267   297.934   -175.924   -0.0981068   345.997
9244    61.6267   -449.912   -205.764   -1.92083   494.732
9394    62.6267   -158.06   160.679   -0.511156   225.39
9544    63.6267   2384.65   2912.2   1.96721   3763.97
9694    64.6267   1408.13   1081.15   -0.40504   1775.3
9844    65.6267   858.029   830.074   -1.18812   1193.83
9986    66.5733   -285.32   2865.64   -1.55274   2879.81
10136    67.5733   2215.08   2018.55   -0.740482   2996.86
10286    68.5733   1021.47   1259.11   1.11529e-06   1621.35
10436    69.5733   -1191.84   -1332.78   -0.61839   1787.96
10586    70.5733   -1191.84   -1332.78   -0.61839   1787.96
10736    71.5733   -1234.66   -2.17608   -0.787177   1234.66
10886    72.5733   -1234.66   -2.17608   -0.787177   1234.66
11036    73.5733   -1241.54   -2158.45   -1.64619   2490.04
11186    74.5733   -2200.97   -172.965   -0.0733483   2207.76
11336    75.5733   -2543.9   -329.555   -0.418625   2565.16
11486    76.5733   -0.096037   1641.62   -2.72006   1641.62
11636    77.5733   2346.24   1144.72   -0.38883   2610.6
11786    78.5733   16284.9   11951.1   0.129035   20199.6
11936    79.5733   16284.9   11951.1   0.129035   20199.6
12086    80.5733   -1615.43   -1573.6   -0.566567   2255.18
12236    81.5733   -1615.43   -1573.6   -0.566567   2255.18
12386    82.5733   2504.87   2533.14   1.97282   3562.47
12536    83.5733   1751.95   1334.67   -0.460324   2202.42
12686    84.5733   1166.18   205.76   -0.650954   1184.19
12836    85.5733   1166.18   205.76   -0.650954   1184.19
12986    86.5733   -1104.8   4571.78   0.195456   4703.38
13136    87.5733   -1492.82   -3231.36   4.25059e-07   3559.53
13286    88.5733   8323.34   9287.86   -0.304785   12471.7
13436    89.5733   8323.34   9287.86   -0.304785   12471.7
13586    90.5733   -3.66674e+07   -948229   1.97517   3.66797e+07
13736    91.5733   712.222   -2.16466   -0.521815   712.225
13886    92.5733   5462.29   5368.59   -0.734327   7658.87
14036    93.5733   5462.29   5368.59   -0.734327   7658.87
14186    94.5733   5462.29   5368.59   -0.734327   7658.87
14336    95.5733   -1616.15   -2709.9   -0.907467   3155.23
14486    96.5733   -0.118671   -8594.61   -1.07333   8594.61
14636    97.5733   -3341.23   -2698.91   -0.354429   4295.1
14786    98.5733   -3341.23   -2698.91   -0.354429   4295.1
14936    99.5733   -17220.8   65124.4   -0.567182   67362.8
15086    100.573   -342.965   -138.32   -2.00907   369.808
15236    101.573   -134.536   88.3281   -0.625957   160.94
15386    102.573   1424.99   2020.13   1.97786   2472.15
15536    103.573   944.012   838.477   -0.447908   1262.62
15686    104.573   944.012   838.477   -0.447908   1262.62
15836    105.573   -225.044   1911.29   -0.679747   1924.5
15845    105.633   1623.52   1558.38   -0.799962   2250.41
15995    106.633   1623.52   1558.38   -0.799962   2250.41
16145    107.633   778.016   884.407   -2.22584   1177.92
16295    108.633   -1.28897e+06   -1.54268e+07   -1.5708   1.54805e+07
16445    109.633   -1.28897e+06   -1.54268e+07   -1.5708   1.54805e+07
16595    110.633   -830.506   63.1572   -0.836347   832.904
16745    111.633   -907.534   -1550.94   -1.58461   1796.95
16895    112.633   -907.534   -1550.94   -1.58461   1796.95
17045    113.633   -1609.3   -131.363   -0.052637   1614.65
17195    114.633   -0.138032   1434.24   -2.70173   1434.24
17345    115.633   1657.27   807.398   -0.360235   1843.48
17495    116.633   -69.7064   2604.99   -2.53954   2605.93
17645    117.633   -69.7064   2604.99   -2.53954   2605.93
17795    118.633   -69.7064   2604.99   -2.53954   2605.93
17844    118.96   -1207   -1352.63   -1.0452   1812.86
17994    119.96   -1207   -1352.63   -1.0452   1812.86
18144    120.96   -1207   -1352.63   -1.0452   1812.86
18294    121.96   -1205.78   -961.239   -0.544534   1542.04
18444    122.96   -1205.78   -961.239   -0.544534   1542.04
18594    123.96   1537.05   1755.43   1.98307   2333.25
18744    124.96   -0.148725   -2.15903   0.00156888   2.16415
18894    125.96   -0.148725   -2.15903   0.00156888   2.16415
19044    126.96   -0.148725   -2.15903   0.00156888   2.16415
19194    127.96   -0.148725   -2.15903   0.00156888   2.16415
19344    128.96   -0.172195   -2.16297   1.98333   2.16981
19494    129.96   -0.172195   -2.16297   1.98333   2.16981
19644    130.96   -0.172195   -2.16297   1.98333   2.16981
19794    131.96   -0.172195   -2.16297   1.98333   2.16981
19944    132.96   -0.172195   -2.16297   1.98333   2.16981
20094    133.96   -0.230454   -2.13509   1.98613   2.14749
20244    134.96   -0.230454   -2.13509   1.98613   2.14749
20394    135.96   -0.230454   -2.13509   1.98613   2.14749
