18.3686    0.920884
20.9267    0.999046
20.1481    0.91805
20.3644    0.887465
-548.868    -23.2047
22.911    0.935143
23.9132    0.937773
24.9125    0.940096
25.9125    0.942274
26.5516    0.943552
27.3763    0.945313
28.355    0.946429
29.3543    0.948137
31.8918    0.997866
31.0426    0.947962
31.243    0.951756
27.0135    0.804453
20.1931    0.587806
21.1798    0.599314
34.0551    0.950374
34.3971    0.950721
34.8323    0.950318
35.3563    0.952487
35.2003    0.948283
35.2952    0.950842
36.2619    0.952423
35.9623    0.944553
36.5429    0.951804
37.2123    0.952371
38.2368    0.97859
36.8897    0.944115
36.5277    0.926003
37.3877    0.927582
39.0896    0.954026
40.0896    0.955122
40.7335    0.956037
41.7341    0.957058
42.7324    0.957983
43.6811    0.9589
44.7097    0.960397
45.6866    0.960744
45.7003    0.941238
47.6852    0.962301
48.6872    0.963087
49.5638    0.963776
50.5687    0.964561
51.4716    0.965334
52.3225    0.963228
53.4902    0.966923
54.4902    0.967511
55.3759    0.968336
55.2334    0.952081
57.2531    0.970063
57.4021    0.959474
58.9305    0.971595
59.3039    0.961788
60.9726    0.973071
60.7357    0.960906
61.749    0.961523
63.6195    0.97546
64.235    0.97582
64.6574    0.97552
65.6132    0.97513
66.2799    0.975374
66.2464    0.968514
67.7228    0.975739
69.5435    0.995659
70.5435    0.99572
69.0475    0.968952
69.4126    0.974075
69.8317    0.976759
69.6175    0.973761
68.7674    0.961871
68.5399    0.958689
67.6732    0.946566
68.5897    0.959386
68.1096    0.952671
67.9842    0.950916
68.0688    0.952101
68.7288    0.961332
67.8555    0.949117
67.2268    0.94296
66.9068    0.946526
66.531    0.94121
66.0523    0.934438
65.9004    0.932288
66.1965    0.936478
65.7778    0.930555
65.6701    0.929031
66.9456    0.947076
65.6299    0.940077
66.6366    0.95177
69.0893    0.972906
69.261    0.972858
70.2744    0.973239
71.2405    0.973142
72.2158    0.973346
72.3934    0.973291
72.4982    0.971739
73.5141    0.973267
74.2136    0.969775
75.4618    0.973534
76.0226    0.97108
77.1823    0.973623
78.1742    0.973688
79.1581    0.973815
80.0981    0.974114
80.0525    0.961784
81.9019    0.979923
82.3753    0.97378
83.1102    0.973415
84.1176    0.973734
84.7243    0.973917
85.3231    0.969507
86.0404    0.969142
87.3789    0.973762
87.0197    0.966027
88.4425    0.973679
89.2159    0.973902
89.6091    0.973236
89.6799    0.973512
90.5897    0.973664
91.2593    0.973744
92.0926    0.973975
92.3324    0.97356
92.1296    0.964506
93.0135    0.97342
-39332.5    -408.805
-7171.79    -73.9258
-7170.78    -73.1513
-103625    -1046.71
-1490.16    -14.9765
-3720.12    -37.1813
-21531.3    -213.859
-3366.88    -33.4414
-76593.3    -757.051
-76592.4    -749.925
42.4711    0.412367
-1282.93    -12.4564
-2377.49    -22.8722
-95944.3    -914.975
-2312.21    -21.9236
-2312.77    -21.9289
-97.5761    -0.922037
-96.6561    -0.905472
-6989.58    -64.9066
-588210    -5412.65
-8012.39    -73.0525
-3195.38    -28.9052
-1225.67    -11.0176
-23931.3    -213.177
-23930.3    -211.286
-194331    -1700.78
-47303.2    -412.073
-47302.2    -408.529
-6212.89    -53.3967
-1.02949e+06    -8788.57
-5.74271e+06    -49024.3
-18915.5    -160.21
-5663.89    -47.6277
-41265.7    -344.186
-30454.2    -252.007
-30453.7    -250.854
-48830.8    -402.231
-7912.48    -64.7608
-1320.01    -10.7155
-24663.5    -198.707
-22247.9    -178.354
-95296.9    -762.945
-1.09493e+06    -8766
-521762    -4177.21
-521761    -4152.61
-14629.6    -115.533
-8.78075e+06    -68796.7
-2.29116e+06    -17815.3
-2.24856e+06    -17402.8
-731166    -5615.14
-26402.5    -202.763
-62312.9    -476.18
-8.67671e+06    -65802.5
-1.17531e+06    -8850.22
-1.17531e+06    -8794.15
-455.296    -3.40672
-12079    -90.3801
-745.8    -5.57649
-39166.5    -290.696
-39165.5    -288.547
-1.24956e+06    -9142.71
-47269.7    -345.859
-7736.82    -56.3524
-878810    -6400.96
-1.19187e+06    -8681.23
-1.19188e+06    -8681.23
-1.60127e+07    -116632
-34919.7    -253.63
-10659.4    -76.8854
-8.67627e+06    -62581.3
-710.737    -5.11028
-417.414    -2.97982
-416.634    -2.95779
-10929.1    -77.0377
-20805.6    -145.65
-174820    -1223.83
-203644    -1420.84
-81542    -564.982
-14343.7    -98.8219
-732.114    -5.04396
-8.78825e+06    -60547.4
-1.1768e+06    -8107.63
-1.16565e+07    -80308.1
-4.26643e+06    -29393.9
-17517.8    -120.69
-326923    -2252.37
-5.27521e+06    -36277.3
-5.27521e+06    -36029.6
-37196.7    -252.363
-1.26503e+06    -8582.71
-304.232    -2.051
-12020.3    -81.0355
-728.394    -4.88899
-32902.6    -220.842
-1.07715e+06    -7210.8
-237.48    -1.58977
-3724.15    -24.9307
-153203    -1018.82
-2435.64    -16.1973
-2434.7    -16.1573
-1.04834e+07    -69109
-2.1686e+06    -14204.2
-5.31238e+06    -34795.7
-34152.1    -223.694
-10953.8    -71.7467
-8.63364e+06    -56547.3
-15020.4    -97.7295
-20814.2    -134.551
-3582.83    -23.0121
-417.282    -2.68016
-196.769    -1.26134
-2275.99    -14.4967
-43114.3    -272.875
-51.2896    -0.322576
-7527.09    -47.0443
-11994.5    -74.7256
-1207.08    -7.52014
-1206.15    -7.50871
-402229    -2496.56
-4685.2    -29.0802
-78140.7    -482.787
-26174.4    -161.404
-76390.7    -471.063
-76390.6    -471.062
155.802    0.96075
156.788    0.966835
157.761    0.970397
157.906    0.971291
-1169.69    -7.18691
-266.819    -1.63465
-6309.13    -38.6399
-29632.2    -180.435
-31908.7    -194.297
-525.117    -3.19453
-4673.13    -28.4288
-9411.61    -57.2552
-33703    -205.031
-2.73186e+06    -16582.2
-264701    -1597.02
-9123.78    -55.0178
-229269    -1374.19
-23795    -141.817
-681.767    -4.06152
-6132.86    -36.5356
-13704.3    -81.3217
-998.437    -5.88979
-1391.7    -8.1615
-1629    -9.49745
-691.591    -4.02275
-10999.7    -63.6263
-64336.1    -370.699
-38454.5    -220.294
-38453.5    -219.033
-10041.5    -57.1968
-9915.95    -56.3086
-88134    -497.763
-6.28441e+06    -35297.7
-867145    -4870.5
-867144    -4870.5
-16250.4    -90.8924
-36631.5    -203.977
-118162    -654.3
-118161    -650.835
-6035.94    -33.1852
-12997.7    -71.0698
-1106.72    -6.02022
-2454.24    -13.2776
69.4155    0.373523
-26716.9    -142.994
-120691    -642.522
-1218.5    -6.45256
-4008.32    -21.1142
-25140.9    -131.738
-5850.51    -30.6566
-152592    -799.581
-9.92742e+06    -52019.6
-504774    -2632.78
-23907.5    -124.049
-792944    -4101.43
-41199.7    -212.187
-41200.8    -212.193
-236661    -1218.86
-15650.3    -80.6024
-30162.6    -155.344
-1477.16    -7.60771
-24112.6    -124.185
-24112    -124.182
-30892.6    -158.858
-701078    -3597.12
-663.13    -3.38666
-6056.49    -30.7738
-125000    -635.141
-18500.5    -94.0037
-285819    -1452.28
-3.46103e+07    -175859
-3.46103e+07    -175859
-94931.9    -482.361
-2.8802e+06    -14634.7
-29916.6    -152.01
-1.02273e+06    -5196.64
-27882.5    -141.674
-18891.3    -95.9955
-47472.7    -241.231
-2333.18    -11.856
-1983.6    -10.0796
-55339.6    -284.844
-64018.6    -330.413
-1.43493e+06    -7417.43
-1234.42    -6.38097
-15360.8    -80.0072
-206739    -1102.1
-214484    -1143.39
-264915    -1412.23
-4.07153e+07    -217048
-17742.4    -94.8251
-23586.8    -126.966
-3.46947e+06    -19204.4
-5026.12    -28.0038
-24990.5    -140.202
-182113    -1016.52
-7174.06    -39.8205
-1251.68    -6.9184
-1250.66    -6.8743
-23492.9    -128.503
-38891.9    -212.045
-38891.9    -212.045
-175640    -957.619
-334616    -1824.38
-35220.7    -192.029
-39769.6    -216.83
-603983    -3293.02
-874218    -4766.38
-5.12292e+07    -279310
-15727.7    -85.7499
-59529.1    -324.563
-3.98745e+06    -21741
-794950    -4365.46
-6146.53    -33.7536
-16384.1    -89.973
-5824.58    -31.9856
46.1229    0.253283
-995.55    -5.46705
-49.0514    -0.273379
-620.283    -3.45703
-1053.22    -5.89223
33.6863    0.18886
34.5463    0.193682
-4188.51    -23.5884
-12323.1    -69.4001
-12322.1    -71.1165
-385069    -2222.41
-144908    -836.331
-38573.7    -222.626
-8212.18    -47.3962
-8119.48    -46.8611
-8119.32    -46.8602
-705849    -4073.77
-90637.2    -525.819
-2073    -12.0369
-684.824    -3.96585
-10880.3    -62.9793
-21483.3    -124.353
-2798.31    -16.1977
-5520.84    -31.9567
-5525.52    -31.9838
-463.419    -2.68244
-642.405    -3.71848
-29950    -173.362
-4428.73    -25.6352
-64715.7    -374.599
-49226.7    -284.943
113.167    0.665639
82.5675    0.485653
-828.329    -4.91512
-4006.33    -23.7821
-2750.64    -16.3281
-11312.6    -67.153
-632.923    -3.75043
-109.032    -0.643055
-108.612    -0.638995
-482.883    -2.82973
-2460.09    -14.3317
-2459.34    -14.2653
-22931.5    -133.013
-1152.78    -6.68663
-6564.62    -38.0779
-232279    -1347.33
-8549.03    -49.5884
-18030.7    -104.587
-44536.2    -258.331
-571.502    -3.31498
-1459.21    -8.46411
-560.898    -3.25347
-23167.6    -134.899
-23169.9    -134.913
-236739    -1378.47
-20619.5    -120.062
-30823.7    -179.479
-21235.2    -123.647
-2.13702e+06    -12443.3
-183494    -1068.44
-395239    -2301.38
-189972    -1106.16
-12020.1    -69.9899
-6012.48    -35.4886
-354479    -2108.57
-16428.5    -98.5513
-19785.9    -118.692
-57919.2    -347.487
-1018.22    -6.10882
-3505.68    -21.3953
-170491    -1040.51
-26391.6    -161.068
-26390.6    -163.133
-32115.3    -197.99
-6142.08    -37.7169
-53946.2    -329.691
-22420.3    -136.216
-64576.4    -392.339
-694709    -4220.76
-26294.8    -159.163
-2191.62    -13.2089
-43636.9    -261.413
-3752.87    -22.4822
-447056    -2678.16
-24389.3    -146.108
-5971.98    -35.7761
-63786.1    -382.121
-1518.56    -9.09714
-553.963    -3.3186
-288570    -1728.73
-70427.5    -421.907
-903699    -5413.75
-52884.2    -325.455
-10871.7    -66.9058
-10874    -66.9194
-29025.7    -180.815
-75859.7    -479.962
-1.12129e+06    -7094.35
-192453    -1217.65
50.7832    0.326259
-273.175    -1.76295
-807.635    -5.30199
-807.261    -5.37696
125.711    0.870493
-9334.51    -64.7031
-4899.37    -33.9605
-287.666    -1.99399
-59.7925    -0.414458
-1727.93    -12.3943
-1405.2    -10.0794
-66905.8    -479.91
-6747.65    -48.4003
-808.388    -5.7985
-4545.31    -32.9992
-8136.68    -59.0728
114.58    0.831855
-21603    -156.839
-39157.4    -284.285
-8406.12    -61.0289
-3222.06    -23.8329
-2256.98    -16.6945
-12723.2    -95.8797
112.456    0.870136
111.346    0.861543
111.384    0.861835
112.377    0.879134
112.272    0.878311
108.812    0.851243
109.592    0.857347
108.252    0.870615
105.371    0.847442
106.075    0.853107
105.725    0.85029
-2330.71    -18.7476
-7530.99    -60.5775
-13696.7    -110.173
-30583.8    -246.141
-94825.3    -779.557
-2.69862e+06    -22185.3
86.2228    0.716573
83.7147    0.708246
84.4328    0.714321
84.5528    0.721522
84.4428    0.739342
84.1271    0.753152
84.3482    0.797342
78.4873    0.747118
75.4043    0.760584
76.38    0.772712
77.2353    0.784062
78.159    0.806594
76.8102    0.792675
75.3255    0.777353
75.1254    0.775555
74.5754    0.770142
75.5019    0.77971
76.2662    0.837906
75.9375    0.836439
76.0781    0.837988
74.4164    0.819684
74.8973    0.824981
71.4581    0.798712
67.5032    0.757499
64.2606    0.721111
61.5507    0.690702
61.364    0.688607
58.0147    0.651021
57.3613    0.644799
57.9877    0.65184
57.3149    0.652195
57.4562    0.653803
55.154    0.652968
55.7473    0.692169
55.8423    0.722161
56.6158    0.758789
57.2841    0.769672
57.2712    0.804521
58.2101    0.812309
57.6612    0.80465
55.6946    0.777206
55.1165    0.76914
53.3797    0.744902
53.8258    0.751128
54.6303    0.762354
54.9849    0.767302
54.1396    0.755506
53.4788    0.746285
52.5941    0.73394
53.0941    0.746193
52.3458    0.756588
51.3904    0.747678
52.182    0.759194
52.4343    0.762866
53.1489    0.773262
53.0976    0.772516
53.3646    0.785775
53.0888    0.786578
53.2566    0.789065
49.7445    0.737029
48.6075    0.720182
49.592    0.734769
49.8338    0.738352
50.3898    0.74659
50.919    0.754431
50.6116    0.749875
50.8498    0.753405
51.3955    0.762093
52.2876    0.77532
49.6218    0.742693
49.7783    0.745036
50.3829    0.754084
50.9776    0.762986
51.5405    0.77141
51.0875    0.764631
50.9542    0.762635
51.1944    0.76623
47.9252    0.7173
48.1968    0.721365
47.9968    0.724298
47.3655    0.714771
47.9115    0.723011
48.2877    0.728687
48.701    0.734925
49.5173    0.750034
49.0041    0.742262
45.9391    0.695836
45.8143    0.708762
46.1942    0.714637
44.9045    0.694686
45.558    0.704796
45.6404    0.706071
44.3012    0.685353
43.6795    0.675734
43.1065    0.666871
43.2166    0.673295
42.3096    0.688708
42.4668    0.691266
41.3775    0.673534
41.0311    0.672789
41.3616    0.678208
41.8816    0.686734
42.5718    0.712142
42.2926    0.714643
43.0164    0.729092
42.8688    0.72659
43.3304    0.729714
42.5804    0.717084
41.9323    0.706169
41.7392    0.702917
41.8433    0.70467
41.2833    0.695239
42.0033    0.707364
42.4979    0.715693
43.4811    0.726865
42.5611    0.711486
42.7994    0.71547
43.3327    0.724384
43.7263    0.725948
44.1073    0.727443
44.5318    0.728835
44.2715    0.724575
44.9713    0.729658
45.4559    0.730959
46.3355    0.734086
46.1709    0.731478
45.2205    0.716421
45.4645    0.720286
45.9673    0.728253
43.4207    0.687907
44.2761    0.701459
44.0592    0.698023
44.3805    0.703113
44.5522    0.705834
45.1168    0.714778
45.1978    0.717349
45.8015    0.725012
46.2408    0.726372
46.838    0.728278
46.9884    0.728352
47.6735    0.730442
47.6426    0.729969
48.4157    0.733424
48.1986    0.730134
48.6277    0.733892
49.2897    0.735814
49.9958    0.737982
50.1165    0.737876
50.6247    0.739119
50.6191    0.738678
51.4174    0.740956
52.2035    0.74378
51.024    0.726976
51.0686    0.727611
51.7296    0.737028
50.6255    0.721298
51.3021    0.730938
51.5355    0.734264
51.0337    0.727114
51.4604    0.733194
51.8101    0.735869
52.1914    0.736474
52.7221    0.738267
51.6785    0.723653
51.1638    0.716447
50.8238    0.711685
50.5063    0.707239
50.9678    0.713701
48.4604    0.67859
47.4624    0.664616
47.3526    0.663077
45.583    0.638298
44.7978    0.627303
44.9245    0.638071
45.7739    0.654724
46.5031    0.665789
46.1631    0.660921
45.6154    0.653079
45.2018    0.670849
44.5738    0.670753
44.816    0.674398
45.3047    0.688034
46.0563    0.699447
46.6035    0.703131
41.2852    0.622891
37.087    0.55955
36.4167    0.549437
36.8835    0.55648
36.6709    0.553272
36.5928    0.552093
36.4362    0.549732
36.8011    0.555237
37.4661    0.56527
38.1031    0.57488
38.5564    0.632003
37.3309    0.635024
38.1354    0.648708
38.8945    0.65678
39.6838    0.660736
40.5417    0.664909
41.182    0.667816
40.9583    0.664189
39.5788    0.641819
37.2211    0.603585
35.0687    0.568681
35.3889    0.573874
35.9117    0.582352
36.6374    0.59412
37.5326    0.608636
37.3946    0.6064
37.8791    0.614255
37.1815    0.604643
36.5921    0.608247
31.5762    0.537071
31.737    0.539805
31.8569    0.541846
30.4442    0.517817
29.9371    0.509192
29.6696    0.504642
30.4322    0.517613
25.3005    0.430329
24.8538    0.427286
25.4509    0.441243
26.1661    0.493576
24.7039    0.465994
25.0442    0.472412
23.7441    0.459029
24.3747    0.471222
24.1635    0.467138
25.1044    0.485327
25.5048    0.535666
26.2643    0.547705
26.3165    0.547652
27.0145    0.553348
27.4419    0.556857
27.9001    0.560468
26.5934    0.534219
27.4811    0.55205
27.9073    0.559564
28.3622    0.56304
22.9829    0.456252
23.7029    0.470544
24.3016    0.48243
25.0789    0.497861
25.4456    0.50514
26.3539    0.523172
27.0814    0.537615
28.0317    0.55648
29.0317    0.565186
29.9468    0.571868
30.6919    0.577349
31.69    0.585118
32.6501    0.591916
33.3392    0.594565
34.3207    0.601343
35.0843    0.606157
35.9576    0.611732
36.9166    0.617541
37.7908    0.622584
38.7838    0.628587
39.6111    0.633036
40.0391    0.635138
40.6722    0.639164
41.6517    0.644431
41.9502    0.645586
42.6204    0.64891
43.5937    0.654037
44.5541    0.658565
45.2658    0.661588
45.8725    0.664562
45.5301    0.659601
46.2756    0.665773
46.9411    0.669312
46.5091    0.663152
46.4161    0.661827
46.5282    0.663424
47.2077    0.673114
48.2982    0.679874
48.0249    0.676026
48.395    0.677865
48.6417    0.678974
48.2608    0.673657
48.1233    0.671737
44.329    0.618775
45.2957    0.632268
46.2024    0.644924
46.4818    0.648824
47.335    0.660734
48.0049    0.670085
48.9868    0.676925
49.7935    0.680487
50.5797    0.683571
51.6054    0.68801
51.9387    0.689391
52.8787    0.693218
53.297    0.693851
54.2678    0.697469
52.1296    0.669989
51.9641    0.667861
52.7174    0.677543
53.1983    0.683724
53.9529    0.693422
47.8795    0.615365
45.6995    0.587347
45.6462    0.586662
44.1462    0.567384
45.1262    0.579979
46.03    0.593476
45.8166    0.590725
46.2064    0.59575
47.1495    0.60791
48.1042    0.62022
46.7405    0.65062
47.7034    0.664024
48.0901    0.668847
48.943    0.672232
49.8825    0.676098
47.0752    0.638049
46.8547    0.63506
47.4348    0.642923
48.3682    0.655574
45.4753    0.616363
46.4002    0.6289
46.9116    0.635831
45.014    0.610111
41.6108    0.563984
38.9308    0.52766
38.6138    0.53334
39.4953    0.545515
40.3019    0.556657
41.2393    0.569604
42.1436    0.592849
41.3436    0.581595
42.0811    0.591969
42.113    0.608511
42.8263    0.637297
42.9288    0.63743
43.5832    0.640615
44.4499    0.645136
44.135    0.640566
42.751    0.620479
42.9843    0.623866
41.2016    0.597991
38.9028    0.564627
39.1672    0.568464
37.5289    0.544686
36.8711    0.535139
33.3178    0.483567
34.2516    0.49712
33.2734    0.484658
33.96    0.503062
34.9367    0.51753
33.2941    0.505888
34.2262    0.536404
34.2279    0.536431
33.5575    0.539684
34.3027    0.557345
35.1427    0.584932
35.7542    0.58929
35.1737    0.579723
36.0536    0.591302
37.0423    0.597649
37.8156    0.602607
34.9873    0.557536
35.9475    0.572839
34.2618    0.545976
32.091    0.511384
33.0519    0.526696
34.0319    0.542313
35.0112    0.557918
35.2071    0.56104
35.5586    0.566641
35.3818    0.563824
36.3502    0.591317
36.4701    0.591727
37.1807    0.596036
37.9856    0.600911
38.8376    0.605954
39.8228    0.61178
40.7932    0.617205
41.7332    0.622573
42.6684    0.627107
43.5614    0.63169
44.408    0.636157
45.3477    0.640565
45.5155    0.641184
46.4815    0.645815
47.2309    0.649311
47.245    0.649148
47.0383    0.646309
47.1261    0.647515
48.107    0.652563
48.8085    0.655969
48.7472    0.655146
49.7034    0.659721
49.0357    0.650858
43.6423    0.579272
44.611    0.592128
45.3643    0.602128
44.777    0.594332
45.7664    0.607465
46.5298    0.617598
44.1088    0.585463
45.1107    0.598761
43.1661    0.572951
42.9333    0.574743
43.895    0.607123
43.1945    0.597434
44.1815    0.611086
42.5731    0.588839
43.5731    0.602671
42.8929    0.593263
43.8725    0.618678
44.7323    0.630802
41.6221    0.588548
40.1706    0.568023
39.9239    0.564535
40.8306    0.577356
40.5643    0.57359
40.9833    0.579515
41.9643    0.593386
42.8919    0.606503
43.1655    0.610372
44.0313    0.622615
44.6373    0.630471
44.1811    0.624027
45.1034    0.632527
43.6796    0.61256
44.4396    0.623218
45.3597    0.633221
46.3312    0.638053
45.7706    0.630334
44.1922    0.608597
44.8718    0.617955
44.5918    0.614099
44.1085    0.607443
43.8897    0.60443
44.3078    0.610188
45.2829    0.623616
44.8578    0.617763
45.8739    0.631756
46.86    0.639349
47.0861    0.640279
48.0712    0.644789
48.9789    0.649014
49.057    0.649188
49.4583    0.650767
50.4014    0.654734
51.2227    0.658164
52.056    0.661785
52.6723    0.663881
53.6359    0.667667
53.8292    0.668298
53.9673    0.668684
54.6048    0.671316
54.6562    0.671287
54.7619    0.671596
54.1085    0.663582
54.681    0.670603
55.4583    0.673692
55.0442    0.668661
55.8036    0.67439
54.3741    0.657116
51.8638    0.626778
52.7279    0.637221
52.0691    0.629259
52.8358    0.638524
51.2563    0.619437
51.3555    0.620636
49.7236    0.600913
48.2796    0.583462
49.241    0.595082
48.9677    0.602013
49.1544    0.615301
46.341    0.580085
47.2215    0.591106
47.7475    0.59769
46.5941    0.593505
46.4808    0.592062
44.7741    0.58244
45.2102    0.59124
37.578    0.49143
11.2114    0.146784
11.1514    0.145998
11.6551    0.155318
11.3284    0.150965
12.2777    0.163615
12.4977    0.169146
9.62411    0.130455
-13.8426    -0.190459
-12.8826    -0.17725
-12.3541    -0.189771
-11.4008    -0.281965
-10.5257    -0.260322
-12.8524    -0.317865
-14.6324    -0.361888
-13.7724    -0.340619
-13.1639    -0.325571
-12.8039    -0.340349
-12.4602    -0.696361
-12.8532    -0.718321
-11.8891    -0.664444
-11.0276    -0.616298
-10.7161    -0.592924
-10.1627    -0.544238
-9.84168    -0.516533
-10.6056    -0.556626
-10.6771    -0.560377
-9.83363    -0.511813
-9.0056    -0.448188
-8.68177    -0.424467
-8.04797    -0.38142
-7.3399    -0.335871
-6.69978    -0.297592
-5.86645    -0.251276
-5.68164    -0.240747
-5.28231    -0.21973
-4.72641    -0.191611
-4.5251    -0.181877
-3.55366    -0.137207
-3.14413    -0.119367
-2.14781    -0.078521
-1.3983    -0.049726
-0.727385    -0.0252448
0.263162    0.00882501
1.26825    0.0411502
2.104    0.0664422
2.904    0.0894457
3.76406    0.112899
4.53146    0.132835
5.50043    0.156737
6.4049    0.177881
6.80736    0.186981
7.53589    0.202978
8.39911    0.221068
9.40234    0.241086
10.2023    0.25634
11.2203    0.274918
12.2234    0.292333
13.2275    0.308957
14.2305    0.324798
15.2352    0.339971
16.2394    0.354469
17.1806    0.367474
18.1906    0.380875
19.19    0.39356
20.1929    0.405806
21.1933    0.41752
22.1934    0.428775
23.1074    0.438749
24.111    0.449274
24.9606    0.457657
25.9701    0.467593
26.7053    0.474621
27.6938    0.483538
28.1624    0.487801
27.4546    0.475542
26.2991    0.455528
26.8145    0.464455
27.3242    0.473282
28.1575    0.48766
28.1114    0.486861
27.5836    0.47772
28.0794    0.486308
27.5582    0.47728
27.5254    0.476713
26.9369    0.46652
25.8683    0.448014
24.8515    0.430404
22.6217    0.391786
21.9811    0.380692
22.416    0.388538
21.6036    0.374628
20.4763    0.35508
18.4618    0.323098
16.4631    0.28822
16.3134    0.288597
16.7079    0.301225
14.0857    0.258707
11.4275    0.218945
10.8264    0.20828
10.0213    0.192791
7.79171    0.152261
6.78104    0.135494
6.39296    0.133094
4.73274    0.102263
4.95762    0.107122
5.252    0.113483
3.49561    0.0800644
2.44022    0.0595176
1.91317    0.0473557
0.898463    0.0226961
1.12779    0.0301871
0.605639    0.0166629
0.975855    0.0271372
-1.70076    -0.0488632
-1.68295    -0.0483513
-1.61256    -0.0463289
-2.00499    -0.0606594
-2.95531    -0.0923536
-3.50782    -0.111454
-3.01627    -0.0983354
-4.24741    -0.138472
-4.38586    -0.143704
-5.3444    -0.175111
-5.65626    -0.202443
-10.586    -0.378883
-26.4127    -0.945335
-26.2727    -0.953751
-25.637    -0.963795
-24.7836    -0.933118
-24.0036    -0.903751
-23.5703    -0.930406
-23.317    -0.925276
-22.6787    -0.935332
-22.6387    -0.945116
-21.9367    -1.15295
-21.1192    -2.38186
-20.243    -2.07125
-19.4323    -1.83094
-18.7062    -1.64667
-17.8826    -1.46339
-17.5471    -1.39558
-17.2508    -1.33727
-16.4223    -1.1929
-16.0087    -1.12684
-15.4324    -1.04179
-15.4655    -1.04403
-15.5047    -1.04667
-15.3455    -1.02395
-15.0604    -0.98348
-15.1589    -0.989913
-15.0766    -0.981551
-15.1438    -0.985927
-15.478    -1.00768
-15.6677    -1.02004
-15.4185    -1.00381
-14.4555    -0.895629
-13.808    -0.821906
-13.2466    -0.761593
-12.74    -0.71173
-12.4464    -0.682869
-11.5842    -0.606501
-10.7575    -0.539854
-9.76417    -0.466738
-9.07068    -0.41839
-8.42402    -0.377308
-8.3949    -0.375555
-8.20157    -0.36376
-7.66211    -0.33198
-7.1591    -0.303695
-6.7732    -0.282688
-6.26433    -0.256315
-5.80029    -0.232881
-4.92013    -0.190801
-4.51458    -0.172488
-4.14068    -0.155938
-3.35251    -0.122623
-2.75726    -0.0987085
-2.63726    -0.0940087
-2.15726    -0.0756048
-2.06118    -0.0720358
-2.6252    -0.0917475
-1.6852    -0.0581371
-1.405    -0.0480069
-0.635811    -0.0211655
-0.257712    -0.00847736
0.19745    0.00639964
0.413344    0.0133051
0.759117    0.0241654
1.13459    0.0357013
1.37363    0.0429082
2.12697    0.0649126
2.6003    0.0782281
3.51763    0.103076
4.31243    0.123494
5.18311    0.144834
5.23093    0.146007
6.00421    0.164079
6.55896    0.176601
6.44606    0.173561
7.43272    0.195564
7.79272    0.203112
7.81671    0.203737
6.74337    0.175761
7.24713    0.188891
7.05424    0.183864
8.0409    0.208602
8.26757    0.213228
8.88944    0.225926
9.04944    0.229061
9.97213    0.246713
9.85562    0.24383
9.68229    0.239542
8.25901    0.20433
8.26567    0.204495
8.359    0.206804
8.19291    0.202694
8.86624    0.219353
9.15673    0.22654
8.51097    0.210563
9.4643    0.234149
9.2043    0.228432
8.73699    0.217771
9.63032    0.241644
8.79032    0.220567
8.39032    0.21053
7.79726    0.195649
7.71059    0.193474
6.18184    0.155115
6.2485    0.156787
7.1676    0.179849
6.02942    0.15129
6.19609    0.155472
6.64085    0.166632
6.6469    0.170375
6.3469    0.164371
6.91357    0.182256
7.69904    0.203427
7.88038    0.208623
8.57389    0.223123
5.28722    0.137593
3.28056    0.0853719
3.11576    0.0810832
3.05576    0.0795218
0.342424    0.0089111
0.486037    0.0126484
-0.520629    -0.0135486
-0.867297    -0.0225702
-1.6073    -0.0418277
-1.43    -0.0372139
-4.10269    -0.116753
-8.47602    -0.255816
-7.48269    -0.227807
-10.063    -0.306924
-10.343    -0.343927
-9.756    -0.324983
-10.9293    -0.3767
-10.1027    -0.352419
-9.58894    -0.34173
-25.2356    -0.899345
-24.3956    -0.963492
-22.9742    -1.04714
-22.0676    -1.00581
-21.1751    -1.08888
-20.2217    -1.03986
-19.4684    -1.00112
-18.4484    -0.948666
-17.4481    -0.897229
-16.5124    -0.849112
-15.6724    -1.22824
-14.6724    -1.06631
-13.6606    -0.926355
-12.6606    -0.804021
-12.1587    -0.747156
-11.2387    -0.653667
-10.7921    -0.611794
-10.6607    -0.599137
-10.0073    -0.5425
-9.53502    -0.503433
-8.92835    -0.456771
-7.92835    -0.385871
-8.96485    -0.436317
-20.6649    -1.00575
-22.5249    -1.09628
-21.9266    -1.06716
-21.0999    -1.02693
-20.1799    -0.982151
-19.6399    -0.95587
-19.0099    -0.925208
-18.4699    -0.898927
-18.0833    -0.880108
-17.382    -0.887744
-19.062    -1.65757
-19.482    -1.69409
-20.4392    -1.77732
-22.2574    -1.93542
-21.3907    -1.86006
-20.6229    -1.7933
-20.0362    -1.74228
-19.5696    -1.7017
-19.0362    -1.65532
-18.2654    -1.5883
-17.6929    -1.54299
-17.4329    -1.4866
-16.7381    -1.34335
-15.9292    -1.19648
-15.7958    -1.1747
-15.1892    -1.08082
-15.4633    -1.10033
-14.9033    -1.03019
-15.2684    -1.05542
-15.2153    -1.05175
-14.5687    -0.979078
-14.801    -0.994693
-14.1344    -0.920206
-13.4373    -0.835999
-12.7146    -0.755921
-12.617    -0.745096
-12.117    -0.695046
-11.1242    -0.60283
-10.1479    -0.522009
-9.57995    -0.478678
-8.6124    -0.410375
-7.87004    -0.362119
-7.1147    -0.316396
-6.26593    -0.26854
-5.28539    -0.217446
-4.49205    -0.178966
-3.64657    -0.140613
-2.74657    -0.102356
-1.75628    -0.06313
-0.872603    -0.0304043
0.00518266    0.000175248
1.01185    0.0330886
2.03561    0.0644589
3.03678    0.0932101
3.80901    0.114202
4.76689    0.138922
5.70532    0.161838
6.69865    0.184807
7.52431    0.202957
8.17764    0.21676
8.66457    0.226742
9.38783    0.241084
8.83629    0.226921
7.55651    0.194055
6.66753    0.171226
5.3371    0.13706
5.40377    0.138772
4.65043    0.119426
3.92402    0.100771
2.92482    0.0751108
3.40481    0.0874375
3.99638    0.102629
4.65554    0.121217
5.63679    0.151826
5.92843    0.163528
6.86574    0.188861
7.53901    0.20372
8.47416    0.223553
8.90054    0.23235
9.10054    0.236337
9.59388    0.246249
10.2165    0.258124
10.3266    0.260335
10.7034    0.267185
11.016    0.272989
11.4564    0.280793
12.2711    0.295074
12.9101    0.305684
13.3767    0.313273
13.4905    0.315345
11.0215    0.257633
11.2391    0.262718
11.7225    0.274019
11.7005    0.273503
11.3338    0.264932
10.7806    0.252001
11.7463    0.274575
11.2749    0.263555
11.7452    0.274548
9.3021    0.21744
9.57766    0.233716
8.16193    0.199169
8.97046    0.218899
9.32146    0.22776
9.10136    0.222563
9.3996    0.229856
10.184    0.249039
9.87824    0.241758
9.47759    0.231953
9.00382    0.229963
8.96022    0.228849
9.94241    0.253935
10.754    0.271565
11.1125    0.278231
11.6846    0.288603
11.3642    0.280691
12.2737    0.299067
13.1842    0.314458
12.1911    0.290772
12.8972    0.307614
12.458    0.297138
13.309    0.317083
12.2371    0.291545
11.8904    0.283285
11.9818    0.285463
12.1969    0.290586
11.4683    0.273228
12.4896    0.29756
12.1523    0.289524
11.0543    0.263364
12.0543    0.287189
12.7117    0.302851
13.7183    0.32472
13.5102    0.319794
12.8323    0.303747
11.5568    0.273554
10.0204    0.237188
5.49644    0.130104
5.64311    0.133575
1.88361    0.0445859
0.336939    0.00797552
-1.16857    -0.0276607
-0.662643    -0.0156851
0.352107    0.0083795
0.139691    0.00338017
1.01302    0.0252961
1.9367    0.0503038
0.355077    0.0104067
-1.48992    -0.0436671
-1.66325    -0.0548085
-1.55999    -0.0514283
-1.47869    -0.0487481
-2.41202    -0.0795173
-3.36536    -0.110946
-5.40709    -0.178256
-5.34268    -0.176132
-4.37406    -0.1442
-4.443    -0.154593
-3.44251    -0.128006
-2.92087    -0.108663
-1.93134    -0.0718503
-0.983598    -0.0358019
-0.00915685    -0.000321594
0.859769    0.0292704
1.77275    0.0584423
2.29533    0.0742826
3.162    0.0995383
3.90687    0.119794
4.12372    0.125443
4.82811    0.143637
5.44144    0.158982
5.59492    0.162454
6.0355    0.172706
6.47838    0.18273
7.21065    0.19886
8.11561    0.218201
8.28894    0.221827
7.98308    0.213642
8.45641    0.224586
6.98801    0.185588
7.62411    0.202482
7.98254    0.212001
8.11592    0.215543
7.47196    0.198441
6.7253    0.178611
6.3129    0.167659
6.29837    0.167273
5.80113    0.154067
4.53771    0.120513
4.16655    0.11099
2.6869    0.0715744
2.25907    0.0601778
2.90369    0.0773491
0.304711    0.0082503
0.771378    0.0213166
0.837209    0.0233336
0.380335    0.0106002
-0.399664    -0.0112836
-2.08886    -0.0610896
-2.68621    -0.0793172
-4.95435    -0.151417
-5.93255    -0.181313
-7.93804    -0.242605
-9.96055    -0.323605
-10.3463    -0.336139
-11.9991    -0.389835
-15.4791    -0.509965
-16.1247    -0.545244
-15.4136    -0.551537
-16.3876    -0.598523
-16.3637    -0.650731
-17.3315    -0.715982
-17.0715    -0.767836
-16.7205    -0.825839
-16.9025    -0.849943
-17.4591    -0.955791
-17.7982    -1.19078
-18.0649    -1.20862
-18.5659    -1.24214
-18.1218    -1.28889
-17.5817    -1.25047
-16.9061    -1.22508
-17.0447    -1.23512
-16.3046    -1.12861
-16.7102    -1.15668
-16.6368    -1.1516
-16.2823    -1.12034
-18.4244    -1.26773
-17.9444    -1.2347
-17.3798    -1.19586
-18.3264    -1.26099
-17.9322    -1.23387
-18.0022    -1.23868
-17.4822    -1.2029
-16.7961    -1.15569
-15.8561    -1.06512
-15.0531    -0.959201
-14.1056    -0.847354
-13.4574    -0.777583
-13.544    -0.782591
-13.0383    -0.734693
-12.4466    -0.67841
-12.0466    -0.642597
-11.9298    -0.634562
-11.8551    -0.628805
-11.6315    -0.610468
-12.4153    -0.65161
-12.4559    -0.653738
-11.9559    -0.627496
-11.1436    -0.573623
-10.826    -0.549915
-10.6527    -0.536387
-10.2298    -0.505923
-9.38968    -0.446561
-8.7547    -0.40481
-9.73901    -0.450324
-8.79291    -0.406577
-9.93957    -0.459598
-9.49937    -0.439243
-8.53797    -0.393939
-7.77131    -0.346315
-6.78596    -0.289833
-6.15739    -0.256202
-5.24159    -0.210168
-4.52364    -0.176292
-3.9199    -0.149235
-3.52853    -0.13232
-2.6274    -0.0952646
-2.05579    -0.0730212
-1.47579    -0.0513616
-0.439239    -0.0147528
0.51066    0.0166194
1.48399    0.0468137
2.46277    0.0754064
3.27853    0.0979641
4.04917    0.118305
5.04625    0.143305
5.82184    0.161838
6.82184    0.184507
7.68606    0.20312
7.89345    0.207577
7.29142    0.191745
6.73268    0.177051
4.90114    0.128887
3.80575    0.100081
2.47221    0.0650125
-1.75169    -0.0460647
-4.6222    -0.121551
-4.65929    -0.122527
-5.80596    -0.152681
-6.90768    -0.181654
-6.95925    -0.185944
-7.96592    -0.21623
-8.34736    -0.238587
-8.46749    -0.250123
-7.88385    -0.24258
-7.44385    -0.263841
-7.002    -0.276832
-7.08207    -0.281183
-6.10007    -0.253747
-5.08326    -0.209936
-4.53976    -0.183548
-3.65309    -0.142588
-3.5026    -0.136252
-2.51321    -0.0941747
-1.82451    -0.0666854
-2.15868    -0.078899
-1.90501    -0.0696276
-1.22979    -0.0440156
-0.284961    -0.00986934
0.633734    0.021271
1.15215    0.0380164
2.11215    0.0675527
3.00702    0.0935212
3.94035    0.119092
4.297    0.128525
5.09391    0.148829
5.96508    0.169978
6.39842    0.180102
7.41104    0.202931
8.37712    0.223549
9.15103    0.239347
9.92971    0.254608
10.9297    0.273243
11.6411    0.286116
12.6711    0.30396
13.616    0.319523
14.6108    0.335366
15.1276    0.343341
15.3876    0.347193
16.1452    0.358411
16.396    0.362315
17.1268    0.372755
17.5135    0.377989
16.5211    0.35657
14.2571    0.307707
14.4771    0.312455
12.8771    0.277922
13.2433    0.285826
12.7794    0.275815
12.6394    0.272793
12.0061    0.259124
12.2656    0.264725
11.9789    0.258538
12.1087    0.267339
12.802    0.296435
13.7595    0.318606
14.7595    0.34282
15.3371    0.352037
16.3724    0.367369
16.9296    0.375379
16.5789    0.367602
16.9335    0.375465
17.3468    0.381304
16.6052    0.365004
16.4492    0.361574
16.3632    0.359682
15.5831    0.342537
13.7872    0.30306
14.1606    0.311267
14.9094    0.327728
14.2363    0.312931
13.7296    0.301794
14.6829    0.322749
14.9829    0.334939
14.5485    0.326345
14.8485    0.333773
15.0485    0.344306
15.4818    0.354816
16.345    0.367138
15.6317    0.351116
16.2383    0.364742
15.4398    0.346805
15.7731    0.354292
15.6264    0.350998
15.914    0.357457
16.856    0.373914
17.8109    0.386913
18.6962    0.398526
19.6674    0.410707
20.2073    0.417276
21.0949    0.427774
21.9797    0.437902
22.9841    0.448968
23.8514    0.458211
24.6628    0.466569
24.7638    0.467653
25.0771    0.470784
25.8678    0.478619
26.8411    0.487843
27.7335    0.496067
28.7407    0.50505
29.7565    0.513871
30.7472    0.522202
31.6556    0.529535
31.972    0.532098
31.8797    0.530562
32.2969    0.534658
33.0531    0.540495
33.8607    0.546551
32.6873    0.527612
33.4259    0.539533
34.2399    0.549656
35.1895    0.555975
36.2565    0.563923
37.0431    0.569194
37.8531    0.574693
37.4    0.567814
37.6373    0.571417
37.534    0.569849
38.3575    0.578545
39.0652    0.581269
39.9781    0.588894
41.3166    0.600067
41.9057    0.600483
42.9158    0.606327
43.9559    0.61237
44.3792    0.611903
45.6374    0.621311
46.2962    0.62478
47.0924    0.628905
47.541    0.631242
48.1316    0.634201
48.0036    0.632514
48.5713    0.636639
48.4271    0.634749
49.4379    0.640885
50.4453    0.645576
50.3698    0.644609
51.3448    0.64966
52.3448    0.654038
53.331    0.658299
54.2118    0.661926
54.8361    0.664788
55.2165    0.666008
56.1568    0.669809
57.5453    0.678281
58.0599    0.67711
58.7683    0.679559
58.755    0.679405
59.729    0.682878
60.7754    0.686986
61.7759    0.690491
62.7741    0.693892
63.7857    0.697366
64.7857    0.700638
65.764    0.703609
66.765    0.706757
67.565    0.709219
68.6047    0.712554
69.6859    0.716343
70.5754    0.718106
71.5678    0.720868
72.4934    0.722909
73.4125    0.726377
74.3502    0.7284
75.3491    0.731024
76.4779    0.734847
77.1053    0.735504
78.1186    0.738082
79.0874    0.740288
79.8128    0.742031
80.8292    0.744512
81.4692    0.746009
81.8027    0.746647
82.7237    0.748405
83.7679    0.751057
84.7671    0.753262
85.7691    0.755453
86.7674    0.757574
87.7673    0.759671
88.7681    0.76174
89.7221    0.763679
90.7228    0.765679
91.7232    0.767644
92.723    0.769571
93.7232    0.771469
94.7219    0.773325
95.7179    0.775128
96.7251    0.776992
97.7059    0.778616
98.7059    0.780366
99.2966    0.781453
100.337    0.783476
101.303    0.784888
102.339    0.786822
103.3    0.788147
104.303    0.789773
105.305    0.791369
106.305    0.792925
107.305    0.794458
108.306    0.795974
109.305    0.797459
110.304    0.798922
111.306    0.800378
112.306    0.801803
113.304    0.803195
114.307    0.804598
115.334    0.806155
116.255    0.80695
117.351    0.808946
118.309    0.809968
119.31    0.811267
120.311    0.812546
121.315    0.813829
122.325    0.815141
123.319    0.816321
124.308    0.817454
125.309    0.818653
126.308    0.819827
127.308    0.820988
128.048    0.821836
129.046    0.822965
130.047    0.824089
131.051    0.825224
132.048    0.8263
133.045    0.827363
134.024    0.828298
135.08    0.829696
136.33    0.832262
137.048    0.831567
138.049    0.83259
139.044    0.833566
140.035    0.8345
141.036    0.835487
142.049    0.836532
143.048    0.837488
144.049    0.838438
145.049    0.839371
146.049    0.840294
147.048    0.841203
148.05    0.842117
149.05    0.84301
150.048    0.843881
