10905
10478
10341
10335
10332
10406
10471
10464
10517
10500
10679
10638
10690
10689
10681
10584
10574
10611
10584
10534
10532
10473
10450
10602
10627
10636
10841
10803
10819
10718
10815
10681
10766
10775
10688
10718
10790
10894
10857
11035
11014
11145
11055
11096
11070
11068
11060
11020
11038
11046
10995
10923
10934
10916
10851
10953
10928
10936
10995
11240
11136
11067
11046
11170
11140
11047
10985
10938
10938
10994
10807
10830
10843
10865
10845
10858
10773
10722
10759
10710
10652
10745
10658
10504
10391
10391
10376
10371
10428
10483
10518
10500
10406
10337
10331
10326
10252
10333
10369
10319
10243
10293
10188
10223
10190
10134
10150
10177
10166
10092
10121
10187
10168
10272
10296
10280
10175
10176
10179
10163
10178
10144
9982
9929
9957
9986
9949
10033
10136
10122
10073
10098
10064
9936
9943
9970
9909
9901
10036
9994
9948
9981
9965
9995
10074
10056
10092
10063
9989
9972
9959
9963
9993
9910
9933
9871
9909
9823
9817
9865
9935
9990
9932
9982
9981
9926
10016
10063
10086
10182
10058
10074
9969
10009
9984
10060
10011
10017
9949
9895
9982
9964
9984
10024
10037
10059
9925
10012
9911
9924
9952
9878
9872
9866
9820
9767
9763
9729
9823
9874
9969
9881
9848
9904
9855
9831
9776
9705
9692
9643
9724
9724
9708
9692
9688
9650
9675
9669
9744
9705
9725
9688
9578
9689
9619
9637
9642
9710
9682
9773
9817
9832
9804
9823
9765
9722
9797
9729
9741
9715
9682
9641
9591
9692
9680
9741
9538
9665
9606
9585
9608
9702
9583
9598
9663
9727
9869
9768
9767
9668
9754
9705
9776
9747
9685
9678
9685
9648
9556
9584
9486
9428
9468
9326
9255
9285
9204
9077
9126
9064
9059
9030
8935
8875
8815
8846
8786
8668
8647
8620
8677
8560
8449
8445
8364
8290
8223
8199
8202
8291
8210
8189
8111
8064
7996
8014
8010
8051
7940
7935
7998
8013
7860
7817
7746
7726
7709
7619
7540
7488
7483
7460
7471
7432
7403
7437
7373
7317
7383
7352
7323
7189
7221
7156
7104
7009
6997
7029
7042
7033
7111
7097
7115
7061
7093
7068
6998
6965
6987
6965
6962
6952
6890
6876
6906
6867
6868
6855
6879
6797
6799
6807
6782
6827
6817
6789
6689
6708
6704
6665
6653
6620
6653
6640
6598
6605
6597
6581
6584
6625
6521
6504
6519
6560
6468
6518
6503
6414
6416
6387
6347
6351
6391
6370
6327
6289
6210
6232
6241
6215
6230
6223
6201
6161
6202
6185
6129
6117
6141
6052
5993
6014
6082
6097
5993
6040
5962
5961
5909
5908
5933
5936
5938
5923
5882
5843
5783
5760
5761
5831
5793
5735
5705
5633
5661
5607
5692
5627
5642
5625
5509
5480
5493
5477
5416
5453
5415
5373
5322
5319
5230
5333
5324
5394
5352
5365
5360
5281
5291
5366
5417
5379
5518
5643
5580
5558
5400
5317
5325
5287
5292
5348
5298
5225
5205
5248
5373
5343
5323
5352
5510
5466
5491
5535
5619
5687
5697
5731
5752
5687
5689
5664
5759
5851
5771
5874
5884
5876
5932
6023
6055
6103
6125
6178
6141
6227
6232
6293
6253
6279
6362
6493
6514
6574
6622
6662
6662
6636
6629
6618
6669
6693
6842
6818
6832
6737
6620
6637
6671
6809
6694
6732
6828
6865
6710
6698
6682
6570
6546
6650
6532
6526
6520
6534
6576
6465
6380
6223
6244
6154
6311
6283
6273
6128
6102
6149
6257
6229
6082
6141
6271
6205
6116
5945
6170
6207
6289
6331
6354
6432
6571
6740
6636
6703
6715
6725
6758
6802
6718
6697
6781
6960
7059
7044
7068
7140
7214
7297
7153
7260
7107
6987
6969
6921
7185
7236
7179
7250
7312
7231
7111
7186
7251
7242
7315
7338
7245
7410
7441
7472
7422
7316
7384
7399
7383
7570
7433
7387
7448
7618
7618
7477
7495
7604
7570
7561
7482
7350
7180
7159
7094
7162
7074
7070
7099
7147
7041
6898
6883
6850
6949
6941
7011
7089
7136
7002
6973
6928
7009
7056
6995
6976
6967
7022
6899
7068
7174
7105
7001
6995
7170
7185
7220
7112
7202
7066
7186
7098
6993
7174
6981
7128
7080
7151
7151
7236
7056
7100
7219
7168
7186
7096
7429
7389
7260
7316
7535
7493
7373
7463
7366
7508
7500
7546
7406
7400
7583
7377
7288
7632
7562
7494
7454
7476
7531
7478
7597
7615
7367
7401
7423
7523
7676
7565
7694
7756
7687
7660
7513
7537
7454
7412
7455
7416
7417
7494
7521
7536
7545
7538
7532
7518
7539
7588
7613
7658
7532
7505
7443
7428
7588
7671
7632
7556
7442
7610
7494
7648
7551
7578
7671
7544
7643
7746
7788
7411
7371
7516
7640
7706
7763
7626
7601
7534
7828
7864
7677
7736
7753
7645
7793
7600
7518
7793
7794
7670
7668
7603
7797
7771
7801
7822
7798
7669
7923
7704
7779
7794
7629
7895
7571
7529
7396
7319
7292
7306
7195
7333
7505
7103
7394
7594
7529
7402
7363
7657
7527
7569
7594
7546
7474
7429
7483
7486
7529
7520
7404
7412
7443
7425
7533
7560
7613
7503
7331
7212
7194
7123
7169
7233
7271
7260
7464
7404
7335
7246
7334
7424
7300
7174
7227
7301
7371
7063
7129
7245
7287
7058
7137
6980
7141
7137
7157
7147
7063
7099
7064
7175
7261
7259
7222
7145
7372
7460
7249
7229
7223
7264
7189
7127
6962
6933
6992
7179
7137
7177
7210
7234
7333
7282
7334
7193
7145
7004
7117
6871
6971
6933
7045
6996
6944
7092
7081
7008
6962
6968
6990
6841
6919
6800
6862
6878
6859
6869
6765
6531
6618
6501
6602
6454
6458
6344
6270
6260
6220
6144
6204
6070
6142
6118
6052
6109
6186
6222
6135
6157
6063
6004
6089
6016
6063
5949
5941
6060
5856
5777
5769
5714
5765
5794
5855
5735
5618
5679
5633
5699
5757
5779
5794
5772
5795
5941
5748
5695
5762
5546
5556
5761
5643
5640
5617
5853
5963
5962
5754
5715
5811
5899
5941
5917
6089
5964
5967
5982
6113
6019
6153
6156
6077
6044
6213
6121
5993
6097
6244
6176
6224
6347
6378
6494
6403
6440
6601
6626
6542
6723
6711
6632
6799
6780
6788
6833
6998
7071
7176
7092
7249
7320
7315
7318
7277
7084
7086
7070
7045
7028
7108
7139
7092
7093
7159
7104
7079
7341
7400
7426
7364
7578
7645
7429
7313
7189
7197
7061
6985
7109
7283
7247
7410
7379
7389
7122
7358
7401
7369
7200
7197
7102
7330
7329
7335
7309
7314
7277
7256
7145
7249
7326
7284
7463
7252
7337
7413
7307
7457
7320
7394
7436
7598
7616
7610
7523
7619
7382
7481
7443
7599
7519
7407
7654
7418
7261
7338
7464
7482
7390
7486
7369
7241
7141
7150
7114
7127
7115
7223
7311
7309
7288
7165
7230
7254
7447
7510
7606
7663
7598
7606
7355
7497
7508
7541
7493
7422
7361
7543
7426
7324
7408
7377
7325
7301
7311
7251
7194
7114
7009
7096
7091
7099
7009
6961
7050
6970
6955
7022
7052
7099
7100
7073
7217
7061
7065
7058
7120
7219
7268
7238
7121
7225
7007
6978
6875
6825
6717
6729
6776
6585
6597
6496
6516
6600
6677
6516
6523
6547
6520
6554
6563
6462
6404
6272
6339
6265
6225
6297
6288
6263
6215
6173
6183
6203
6277
6140
6213
6169
6180
6165
6162
6157
6259
6145
6164
6054
5915
6017
6000
5965
6003
6043
6045
6029
6012
6000
6043
5969
6018
6018
6080
6036
6043
6034
6022
6048
6074
6027
5984
5967
5976
6002
5959
5990
5960
5914
5908
5886
5913
5925
5934
5921
5949
5939
5937
5901
5904
5979
5919
5926
5944
5929
5912
5896
5925
5901
5887
5916
5912
5967
5939
5926
5906
5912
5923
5938
5925
5896
5893
5912
5886
5907
5923
5902
5930
5928
5878
5903
5896
5913
5932
