0.0390549 0.161119
0.0385975 0.160527
0.0382158 0.160816
0.038874 0.167296
0.0380149 0.166957
0.0376192 0.166058
0.0371953 0.162926
0.0376586 0.166189
0.0368861 0.162689
0.037398 0.163714
0.0376954 0.16303
0.0376201 0.163095
0.0379594 0.164266
0.0376695 0.163252
0.0385877 0.16637
0.0382459 0.16695
0.0386305 0.16881
0.0378626 0.165677
0.0391788 0.171107
0.0394723 0.172394
0.0377465 0.16578
0.038284 0.169483
0.0377674 0.166603
0.0372142 0.161479
0.0376049 0.16157
0.0370519 0.156638
0.0371637 0.153399
0.0385291 0.158475
0.0385704 0.157408
0.0386092 0.158612
0.0384131 0.155155
0.0395409 0.162251
0.0390098 0.158369
0.0385731 0.156752
0.0390477 0.160367
0.0388733 0.158892
0.0398734 0.16228
0.041056 0.167156
0.0404324 0.166068
0.0394225 0.161577
0.0408599 0.168604
0.0407766 0.16734
0.0403867 0.16626
0.0403444 0.165555
0.0386902 0.159892
0.0399781 0.16489
0.0403509 0.167179
0.0408589 0.168875
0.0393077 0.162348
0.0393515 0.163498
0.0379361 0.158345
0.0383092 0.160304
0.0378424 0.158679
0.0395724 0.166178
0.0386134 0.163119
0.039015 0.163882
0.0386754 0.162335
0.0393186 0.165051
0.0384354 0.159618
0.0389934 0.160053
0.0397273 0.163793
0.0393466 0.163459
0.0390746 0.162231
0.0383361 0.158908
0.0386342 0.160682
0.0381435 0.1595
0.0383215 0.160947
0.0378979 0.159353
0.0380988 0.160267
0.0376932 0.157904
0.0390484 0.166466
0.0387117 0.16325
0.0381409 0.161579
0.037529 0.159411
0.0377031 0.160258
0.0368726 0.156751
0.03684 0.156874
0.0382444 0.164242
0.0365169 0.156613
0.0372708 0.160971
0.0373593 0.16166
0.0373384 0.161005
0.037961 0.164477
0.0379028 0.166413
0.0371923 0.165624
0.0373894 0.167164
0.0373747 0.167116
0.037226 0.166715
0.0375119 0.166091
0.0372535 0.164171
0.0369612 0.163054
0.0366886 0.162286
0.0359826 0.160196
0.0352673 0.158653
0.0356665 0.15981
0.0365513 0.164633
0.0352954 0.160261
0.0357151 0.160844
0.0360517 0.161539
0.0358047 0.16174
0.0359819 0.163136
0.0361301 0.163121
0.0363385 0.165293
0.0370688 0.168933
0.0358147 0.163788
0.0360899 0.165581
0.0369885 0.169557
0.0381321 0.175002
0.0382529 0.174798
0.0382112 0.176278
0.0378063 0.173007
0.0378441 0.17218
0.0377293 0.171715
0.0382839 0.173481
0.038041 0.172009
0.0376042 0.169844
0.0375037 0.17199
0.0372042 0.170106
0.0377217 0.1732
0.037572 0.171996
0.037272 0.170859
0.0379487 0.174783
0.0373377 0.174614
0.0386457 0.181287
0.0386771 0.180878
0.0386467 0.180853
0.038431 0.179717
0.0391767 0.182697
0.0378781 0.174921
0.0387249 0.178818
0.0375203 0.174129
0.036931 0.171123
0.0375664 0.174185
0.0376596 0.176328
0.0386056 0.180428
0.0382053 0.178335
0.038362 0.179433
0.0382961 0.178972
0.0380364 0.177262
0.0376818 0.176306
0.0379944 0.179232
0.0381425 0.17874
0.0385028 0.18013
0.0380481 0.177789
0.0377132 0.174509
0.0384254 0.178898
0.0388308 0.179945
0.0375958 0.174103
0.0382038 0.178096
0.0386404 0.180004
0.0382641 0.179637
0.0380337 0.17846
0.0370402 0.173922
0.0378296 0.178204
0.0369159 0.173865
0.0361968 0.171816
0.0364807 0.172066
0.037341 0.177848
0.036214 0.17215
0.037707 0.177496
0.0375615 0.177554
0.0374549 0.175776
0.0372221 0.175493
0.0372435 0.174013
0.0371491 0.17343
0.0374052 0.176305
0.0363368 0.169629
0.0370205 0.172811
0.0373688 0.173706
0.0369224 0.169809
0.0367948 0.17061
0.0372932 0.173417
0.0370473 0.173839
0.0381155 0.179039
0.03862 0.18119
0.0379509 0.177038
0.0373846 0.174708
0.0381025 0.178896
0.0373919 0.1765
0.0371333 0.17615
0.0372643 0.175215
0.0372807 0.17513
0.0381735 0.179187
0.0393026 0.183959
0.0376706 0.17575
0.0378875 0.176658
0.0392324 0.18539
0.038287 0.179485
0.0388747 0.182928
0.0376728 0.177348
0.0381967 0.180567
0.0381863 0.181514
0.0389633 0.184562
0.0387229 0.183661
0.0385723 0.184114
0.038785 0.186956
0.0382734 0.18355
0.0392558 0.189536
0.0387874 0.184567
0.0391157 0.185639
0.0391462 0.185074
0.0383809 0.181459
0.0390427 0.186028
0.0393345 0.187399
0.0396807 0.188635
0.039569 0.189401
0.0392616 0.188625
0.0396605 0.191654
0.0386023 0.1883
0.0388364 0.190501
0.0389638 0.189634
0.039051 0.1884
0.0392676 0.190874
0.039219 0.190466
0.0392863 0.191371
0.0392439 0.191917
0.0402295 0.195659
0.03878 0.189368
0.0401331 0.194273
0.0388176 0.187944
0.0397496 0.191979
0.0409226 0.198699
0.0393923 0.193569
0.0391564 0.191248
0.0390981 0.191808
0.0400941 0.196327
0.0400747 0.195914
0.0388298 0.187951
0.0396335 0.192109
0.0393356 0.190218
0.0397529 0.191403
0.0395307 0.190195
0.0396239 0.190432
0.0389736 0.188639
0.0384451 0.184741
0.0386671 0.187513
0.0379771 0.183424
0.0380888 0.184192
0.0386447 0.188276
0.038132 0.185075
0.0387428 0.18932
0.0395228 0.193445
0.0402371 0.198207
0.0388628 0.189847
0.0388012 0.188843
0.0389429 0.18879
0.0391531 0.192913
0.039472 0.193689
0.0399099 0.197273
0.0395438 0.194992
0.0392752 0.192444
0.0405693 0.19831
0.0399033 0.196389
0.0403375 0.19827
0.0403718 0.196419
0.0401635 0.194921
0.0398531 0.192421
0.0402225 0.195434
0.0395637 0.191256
0.0396033 0.193732
0.0395561 0.192229
0.0404115 0.197115
0.0398642 0.193331
0.0385679 0.187442
0.0385717 0.189158
0.0394445 0.193118
0.039724 0.193805
0.039342 0.192371
0.0384347 0.189933
0.0390804 0.192613
0.0386405 0.1926
0.0384077 0.192193
0.0380654 0.190114
0.0378439 0.192794
0.0379531 0.194814
0.0378087 0.191922
0.039537 0.204476
0.0368807 0.192464
0.0371795 0.192746
0.0376106 0.196933
0.0371515 0.19373
0.0366415 0.193023
0.0376136 0.200112
0.0373976 0.199549
0.0362 0.194782
0.0364077 0.196925
0.035966 0.193376
0.0360928 0.198431
0.0355082 0.194981
0.0361208 0.199188
0.0360762 0.196957
0.0346291 0.193458
0.0360262 0.203101
0.0358239 0.203197
0.0362783 0.207078
0.0356195 0.205669
0.0365647 0.212696
0.0357531 0.20844
0.0349937 0.204706
0.0355475 0.20661
0.0353479 0.20609
0.0354271 0.206619
0.0345067 0.202441
0.0350428 0.206845
0.0356532 0.213607
0.0361042 0.216247
0.0364339 0.216479
0.0353718 0.208918
0.0357862 0.214861
0.0365935 0.221424
0.0371211 0.222806
0.0368391 0.220267
0.0357188 0.218066
0.0367156 0.22515
0.0366105 0.227343
0.037324 0.231297
0.0374195 0.233623
0.037915 0.238483
0.0370101 0.235809
0.0378153 0.243456
0.0373746 0.239476
0.0365836 0.234719
0.0377662 0.242136
0.0376209 0.243407
0.0379818 0.245981
0.0385421 0.249966
0.0376728 0.246168
0.0370463 0.244089
0.0377311 0.243532
0.0370148 0.242927
0.0377967 0.249624
0.0373609 0.2508
0.0379744 0.252458
0.0371293 0.24986
0.0374067 0.252675
0.0367826 0.252818
0.0377237 0.259397
0.0381425 0.26035
0.0376312 0.257171
0.0388048 0.266458
0.0391673 0.263535
0.0387965 0.262364
0.0386009 0.261982
0.0395487 0.269084
0.0383898 0.258424
0.0394339 0.267261
0.0386992 0.264933
0.0387027 0.267624
0.0395402 0.27222
0.0396252 0.272649
0.038916 0.267308
0.0394041 0.271289
0.0389654 0.270682
0.0399205 0.280396
0.0392837 0.272227
0.0402721 0.282802
0.0406384 0.283634
0.0403449 0.282567
0.0402976 0.281872
0.0393517 0.277917
0.0396604 0.2796
0.0402902 0.283091
0.0401292 0.28384
0.0393268 0.276549
0.0389418 0.274461
0.0391058 0.277508
0.0392984 0.282703
0.0391916 0.281008
0.0387431 0.27864
0.0375282 0.269167
0.0387524 0.278822
0.0392561 0.285045
0.0390769 0.281227
0.0381152 0.276657
0.0391225 0.285693
0.0396231 0.288418
0.039079 0.283765
0.0390993 0.285215
0.0390352 0.285389
0.0392695 0.285283
0.0396949 0.292133
0.0398225 0.292435
0.039075 0.287467
0.039076 0.285976
0.0395606 0.294527
0.0392676 0.289199
0.0381097 0.28187
0.0391467 0.292953
0.039292 0.294108
0.0388233 0.294661
0.0397476 0.301717
0.0396378 0.299165
0.0392512 0.295259
0.039272 0.296389
0.0394937 0.3003
0.0397499 0.303228
0.0409839 0.317391
0.0396594 0.30568
0.0399191 0.306682
0.0405596 0.313918
0.0410072 0.317335
0.0407142 0.315121
0.0393983 0.304951
0.0410762 0.319429
0.0400544 0.308933
0.0403407 0.313177
0.0383727 0.300702
0.0401385 0.314533
0.0394531 0.308256
0.040555 0.320225
0.0405603 0.324712
0.0405954 0.324243
0.0403104 0.316837
0.0394931 0.311301
0.0393592 0.314867
0.0390783 0.309437
0.0394047 0.317511
0.0399507 0.320919
0.0398234 0.322051
0.039598 0.320752
0.0386715 0.311647
0.0384728 0.308794
0.0394503 0.317615
0.0397948 0.322134
0.0393254 0.319109
0.0398203 0.326202
0.0391422 0.323189
0.0390563 0.323611
0.0396982 0.328762
0.0389235 0.31847
0.0392817 0.322113
0.0397633 0.330427
0.0386549 0.320771
0.0388214 0.327002
0.0385126 0.323088
0.0396406 0.334403
0.0385096 0.319396
0.0397389 0.334281
0.039868 0.336228
0.0392837 0.329956
0.0399855 0.341078
0.0409291 0.352737
0.0405874 0.347169
0.0411032 0.353478
0.0402427 0.348966
0.0408644 0.349899
0.0408623 0.351801
0.0413421 0.359576
0.0409631 0.359639
0.0412174 0.361534
0.0418533 0.371702
0.0412694 0.361148
0.0417586 0.366266
0.0418994 0.361513
0.0410918 0.356689
0.0411822 0.35713
0.0410705 0.355597
0.0410759 0.363189
0.0407824 0.357021
0.0407124 0.351472
0.0409308 0.351671
0.0409898 0.353225
0.0412424 0.347952
0.0409266 0.335637
0.0412442 0.341935
0.0400224 0.335013
0.0417115 0.359074
0.0420964 0.367689
0.0407881 0.354554
0.0398947 0.349726
0.039555 0.349395
0.0408556 0.353216
0.0410997 0.358626
0.0393391 0.350431
0.0405959 0.361768
0.0402644 0.35404
0.041248 0.355295
0.0406572 0.354295
0.0419503 0.363517
0.0423222 0.366405
0.0409817 0.345191
0.0413678 0.350348
0.041588 0.348935
0.0407162 0.338934
0.0410681 0.334757
0.0415539 0.334799
0.0412142 0.331754
0.041263 0.329262
0.0402969 0.320932
0.0410622 0.328468
0.0410605 0.326947
0.0409033 0.330332
0.0405623 0.319674
0.0411783 0.319433
0.0416858 0.330965
0.0414906 0.322608
0.0405066 0.312542
0.0402917 0.311266
0.0402682 0.308833
0.0395948 0.299851
0.0396536 0.300248
0.0395277 0.295101
0.041674 0.311184
0.0408372 0.30382
0.042454 0.314281
0.0441099 0.32327
0.0436333 0.320122
0.0422698 0.308597
0.042801 0.31201
0.0427975 0.313426
0.0419132 0.302892
0.0429595 0.30556
0.0422266 0.301504
0.0422105 0.296623
0.0408388 0.285261
0.0404372 0.282648
0.0418647 0.293455
0.0417575 0.291591
0.0409566 0.28496
0.040127 0.278785
0.0389933 0.270655
0.0395627 0.272524
0.0377391 0.256942
0.0374668 0.254767
0.0376491 0.255416
0.0374547 0.25783
0.0380863 0.264199
0.0393484 0.270755
0.0388655 0.266227
0.0393093 0.263475
0.0416031 0.277114
0.0417727 0.277926
0.0413725 0.271236
0.0406403 0.267007
0.0425358 0.286587
0.0417027 0.28083
0.0415809 0.281203
0.0408136 0.280365
0.0388802 0.269019
0.0393235 0.265714
0.0389066 0.268677
0.0394912 0.272602
0.0387456 0.267945
0.039253 0.271503
0.0383041 0.260341
0.0403422 0.275019
0.0402584 0.27837
0.0386465 0.275108
0.0406647 0.288437
0.0388017 0.278031
0.0397765 0.273015
0.0420127 0.28983
0.0411302 0.285669
0.0405541 0.28998
0.0377781 0.279089
0.0378548 0.276305
0.0371836 0.265782
0.0384393 0.27693
0.0366298 0.272772
0.0373187 0.274874
0.0369211 0.267103
0.0383947 0.281386
0.0380704 0.281557
0.038172 0.292515
0.0372372 0.276985
0.0374959 0.277912
0.0371717 0.273016
0.0381612 0.279419
0.0374928 0.276204
0.0370175 0.272388
0.0379667 0.273474
0.0368365 0.260386
0.0372053 0.266576
0.03732 0.265254
0.0376948 0.268057
0.0377355 0.266617
0.0377125 0.266499
0.0371147 0.260071
0.0371016 0.262876
0.037356 0.266836
0.0371226 0.260729
0.0357591 0.24569
0.0356709 0.241111
0.0355235 0.241624
0.0357405 0.24137
0.0352914 0.235434
0.0343772 0.228861
0.0342391 0.224476
0.0349259 0.232909
0.0350189 0.22989
0.0346139 0.231884
0.0351579 0.239015
0.0349796 0.238628
0.0349483 0.238983
0.0350836 0.231454
0.0349999 0.230929
0.034914 0.231369
0.0342816 0.225379
0.0356748 0.233862
0.0360124 0.236897
0.0356314 0.237379
0.0346034 0.229891
0.0356152 0.233761
0.0356692 0.234328
0.0354563 0.228845
0.0355999 0.230172
0.034615 0.228019
0.0343458 0.221727
0.035278 0.225507
0.0347589 0.221895
0.0343706 0.222043
0.0348769 0.22772
0.0355692 0.230092
0.0352319 0.227058
0.0338591 0.218339
0.0347987 0.22074
0.0357987 0.228172
0.035922 0.230811
0.0344229 0.220999
0.0351177 0.218561
0.0353735 0.221449
0.0356774 0.22616
0.0359487 0.227218
0.0354329 0.220016
0.0363026 0.225892
0.0364838 0.227086
0.0376224 0.236701
0.0379428 0.24381
0.0379465 0.249025
0.0383337 0.252829
0.0374997 0.25007
0.0380615 0.251885
0.036676 0.246819
0.0380072 0.253041
0.0371389 0.247359
0.0371379 0.246257
0.0371311 0.249112
0.0361471 0.247753
0.03627 0.2496
0.0366912 0.253577
0.0364252 0.247805
0.0366027 0.2491
0.0368181 0.247896
0.0370363 0.245733
0.0369184 0.243834
0.035584 0.239646
0.0361369 0.244371
0.0361873 0.246103
0.0363966 0.245969
0.0364098 0.241922
0.0366026 0.247605
0.0367224 0.247276
0.0363381 0.245443
0.0375498 0.252207
0.0363285 0.248297
0.0374522 0.248161
0.0379168 0.248536
0.03868 0.256861
0.0379959 0.255535
0.0381789 0.255468
0.0383955 0.25272
0.0392733 0.256646
0.0385073 0.251108
0.0379661 0.251125
0.0377863 0.247431
0.0381982 0.253467
0.0380777 0.25007
0.0387972 0.257396
0.0386906 0.260117
0.0391267 0.254809
0.0384305 0.258989
0.0386335 0.25463
0.0389332 0.256921
0.0396676 0.259684
0.0391901 0.256607
0.039513 0.255666
0.0390392 0.259354
0.0394244 0.260845
0.03917 0.253636
0.039048 0.256138
0.0391254 0.256471
0.0380839 0.252537
0.0384664 0.243774
0.0392541 0.24956
0.0385327 0.249587
0.0378844 0.243302
0.0370551 0.232382
0.0373362 0.233818
0.038024 0.2421
0.0374447 0.234758
0.03691 0.233777
0.0378968 0.237214
0.0388039 0.2424
0.0401047 0.247681
0.0392391 0.248177
0.0397804 0.251622
0.0406528 0.250956
0.0412157 0.261217
0.0415676 0.266328
0.0403142 0.248166
0.0396731 0.246496
0.0404587 0.253269
0.040523 0.254897
0.0404981 0.253612
0.0402084 0.250033
0.0396508 0.248997
0.0396103 0.24457
0.038788 0.238214
0.0386001 0.245826
0.0382853 0.24267
0.0382862 0.242085
0.0387926 0.241393
0.0382182 0.233715
0.0381793 0.236616
0.04026 0.244736
0.0381767 0.231949
0.0382673 0.234552
0.0380175 0.233029
0.0388063 0.241448
0.0379005 0.236832
0.0382159 0.24081
0.0374025 0.236778
0.038609 0.241851
0.0384401 0.242314
0.038482 0.24336
0.0391083 0.242994
0.0399546 0.248105
0.0392931 0.244294
0.0394287 0.244798
0.0392458 0.243831
0.0388102 0.242167
0.0392743 0.24448
0.0388683 0.241809
0.0382971 0.238403
0.0383986 0.237357
0.0383985 0.23544
0.0381947 0.238317
0.0381883 0.238508
0.0386207 0.243316
0.0388603 0.244211
0.0384189 0.237744
0.0394919 0.241168
0.0397663 0.244366
0.0406074 0.251985
0.040205 0.253023
0.0401607 0.246912
0.0403335 0.251134
0.0395231 0.240978
0.037313 0.23083
0.0384213 0.23753
0.0383748 0.235041
0.0386086 0.239528
0.0392069 0.240089
0.0390526 0.235864
0.0377028 0.226502
0.0385358 0.242342
0.0375766 0.23796
0.0384038 0.238159
0.0393533 0.241492
0.0389014 0.235271
0.0390741 0.234832
0.0398337 0.243771
0.0389412 0.238653
0.0393358 0.242102
0.039339 0.233265
0.0387387 0.229018
0.038385 0.233815
0.0377938 0.225698
0.0382101 0.229202
0.0381184 0.231916
0.0391236 0.235083
0.0388225 0.238421
0.0386772 0.239425
0.0405002 0.241884
0.0397138 0.236464
0.0402456 0.243546
0.0402656 0.245175
0.0405995 0.24977
0.0415119 0.249327
0.0423785 0.253764
0.0400189 0.238303
0.0399443 0.238174
0.0397435 0.237625
0.0399631 0.242665
0.0384846 0.226429
0.03873 0.233385
0.0386015 0.230492
0.0385811 0.232487
0.0391814 0.240923
0.0388114 0.231286
0.0381565 0.236428
0.0385157 0.239873
0.0386578 0.24378
0.0368545 0.237054
0.0372042 0.239715
0.0374883 0.240487
0.0373824 0.243502
0.0381555 0.243284
0.0381914 0.238374
0.0377205 0.248627
0.0374632 0.237355
0.0363997 0.224783
0.0380801 0.236154
0.0380293 0.23953
0.0378901 0.240391
0.0376631 0.229594
0.0378884 0.234755
0.0372458 0.229621
0.036975 0.22689
0.0369579 0.229128
0.0373636 0.23361
0.0366327 0.231256
0.0365721 0.22932
0.0347566 0.216938
0.036325 0.224864
0.0363563 0.226729
0.036376 0.230686
0.0360849 0.229897
0.0349822 0.222625
0.0355481 0.22532
0.0350435 0.2197
0.0349928 0.217196
0.0334896 0.207408
0.032621 0.203652
0.0335488 0.21525
0.0336093 0.218941
0.0341857 0.223381
0.0340669 0.226028
0.0338667 0.222625
0.0342347 0.221761
0.0339096 0.217714
0.0332378 0.21405
0.0337564 0.211683
0.0334798 0.212993
0.034438 0.220723
0.0345896 0.224952
0.0339369 0.217208
0.0334738 0.212958
0.0332103 0.214384
0.0336484 0.219822
0.0344106 0.222914
0.0341302 0.220381
0.035166 0.224664
0.0349633 0.233045
0.0355341 0.234114
0.0350896 0.230918
0.0349078 0.22698
0.0350595 0.234627
0.0339644 0.224464
0.0348941 0.23596
0.0356008 0.235401
0.0350714 0.232591
0.0340466 0.224535
0.0332521 0.219533
0.0334794 0.222851
0.0338811 0.225947
0.0349073 0.231597
0.0344872 0.226481
0.0349614 0.224074
0.0342247 0.221794
0.0348354 0.226392
0.0352489 0.230931
0.0347353 0.2207
0.0343239 0.215684
0.0349055 0.226238
0.0350814 0.228109
0.0345431 0.224007
0.035619 0.229763
0.035876 0.23369
0.0356436 0.235022
0.0368462 0.246481
0.0355705 0.239579
0.0357761 0.239416
0.0356067 0.232066
0.0342524 0.224884
0.0347645 0.227672
0.0346918 0.225381
0.0340398 0.220901
0.0324906 0.2096
0.0318301 0.205575
0.0326904 0.210526
0.0322546 0.211317
0.0329819 0.218055
0.0330652 0.222444
0.0329882 0.219334
0.0334357 0.229806
0.0326808 0.221059
0.0325438 0.221549
0.0325415 0.220298
0.0309222 0.209405
0.0315193 0.214862
0.0314078 0.209673
0.0320022 0.214235
0.0310774 0.208761
0.032256 0.219334
0.0314696 0.212687
0.03215 0.216881
0.0326467 0.224967
0.0312639 0.213904
0.0313259 0.218088
0.0300715 0.207665
0.0304884 0.21009
0.0320121 0.219711
0.0317454 0.218081
0.0309676 0.21626
0.0316492 0.22799
0.0316508 0.224841
0.0323123 0.233503
0.0315687 0.225538
0.0314989 0.22916
0.0309285 0.226231
0.0303699 0.225567
0.0289385 0.217703
0.0293326 0.221086
0.0267793 0.203859
0.0277257 0.214355
0.0278546 0.214378
0.0279224 0.218287
0.0274725 0.212472
0.0270536 0.211017
0.0277795 0.218936
0.0283522 0.221968
0.0284008 0.219043
0.0279939 0.216811
0.0279541 0.216789
0.0276817 0.216989
0.0273018 0.216559
0.0267455 0.21469
0.0262562 0.205781
0.0260214 0.206449
0.0259395 0.205839
0.0247495 0.198857
0.0241786 0.195085
0.0247736 0.195875
0.0262731 0.215505
0.0256667 0.212913
0.0249708 0.207488
0.0250298 0.20966
0.025313 0.210755
0.0245172 0.204004
0.0246153 0.202733
0.0235211 0.197733
0.0247854 0.213243
0.0245847 0.208487
0.0249184 0.212675
0.0251294 0.212142
0.0259191 0.217127
0.0247353 0.206956
0.0244741 0.203832
0.0239461 0.200277
0.0246806 0.205004
0.024764 0.201313
0.0240548 0.202331
0.0234651 0.198244
0.0236641 0.19698
0.0232025 0.200685
0.023878 0.206084
0.0242132 0.201528
0.0249651 0.212298
0.0250989 0.213652
0.0253526 0.216308
0.0262871 0.214591
0.0261636 0.210968
0.0267334 0.215867
0.0269447 0.22593
0.0274443 0.233596
0.0264348 0.218207
0.0264412 0.216308
0.0259672 0.208551
0.0265321 0.215481
0.0262181 0.204139
0.0259224 0.207579
0.0259778 0.20915
0.0268065 0.214142
0.0269527 0.21168
0.0276015 0.219638
0.0277795 0.216967
0.0279608 0.218486
0.0287346 0.226921
0.0278391 0.221046
0.0274849 0.211009
0.0282054 0.220879
0.0275884 0.220758
0.0285602 0.225521
0.0283921 0.217329
0.0278206 0.213245
0.027805 0.209994
0.0290945 0.21585
0.029119 0.215585
0.0291651 0.212042
0.0282387 0.208652
0.028006 0.204814
0.0277813 0.199061
0.0280805 0.199517
0.0295471 0.212932
0.0289772 0.202737
0.0300786 0.209954
0.0307531 0.216074
0.0325496 0.223562
0.0328459 0.226254
0.0329543 0.226724
0.0338658 0.232694
0.0327844 0.219348
0.0339409 0.225145
0.0353228 0.230351
0.0357204 0.235759
0.0347363 0.224169
0.0355961 0.227732
0.0349567 0.223923
0.0362215 0.231757
0.0353713 0.228253
0.0340006 0.225155
0.0348914 0.230596
0.0350384 0.232815
0.0338393 0.224982
0.0348046 0.23136
0.0339477 0.225943
0.0335784 0.22132
0.0333626 0.22476
0.0330279 0.218525
0.0339213 0.223774
0.0340612 0.225929
0.0343919 0.228705
0.0344212 0.220678
0.0362391 0.23027
0.0361985 0.229733
0.0347326 0.222026
0.0350512 0.217736
0.0342397 0.20968
0.0343099 0.216449
0.0337122 0.21496
0.0336853 0.219224
0.0330744 0.215923
0.0344438 0.22858
0.0355646 0.238082
0.0356875 0.23421
0.0352012 0.227104
0.0354058 0.228508
0.0361948 0.22834
0.0364785 0.23079
0.0369216 0.232372
0.0372079 0.242348
0.036168 0.230226
0.0362378 0.229834
0.0359294 0.228253
0.0369936 0.241111
0.0361556 0.237043
0.0363807 0.239651
0.0365724 0.235061
0.0360859 0.232365
0.035143 0.225222
0.0360514 0.231495
0.0348496 0.223954
0.0353692 0.229353
0.0356975 0.230981
0.0345192 0.228411
0.0345467 0.223755
0.0345805 0.22154
0.0341911 0.220346
0.0343485 0.216267
0.0340506 0.219939
0.0356991 0.229249
0.0359677 0.227708
0.036015 0.23238
0.0359342 0.225426
0.0364442 0.233607
0.0358795 0.228699
0.0365652 0.231576
0.0362434 0.225059
0.0360117 0.222558
0.0368841 0.226544
0.0367408 0.229563
0.037982 0.23192
0.0380838 0.244243
0.0384102 0.242481
0.0391302 0.247347
0.0385247 0.237531
0.0384142 0.236601
0.0389141 0.244228
0.0385476 0.236347
0.0390176 0.246293
0.0394189 0.254097
0.039174 0.248433
0.0393488 0.246115
0.0406202 0.253141
0.0399863 0.252774
0.0401827 0.247929
0.0406917 0.257701
0.0402888 0.258942
0.0397889 0.259768
0.039971 0.261818
0.0397006 0.260191
0.039418 0.258875
0.0393199 0.257765
0.0388466 0.251973
0.0382715 0.2447
0.0385877 0.247777
0.0398806 0.256586
0.0386212 0.250663
0.038976 0.253112
0.0406544 0.259994
0.0386037 0.241171
0.0395199 0.245539
0.0413325 0.251381
0.0423364 0.256427
0.0406904 0.248223
0.039777 0.242966
0.0376331 0.237797
0.0377943 0.237695
0.0383715 0.235882
0.0391312 0.239623
0.0385901 0.237288
0.0382351 0.238884
0.0369675 0.232577
0.0374174 0.230412
0.0376032 0.235524
0.0373532 0.236619
0.0364826 0.229617
0.0363621 0.229633
0.0378486 0.240273
0.0363398 0.231338
0.0363223 0.231706
0.0367099 0.23445
0.0363229 0.234084
0.0359863 0.234467
0.0357513 0.236125
0.0355166 0.234216
0.0352468 0.231279
0.0348119 0.228624
0.0364758 0.242117
0.0356684 0.239477
0.0347596 0.227801
0.0368078 0.245768
0.0365099 0.243422
0.0375615 0.247793
0.0363186 0.239223
0.0373524 0.244119
0.0378475 0.246761
0.036743 0.241482
0.0376303 0.241513
0.0369 0.242883
0.0370904 0.24402
0.0365055 0.240011
0.0366261 0.235534
0.0361876 0.232996
0.0351993 0.226059
0.0353301 0.226444
0.0356884 0.234658
0.0359842 0.232664
0.0352556 0.235051
0.0359041 0.241043
0.0349118 0.237964
0.0343239 0.235751
0.0334841 0.233586
0.0328845 0.229009
0.0321347 0.223288
0.0317261 0.226424
0.0306547 0.217826
0.0298937 0.215979
0.0298555 0.216237
0.0298806 0.214697
0.0293614 0.208028
0.0299738 0.21593
0.029613 0.214319
0.0301028 0.216435
0.0299489 0.216564
0.0302729 0.218493
0.029976 0.214993
0.0293957 0.215877
0.0291053 0.215022
0.0287316 0.216518
0.0282426 0.209812
0.0273546 0.206065
0.0270834 0.206586
0.0274674 0.20613
0.0271127 0.204039
0.0270367 0.204056
0.027575 0.209654
0.0270658 0.207841
0.027743 0.211548
0.0273346 0.207964
0.0274007 0.207743
0.026808 0.206352
0.02627 0.201513
0.0268758 0.206354
0.0270117 0.207767
0.0267473 0.205839
0.0261498 0.201883
0.0270953 0.210655
0.0273958 0.207861
0.0270191 0.209276
0.0277222 0.21366
0.0280167 0.221672
0.027459 0.221302
0.0277312 0.219711
0.0273892 0.217667
0.0275968 0.220117
0.0275438 0.217891
0.0281622 0.221248
0.0279112 0.219189
0.0279551 0.222259
0.027949 0.221723
0.0268905 0.213833
0.0275062 0.217442
0.0277661 0.22198
0.0269558 0.214191
0.0264955 0.210203
0.0274021 0.215296
0.0261412 0.206925
0.0264906 0.209168
0.0278783 0.222075
0.0269612 0.213218
0.0274105 0.21627
0.0274525 0.216497
0.0273596 0.218019
0.0275459 0.220588
0.0273378 0.219541
0.0276013 0.22172
0.0276619 0.220926
0.0271229 0.218157
0.0272761 0.218364
0.027769 0.221644
0.0274318 0.220494
0.0275784 0.22241
0.0279347 0.22596
0.0278515 0.223744
0.0272975 0.220084
0.0271285 0.217897
0.0267422 0.216011
0.0266708 0.214658
0.0265633 0.213504
0.0271081 0.217618
0.0262965 0.212337
0.0268947 0.216802
0.0267716 0.215086
0.0269295 0.216929
0.0262212 0.211779
0.0269017 0.21568
0.0268524 0.215888
0.0257637 0.208559
0.0267292 0.216418
0.0273424 0.219916
0.0257073 0.209117
0.0266114 0.21488
0.02603 0.210277
0.0264873 0.212449
0.02598 0.208815
0.0259966 0.208621
0.0258263 0.208066
0.0254246 0.206062
0.0261123 0.211942
0.0258461 0.209522
0.0261971 0.212193
0.0257814 0.20827
0.0251659 0.203867
0.0263522 0.213304
0.0253664 0.206698
0.0262635 0.213218
0.0252703 0.204165
0.025618 0.207496
0.0263081 0.212809
0.0257135 0.208769
0.0263621 0.212382
0.0262242 0.212827
0.0251231 0.203964
0.0263114 0.212856
0.0257593 0.207847
0.0258269 0.207856
