1357
1301
1287
1342
1351
1353
1339
1356
1318
1333
1360
1363
1359
1370
1387
1384
1392
1354
1389
1385
1354
1354
1347
1319
1313
1267
1268
1331
1332
1363
1353
1379
1356
1352
1354
1350
1402
1418
1414
1411
1426
1497
1434
1431
1404
1438
1437
1468
1391
1398
1340
1344
1346
1417
1397
1414
1411
1407
1386
1398
1416
1424
1408
1396
1417
1390
1403
1421
1387
1375
1412
1392
1396
1377
1377
1369
1339
1388
1307
1374
1380
1367
1394
1401
1359
1389
1365
1339
1339
1326
1335
1318
1301
1259
1268
1288
1266
1286
1246
1297
1291
1298
1306
1316
1288
1284
1289
1340
1348
1358
1325
1334
1309
1367
1341
1328
1303
1292
1308
1325
1300
1331
1288
1336
1356
1348
1339
1377
1352
1343
1321
1303
1318
1333
1370
1329
1331
1330
1351
1323
1349
1346
1346
1325
1309
1310
1338
1305
1326
1327
1338
1287
1283
1308
1295
1270
1254
1289
1249
1297
1315
1285
1295
1287
1287
1298
1253
1276
1306
1273
1287
1244
1246
1302
1309
1297
1229
1298
1255
1239
1257
1234
1284
1312
1242
1264
1304
1290
1272
1273
1261
1262
1319
1302
1301
1301
1278
1281
1268
1251
1279
1274
1288
1285
1289
1289
1257
1311
1280
1291
1280
1271
1296
1311
1295
1298
1326
1270
1311
1261
1304
1333
1284
1310
1272
1302
1290
1251
1258
1266
1251
1256
1253
1275
1205
1228
1194
1194
1236
1227
1240
1271
1273
1253
1253
1234
1247
1268
1285
1297
1265
1292
1242
1252
1251
1270
1266
1293
1242
1252
1264
1262
1245
1203
1247
1250
1275
1227
1182
1228
1211
1212
1194
1186
1196
1195
1258
1165
1153
1162
1129
1161
1202
1165
1146
1168
1139
1134
1125
1121
1153
1100
1124
1129
1130
1107
1162
1123
1111
1133
1102
1100
1069
1127
1113
1121
1142
1113
1143
1167
1164
1168
1111
1132
1152
1172
1160
1196
1157
1182
1157
1112
1141
1189
1164
1175
1114
1126
1152
1172
1133
1110
1118
1123
1105
1125
1113
1160
1144
1202
1191
1186
1173
1208
1150
1206
1165
1142
1183
1165
1166
1166
1127
1167
1177
1206
1222
1227
1233
1170
1191
1200
1204
1178
1160
1183
1150
1170
1161
1106
1145
1127
1124
1099
1122
1167
1102
1134
1124
1139
1139
1140
1113
1130
1175
1112
1121
1128
1147
1131
1168
1233
1182
1182
1184
1183
1232
1171
1184
1228
1235
1224
1191
1236
1222
1241
1185
1203
1191
1191
1232
1222
1183
1191
1142
1131
1168
1169
1160
1136
1156
1166
1181
1225
1213
1234
1205
1203
1188
1107
1189
1195
1180
1148
1154
1205
1189
1174
1243
1186
1183
1255
1251
1260
1261
1248
1276
1282
1288
1280
1342
1313
1343
1333
1313
1342
1332
1366
1328
1323
1338
1344
1374
1362
1396
1364
1404
1412
1380
1337
1367
1359
1370
1347
1381
1371
1397
1386
1401
1438
1425
1451
1436
1402
1437
1464
1468
1484
1476
1493
1476
1485
1458
1485
1509
1520
1443
1466
1459
1433
1437
1451
1515
1522
1593
1649
1620
1590
1575
1580
1560
1632
1625
1594
1570
1557
1619
1568
1522
1477
1438
1473
1396
1406
1430
1428
1445
1469
1424
1465
1479
1467
1381
1357
1426
1390
1397
1383
1314
1348
1317
1375
1362
1370
1373
1419
1393
1382
1409
1378
1367
1458
1449
1407
1311
1323
1301
1343
1298
1321
1295
1367
1352
1397
1360
1366
1383
1462
1454
1436
1505
1459
1462
1452
1465
1445
1440
1420
1397
1415
1394
1323
1312
1310
1306
1310
1287
1293
1325
1326
1297
1316
1300
1259
1280
1283
1296
1282
1327
1341
1290
1276
1334
1333
1349
1313
1310
1309
1329
1290
1294
1284
1322
1282
1257
1271
1289
1315
1279
1287
1285
1268
1267
1247
1271
1284
1316
1353
1347
1330
1300
1348
1305
1336
1319
1278
1285
1232
1283
1276
1256
1277
1275
1241
1256
1263
1251
1240
1270
1252
1251
1249
1253
1277
1290
1277
1287
1264
1254
1263
1288
1298
1262
1260
1287
1248
1282
1294
1294
1275
1287
1278
1300
1306
1313
1321
1336
1319
1319
1314
1309
1303
1318
1294
1270
1264
1256
1262
1284
1286
1255
1282
1345
1405
1363
1417
1424
1448
1459
1443
1437
1480
1469
1467
1460
1443
1462
1424
1415
1419
1420
1387
1406
1403
1452
1419
1401
1398
1410
1404
1385
1380
1415
1436
1447
1462
1499
1466
1486
1470
1474
1462
1453
1435
1414
1425
1421
1423
1450
1464
1456
1472
1495
1496
1451
1417
1448
1427
1334
1368
1364
1377
1415
1390
1340
1361
1311
1338
1398
1375
1367
1370
1362
1353
1337
1327
1328
1280
1313
1321
1387
1372
1351
1404
1353
1390
1414
1430
1463
1512
1421
1427
1431
1433
1347
1337
1352
1365
1402
1367
1345
1372
1348
1309
1301
1329
1301
1345
1352
1337
1335
1304
1360
1345
1350
1339
1339
1306
1295
1324
1321
1313
1308
1215
1277
1282
1286
1316
1282
1273
1247
1244
1212
1198
1223
1224
1227
1225
1232
1239
1235
1211
1225
1209
1278
1271
1233
1230
1201
1206
1249
1242
1259
1248
1285
1306
1297
1300
1243
1269
1298
1266
1238
1218
1193
1215
1227
1251
1231
1241
1263
1260
1253
1227
1228
1233
1241
1261
1294
1278
1290
1245
1244
1239
1234
1285
1260
1230
1183
1167
1197
1170
1213
1216
1189
1216
1192
1214
1190
1126
1167
1152
1170
1119
1147
1132
1166
1174
1135
1147
1088
1110
1180
1166
1125
1108
1136
1164
1156
1171
1131
1103
1076
1081
999
1050
1075
1079
1052
1052
1089
1100
1089
1093
1050
1063
1045
1039
996
980
989
919
929
936
1014
977
948
943
972
957
966
944
1001
979
981
1008
1031
985
968
948
955
979
931
873
884
874
893
916
963
981
991
1031
1032
1052
1052
1077
1051
1062
1032
1055
1038
1024
1039
1063
1046
1062
1094
1079
1079
1044
1001
1053
1015
1070
1064
1014
990
1040
1026
1012
992
990
970
951
996
975
1014
1032
1115
1116
1148
1197
1172
1217
1276
1277
1213
1265
1244
1309
1268
1223
1259
1257
1194
1246
1219
1191
1213
1204
1240
1250
1234
1262
1327
1332
1254
1249
1226
1195
1167
1151
1153
1170
1215
1247
1262
1293
1305
1333
1323
1341
1311
1313
1288
1349
1313
1301
1338
1325
1305
1318
1265
1279
1293
1244
1238
1227
1221
1241
1218
1305
1308
1288
1308
1311
1308
1329
1323
1314
1329
1315
1338
1378
1424
1420
1376
1363
1398
1380
1393
1407
1382
1404
1414
1420
1413
1423
1439
1381
1398
1410
1403
1380
1383
1350
1376
1407
1340
1373
1397
1324
1371
1443
1468
1420
1388
1316
1324
1338
1369
1322
1307
1278
1318
1308
1296
1285
1267
1320
1266
1255
1262
1259
1228
1209
1237
1215
1189
1232
1243
1188
1256
1262
1282
1279
1305
1318
1258
1284
1264
1313
1285
1267
1251
1228
1231
1269
1265
1202
1273
1207
1208
1141
1140
1096
1096
1050
1032
1006
1035
1014
1043
1031
1035
1034
1086
1063
1046
1047
1030
1021
989
983
994
983
983
995
976
981
980
950
968
946
976
991
962
958
1013
1018
1012
1029
1067
1030
1043
1016
1032
1012
1030
1027
1038
1025
1006
1015
1015
1003
989
1033
999
1009
1026
1003
1009
1027
1021
1030
1016
1023
1035
1004
1025
1027
1032
1018
1034
1046
1015
1013
1023
1004
1001
1013
994
1006
1020
1010
992
1017
996
982
1011
1003
978
994
961
984
968
957
945
942
965
960
973
955
938
949
952
973
930
958
970
961
963
962
931
972
945
956
