14221
13756
13568
13577
13590
13639
13740
13775
13801
13742
13914
13911
13939
13965
13874
13718
13749
13748
13784
13703
13717
13712
13698
13898
13824
13842
14018
14028
13957
13968
13944
13840
13920
14046
13802
13903
13941
14091
14096
14262
14284
14353
14291
14376
14339
14306
14261
14206
14253
14347
14322
14214
14184
14124
14191
14158
14262
14246
14373
14452
14395
14274
14323
14369
14346
14281
14248
14276
14114
14011
13949
13884
14000
13936
13942
13888
13892
13862
13893
13849
13672
13687
13638
13489
13385
13258
13390
13462
13527
13594
13402
13370
13387
13427
13495
13381
13315
13199
13167
13215
13212
13227
13218
13169
13131
13020
13026
13145
13303
13229
13226
13366
13298
13384
13297
13365
13190
13115
13207
13196
13247
13232
13174
13104
13144
13123
13077
13144
13116
13175
13190
13277
13179
13046
12974
13008
12936
12985
13036
13004
13107
13110
13145
13113
13154
13126
13180
13124
12998
12924
12947
12973
13076
12932
13005
13143
13161
13082
13037
13029
13112
13067
13031
13063
13112
12992
13119
13117
13032
13048
13010
13005
13056
13142
13100
13215
13124
13122
13027
13006
13033
13035
13028
13010
13079
13124
13028
13194
13125
13061
13111
13093
13060
13160
13173
13063
12959
12827
12897
12878
12935
12802
12921
13010
13024
13062
12908
12830
12933
12845
12902
12921
12866
12923
12942
12820
12862
13003
13052
12985
12915
12923
12917
13003
12880
12909
12934
13077
12982
12967
12971
13049
12957
13006
12978
12925
13058
13025
12991
12944
12971
12901
12797
12858
12815
12872
12794
12838
12773
12805
12888
12828
12735
12687
12845
12915
13050
12932
13057
12912
12957
12863
12890
12910
12859
12824
12775
12866
12794
12836
12760
12687
12657
12512
12431
12435
12309
12305
12314
12098
12082
12073
11994
11966
11909
11907
11795
11751
11629
11696
11602
11554
11439
11365
11249
11099
11178
11097
11042
11117
11010
11014
10890
11012
10978
10869
10741
10694
10682
10720
10772
10792
10639
10641
10569
10507
10454
10342
10320
10186
10231
10239
10225
10162
10172
10202
10146
10052
10081
10060
10031
9933
9922
9903
9813
9727
9784
9823
9794
9740
9898
9700
9642
9597
9666
9614
9651
9690
9810
9744
9642
9639
9510
9477
9629
9592
9585
9548
9540
9483
9510
9521
9519
9541
9496
9461
9456
9475
9441
9432
9367
9320
9326
9370
9316
9330
9407
9293
9329
9331
9225
9257
9257
9264
9175
9287
9186
9121
9084
9144
9094
9162
9199
9071
9065
9018
8927
8946
8893
8830
8853
8831
8828
8683
8803
8789
8734
8773
8657
8564
8615
8610
8706
8640
8489
8559
8482
8531
8573
8550
8468
8452
8468
8406
8340
8282
8180
8275
8268
8314
8175
8130
8032
7993
7995
7962
8017
7833
7660
7694
7615
7663
7617
7645
7590
7515
7449
7505
7472
7490
7392
7405
7368
7370
7337
7393
7412
7456
7589
7589
7533
7577
7737
7777
7750
7712
7587
7531
7488
7409
7425
7354
7416
7384
7354
7336
7395
7392
7382
7439
7521
7560
7550
7619
7635
7623
7730
7953
7897
7880
7909
7804
7906
8017
8061
8089
8070
8012
8114
8297
8388
8324
8326
8424
8385
8537
8539
8502
8445
8495
8617
8680
8803
8759
8899
8961
9145
9076
8917
8878
9001
9076
9203
9214
9124
9075
9120
9113
8965
9071
9061
9172
9270
9207
9110
9027
8971
8653
8789
8834
8695
8687
8714
8750
8729
8689
8561
8444
8550
8501
8479
8510
8598
8397
8173
8122
8225
8407
8412
8329
8508
8491
8344
8178
8521
8443
8527
8529
8488
8652
8709
8859
8758
8902
8817
9003
9025
9130
9081
9152
9148
9162
9299
9311
9308
9378
9435
9400
9345
9488
9497
9232
9354
9483
9675
9762
9605
9568
9758
9725
9682
9676
9672
9662
9762
9809
9815
9571
9643
9827
9799
9873
10018
9964
10205
10203
10183
10033
10112
10181
10284
10217
10246
10137
10206
10168
10018
10013
9900
9854
9846
9890
9684
9594
9677
9596
9593
9481
9602
9587
9480
9398
9566
9751
9622
9575
9492
9455
9640
9621
9539
9586
9534
9472
9546
9634
9817
9557
9667
9701
9727
9729
9692
9560
9536
9527
9722
9726
9500
9666
9723
9665
9824
9929
9837
9875
9884
9876
9815
10035
9933
9842
9912
10020
10082
10055
10168
10184
10117
10129
10090
10212
10102
10241
10207
10116
10158
10176
10047
10213
10153
10197
10083
10179
10058
10028
9889
10169
10293
10111
10218
10183
10257
10157
10244
10154
10195
10223
10178
10138
10089
10015
10093
10232
10097
9942
9877
9873
9937
10008
10012
9996
10037
10046
10037
10023
10008
9998
10123
9999
10139
10046
10113
10336
10148
10336
10198
10070
10392
10253
10165
10148
10315
10608
10222
10137
10071
10205
10183
10188
10343
10213
10358
10205
10374
10259
10436
10318
10393
10343
10404
10666
10554
10304
10148
10301
10361
10560
10548
10443
10415
10550
10545
10404
10499
10488
10372
10444
10126
10186
10188
9926
9958
10052
10152
10040
9829
9855
10207
9841
9934
10278
10072
10149
10041
10291
10274
10255
10318
10440
10335
10110
10155
10253
10274
10265
10295
10275
10206
10232
10133
10087
10157
9913
10037
9956
9845
9732
9653
9663
9479
9627
9599
9615
9644
9623
9800
10012
9803
9736
9813
9822
9821
9608
9741
9781
9738
9573
9778
9715
9690
9761
9702
9716
9657
9767
9525
9633
9620
9769
9736
9815
9915
9905
9898
9902
9753
9888
9627
9730
9629
9694
9752
9920
9825
9743
9830
9672
9910
9966
9785
9690
9607
9560
9560
9480
9587
9561
9582
9389
9468
9388
9396
9468
9388
9438
9491
9279
9319
9346
9211
9154
9076
9172
9266
9048
8995
8960
8785
8659
8701
8606
8473
8275
8434
8458
8490
8376
8343
8281
8383
8419
8283
8504
8410
8276
8397
8340
8385
8113
8056
8072
8097
8048
7849
7877
7834
7783
7827
7839
7894
8002
7795
7791
7768
7910
7904
7856
7815
7895
7948
7917
7837
7671
7685
7718
7611
7597
7615
7613
7705
7713
7938
8062
7842
7920
7686
7830
7780
7894
8031
7924
8114
7964
8086
8137
8095
8156
7989
8130
8170
8276
8210
8323
8517
8343
8440
8517
8601
8736
8681
8642
8868
9023
8958
9089
9117
8991
9206
9036
9187
9521
9232
9548
9621
9784
9681
9859
9769
9821
9770
9700
9690
9529
9453
9466
9589
9520
9520
9621
9606
9608
9785
9885
9943
10216
10219
10201
10115
10033
9818
9736
9721
9754
9689
9789
9864
10116
9912
10167
9975
9874
9963
10068
10073
9856
9953
9866
9993
9831
10067
9947
10094
10060
9814
9987
9851
9859
10087
9892
9842
10215
10120
9991
10164
10075
10438
10064
10277
10107
10236
10350
10118
10292
10121
10094
10079
10043
10097
10156
10165
9904
10001
9908
9876
9937
9956
9885
9849
9780
9657
9746
9685
9762
9741
9858
9797
9939
9887
9941
9815
10125
10161
10283
10348
10252
10199
10108
10349
10158
10139
10178
10257
10051
10103
10272
10171
10184
10079
9905
9895
9952
9837
9781
9875
9732
9887
9785
9730
9690
9704
9698
9488
9559
9540
9425
9439
9444
9637
9582
9610
9708
9656
9560
9710
9798
9740
9672
9681
9435
9449
9420
9367
9205
9016
9112
9045
9020
8983
9040
8992
9005
8937
8842
8829
8750
8795
8776
8848
8707
8660
8703
8662
8638
8654
8595
8598
8591
8525
8511
8481
8543
8384
8385
8341
8342
8283
8279
8144
8084
8199
8241
8166
8071
8217
8173
8147
8085
8153
8178
8171
8166
8143
8150
8128
8138
8149
8235
8217
8156
8197
8087
8147
8237
8186
8165
8158
8167
8234
8202
8194
8178
8091
8145
8119
8187
8145
8153
8107
8165
8129
8127
8133
8132
8153
8153
8205
8151
8155
8118
8159
8141
8118
8120
8121
8154
8144
8209
8150
8142
8169
8198
8197
8158
8132
8178
8175
8137
8158
8163
8188
8159
8175
8167
8150
8137
8157
8153
