0.0298978 0.0954223
0.0295958 0.0945769
0.029322 0.0948555
0.0299126 0.0988436
0.0295294 0.0994113
0.0292168 0.0992008
0.028962 0.0974527
0.0291231 0.0984392
0.028175 0.0955003
0.0287588 0.0970019
0.0292052 0.0977433
0.0293175 0.09798
0.0291275 0.0974962
0.0293368 0.0981024
0.0298659 0.0999712
0.0297098 0.100889
0.0298712 0.101244
0.02891 0.098487
0.0297775 0.100769
0.0298247 0.101073
0.0290259 0.0987096
0.0289409 0.0987456
0.0289727 0.0983355
0.0284286 0.0949057
0.0285044 0.0949797
0.0279303 0.091533
0.0280885 0.0904551
0.0296999 0.0948817
0.0299165 0.095436
0.0307203 0.0975802
0.0307444 0.097031
0.0312118 0.0996387
0.030779 0.0974138
0.0306409 0.0962552
0.0305954 0.0981017
0.0305693 0.0971013
0.0316743 0.100567
0.0316822 0.100632
0.0314348 0.100312
0.030943 0.0989342
0.0310818 0.099832
0.0324694 0.104299
0.0312323 0.100343
0.03115 0.0995409
0.0304463 0.0979148
0.0312357 0.100517
0.0310804 0.100764
0.0319547 0.103337
0.0302457 0.0975935
0.0301931 0.097442
0.0289454 0.0935623
0.0291452 0.0945547
0.0291109 0.0948957
0.0306465 0.100326
0.0302302 0.0984427
0.0304814 0.0998729
0.03052 0.0989342
0.0303855 0.0987646
0.0301108 0.0964308
0.0300406 0.096734
0.0305693 0.0983675
0.0307155 0.0997618
0.0304465 0.0983034
0.0299057 0.0971536
0.0303394 0.0987732
0.0298501 0.0973321
0.0301714 0.09847
0.0306819 0.0995377
0.0299064 0.0982712
0.0296228 0.0981372
0.030393 0.101226
0.03023 0.100259
0.0301571 0.0997143
0.0296091 0.0988088
0.0296397 0.0987663
0.0294459 0.0985743
0.028967 0.0963864
0.0299015 0.10013
0.0280948 0.0940762
0.0294812 0.0992129
0.029719 0.100936
0.0292745 0.0998758
0.029954 0.102214
0.0301517 0.103862
0.0291412 0.101532
0.0296763 0.104767
0.0291891 0.101942
0.0285891 0.0994652
0.0287555 0.0989872
0.0284598 0.097543
0.0285378 0.099612
0.0281438 0.0985789
0.0278623 0.0971838
0.0268541 0.0937663
0.0271677 0.0939607
0.0274498 0.0962559
0.0269781 0.0950807
0.0274136 0.0974316
0.0265728 0.0946305
0.027604 0.098146
0.0275737 0.0977142
0.0277043 0.0981326
0.0279538 0.0988047
0.028 0.0999317
0.0274148 0.0980885
0.0273838 0.0986175
0.0274489 0.0989559
0.0284217 0.10194
0.0287524 0.101331
0.0289071 0.102653
0.0283477 0.100181
0.0285238 0.0998055
0.0280216 0.0984359
0.0291086 0.102137
0.028541 0.10085
0.0283464 0.099364
0.0276593 0.098787
0.0275093 0.0985132
0.0277166 0.0990384
0.0282233 0.100409
0.0276032 0.0981354
0.0282213 0.100589
0.0273246 0.0977683
0.0284008 0.101954
0.0288449 0.103165
0.028566 0.10272
0.0285051 0.102394
0.0291466 0.104763
0.0286265 0.10308
0.0284492 0.101935
0.0279986 0.100152
0.0275972 0.0981396
0.0279836 0.100008
0.0283973 0.102177
0.0292148 0.105596
0.0282844 0.102168
0.0284432 0.102891
0.0284717 0.102426
0.0286235 0.103636
0.0280303 0.101738
0.0284828 0.102922
0.0285109 0.10267
0.0285963 0.102396
0.0280982 0.101045
0.0278132 0.0995135
0.0276915 0.0998019
0.0283205 0.101517
0.0277376 0.0994361
0.0282014 0.102016
0.028281 0.102677
0.0283445 0.103344
0.0272444 0.099206
0.0270807 0.0981187
0.0277465 0.101144
0.0274283 0.0995771
0.0268607 0.0966294
0.0265746 0.0952815
0.0272845 0.0985323
0.0265135 0.0958043
0.0276599 0.0995472
0.0277356 0.10029
0.027136 0.0983393
0.0273929 0.0993784
0.0273312 0.0985225
0.0273597 0.0981544
0.0274785 0.0999076
0.0265449 0.0955103
0.0268988 0.0972783
0.0275935 0.100215
0.0269224 0.0975628
0.0273446 0.0989239
0.0262735 0.0956555
0.026362 0.095435
0.0274076 0.0990717
0.0276505 0.0999237
0.0273554 0.098146
0.0259809 0.0936452
0.0273119 0.0989178
0.0264416 0.0963384
0.0261155 0.0952637
0.0265039 0.0964475
0.0260789 0.0946682
0.0271058 0.098557
0.0276502 0.100846
0.0262308 0.0949614
0.0266582 0.0963121
0.0274897 0.100092
0.0271911 0.0977717
0.0269617 0.0969143
0.0269675 0.0974657
0.0265016 0.0961788
0.0265768 0.0963874
0.0279065 0.100995
0.0275241 0.0989362
0.0274588 0.0987626
0.0273291 0.0995943
0.026999 0.0986187
0.0269474 0.0998675
0.026815 0.0983174
0.0263685 0.0971424
0.0268151 0.098879
0.0269715 0.0995157
0.0271346 0.0996827
0.0269076 0.0987702
0.0271832 0.0989711
0.0270628 0.0986832
0.0264331 0.0973815
0.0276308 0.102182
0.0267659 0.0989716
0.0269818 0.100506
0.0267279 0.0992094
0.0267725 0.098367
0.0271436 0.100731
0.0275397 0.101447
0.0271199 0.100062
0.0271855 0.101248
0.0278443 0.103094
0.0265824 0.0976698
0.0274555 0.100444
0.0265183 0.0971121
0.0274341 0.100968
0.0279854 0.103149
0.026955 0.0994039
0.0273681 0.100746
0.0266321 0.0987578
0.0272505 0.10086
0.0270236 0.0997371
0.0262959 0.0956641
0.0264664 0.0969034
0.026456 0.0976325
0.0261196 0.0964459
0.0262109 0.0962526
0.0262507 0.0967045
0.0264946 0.0980317
0.0253561 0.0928494
0.0257221 0.0950097
0.024916 0.0914382
0.0250598 0.0916699
0.02572 0.0951428
0.0257109 0.094793
0.0258846 0.0955979
0.0266 0.0985195
0.0265912 0.0994764
0.0261407 0.0974491
0.0262755 0.097776
0.0258008 0.095867
0.0262041 0.0974676
0.0264002 0.0987693
0.0267196 0.100603
0.0271135 0.101289
0.0265411 0.0981533
0.0268847 0.100717
0.0259811 0.0975265
0.0261771 0.0986837
0.0262484 0.097392
0.0265507 0.0983353
0.0262204 0.0970115
0.0268944 0.0999845
0.025961 0.0951214
0.0261296 0.0969641
0.0263268 0.0975534
0.0262977 0.0981109
0.0259073 0.0965865
0.0250651 0.0931836
0.0259354 0.0969749
0.0260406 0.0974735
0.0266441 0.0998043
0.0256668 0.0953676
0.0246991 0.0923871
0.0256614 0.0956684
0.0252829 0.094906
0.0253673 0.0955309
0.0249306 0.0943352
0.0246452 0.094789
0.0248581 0.0962111
0.0250424 0.0960997
0.0260861 0.102202
0.0242956 0.094677
0.0240624 0.0936333
0.0241665 0.0960489
0.0235872 0.0934448
0.0241116 0.096165
0.0249782 0.100217
0.0242901 0.0973592
0.023874 0.0962297
0.0241218 0.0980936
0.0238289 0.0965663
0.023507 0.0965024
0.0234165 0.0967409
0.0232906 0.0958447
0.0240569 0.0993794
0.0227381 0.0952051
0.0233079 0.0982603
0.0232841 0.0993401
0.0233742 0.100453
0.0228412 0.0997387
0.0239983 0.103954
0.0232092 0.101199
0.0228846 0.100616
0.023232 0.101916
0.0227418 0.100091
0.0227498 0.0998729
0.0221978 0.0981635
0.0234109 0.102343
0.022948 0.101385
0.0230602 0.103137
0.0237003 0.106322
0.0231292 0.104077
0.0236965 0.107002
0.0240104 0.108862
0.0239393 0.108058
0.0240785 0.108228
0.0228653 0.104427
0.0233094 0.106381
0.0236502 0.108998
0.0241684 0.111545
0.0237846 0.110962
0.0246374 0.115645
0.0237763 0.112112
0.024197 0.116042
0.0238154 0.113088
0.0229269 0.108604
0.0234928 0.111589
0.0244123 0.117005
0.0239501 0.114432
0.0240203 0.115173
0.022791 0.109797
0.0230407 0.112018
0.0238514 0.114274
0.0239844 0.116501
0.0230946 0.11295
0.0226753 0.111749
0.0229517 0.112679
0.0230024 0.1134
0.0227011 0.112606
0.0230429 0.115657
0.0228004 0.113757
0.0238448 0.11809
0.0234465 0.116806
0.0245481 0.123409
0.024542 0.120327
0.0243682 0.122268
0.0239486 0.121655
0.0247876 0.125873
0.0237456 0.118974
0.024822 0.125442
0.0239727 0.120713
0.0233614 0.117853
0.0242309 0.120591
0.0239426 0.119561
0.0240333 0.120929
0.0240002 0.120967
0.0231888 0.118507
0.0237887 0.12314
0.0242381 0.122235
0.0246334 0.12573
0.0251125 0.127491
0.0251842 0.128509
0.0252545 0.129245
0.0240138 0.123379
0.024485 0.125237
0.0247142 0.126037
0.0247274 0.126484
0.02418 0.123467
0.0237915 0.122157
0.0242031 0.12504
0.0235366 0.121616
0.0239695 0.123483
0.0237317 0.122974
0.0228079 0.11726
0.0235703 0.122238
0.0230805 0.120923
0.0231147 0.120523
0.0224588 0.117289
0.0229237 0.120438
0.0239061 0.12508
0.0226409 0.117147
0.023262 0.122027
0.0229899 0.120485
0.023302 0.122066
0.0233607 0.123469
0.0234935 0.12315
0.0228448 0.120233
0.0231771 0.121978
0.0240365 0.128065
0.0227976 0.119737
0.0229666 0.122034
0.0231385 0.123671
0.023521 0.126266
0.0229752 0.123688
0.0238728 0.128436
0.0253698 0.134578
0.0242312 0.128492
0.0242307 0.130305
0.0242499 0.130612
0.0242921 0.131182
0.0252299 0.138008
0.0240116 0.130896
0.0243236 0.133138
0.025151 0.139071
0.0252283 0.139501
0.0250297 0.138603
0.0244574 0.134912
0.0254096 0.142347
0.0251808 0.138816
0.0254763 0.141199
0.0243391 0.135677
0.0247251 0.137125
0.0244644 0.137577
0.0245395 0.139071
0.0253019 0.143006
0.02506 0.141928
0.0243676 0.135883
0.0244228 0.137847
0.0234555 0.134527
0.0232884 0.132142
0.0239516 0.137703
0.0240396 0.13703
0.0239032 0.135309
0.0233673 0.132866
0.0238321 0.136514
0.0241353 0.137956
0.0243445 0.139466
0.0251907 0.145729
0.0250651 0.145444
0.0254239 0.148998
0.02489 0.147311
0.024862 0.145378
0.0245373 0.143687
0.0228441 0.133149
0.0246783 0.145443
0.024712 0.146986
0.0245874 0.146912
0.0238461 0.143626
0.0239588 0.14434
0.0251199 0.151344
0.0248547 0.14831
0.0244375 0.149879
0.0257691 0.162272
0.0247516 0.154146
0.0248071 0.155351
0.0261971 0.163774
0.0262589 0.164238
0.0263725 0.164814
0.0264949 0.16614
0.0263564 0.166068
0.0270059 0.171298
0.0270567 0.170819
0.0272011 0.172377
0.0270625 0.170895
0.0285228 0.181548
0.0277696 0.177313
0.0283908 0.182275
0.0282673 0.180868
0.0279047 0.178956
0.0284932 0.181523
0.0283513 0.179709
0.0289125 0.183208
0.0283276 0.17499
0.0282162 0.174331
0.0284022 0.177618
0.0286512 0.177379
0.029172 0.177588
0.0290963 0.175132
0.0298463 0.180129
0.0290077 0.176867
0.029859 0.185053
0.0300528 0.187492
0.0294897 0.184295
0.0285324 0.180456
0.0289453 0.184108
0.0290596 0.184797
0.0292992 0.184736
0.0286425 0.182421
0.0294544 0.187789
0.0294004 0.186887
0.0298549 0.188911
0.0294474 0.1875
0.0300257 0.189786
0.0306885 0.193306
0.0303916 0.189469
0.0310335 0.191931
0.0308479 0.190199
0.0301188 0.184014
0.031073 0.188212
0.0316472 0.19205
0.03172 0.189909
0.0321672 0.186596
0.0319619 0.186906
0.0325506 0.189467
0.0323096 0.186623
0.032193 0.190287
0.0318549 0.184417
0.0324434 0.185231
0.0326482 0.187198
0.033009 0.18791
0.0315093 0.17881
0.0320388 0.182976
0.0318087 0.179813
0.0311623 0.172713
0.0310851 0.171316
0.0316033 0.174315
0.0328441 0.18196
0.0328598 0.180674
0.0347832 0.189982
0.0358478 0.193159
0.0351433 0.189718
0.034345 0.187015
0.0342697 0.186501
0.0340723 0.185992
0.033662 0.181037
0.0350704 0.188018
0.0346852 0.184596
0.0342405 0.181984
0.0337098 0.176424
0.033204 0.173753
0.0344219 0.177037
0.0335717 0.172763
0.0327389 0.170685
0.0318683 0.166366
0.0308207 0.15976
0.0317081 0.162296
0.0297369 0.15169
0.0301122 0.152594
0.0306446 0.15673
0.030588 0.157355
0.0312595 0.158443
0.0319369 0.161198
0.0309243 0.15884
0.0318707 0.161504
0.032893 0.163227
0.0324601 0.159943
0.0305295 0.148975
0.0297725 0.147388
0.0311994 0.156531
0.0304851 0.153982
0.0305883 0.155724
0.0303349 0.159829
0.0287276 0.149505
0.0297217 0.152592
0.0289158 0.151466
0.0302517 0.158282
0.0299512 0.1563
0.0300452 0.156571
0.0304881 0.157292
0.0319364 0.16331
0.0313048 0.162715
0.0309664 0.163667
0.0315347 0.164795
0.0310158 0.162099
0.0313008 0.161222
0.0333585 0.171328
0.0329978 0.168528
0.0318412 0.16756
0.0288316 0.160406
0.0292324 0.162891
0.028856 0.158176
0.0296743 0.159748
0.0284325 0.154303
0.0289699 0.158602
0.0283079 0.15221
0.029812 0.160994
0.0296478 0.162033
0.0304364 0.170824
0.0294092 0.159606
0.0294625 0.161791
0.029726 0.162191
0.031331 0.171415
0.0308639 0.171301
0.0301396 0.165973
0.0316024 0.17281
0.0304345 0.164691
0.0305513 0.166933
0.0302702 0.163109
0.0304656 0.166156
0.0301903 0.160502
0.0299271 0.159557
0.0295759 0.155531
0.0291236 0.153838
0.0293514 0.154611
0.0290417 0.152383
0.0274441 0.144401
0.0272742 0.14109
0.0271199 0.140694
0.0271332 0.140309
0.02729 0.139689
0.0265964 0.136407
0.0268341 0.137553
0.02758 0.141787
0.0276233 0.139755
0.0270422 0.136569
0.0275003 0.142548
0.027137 0.138978
0.026382 0.132764
0.0267872 0.1323
0.0266564 0.131428
0.0270344 0.13493
0.0266994 0.133988
0.027465 0.135991
0.027973 0.137892
0.0270033 0.133237
0.0265187 0.131873
0.0278189 0.137924
0.0278056 0.137963
0.0283773 0.138189
0.0274571 0.133857
0.0272536 0.133469
0.027174 0.136767
0.0277372 0.13782
0.026837 0.131271
0.0267898 0.132054
0.0266667 0.130052
0.0274599 0.131962
0.0266628 0.128663
0.0262072 0.123175
0.02625 0.124571
0.0269761 0.126584
0.0274794 0.131067
0.0265441 0.126483
0.0269303 0.126412
0.0267191 0.124951
0.0265161 0.124107
0.0265013 0.123658
0.0261744 0.123015
0.0267337 0.124535
0.0270344 0.126279
0.0276889 0.131364
0.0283838 0.135124
0.0283221 0.136061
0.0278844 0.134971
0.0272075 0.132033
0.0281696 0.136299
0.0271609 0.134758
0.0281127 0.139254
0.027641 0.136303
0.0266956 0.13318
0.0269353 0.133952
0.0257978 0.129944
0.0268399 0.133618
0.0266934 0.133097
0.0263086 0.132489
0.0267777 0.13588
0.0267475 0.133285
0.0261065 0.127269
0.0263782 0.130534
0.0265498 0.131906
0.0262776 0.131795
0.0260608 0.131148
0.0265574 0.131743
0.0264481 0.130132
0.0261715 0.131146
0.0263224 0.130294
0.0263706 0.131424
0.0267951 0.134818
0.0271145 0.135135
0.0269922 0.132551
0.0270833 0.131099
0.0264751 0.132259
0.026334 0.12972
0.026685 0.130193
0.0269925 0.132415
0.0273269 0.133416
0.0264942 0.13021
0.0264884 0.131799
0.0270066 0.134962
0.0263125 0.130996
0.0268718 0.131866
0.0271712 0.133045
0.0272198 0.136211
0.026971 0.131906
0.0270566 0.132367
0.0268956 0.13223
0.0275191 0.132329
0.0275731 0.131534
0.0277326 0.133476
0.0278992 0.133772
0.0282035 0.135168
0.0277632 0.133556
0.0279112 0.134386
0.0276393 0.130942
0.0274775 0.131783
0.0274068 0.132392
0.0277048 0.13297
0.0272272 0.129142
0.0266992 0.125967
0.02661 0.125709
0.0263042 0.123525
0.026616 0.12392
0.0270629 0.126915
0.0272141 0.126962
0.0266336 0.124381
0.0269923 0.125539
0.0284211 0.133142
0.0298511 0.137194
0.0288063 0.133536
0.0299881 0.140075
0.0301121 0.140185
0.0306565 0.142296
0.0309261 0.145217
0.0304225 0.141291
0.0303094 0.141535
0.0312698 0.145141
0.0310453 0.145691
0.0310502 0.14412
0.0308969 0.145158
0.0304565 0.143897
0.0309071 0.147841
0.030197 0.140033
0.0299072 0.137472
0.0300076 0.140342
0.0300129 0.13897
0.0293595 0.136207
0.0297069 0.137077
0.0296799 0.138131
0.0307614 0.141742
0.0298718 0.139748
0.0294836 0.13742
0.0295317 0.13675
0.0299052 0.138534
0.0295716 0.138489
0.0292317 0.137278
0.0291773 0.137793
0.0300508 0.140196
0.0304825 0.140344
0.0306159 0.14331
0.0311581 0.147053
0.0318462 0.151767
0.0310409 0.148486
0.0314797 0.149542
0.0311434 0.146882
0.0311312 0.147223
0.030991 0.146259
0.030737 0.144764
0.0301407 0.142843
0.0297985 0.140879
0.0301058 0.142173
0.0299979 0.141986
0.0301228 0.142328
0.0306859 0.143238
0.0311291 0.146415
0.0307796 0.143604
0.0311713 0.146526
0.0316275 0.14783
0.0316306 0.144737
0.0306979 0.142984
0.0299901 0.137094
0.0307464 0.141989
0.0303314 0.141708
0.0283095 0.128368
0.0289334 0.133424
0.0287624 0.134186
0.0291533 0.135692
0.0299642 0.137179
0.0294367 0.131033
0.0283832 0.13109
0.0289322 0.134261
0.027822 0.130176
0.0284306 0.131112
0.0295373 0.137288
0.0292286 0.134963
0.0290166 0.132167
0.0290513 0.134143
0.0289572 0.131493
0.028885 0.132582
0.0285038 0.12888
0.0282551 0.12935
0.0281177 0.127252
0.0274301 0.124055
0.027954 0.126335
0.0281273 0.127719
0.0293415 0.133314
0.0291209 0.128633
0.028752 0.128008
0.0298571 0.136258
0.0288505 0.133327
0.029642 0.134938
0.0299856 0.136473
0.030269 0.135417
0.030923 0.138699
0.032175 0.144786
0.0303043 0.136438
0.0303127 0.135261
0.030417 0.135704
0.030492 0.137735
0.0286212 0.128298
0.0285166 0.127479
0.0288334 0.130351
0.0287896 0.130697
0.0296118 0.138455
0.0287747 0.134204
0.0284013 0.132018
0.0289916 0.138223
0.028623 0.135369
0.0275562 0.130223
0.0274293 0.128152
0.0280996 0.132371
0.0274948 0.132363
0.0284988 0.136479
0.0285956 0.132458
0.0282981 0.13586
0.0282444 0.134387
0.0275693 0.126873
0.0288692 0.135028
0.0285866 0.132525
0.0286417 0.134449
0.0284313 0.130114
0.02845 0.130329
0.0277312 0.127353
0.0275374 0.125509
0.028058 0.12682
0.028014 0.127818
0.0277572 0.129871
0.0276363 0.128804
0.0257776 0.118502
0.0271569 0.124294
0.0270921 0.12489
0.0271445 0.124915
0.0276413 0.128078
0.0268527 0.125612
0.0268209 0.124414
0.0261782 0.123063
0.026288 0.123327
0.0255072 0.119327
0.025397 0.120851
0.0258066 0.121849
0.0258577 0.122941
0.0258926 0.124632
0.025711 0.125873
0.0259423 0.127629
0.02624 0.128221
0.0262593 0.130288
0.0257129 0.125792
0.0259749 0.127617
0.0254682 0.125741
0.0269888 0.132518
0.0267675 0.132079
0.0260677 0.125816
0.0258501 0.122853
0.0252906 0.122514
0.0255303 0.12387
0.0264736 0.12728
0.0261419 0.126451
0.026512 0.128195
0.026287 0.129892
0.0271366 0.131917
0.0271828 0.133524
0.0271686 0.13319
0.0273167 0.135799
0.0261541 0.127122
0.026672 0.130623
0.0272683 0.133953
0.0265264 0.1297
0.0260254 0.127603
0.0256227 0.12536
0.0251714 0.123537
0.0254552 0.124398
0.025954 0.128819
0.0263407 0.129866
0.0262289 0.127963
0.0261754 0.127035
0.026698 0.129725
0.0266949 0.128375
0.0265387 0.126374
0.0259633 0.123877
0.0259094 0.124065
0.0260011 0.12452
0.0262829 0.127243
0.0266794 0.127528
0.0274071 0.134414
0.0269677 0.131346
0.027448 0.13397
0.0264264 0.12843
0.0263442 0.127564
0.0262411 0.124899
0.026128 0.125598
0.0271378 0.13189
0.0266915 0.128179
0.0259971 0.127171
0.0248217 0.119374
0.0246405 0.117098
0.0251587 0.12233
0.0246445 0.120743
0.0254923 0.126262
0.025621 0.127197
0.0249308 0.124372
0.0255527 0.12827
0.0250937 0.124335
0.0255471 0.126974
0.0247633 0.124191
0.023598 0.119928
0.0244854 0.123257
0.0241611 0.12271
0.0245026 0.124521
0.0235976 0.118188
0.024036 0.122177
0.0238602 0.119941
0.0245453 0.122853
0.0247127 0.126522
0.0238025 0.121794
0.0240577 0.122726
0.0227978 0.11812
0.0232558 0.121258
0.0248929 0.130013
0.024537 0.127126
0.0236439 0.121412
0.0233617 0.122458
0.023984 0.126292
0.0245917 0.129911
0.0243368 0.131588
0.0247768 0.135235
0.0237765 0.129985
0.023247 0.128166
0.0226727 0.126992
0.0227646 0.130634
0.020979 0.118449
0.0219812 0.124143
0.0223944 0.12662
0.022621 0.12882
0.0220291 0.126094
0.0219354 0.127038
0.0227192 0.129906
0.0228771 0.130657
0.0226988 0.131474
0.0225617 0.128528
0.0219399 0.124851
0.0219013 0.128444
0.0216088 0.124449
0.021447 0.12458
0.0207591 0.118784
0.0204201 0.120794
0.0204461 0.122766
0.0191207 0.11385
0.0192879 0.114734
0.0194332 0.116302
0.0210016 0.129188
0.0202802 0.124032
0.0196742 0.121011
0.0195977 0.121162
0.0201484 0.124186
0.019758 0.122082
0.019941 0.122371
0.0195033 0.117971
0.0206256 0.128416
0.0202419 0.125658
0.0203131 0.126287
0.0208644 0.127434
0.0212814 0.13044
0.0202829 0.125382
0.0199719 0.123864
0.0195532 0.120076
0.0197445 0.120156
0.0201802 0.123658
0.0191643 0.118795
0.0180484 0.113805
0.0183349 0.115029
0.0181298 0.113242
0.0185254 0.11733
0.0190065 0.120574
0.0199701 0.126461
0.0203384 0.128859
0.0205824 0.128618
0.0214769 0.13367
0.0213629 0.130008
0.0217459 0.130489
0.021693 0.134149
0.0220236 0.135985
0.0218122 0.136742
0.0219096 0.135632
0.0215354 0.132648
0.021854 0.133646
0.0217999 0.129249
0.0213458 0.129228
0.0215337 0.12805
0.0221435 0.133476
0.0216752 0.129359
0.0220533 0.130515
0.022651 0.135145
0.0223077 0.132295
0.0223437 0.135061
0.021623 0.128413
0.0208503 0.122521
0.0218315 0.127235
0.0210306 0.12363
0.0220851 0.128559
0.0221261 0.124927
0.0212837 0.121539
0.0209201 0.117299
0.0219326 0.122109
0.0215687 0.119288
0.0212699 0.115842
0.0208163 0.114273
0.0208746 0.114557
0.0203602 0.109382
0.0200421 0.105397
0.0209499 0.111186
0.0205588 0.107273
0.0214653 0.111221
0.0219584 0.114781
0.0236715 0.121117
0.0236837 0.123506
0.0243778 0.124959
0.0252836 0.125722
0.0248389 0.12695
0.0257403 0.127461
0.0270488 0.132627
0.0270534 0.130519
0.025703 0.125297
0.0267821 0.128309
0.0263269 0.127342
0.0277272 0.133286
0.0267782 0.129785
0.0258655 0.126082
0.0266703 0.129928
0.026538 0.131913
0.0252805 0.126309
0.0264555 0.131629
0.0255582 0.127125
0.0251038 0.125105
0.0251874 0.127416
0.0254675 0.125143
0.0260564 0.129086
0.0263291 0.1301
0.0260008 0.126111
0.0266121 0.127668
0.027997 0.133461
0.0280403 0.130384
0.026425 0.122713
0.0263086 0.122439
0.0259779 0.121206
0.025275 0.119107
0.0248113 0.118863
0.0243799 0.118221
0.0243321 0.118609
0.0247342 0.119951
0.0257372 0.1254
0.0264908 0.127388
0.0266363 0.12794
0.0274318 0.127817
0.027687 0.131659
0.0283286 0.13111
0.0282102 0.132632
0.0286704 0.135811
0.0277637 0.131587
0.0277426 0.130413
0.0272835 0.127867
0.0285116 0.136871
0.0275968 0.13192
0.0275729 0.131867
0.0281702 0.133894
0.0278531 0.134778
0.0275578 0.129631
0.0278606 0.132502
0.0267018 0.125322
0.0268822 0.127137
0.0273171 0.131751
0.0260983 0.124562
0.026154 0.125673
0.0259244 0.124455
0.0257998 0.121047
0.0262024 0.125455
0.0257947 0.123755
0.0274777 0.127753
0.0276468 0.129249
0.0270833 0.128916
0.0277395 0.128689
0.027705 0.130124
0.0275293 0.125311
0.0279866 0.132055
0.0278128 0.128734
0.0276929 0.130009
0.028195 0.129836
0.0277327 0.127053
0.0284978 0.13224
0.0288478 0.13389
0.0299053 0.140698
0.0299143 0.140678
0.029102 0.136521
0.0291694 0.135716
0.0298094 0.138457
0.0291397 0.13588
0.0294759 0.137039
0.0297822 0.142064
0.0294187 0.138186
0.0297975 0.141704
0.0300168 0.143175
0.0301077 0.1429
0.0303011 0.141924
0.0301841 0.143955
0.0306333 0.146106
0.0293237 0.141207
0.029551 0.144765
0.0299586 0.144675
0.0296944 0.144863
0.0293012 0.141364
0.0292463 0.141977
0.0286114 0.136945
0.0290498 0.140451
0.029713 0.141564
0.0285355 0.135531
0.0289607 0.138115
0.0297995 0.142333
0.0281726 0.130765
0.0290879 0.134928
0.0308808 0.140329
0.0312933 0.141863
0.0303315 0.13851
0.0295829 0.136092
0.0280549 0.130194
0.0278105 0.127935
0.0287205 0.131719
0.0293676 0.135023
0.0284118 0.129888
0.0279053 0.127425
0.0273398 0.127152
0.0281209 0.130456
0.0278576 0.127336
0.0276734 0.127421
0.0273166 0.126178
0.0269494 0.125707
0.0281204 0.133266
0.026993 0.127943
0.0266585 0.126105
0.0269964 0.128291
0.0269092 0.128719
0.0262444 0.124354
0.0258676 0.124229
0.0261965 0.125114
0.0258764 0.12417
0.0252678 0.122199
0.0262189 0.127141
0.0263571 0.128092
0.0254821 0.122499
0.0267257 0.132378
0.0269647 0.132022
0.0274037 0.134382
0.0272952 0.135703
0.0278703 0.138256
0.0282076 0.13956
0.026803 0.130539
0.0274488 0.134001
0.0269349 0.13153
0.0280005 0.135249
0.0274496 0.133078
0.027426 0.132531
0.0266675 0.128836
0.0260766 0.125332
0.026304 0.126386
0.0268719 0.131203
0.0268401 0.130668
0.0254872 0.127398
0.0269384 0.134723
0.0255234 0.128132
0.025551 0.128963
0.0241298 0.123954
0.0241209 0.126442
0.0230737 0.120281
0.0231268 0.121172
0.0222156 0.116408
0.0218163 0.114884
0.0211358 0.111283
0.0216509 0.115102
0.0212659 0.112604
0.0220484 0.116706
0.0216706 0.116603
0.0218106 0.117227
0.021757 0.118171
0.0227917 0.123479
0.0224172 0.121126
0.0218806 0.118219
0.0219769 0.120248
0.0216418 0.118938
0.0215396 0.117316
0.0208224 0.114177
0.0205709 0.113799
0.0208999 0.11486
0.0206422 0.114369
0.0206669 0.114329
0.0209205 0.115819
0.0204569 0.114487
0.0206639 0.115263
0.0206303 0.115552
0.0198148 0.111202
0.0203528 0.115458
0.0197227 0.112821
0.0204771 0.117012
0.0207201 0.118796
0.0201462 0.116141
0.0200176 0.115714
0.0210375 0.124386
0.0213096 0.125928
0.0211406 0.12343
0.0215294 0.124863
0.0221484 0.130664
0.0214807 0.127617
0.0217514 0.126932
0.0211786 0.124312
0.0215633 0.126672
0.0211786 0.12517
0.0215562 0.126334
0.0214988 0.125581
0.0215192 0.127035
0.0213533 0.12552
0.0209631 0.123542
0.021115 0.12454
0.0211326 0.124877
0.0208502 0.123249
0.0205956 0.121365
0.0215002 0.12544
0.0207999 0.121577
0.021034 0.123713
0.0212071 0.125168
0.0209373 0.124026
0.021013 0.123849
0.0213119 0.124681
0.02113 0.124725
0.0213649 0.126148
0.0210732 0.12454
0.0211771 0.12526
0.021461 0.125698
0.0208186 0.122409
0.0212492 0.125092
0.0214562 0.125581
0.0215863 0.127549
0.021234 0.124985
0.0215835 0.127356
0.0218925 0.127764
0.0211199 0.124616
0.0211297 0.124249
0.0212757 0.126187
0.0208502 0.122964
0.0208533 0.123139
0.0211306 0.124646
0.0207481 0.122218
0.0210166 0.123709
0.0211171 0.125107
0.0210619 0.123881
0.020613 0.120902
0.0212229 0.12477
0.0207708 0.122134
0.020412 0.120966
0.0210612 0.123912
0.0209154 0.123204
0.0202661 0.120473
0.0207919 0.122414
0.01999 0.118335
0.0206328 0.120677
0.0200672 0.118861
0.0199616 0.116579
0.0196752 0.115951
0.0195671 0.115696
0.0199905 0.11813
0.0198774 0.117102
0.02011 0.118702
0.0198367 0.117063
0.0195307 0.115347
0.0197675 0.116043
0.0196516 0.116453
0.0202426 0.119577
0.019375 0.113999
0.019857 0.117359
0.0201966 0.118466
0.0198459 0.117784
0.02004 0.117798
0.0200446 0.117791
0.0193166 0.114233
0.020258 0.119454
0.0196896 0.115851
0.0199092 0.117257
