45388
43959
43892
44864
45751
46309
46233
46561
46779
46351
46567
46491
46657
46699
46441
46584
46600
46835
46646
46438
46648
46785
46492
46397
46063
45363
45143
44815
44524
44368
44008
44182
44056
44124
44255
44162
44263
44757
44982
45600
45879
46105
45914
45939
46114
46037
46235
45940
45990
46302
46294
46114
46237
46237
46212
46389
46232
46305
46030
46537
46321
46361
46245
46680
46705
46566
46501
46314
46378
46417
46458
46047
46291
46506
46458
46492
46225
46419
46521
46606
46435
46696
46538
46465
46635
46805
46764
46836
46565
46592
46780
46831
46694
46883
46673
46922
46927
46911
46890
46986
46820
46852
46720
47000
46982
46889
46960
47147
46883
46978
46741
46768
46714
46962
46985
46849
47109
46966
47192
46947
47096
47163
47137
47041
47010
47189
46974
47244
47229
47207
47181
47215
47099
46941
46894
46987
46795
46713
47199
47199
47362
47210
47069
47156
47064
47307
47245
47048
47019
46922
47205
47239
47377
47141
47214
47281
47188
47243
47108
46891
47412
47354
47275
47089
47040
47237
47203
47437
47330
47284
47066
47348
47265
47505
47341
47413
47304
47525
47463
47443
47427
47318
47370
47450
47349
47415
47436
47442
47178
47205
47582
47485
47265
47304
47380
47605
47335
47537
47287
47443
47697
47235
47467
47756
47419
47630
47554
47447
47822
47847
47890
47474
47746
47604
47751
47746
47622
47776
47750
47552
47532
47632
47635
47866
47762
47779
47736
47574
47532
47853
47895
47919
47732
48123
47523
47741
47921
47646
48056
47723
47905
47782
47873
47933
47687
47828
47588
48030
48092
47836
47662
48057
47804
47828
47660
47833
48283
48077
47841
47915
48012
47989
48056
47995
48081
48002
47853
47805
47856
47854
47898
47778
47893
48123
48113
47719
48225
47951
47917
48083
47865
48151
48122
47962
48002
48421
47799
48241
48043
48131
47928
48377
48224
48488
48344
48465
48420
48386
48548
48769
48457
48352
48158
48140
48501
48612
48185
48121
48235
48604
48623
48508
48589
48564
48710
48493
48771
48544
48662
48849
48582
48502
48568
48705
48601
48917
48879
48870
48299
48865
49059
48952
48711
48821
48676
48822
48815
48648
48792
48965
48529
48670
48980
48734
48430
48586
48597
48884
48822
48658
48516
48583
48601
49057
48560
48958
48661
48721
48823
48722
48642
48555
48691
48718
48757
48878
48860
48812
48922
48492
48578
48829
48627
48934
48945
48816
48673
48749
48891
48880
48757
48524
48720
48755
48884
48777
48810
48750
48765
49227
48926
48601
48780
48781
48825
48699
48831
48768
48677
48825
48953
48902
48697
48643
48529
48712
48687
48655
48683
48534
48692
48763
48548
48766
48688
48565
48765
48628
48529
48615
48506
48311
48512
48629
48394
48537
48413
48387
48416
48459
48180
48357
47992
48142
48166
47970
47838
48041
48236
47916
47688
47906
47641
47777
47594
47351
47249
47382
47351
47298
47050
47282
47304
47157
47053
47099
46982
47246
46880
46888
47109
46909
47100
46810
46773
47022
47021
46984
46796
46859
47227
46766
46759
47028
46886
46632
46793
47067
46660
46858
46888
46756
46551
46549
46246
46260
46280
46134
46180
45867
45683
46128
45770
45772
46220
46048
45796
45757
45868
45985
46228
45913
46127
46318
45798
46000
46097
46295
45959
46372
46343
46535
46850
46553
46574
46892
47034
46706
46489
46347
46657
46455
46945
46692
46664
46685
46226
45997
46048
45967
44964
45194
45235
45579
45706
45596
45671
45591
45740
45354
45546
45452
45474
45598
45034
44432
44498
44629
44681
44429
43673
43707
43912
44188
45471
45258
45086
45258
45652
45599
45747
45854
45602
45899
46244
46364
46525
46663
47110
47645
47623
47939
47854
47968
48087
47863
48117
48012
47968
48209
48000
48207
48104
48304
48133
48003
48390
48185
48042
48003
47962
47854
47905
47722
47784
48131
47939
48016
48316
47939
47772
48117
47953
47940
47538
47820
48067
48171
47914
48068
48302
48150
48143
48082
47964
48419
47783
47854
48184
47790
48093
47820
47809
47642
47543
47495
47528
47668
47560
47697
47781
47853
48047
47523
47719
47873
47707
47756
47802
47802
47741
47689
47668
47536
47615
47571
47607
47581
47821
47338
47800
47450
47515
47658
47576
47310
47520
47743
47619
47330
47717
47499
47633
47568
47655
47430
47708
47624
47539
47273
47567
47517
47240
47365
47345
47349
47370
47509
47257
47541
47639
47543
47573
47526
47567
47501
47749
47415
47445
47255
47121
47495
47324
47067
47316
47252
47290
47233
47177
47432
47411
47330
47318
47246
47254
47379
47303
47157
47313
47288
47313
47242
47329
47271
47202
47503
47518
47339
47149
47478
47380
47297
47087
47109
47263
46922
47070
47228
47205
47201
47348
47175
47272
47610
47452
47333
47370
47240
47253
47030
47304
47223
47269
47296
47267
47249
47095
47047
47122
47281
47423
47233
47223
47220
47211
47041
47121
47062
47330
47043
47111
47158
47035
46841
46906
46965
47230
46664
46970
46965
47271
47114
46988
47024
46897
46893
47156
47243
47311
46993
46891
47076
47046
46996
47063
46885
46890
47413
47346
47507
47357
47324
47095
47503
47431
47296
47318
47195
47280
47247
47266
47299
47109
47050
47134
47096
47065
47095
47027
47188
47155
47303
47329
47134
47023
47320
47376
47610
47742
47463
47635
47322
47516
47171
47391
47336
47388
47645
47490
47218
47031
47097
47161
47471
47353
47483
47300
47582
47488
47238
47179
47510
47488
47476
47353
48045
47739
47590
47526
47578
47601
47726
47569
47536
47395
47731
47276
47493
46933
47411
47307
47200
47214
47259
47396
47421
47217
47265
47214
47390
46998
47112
47221
47216
47229
47351
47206
47313
47660
47361
47578
47475
47583
47461
47692
47588
47502
47520
48055
47716
47661
47680
47750
47420
47720
47443
47504
47506
47684
47677
47724
47730
47403
47520
47581
47428
47365
47333
47500
47262
47568
47447
47458
47486
47619
47768
48003
47699
47755
47959
47933
48083
47976
48445
47858
48536
48360
48445
47979
47992
48371
48063
48165
48165
48282
48175
48185
48118
48242
48436
48443
48402
48532
48365
48294
48312
48446
48563
48468
48483
48368
48513
48580
48370
48214
48208
48204
48194
48222
48234
48148
48005
48308
48377
48495
48902
48184
48472
47921
48275
47615
47972
48250
48005
48258
48156
48298
48369
48291
48282
48009
48233
48263
48449
48088
47642
47323
47418
47569
47579
47655
47426
47642
47450
47542
47425
47239
46998
47103
47121
47092
47343
47184
47280
47174
47203
47193
47233
47252
47210
47352
47283
47206
47366
47230
47098
47695
47443
48159
47276
47589
47476
47460
47422
47398
47503
47455
47475
47194
47280
47035
47211
47386
47303
47208
47073
47379
47135
47134
47055
46898
46773
47220
47328
47208
47314
47578
47184
47497
47571
47355
47307
47375
47578
47333
47666
47335
47330
47326
47362
47219
47493
47311
47557
47153
47320
47513
47487
47568
47449
47136
47417
46951
47768
47617
47469
47282
46727
46898
47358
47259
47243
46977
47118
47107
47164
46632
47144
46975
47095
47308
47065
47248
47097
47288
47184
47367
47353
46959
47409
46880
46996
47133
46728
46911
46816
46919
46908
47608
46587
46616
46530
46837
46745
46869
46953
46832
47041
47014
46941
46901
47077
46747
46787
46791
46738
47220
46954
47056
46989
47160
46621
46996
46802
46782
46858
46824
46725
46935
46778
46928
46892
46813
46197
46911
47092
46799
47224
47131
47161
47256
47290
47278
47286
47262
47500
47391
47264
47304
47597
47804
47682
47305
47576
47454
47525
47649
47419
47805
47641
47593
47401
47497
47786
47560
47621
47564
47561
47710
47474
47503
47944
47561
47965
47663
47828
47751
47858
48152
47772
47870
47795
48175
47950
47951
47973
47859
47784
47782
47770
48236
48002
47989
48070
48030
48105
48020
48046
48029
47970
48380
47905
48018
48189
48320
48210
48213
48307
48227
48226
48237
47865
47808
47942
47907
47779
48059
47942
48083
48153
48002
47940
47908
47867
48302
47954
48125
47920
47952
48109
48003
47955
48258
47807
48074
47691
48238
47942
48030
48142
48273
48296
48384
48143
48027
48008
48444
48067
48000
48245
48028
48423
48054
47993
48197
47981
47995
48018
