44988      6267
43578      5995
43516      5905
44477      5919
45377      5927
45934      5975
45866      6030
46178      5964
46386      6066
45965      6023
46186      6114
46119      6096
46260      6151
46324      6158
46051      6118
46201      6040
46207      6053
46431      6060
46224      6064
46007      6058
46256      6051
46364      6117
46098      6080
46004      6153
45659      6143
44964      6162
44748      6209
44434      6231
44153      6253
44031      6306
43683      6400
43828      6315
43707      6287
43787      6341
43895      6271
43809      6317
43914      6290
44354      6302
44593      6306
45228      6307
45448      6347
45737      6440
45510      6442
45533      6418
45748      6433
45650      6445
45823      6423
45547      6401
45589      6422
45894      6362
45893      6398
45707      6384
45848      6423
45840      6421
45839      6452
46008      6390
45869      6411
45907      6394
45661      6427
46136      6513
45913      6517
45976      6582
45861      6484
46301      6465
46332      6392
46194      6339
46136      6391
45992      6396
46012      6336
46056      6322
46071      6226
45671      6223
45935      6296
46151      6354
46097      6345
46159      6335
45874      6332
46046      6322
46143      6294
46256      6259
46093      6253
46333      6272
46179      6228
46118      6132
46273      6088
46457      6105
46395      6027
46446      6025
46172      6024
46197      6062
46400      6001
46445      5971
46328      5943
46502      5898
46290      5976
46510      5952
46550      5916
46535      5880
46461      5946
46614      5977
46440      5911
46471      5953
46342      5912
46589      5884
46601      5836
46495      5813
46528      5867
46706      5877
46454      5887
46557      5866
46315      5886
46348      5909
46277      5855
46547      5886
46555      5853
46431      5913
46662      5781
46527      5797
46737      5729
46524      5735
46657      5720
46721      5765
46682      5625
46577      5613
46565      5621
46731      5685
46525      5641
46788      5713
46808      5689
46740      5686
46748      5709
46790      5696
46664      5641
46522      5581
46470      5576
46538      5601
46348      5629
46271      5588
46771      5636
46760      5664
46928      5665
46772      5632
46620      5629
46704      5600
46615      5619
46818      5629
46767      5642
46601      5640
46566      5606
46454      5564
46754      5600
46748      5640
46922      5642
46683      5642
46782      5693
46855      5722
46737      5732
46785      5721
46667      5668
46437      5617
46963      5641
46883      5638
46827      5645
46639      5624
46596      5593
46785      5612
46757      5623
46974      5634
46884      5596
46828      5610
46637      5541
46845      5533
46778      5502
47015      5537
46841      5515
46929      5613
46784      5599
47031      5687
46962      5694
46939      5647
46935      5632
46807      5532
46865      5550
46918      5514
46827      5538
46902      5419
46900      5438
46935      5512
46637      5566
46718      5631
47046      5739
46954      5718
46762      5675
46794      5619
46873      5624
47080      5578
46821      5547
46974      5521
46742      5470
46861      5439
47131      5408
46716      5368
46923      5345
47185      5358
46849      5291
47057      5362
46967      5383
46898      5398
47277      5415
47301      5380
47326      5387
46913      5367
47189      5349
47069      5311
47192      5344
47192      5266
47055      5287
47215      5292
47168      5314
46989      5231
46969      5243
47040      5214
47065      5194
47323      5252
47189      5220
47189      5270
47137      5241
47000      5268
46930      5287
47260      5308
47267      5320
47305      5339
47118      5303
47545      5256
46924      5253
47146      5167
47318      5208
47048      5198
47458      5224
47152      5229
47312      5223
47188      5171
47245      5141
47346      5146
47112      5164
47223      5163
46995      5130
47426      5143
47482      5048
47264      5019
47078      5016
47425      5067
47164      5013
47177      5042
47013      5076
47207      5173
47650      5242
47461      5215
47215      5224
47294      5187
47401      5206
47338      5279
47411      5246
47371      5189
47496      5232
47383      5168
47251      5240
47176      5204
47223      5100
47236      5091
47282      5060
47178      4967
47287      4961
47511      4911
47506      4885
47132      4913
47601      4871
47369      4822
47311      4863
47460      4827
47239      4863
47569      4837
47536      4770
47356      4757
47431      4765
47847      4751
47239      4748
47655      4689
47482      4679
47535      4609
47372      4619
47821      4616
47632      4558
47901      4527
47742      4505
47867      4489
47833      4438
47800      4357
47980      4444
48189      4428
47867      4440
47760      4412
47585      4368
47599      4390
47906      4349
48000      4324
47593      4325
47552      4299
47672      4218
48014      4204
48005      4220
47911      4259
47986      4220
47936      4177
48101      4126
47878      4013
48130      3973
47923      3914
48041      3879
48208      3821
47947      3814
47863      3822
47900      3814
48085      3769
47944      3771
48233      3797
48178      3808
48210      3776
47653      3713
48251      3734
48364      3701
48259      3650
48006      3653
48156      3638
47986      3626
48175      3596
48113      3601
47978      3606
48125      3638
48293      3636
47846      3662
47994      3628
48289      3642
48042      3643
47747      3606
47903      3593
47908      3598
48162      3558
48103      3556
47924      3517
47821      3467
47863      3460
47863      3455
48296      3450
47857      3504
48222      3479
47935      3476
48011      3450
48117      3450
48003      3425
47932      3406
47828      3387
47970      3380
48008      3358
48046      3343
48177      3336
48119      3351
48097      3344
48215      3328
47804      3313
47868      3343
48069      3311
47880      3321
48196      3320
48182      3258
48078      3281
47903      3252
48006      3285
48136      3326
48129      3314
47991      3304
47762      3325
47959      3280
48009      3263
48154      3203
48004      3244
48098      3217
47999      3177
48025      3150
48476      3095
48179      3068
47934      3116
48075      3110
48075      3097
48109      3037
47975      3009
48092      2934
48034      2955
47947      2924
48102      2938
48211      2914
48165      2920
47997      2896
47911      2930
47835      2900
48016      2900
48029      2881
47934      2884
47981      2914
47787      2898
47978      2904
48035      2929
47804      2935
48059      2959
47943      2940
47827      2964
48040      2933
47884      2953
47786      2926
47856      2975
47813      2952
47644      2949
47807      2889
47946      2883
47730      2878
47865      2882
47749      2859
47726      2870
47710      2821
47709      2848
47503      2862
47657      2866
47342      2912
47448      2910
47491      2884
47300      2930
47209      2912
47334      2910
47582      2852
47246      2849
46992      2836
47228      2799
46985      2828
47101      2825
46965      2801
46691      2746
46620      2732
46732      2711
46725      2722
46655      2748
46448      2718
46669      2742
46697      2728
46540      2720
46457      2745
46525      2713
46408      2710
46694      2651
46319      2729
46325      2702
46542      2693
46353      2723
46554      2738
46278      2724
46261      2728
46524      2688
46486      2638
46441      2658
46288      2699
46347      2668
46745      2667
46236      2620
46229      2703
46544      2652
46384      2635
46145      2638
46281      2633
46560      2677
46126      2645
46335      2623
46411      2671
46292      2701
46071      2709
46075      2746
45802      2773
45820      2803
45858      2921
45731      2993
45810      3008
45492      3048
45299      3078
45742      3064
45387      3053
45388      3034
45819      3046
45673      3053
45400      3038
45394      3106
45495      3100
45612      3103
45847      3152
45563      3125
45736      3124
45963      3191
45461      3231
45636      3256
45722      3340
45943      3424
45583      3362
45984      3399
45976      3401
46183      3441
46511      3453
46197      3385
46255      3452
46566      3484
46698      3477
46339      3428
46122      3387
45979      3349
46290      3383
46104      3375
46583      3543
46361      3546
46349      3636
46376      3610
45922      3463
45669      3478
45696      3399
45638      3483
44588      3449
44790      3458
44764      3498
45103      3576
45209      3436
45105      3424
45189      3472
45132      3445
45293      3438
44935      3494
45108      3527
45048      3560
45089      3466
45194      3447
44695      3525
44073      3461
44115      3433
44299      3422
44289      3347
44096      3377
43317      3367
43344      3406
43569      3428
43818      3246
45079      3252
44882      3335
44724      3270
44876      3422
45291      3493
45232      3417
45367      3387
45475      3394
45232      3484
45557      3435
45895      3481
46005      3574
46191      3677
46356      3716
46809      3751
47329      3732
47331      3694
47643      3745
47547      3800
47642      3771
47752      3783
47515      3744
47756      3781
47663      3857
47599      3740
47837      3780
47626      3790
47820      3933
47714      3936
47912      3910
47733      3891
47632      3919
48026      4057
47840      4081
47701      3959
47660      3992
47611      3972
47500      3952
47542      4110
47327      4096
47401      4215
47743      4064
47574      4022
47664      4019
47933      4059
47567      4161
47374      4042
47741      4083
47592      4008
47576      3979
47213      4031
47444      4032
47725      4015
47837      4000
47565      4061
47700      4129
47948      4043
47768      3906
47766      3891
47684      3884
47609      3959
48019      3971
47376      3983
47464      4035
47817      4035
47412      3990
47691      4068
47397      3991
47373      3913
47216      3959
47104      4057
47062      3985
47073      3936
47229      3811
47119      3825
47217      3767
47307      3800
47397      3797
47606      3727
47070      3656
47282      3611
47391      3610
47238      3626
47279      3606
47367      3590
47341      3597
47275      3647
47237      3583
47205      3643
47035      3650
47131      3659
47156      3620
47154      3601
47116      3666
47367      3673
46883      3682
47319      3685
46974      3722
47058      3702
47164      3676
47153      3600
46833      3648
47024      3826
47182      3827
47084      3856
46806      3771
47193      3912
46953      3917
47082      3951
47042      3788
47160      3753
46887      3767
47193      3767
47091      3855
47014      3827
46720      3888
47046      3806
46980      3717
46721      3732
46814      3849
46823      3849
46820      3923
46876      3902
46976      3970
46745      3867
47019      3948
47105      3892
47054      3925
47080      3994
46976      4000
47025      4003
46985      4155
47254      4149
46925      4068
46944      4138
46789      4131
46654      4053
46996      4247
46851      4230
46603      4091
46841      4257
46807      4276
46811      4205
46754      4187
46695      4134
46981      4265
46984      4136
46912      4244
46887      4195
46817      4257
46831      4112
46960      4102
46907      4070
46767      4145
46917      4080
46911      4097
46936      4204
46813      4105
46941      3983
46884      4019
46771      4192
47123      4142
47116      4188
46952      4156
46745      4163
47097      4077
46970      4090
46922      4075
46699      4059
46748      4103
46905      4125
46563      4019
46703      4067
46853      4103
46844      4174
46833      4232
46998      4264
46799      4227
46902      4161
47236      4144
47059      4106
46955      4117
46996      4054
46873      4046
46892      4067
46680      4082
46956      4083
46845      4135
46899      4116
46888      4256
46835      4241
46787      4172
46661      3976
46631      4166
46713      4171
46849      4193
46984      4088
46803      4045
46803      4074
46783      4112
46787      4146
46606      4114
46678      3956
46610      4048
46883      4174
46605      4101
46655      4091
46669      4182
46583      4144
46370      4150
46417      4218
46491      4134
46763      4070
46198      4100
46506      4175
46513      4249
46826      4265
46674      4293
46539      4300
46543      4271
46407      4184
46415      4169
46690      4253
46774      4172
46830      4202
46533      4255
46453      4079
46640      4234
46624      4291
46568      4347
46616      4444
46424      4281
46449      4255
46966      4193
46910      4169
47048      4272
46912      4192
46890      4117
46640      4029
47077      4050
46984      3884
46868      3918
46867      3889
46756      4081
46843      4173
46818      3910
46846      4019
46896      4009
46691      4144
46622      4163
46714      4268
46677      4206
46637      4208
46663      4155
46599      4203
46783      4243
46730      4157
46898      4163
46921      4092
46725      4128
46607      4046
46897      4033
46954      4051
47222      4116
47367      4160
47063      4087
47227      4043
46924      4109
47149      4014
46841      3944
47036      3994
46981      3979
47008      3962
47260      3907
47126      3930
46853      4040
46683      4149
46754      3995
46806      4065
47103      3912
47012      3993
47124      3981
46940      3990
47231      3984
47124      4027
46867      3973
46817      4032
47143      4055
47091      3927
47078      3766
46969      3859
47678      3857
47382      3840
47234      3726
47167      3764
47200      3809
47218      3845
47332      3718
47200      3738
47185      3691
47014      3766
47342      3829
46867      3800
47119      3828
46537      3742
47042      3717
46935      3677
46810      3780
46840      3790
46877      3804
46984      3829
47005      3804
46840      3723
46857      3755
46828      3747
46993      3826
46572      3784
46696      3705
46791      3716
46789      3729
46858      3865
47002      3820
46841      3899
46945      3983
47306      4045
47031      4081
47231      3953
47125      4003
47238      3838
47119      3871
47320      3753
47225      3717
47153      3748
47198      3769
47693      3875
47377      3778
47336      3752
47345      3706
47403      3762
47076      3748
47340      3702
47093      3810
47154      3660
47141      3661
47339      3747
47341      3634
47387      3681
47395      3670
47076      3687
47188      3761
47243      3713
47047      3594
47013      3573
46979      3552
47167      3481
46954      3542
47238      3480
47119      3332
47169      3349
47183      3308
47350      3357
47501      3274
47748      3345
47453      3288
47502      3330
47720      3298
47697      3341
47827      3305
47710      3354
48189      3352
47578      3254
48263      3108
48092      3178
48195      3266
47722      3183
47730      3223
48112      3124
47799      3129
47935      3188
47914      3242
48034      3244
47922      3232
47936      3238
47863      3120
47999      3175
48211      3150
48222      3203
48212      3150
48335      3064
48160      2993
48077      2937
48111      2969
48227      2985
48352      3008
48255      3002
48275      3069
48135      3109
48296      3246
48348      3215
48114      3143
47963      3230
47969      3165
47952      3082
47949      3030
47987      3023
48010      3034
47924      3049
47780      3050
48082      3134
48142      3220
48247      3145
48644      3135
47967      3009
48258      3106
47714      3166
48055      3216
47410      3430
47758      3492
48041      3287
47787      3257
48010      3252
47896      3332
48057      3267
48103      3326
47991      3300
47990      3334
47699      3254
47934      3227
47955      3262
48144      3292
47795      3254
47339      3317
47006      3316
47088      3260
47220      3348
47214      3321
47311      3414
47097      3388
47298      3467
47079      3511
47145      3386
47037      3431
46844      3512
46597      3430
46698      3551
46703      3577
46701      3604
46950      3625
46821      3751
46905      3792
46797      3888
46808      3783
46781      3899
46831      3840
46858      3880
46823      3916
46959      3904
46911      3858
46831      3803
46977      3772
46839      3795
46718      3794
47308      3819
47054      3768
47778      3817
46930      3757
47227      3820
47121      3800
47075      3782
47064      3962
47021      3885
47129      3951
47074      4012
47074      3965
46817      4002
46867      3889
46630      3857
46786      3811
46985      3870
46859      3795
46760      3784
46655      3832
46987      3919
46772      3893
46747      3981
46685      3947
46504      4068
46388      3936
46837      3826
46940      3855
46814      3776
46927      3854
47185      3801
46783      3810
47112      3829
47193      3753
47008      3740
46933      3891
47002      3910
47188      4073
46950      3868
47278      3868
46951      4082
46934      3918
46942      3930
46989      3813
46842      3951
47116      4133
46931      4070
47147      4122
46780      3961
46921      3814
47130      3997
47094      4062
47181      4113
47068      4021
46741      4008
47005      3960
46522      3876
47343      3952
47227      4210
47048      4246
46853      4085
46311      3968
46487      4089
46929      4071
46825      4170
46805      4105
46536      3991
46685      3966
46627      3888
46716      4010
46189      3942
46668      3876
46539      3933
46621      3858
46834      3890
46624      3892
46806      3894
46643      3902
46851      3940
46745      3768
46932      3813
46890      3854
46503      3919
46952      3893
46391      3989
46524      4054
46660      4090
46259      4133
46414      3986
46350      4007
46459      4004
46475      3921
47150      3921
46154      3993
46178      3994
46074      4031
46371      4039
46311      4021
46449      4000
46512      3922
46395      3944
46625      3975
46587      3897
46501      3858
46478      3864
46638      3831
46309      3802
46362      3756
46351      3777
46292      3692
46795      3695
46529      3562
46622      3660
46524      3695
46736      3786
46203      3778
46539      3734
46371      3728
46324      3714
46450      3723
46396      3709
46291      3699
46485      3600
46319      3743
46477      3677
46481      3758
46404      3835
45787      3837
46480      3766
46677      3738
46391      3749
46822      3719
46715      3748
46716      3620
46847      3724
46861      3648
46877      3574
46858      3590
46861      3533
47083      3574
46996      3512
46877      3487
46933      3562
47194      3432
47422      3464
47307      3532
46941      3563
47209      3510
47072      3504
47147      3485
47303      3445
47071      3454
47456      3463
47311      3502
47265      3441
47092      3376
47195      3419
47483      3386
47256      3434
47321      3468
47269      3452
47253      3346
47403      3346
47147      3288
47193      3328
47590      3239
47262      3241
47659      3264
47366      3241
47535      3201
47444      3149
47572      3217
47868      3266
47489      3320
47596      3300
47507      3271
47900      3247
47671      3221
47672      3269
47683      3222
47578      3220
47488      3196
47475      3171
47472      3170
47934      3173
47694      3214
47712      3195
47771      3169
47720      3174
47819      3136
47744      3155
47770      3178
47779      3189
47715      3214
48066      3197
47624      3225
47719      3243
47901      3239
48027      3224
47920      3205
47919      3183
48005      3194
47936      3173
47930      3186
47954      3202
47571      3253
47536      3223
47646      3226
47611      3225
47502      3247
47770      3227
47662      3244
47827      3243
47880      3258
47735      3262
47661      3236
47649      3227
47593      3227
48036      3242
47680      3187
47862      3227
47655      3213
47668      3179
47858      3235
47738      3221
47655      3189
48002      3203
47536      3183
47791      3207
47419      3208
47960      3217
47660      3243
47742      3199
47867      3220
47985      3218
48015      3203
48097      3213
47864      3223
47763      3187
47700      3206
48174      3223
47785      3182
47724      3206
47974      3213
47742      3184
48146      3217
47758      3213
47704      3182
47924      3223
47698      3188
47711      3196
47741      3206
