0.0390549 0.280357
0.0385975 0.280567
0.0382158 0.281626
0.038874 0.29211
0.0380149 0.291041
0.0376192 0.289205
0.0371953 0.282919
0.0376586 0.291583
0.0368861 0.282064
0.037398 0.285406
0.0376954 0.284756
0.0376201 0.284613
0.0379594 0.285482
0.0376695 0.283371
0.0385877 0.290454
0.0382459 0.29255
0.0386305 0.294895
0.0378626 0.290099
0.0391788 0.298648
0.0394723 0.299769
0.0377465 0.288547
0.038284 0.290175
0.0377674 0.286349
0.0372142 0.278238
0.0376049 0.279505
0.0370519 0.270367
0.0371637 0.267837
0.0385291 0.274755
0.0385704 0.272349
0.0386092 0.269585
0.0384131 0.262188
0.0395409 0.274426
0.0390098 0.271195
0.0385731 0.266362
0.0390477 0.273322
0.0388733 0.26959
0.0398734 0.278378
0.041056 0.288956
0.0404324 0.285918
0.0394225 0.282702
0.0408599 0.292579
0.0407766 0.289596
0.0403867 0.285315
0.0403444 0.286226
0.0386902 0.275144
0.0399781 0.283165
0.0403509 0.287872
0.0408589 0.290736
0.0393077 0.279041
0.0393515 0.283873
0.0379361 0.272116
0.0383092 0.274279
0.0378424 0.270123
0.0395724 0.282511
0.0386134 0.274334
0.039015 0.280908
0.0386754 0.276712
0.0393186 0.282296
0.0384354 0.273067
0.0389934 0.276217
0.0397273 0.279883
0.0393466 0.27484
0.0390746 0.276373
0.0383361 0.274555
0.0386342 0.280038
0.0381435 0.277962
0.0383215 0.276639
0.0378979 0.272514
0.0380988 0.276673
0.0376932 0.274597
0.0390484 0.28895
0.0387117 0.284107
0.0381409 0.278272
0.037529 0.272584
0.0377031 0.273916
0.0368726 0.268666
0.03684 0.266898
0.0382444 0.278551
0.0365169 0.267715
0.0372708 0.275443
0.0373593 0.275388
0.0373384 0.275829
0.037961 0.281471
0.0379028 0.285062
0.0371923 0.282687
0.0373894 0.284521
0.0373747 0.287705
0.037226 0.286971
0.0375119 0.287517
0.0372535 0.2839
0.0369612 0.285786
0.0366886 0.285379
0.0359826 0.280498
0.0352673 0.27806
0.0356665 0.276272
0.0365513 0.285618
0.0352954 0.277721
0.0357151 0.282653
0.0360517 0.281702
0.0358047 0.279237
0.0359819 0.282693
0.0361301 0.282043
0.0363385 0.284844
0.0370688 0.293508
0.0358147 0.285984
0.0360899 0.288663
0.0369885 0.293336
0.0381321 0.303046
0.0382529 0.301852
0.0382112 0.303273
0.0378063 0.297486
0.0378441 0.296835
0.0377293 0.298207
0.0382839 0.302752
0.038041 0.30258
0.0376042 0.295282
0.0375037 0.302716
0.0372042 0.298603
0.0377217 0.307733
0.037572 0.304795
0.037272 0.304021
0.0379487 0.307546
0.0373377 0.309867
0.0386457 0.320684
0.0386771 0.320406
0.0386467 0.317678
0.038431 0.316965
0.0391767 0.320847
0.0378781 0.311654
0.0387249 0.318326
0.0375203 0.307234
0.036931 0.303371
0.0375664 0.31076
0.0376596 0.313922
0.0386056 0.321736
0.0382053 0.317443
0.038362 0.315864
0.0382961 0.317108
0.0380364 0.315649
0.0376818 0.311088
0.0379944 0.31474
0.0381425 0.316761
0.0385028 0.318884
0.0380481 0.317321
0.0377132 0.312867
0.0384254 0.319595
0.0388308 0.321872
0.0375958 0.310638
0.0382038 0.317339
0.0386404 0.32261
0.0382641 0.319464
0.0380337 0.315248
0.0370402 0.308047
0.0378296 0.31301
0.0369159 0.303355
0.0361968 0.2964
0.0364807 0.297453
0.037341 0.305366
0.036214 0.298165
0.037707 0.311732
0.0375615 0.312711
0.0374549 0.311458
0.0372221 0.308769
0.0372435 0.308855
0.0371491 0.309494
0.0374052 0.311832
0.0363368 0.302152
0.0370205 0.308662
0.0373688 0.313081
0.0369224 0.3082
0.0367948 0.309691
0.0372932 0.315742
0.0370473 0.314976
0.0381155 0.323641
0.03862 0.328014
0.0379509 0.317299
0.0373846 0.312377
0.0381025 0.315105
0.0373919 0.308395
0.0371333 0.308659
0.0372643 0.310547
0.0372807 0.315437
0.0381735 0.322342
0.0393026 0.334421
0.0376706 0.318527
0.0378875 0.32792
0.0392324 0.33836
0.038287 0.326016
0.0388747 0.325728
0.0376728 0.312555
0.0381967 0.313121
0.0381863 0.313571
0.0389633 0.321057
0.0387229 0.322477
0.0385723 0.321479
0.038785 0.327357
0.0382734 0.323058
0.0392558 0.333997
0.0387874 0.331444
0.0391157 0.33701
0.0391462 0.341161
0.0383809 0.334016
0.0390427 0.34275
0.0393345 0.346398
0.0396807 0.351351
0.039569 0.347258
0.0392616 0.34256
0.0396605 0.344572
0.0386023 0.337027
0.0388364 0.34145
0.0389638 0.342306
0.039051 0.341345
0.0392676 0.34642
0.039219 0.34758
0.0392863 0.346931
0.0392439 0.35169
0.0402295 0.358048
0.03878 0.345994
0.0401331 0.356229
0.0388176 0.348691
0.0397496 0.356094
0.0409226 0.369198
0.0393923 0.35695
0.0391564 0.352818
0.0390981 0.353448
0.0400941 0.359013
0.0400747 0.360427
0.0388298 0.346431
0.0396335 0.351806
0.0393356 0.350226
0.0397529 0.353195
0.0395307 0.350253
0.0396239 0.352065
0.0389736 0.352549
0.0384451 0.343423
0.0386671 0.352816
0.0379771 0.345046
0.0380888 0.344748
0.0386447 0.351072
0.038132 0.343852
0.0387428 0.350948
0.0395228 0.360665
0.0402371 0.369772
0.0388628 0.357559
0.0388012 0.353989
0.0389429 0.356188
0.0391531 0.358674
0.039472 0.36399
0.0399099 0.375396
0.0395438 0.372385
0.0392752 0.36862
0.0405693 0.379712
0.0399033 0.375424
0.0403375 0.37743
0.0403718 0.373916
0.0401635 0.366518
0.0398531 0.362266
0.0402225 0.366059
0.0395637 0.35758
0.0396033 0.361095
0.0395561 0.360161
0.0404115 0.362379
0.0398642 0.360274
0.0385679 0.352091
0.0385717 0.350153
0.0394445 0.361649
0.039724 0.358206
0.039342 0.356649
0.0384347 0.355882
0.0390804 0.362601
0.0386405 0.361067
0.0384077 0.364808
0.0380654 0.36283
0.0378439 0.366117
0.0379531 0.369089
0.0378087 0.362711
0.039537 0.386368
0.0368807 0.362298
0.0371795 0.361711
0.0376106 0.369795
0.0371515 0.360888
0.0366415 0.360347
0.0376136 0.374843
0.0373976 0.372293
0.0362 0.360336
0.0364077 0.36666
0.035966 0.357835
0.0360928 0.366816
0.0355082 0.360333
0.0361208 0.372532
0.0360762 0.369994
0.0346291 0.358752
0.0360262 0.376481
0.0358239 0.379059
0.0362783 0.384462
0.0356195 0.379817
0.0365647 0.394096
0.0357531 0.392242
0.0349937 0.377813
0.0355475 0.386856
0.0353479 0.381081
0.0354271 0.3835
0.0345067 0.375916
0.0350428 0.379954
0.0356532 0.392734
0.0361042 0.400786
0.0364339 0.400925
0.0353718 0.391254
0.0357862 0.404457
0.0365935 0.417935
0.0371211 0.422275
0.0368391 0.414417
0.0357188 0.406161
0.0367156 0.421355
0.0366105 0.426806
0.037324 0.445303
0.0374195 0.45331
0.037915 0.464231
0.0370101 0.458366
0.0378153 0.4771
0.0373746 0.469848
0.0365836 0.458137
0.0377662 0.474305
0.0376209 0.479968
0.0379818 0.482896
0.0385421 0.489597
0.0376728 0.476628
0.0370463 0.472987
0.0377311 0.484245
0.0370148 0.478307
0.0377967 0.493921
0.0373609 0.493973
0.0379744 0.499042
0.0371293 0.491479
0.0374067 0.495036
0.0367826 0.49277
0.0377237 0.504027
0.0381425 0.507488
0.0376312 0.497801
0.0388048 0.515402
0.0391673 0.511742
0.0387965 0.51323
0.0386009 0.511807
0.0395487 0.521548
0.0383898 0.508319
0.0394339 0.525744
0.0386992 0.515286
0.0387027 0.52389
0.0395402 0.534871
0.0396252 0.539949
0.038916 0.536775
0.0394041 0.545087
0.0389654 0.539797
0.0399205 0.558841
0.0392837 0.53653
0.0402721 0.558206
0.0406384 0.560414
0.0403449 0.561449
0.0402976 0.562029
0.0393517 0.551533
0.0396604 0.558133
0.0402902 0.56894
0.0401292 0.569527
0.0393268 0.562239
0.0389418 0.559677
0.0391058 0.564748
0.0392984 0.564309
0.0391916 0.563696
0.0387431 0.561298
0.0375282 0.541503
0.0387524 0.554891
0.0392561 0.569918
0.0390769 0.563385
0.0381152 0.553313
0.0391225 0.578576
0.0396231 0.580616
0.039079 0.575646
0.0390993 0.571385
0.0390352 0.564943
0.0392695 0.570308
0.0396949 0.576574
0.0398225 0.57203
0.039075 0.571341
0.039076 0.574931
0.0395606 0.594755
0.0392676 0.581073
0.0381097 0.569786
0.0391467 0.591438
0.039292 0.599048
0.0388233 0.608078
0.0397476 0.624185
0.0396378 0.609756
0.0392512 0.606752
0.039272 0.609622
0.0394937 0.625617
0.0397499 0.633765
0.0409839 0.671779
0.0396594 0.64467
0.0399191 0.654583
0.0405596 0.664057
0.0410072 0.678449
0.0407142 0.671575
0.0393983 0.65297
0.0410762 0.671672
0.0400544 0.66069
0.0403407 0.667931
0.0383727 0.639708
0.0401385 0.667129
0.0394531 0.649622
0.040555 0.668737
0.0405603 0.67011
0.0405954 0.665756
0.0403104 0.656559
0.0394931 0.641433
0.0393592 0.641837
0.0390783 0.630567
0.0394047 0.645414
0.0399507 0.647816
0.0398234 0.650376
0.039598 0.636975
0.0386715 0.626355
0.0384728 0.621567
0.0394503 0.652821
0.0397948 0.661811
0.0393254 0.652189
0.0398203 0.661346
0.0391422 0.653725
0.0390563 0.649477
0.0396982 0.671393
0.0389235 0.652036
0.0392817 0.651992
0.0397633 0.6612
0.0386549 0.628434
0.0388214 0.63299
0.0385126 0.634189
0.0396406 0.639932
0.0385096 0.624313
0.0397389 0.646392
0.039868 0.665147
0.0392837 0.651457
0.0399855 0.662553
0.0409291 0.690604
0.0405874 0.674328
0.0411032 0.68531
0.0402427 0.674759
0.0408644 0.694829
0.0408623 0.697291
0.0413421 0.712652
0.0409631 0.703159
0.0412174 0.699782
0.0418533 0.715232
0.0412694 0.702407
0.0417586 0.714809
0.0418994 0.716912
0.0410918 0.695446
0.0411822 0.706229
0.0410705 0.703321
0.0410759 0.723501
0.0407824 0.692195
0.0407124 0.698002
0.0409308 0.70739
0.0409898 0.69776
0.0412424 0.701242
0.0409266 0.695301
0.0412442 0.699413
0.0400224 0.692708
0.0417115 0.735027
0.0420964 0.735515
0.0407881 0.699518
0.0398947 0.693029
0.039555 0.693288
0.0408556 0.720992
0.0410997 0.702923
0.0393391 0.690422
0.0405959 0.714611
0.0402644 0.704321
0.041248 0.725028
0.0406572 0.707135
0.0419503 0.731569
0.0423222 0.747617
0.0409817 0.712093
0.0413678 0.708997
0.041588 0.707272
0.0407162 0.683176
0.0410681 0.678327
0.0415539 0.679272
0.0412142 0.647039
0.041263 0.630471
0.0402969 0.613697
0.0410622 0.612861
0.0410605 0.604289
0.0409033 0.61064
0.0405623 0.603013
0.0411783 0.616018
0.0416858 0.627052
0.0414906 0.620701
0.0405066 0.605332
0.0402917 0.58886
0.0402682 0.590968
0.0395948 0.582017
0.0396536 0.576777
0.0395277 0.57632
0.041674 0.610115
0.0408372 0.588217
0.042454 0.597338
0.0441099 0.618243
0.0436333 0.597305
0.0422698 0.567173
0.042801 0.580309
0.0427975 0.578994
0.0419132 0.566598
0.0429595 0.576577
0.0422266 0.568781
0.0422105 0.576071
0.0408388 0.547219
0.0404372 0.540471
0.0418647 0.562266
0.0417575 0.564469
0.0409566 0.557721
0.040127 0.550911
0.0389933 0.53355
0.0395627 0.540444
0.0377391 0.49619
0.0374668 0.489848
0.0376491 0.479923
0.0374547 0.481163
0.0380863 0.505053
0.0393484 0.516676
0.0388655 0.522507
0.0393093 0.515073
0.0416031 0.537837
0.0417727 0.541064
0.0413725 0.529445
0.0406403 0.512584
0.0425358 0.559662
0.0417027 0.549357
0.0415809 0.541187
0.0408136 0.534688
0.0388802 0.512216
0.0393235 0.505724
0.0389066 0.49759
0.0394912 0.499719
0.0387456 0.504039
0.039253 0.51465
0.0383041 0.485674
0.0403422 0.513724
0.0402584 0.517332
0.0386465 0.500292
0.0406647 0.538094
0.0388017 0.506663
0.0397765 0.511732
0.0420127 0.534645
0.0411302 0.522754
0.0405541 0.547443
0.0377781 0.523678
0.0378548 0.509445
0.0371836 0.508563
0.0384393 0.504091
0.0366298 0.47495
0.0373187 0.494001
0.0369211 0.494538
0.0383947 0.514437
0.0380704 0.494259
0.038172 0.506259
0.0372372 0.490951
0.0374959 0.482652
0.0371717 0.466957
0.0381612 0.47605
0.0374928 0.467875
0.0370175 0.469453
0.0379667 0.486465
0.0368365 0.468625
0.0372053 0.465526
0.03732 0.471493
0.0376948 0.475813
0.0377355 0.4789
0.0377125 0.476329
0.0371147 0.458647
0.0371016 0.472193
0.037356 0.472751
0.0371226 0.466491
0.0357591 0.434783
0.0356709 0.432419
0.0355235 0.435294
0.0357405 0.438448
0.0352914 0.428936
0.0343772 0.406951
0.0342391 0.401372
0.0349259 0.420813
0.0350189 0.418086
0.0346139 0.414904
0.0351579 0.422571
0.0349796 0.404623
0.0349483 0.403809
0.0350836 0.394543
0.0349999 0.411171
0.034914 0.412979
0.0342816 0.406569
0.0356748 0.421286
0.0360124 0.41168
0.0356314 0.417615
0.0346034 0.404604
0.0356152 0.422904
0.0356692 0.426489
0.0354563 0.415282
0.0355999 0.418899
0.034615 0.411457
0.0343458 0.41075
0.035278 0.413199
0.0347589 0.40155
0.0343706 0.407618
0.0348769 0.426523
0.0355692 0.436649
0.0352319 0.432544
0.0338591 0.407174
0.0347987 0.420801
0.0357987 0.42581
0.035922 0.422553
0.0344229 0.407931
0.0351177 0.417293
0.0353735 0.4147
0.0356774 0.423703
0.0359487 0.435216
0.0354329 0.422581
0.0363026 0.421494
0.0364838 0.430866
0.0376224 0.449949
0.0379428 0.470218
0.0379465 0.467451
0.0383337 0.480488
0.0374997 0.466842
0.0380615 0.475112
0.036676 0.468473
0.0380072 0.489333
0.0371389 0.486292
0.0371379 0.487535
0.0371311 0.483729
0.0361471 0.473932
0.03627 0.478552
0.0366912 0.482902
0.0364252 0.472169
0.0366027 0.482557
0.0368181 0.477079
0.0370363 0.47726
0.0369184 0.47554
0.035584 0.463536
0.0361369 0.473202
0.0361873 0.465085
0.0363966 0.469371
0.0364098 0.463607
0.0366026 0.470014
0.0367224 0.463461
0.0363381 0.461912
0.0375498 0.481774
0.0363285 0.475833
0.0374522 0.480811
0.0379168 0.466022
0.03868 0.476875
0.0379959 0.463952
0.0381789 0.47388
0.0383955 0.46319
0.0392733 0.470768
0.0385073 0.458871
0.0379661 0.471489
0.0377863 0.47482
0.0381982 0.475445
0.0380777 0.477037
0.0387972 0.47393
0.0386906 0.475307
0.0391267 0.470165
0.0384305 0.475039
0.0386335 0.488297
0.0389332 0.487406
0.0396676 0.482463
0.0391901 0.476747
0.039513 0.471578
0.0390392 0.46899
0.0394244 0.466499
0.03917 0.473494
0.039048 0.465046
0.0391254 0.473535
0.0380839 0.456561
0.0384664 0.45343
0.0392541 0.461
0.0385327 0.452661
0.0378844 0.4284
0.0370551 0.422029
0.0373362 0.430678
0.038024 0.431368
0.0374447 0.42411
0.03691 0.42487
0.0378968 0.419355
0.0388039 0.429787
0.0401047 0.456857
0.0392391 0.431759
0.0397804 0.435454
0.0406528 0.452556
0.0412157 0.460234
0.0415676 0.469521
0.0403142 0.44408
0.0396731 0.450677
0.0404587 0.44722
0.040523 0.45292
0.0404981 0.445384
0.0402084 0.457928
0.0396508 0.453925
0.0396103 0.456511
0.038788 0.437636
0.0386001 0.443873
0.0382853 0.43837
0.0382862 0.42745
0.0387926 0.442387
0.0382182 0.450414
0.0381793 0.445384
0.04026 0.449189
0.0381767 0.434331
0.0382673 0.430516
0.0380175 0.4295
0.0388063 0.435743
0.0379005 0.437822
0.0382159 0.438875
0.0374025 0.430675
0.038609 0.444198
0.0384401 0.437972
0.038482 0.437576
0.0391083 0.453098
0.0399546 0.458815
0.0392931 0.448696
0.0394287 0.442501
0.0392458 0.43431
0.0388102 0.427767
0.0392743 0.434824
0.0388683 0.438116
0.0382971 0.436535
0.0383986 0.440088
0.0383985 0.43794
0.0381947 0.442773
0.0381883 0.442412
0.0386207 0.445291
0.0388603 0.44439
0.0384189 0.441832
0.0394919 0.4474
0.0397663 0.45311
0.0406074 0.447368
0.040205 0.443999
0.0401607 0.450384
0.0403335 0.47334
0.0395231 0.442391
0.037313 0.417885
0.0384213 0.429287
0.0383748 0.441047
0.0386086 0.446724
0.0392069 0.450417
0.0390526 0.444309
0.0377028 0.42547
0.0385358 0.436558
0.0375766 0.443377
0.0384038 0.442194
0.0393533 0.442022
0.0389014 0.442087
0.0390741 0.445612
0.0398337 0.444524
0.0389412 0.437741
0.0393358 0.439518
0.039339 0.432907
0.0387387 0.435656
0.038385 0.441032
0.0377938 0.425854
0.0382101 0.425629
0.0381184 0.417275
0.0391236 0.429543
0.0388225 0.422082
0.0386772 0.418605
0.0405002 0.441349
0.0397138 0.440488
0.0402456 0.448069
0.0402656 0.442041
0.0405995 0.455177
0.0415119 0.462637
0.0423785 0.463455
0.0400189 0.455749
0.0399443 0.440009
0.0397435 0.431834
0.0399631 0.428111
0.0384846 0.40369
0.03873 0.419995
0.0386015 0.421387
0.0385811 0.432149
0.0391814 0.440873
0.0388114 0.427434
0.0381565 0.427004
0.0385157 0.438669
0.0386578 0.447506
0.0368545 0.428395
0.0372042 0.450051
0.0374883 0.448443
0.0373824 0.450501
0.0381555 0.437148
0.0381914 0.428708
0.0377205 0.451662
0.0374632 0.436676
0.0363997 0.425792
0.0380801 0.429054
0.0380293 0.425895
0.0378901 0.414714
0.0376631 0.417974
0.0378884 0.419914
0.0372458 0.418291
0.036975 0.409945
0.0369579 0.407495
0.0373636 0.420014
0.0366327 0.412683
0.0365721 0.419355
0.0347566 0.393411
0.036325 0.418438
0.0363563 0.422762
0.036376 0.421624
0.0360849 0.413994
0.0349822 0.398317
0.0355481 0.409347
0.0350435 0.40935
0.0349928 0.399611
0.0334896 0.393373
0.032621 0.387424
0.0335488 0.395093
0.0336093 0.396833
0.0341857 0.405603
0.0340669 0.412081
0.0338667 0.406107
0.0342347 0.39703
0.0339096 0.381538
0.0332378 0.388986
0.0337564 0.388684
0.0334798 0.403119
0.034438 0.40546
0.0345896 0.409445
0.0339369 0.399248
0.0334738 0.396837
0.0332103 0.388627
0.0336484 0.396929
0.0344106 0.399554
0.0341302 0.396794
0.035166 0.421696
0.0349633 0.437069
0.0355341 0.432495
0.0350896 0.433757
0.0349078 0.430729
0.0350595 0.444444
0.0339644 0.425611
0.0348941 0.432397
0.0356008 0.437191
0.0350714 0.446477
0.0340466 0.429909
0.0332521 0.425088
0.0334794 0.41795
0.0338811 0.418908
0.0349073 0.430526
0.0344872 0.424504
0.0349614 0.434794
0.0342247 0.433145
0.0348354 0.444656
0.0352489 0.436508
0.0347353 0.429288
0.0343239 0.422976
0.0349055 0.42831
0.0350814 0.433491
0.0345431 0.434596
0.035619 0.444474
0.035876 0.448359
0.0356436 0.437794
0.0368462 0.453488
0.0355705 0.448313
0.0357761 0.450484
0.0356067 0.446769
0.0342524 0.415265
0.0347645 0.427749
0.0346918 0.416774
0.0340398 0.401205
0.0324906 0.379975
0.0318301 0.366822
0.0326904 0.390589
0.0322546 0.379715
0.0329819 0.405941
0.0330652 0.40248
0.0329882 0.415934
0.0334357 0.424805
0.0326808 0.411153
0.0325438 0.407535
0.0325415 0.400516
0.0309222 0.387771
0.0315193 0.397655
0.0314078 0.401241
0.0320022 0.403243
0.0310774 0.390342
0.032256 0.41248
0.0314696 0.388976
0.03215 0.414208
0.0326467 0.420377
0.0312639 0.394983
0.0313259 0.40809
0.0300715 0.387123
0.0304884 0.393733
0.0320121 0.408733
0.0317454 0.398298
0.0309676 0.394021
0.0316492 0.414302
0.0316508 0.416457
0.0323123 0.427365
0.0315687 0.427751
0.0314989 0.417561
0.0309285 0.419828
0.0303699 0.429472
0.0289385 0.407584
0.0293326 0.41838
0.0267793 0.377718
0.0277257 0.40226
0.0278546 0.397608
0.0279224 0.402981
0.0274725 0.391892
0.0270536 0.391449
0.0277795 0.396588
0.0283522 0.410287
0.0284008 0.403995
0.0279939 0.402446
0.0279541 0.408728
0.0276817 0.429858
0.0273018 0.413153
0.0267455 0.394672
0.0262562 0.393654
0.0260214 0.385355
0.0259395 0.399488
0.0247495 0.378076
0.0241786 0.363551
0.0247736 0.366132
0.0262731 0.389026
0.0256667 0.380569
0.0249708 0.369673
0.0250298 0.383974
0.025313 0.382677
0.0245172 0.375238
0.0246153 0.37059
0.0235211 0.36
0.0247854 0.390992
0.0245847 0.39559
0.0249184 0.407899
0.0251294 0.407208
0.0259191 0.41876
0.0247353 0.397606
0.0244741 0.393404
0.0239461 0.37667
0.0246806 0.382116
0.024764 0.368453
0.0240548 0.361742
0.0234651 0.359211
0.0236641 0.351393
0.0232025 0.351659
0.023878 0.371512
0.0242132 0.383168
0.0249651 0.396295
0.0250989 0.397165
0.0253526 0.398491
0.0262871 0.411803
0.0261636 0.401404
0.0267334 0.399689
0.0269447 0.413355
0.0274443 0.425837
0.0264348 0.421402
0.0264412 0.410818
0.0259672 0.391346
0.0265321 0.396455
0.0262181 0.362391
0.0259224 0.354525
0.0259778 0.379678
0.0268065 0.393307
0.0269527 0.397909
0.0276015 0.396759
0.0277795 0.408632
0.0279608 0.40439
0.0287346 0.417879
0.0278391 0.40072
0.0274849 0.402889
0.0282054 0.418965
0.0275884 0.405579
0.0285602 0.417679
0.0283921 0.417025
0.0278206 0.397046
0.027805 0.39415
0.0290945 0.420245
0.029119 0.410693
0.0291651 0.414634
0.0282387 0.39133
0.028006 0.389315
0.0277813 0.379002
0.0280805 0.376531
0.0295471 0.4114
0.0289772 0.39726
0.0300786 0.401196
0.0307531 0.417784
0.0325496 0.428048
0.0328459 0.428851
0.0329543 0.427026
0.0338658 0.438621
0.0327844 0.409224
0.0339409 0.419831
0.0353228 0.425154
0.0357204 0.441977
0.0347363 0.416774
0.0355961 0.434115
0.0349567 0.422165
0.0362215 0.433095
0.0353713 0.425461
0.0340006 0.413427
0.0348914 0.429661
0.0350384 0.436373
0.0338393 0.417655
0.0348046 0.428571
0.0339477 0.420529
0.0335784 0.419321
0.0333626 0.417605
0.0330279 0.412563
0.0339213 0.419372
0.0340612 0.422368
0.0343919 0.42808
0.0344212 0.408884
0.0362391 0.43861
0.0361985 0.431789
0.0347326 0.407527
0.0350512 0.416141
0.0342397 0.40055
0.0343099 0.413474
0.0337122 0.407571
0.0336853 0.41354
0.0330744 0.40155
0.0344438 0.425296
0.0355646 0.439482
0.0356875 0.434499
0.0352012 0.422046
0.0354058 0.425379
0.0361948 0.425019
0.0364785 0.431467
0.0369216 0.422075
0.0372079 0.438516
0.036168 0.44276
0.0362378 0.441245
0.0359294 0.445445
0.0369936 0.450441
0.0361556 0.448829
0.0363807 0.446719
0.0365724 0.449987
0.0360859 0.45377
0.035143 0.441711
0.0360514 0.43485
0.0348496 0.418926
0.0353692 0.409772
0.0356975 0.433299
0.0345192 0.421923
0.0345467 0.397354
0.0345805 0.414242
0.0341911 0.408397
0.0343485 0.423289
0.0340506 0.403695
0.0356991 0.406968
0.0359677 0.414742
0.036015 0.411936
0.0359342 0.424388
0.0364442 0.448348
0.0358795 0.423067
0.0365652 0.423929
0.0362434 0.415755
0.0360117 0.421537
0.0368841 0.43014
0.0367408 0.436111
0.037982 0.455882
0.0380838 0.456225
0.0384102 0.430879
0.0391302 0.433585
0.0385247 0.44186
0.0384142 0.448337
0.0389141 0.442406
0.0385476 0.444363
0.0390176 0.438129
0.0394189 0.449452
0.039174 0.456778
0.0393488 0.463187
0.0406202 0.48714
0.0399863 0.465835
0.0401827 0.470827
0.0406917 0.489938
0.0402888 0.476735
0.0397889 0.480819
0.039971 0.481234
0.0397006 0.475591
0.039418 0.473806
0.0393199 0.470015
0.0388466 0.461929
0.0382715 0.474788
0.0385877 0.474954
0.0398806 0.48521
0.0386212 0.45828
0.038976 0.470075
0.0406544 0.4728
0.0386037 0.443019
0.0395199 0.450856
0.0413325 0.462618
0.0423364 0.492975
0.0406904 0.470676
0.039777 0.461538
0.0376331 0.44606
0.0377943 0.454476
0.0383715 0.443526
0.0391312 0.452429
0.0385901 0.441082
0.0382351 0.43897
0.0369675 0.425765
0.0374174 0.4345
0.0376032 0.445946
0.0373532 0.439402
0.0364826 0.427925
0.0363621 0.434693
0.0378486 0.456195
0.0363398 0.437112
0.0363223 0.442182
0.0367099 0.447133
0.0363229 0.448349
0.0359863 0.44162
0.0357513 0.448267
0.0355166 0.449797
0.0352468 0.460415
0.0348119 0.443443
0.0364758 0.459269
0.0356684 0.440306
0.0347596 0.425093
0.0368078 0.458757
0.0365099 0.454131
0.0375615 0.468498
0.0363186 0.453129
0.0373524 0.467242
0.0378475 0.473642
0.036743 0.474444
0.0376303 0.465669
0.0369 0.466413
0.0370904 0.458755
0.0365055 0.441721
0.0366261 0.43706
0.0361876 0.446628
0.0351993 0.43954
0.0353301 0.437183
0.0356884 0.449314
0.0359842 0.448506
0.0352556 0.454972
0.0359041 0.451665
0.0349118 0.448465
0.0343239 0.450196
0.0334841 0.437047
0.0328845 0.436173
0.0321347 0.423335
0.0317261 0.424544
0.0306547 0.412102
0.0298937 0.39388
0.0298555 0.410548
0.0298806 0.409065
0.0293614 0.393262
0.0299738 0.394892
0.029613 0.398291
0.0301028 0.404395
0.0299489 0.405165
0.0302729 0.415675
0.029976 0.408512
0.0293957 0.40283
0.0291053 0.393204
0.0287316 0.394653
0.0282426 0.393957
0.0273546 0.377596
0.0270834 0.379799
0.0274674 0.377985
0.0271127 0.369954
0.0270367 0.37022
0.027575 0.38942
0.0270658 0.383443
0.027743 0.39781
0.0273346 0.38762
0.0274007 0.402593
0.026808 0.390929
0.02627 0.383578
0.0268758 0.39278
0.0270117 0.401125
0.0267473 0.402985
0.0261498 0.386696
0.0270953 0.397122
0.0273958 0.391867
0.0270191 0.389697
0.0277222 0.402629
0.0280167 0.413305
0.027459 0.406396
0.0277312 0.404405
0.0273892 0.405338
0.0275968 0.407764
0.0275438 0.409262
0.0281622 0.421634
0.0279112 0.417981
0.0279551 0.422313
0.027949 0.414748
0.0268905 0.401565
0.0275062 0.414642
0.0277661 0.417454
0.0269558 0.411033
0.0264955 0.400951
0.0274021 0.411894
0.0261412 0.391659
0.0264906 0.393279
0.0278783 0.419143
0.0269612 0.39814
0.0274105 0.40333
0.0274525 0.405989
0.0273596 0.407568
0.0275459 0.411856
0.0273378 0.411561
0.0276013 0.41484
0.0276619 0.417901
0.0271229 0.408035
0.0272761 0.408495
0.027769 0.406087
0.0274318 0.404592
0.0275784 0.407316
0.0279347 0.412403
0.0278515 0.407453
0.0272975 0.40409
0.0271285 0.398582
0.0267422 0.394388
0.0266708 0.391958
0.0265633 0.388719
0.0271081 0.399258
0.0262965 0.388286
0.0268947 0.396653
0.0267716 0.396669
0.0269295 0.402887
0.0262212 0.388906
0.0269017 0.399004
0.0268524 0.402642
0.0257637 0.381144
0.0267292 0.39615
0.0273424 0.408592
0.0257073 0.385264
0.0266114 0.397424
0.02603 0.387901
0.0264873 0.391521
0.02598 0.387317
0.0259966 0.382054
0.0258263 0.385433
0.0254246 0.37795
0.0261123 0.389372
0.0258461 0.387449
0.0261971 0.392157
0.0257814 0.382873
0.0251659 0.377157
0.0263522 0.392077
0.0253664 0.37915
0.0262635 0.394406
0.0252703 0.37617
0.025618 0.382509
0.0263081 0.394472
0.0257135 0.384831
0.0263621 0.391846
0.0262242 0.393149
0.0251231 0.373565
0.0263114 0.393664
0.0257593 0.384543
0.0258269 0.384591
