44988      9812
43578      9459
43516      9271
44477      9331
45377      9302
45934      9330
45866      9378
46178      9379
46386      9411
45965      9469
46186      9528
46119      9531
46260      9580
46324      9592
46051      9537
46201      9475
46207      9461
46431      9530
46224      9495
46007      9525
46256      9488
46364      9515
46098      9478
46004      9630
45659      9660
44964      9665
44748      9800
44434      9807
44153      9804
44031      9786
43683      9864
43828      9770
43707      9850
43787      9926
43895      9826
43809      9836
43914      9906
44354      10028
44593      9990
45228      10099
45448      10143
45737      10243
45510      10157
45533      10182
45748      10174
45650      10126
45823      10077
45547      10031
45589      10036
45894      10045
45893      9997
45707      9973
45848      10025
45840      9863
45839      9995
46008      10038
45869      10027
45907      10019
45661      10111
46136      10161
45913      10283
45976      10269
45861      10136
46301      10104
46332      10048
46194      9969
46136      9974
45992      9905
46012      9961
46056      9922
46071      9834
45671      9747
45935      9718
46151      9832
46097      9852
46159      9827
45874      9814
46046      9830
46143      9759
46256      9710
46093      9656
46333      9652
46179      9537
46118      9447
46273      9388
46457      9309
46395      9329
46446      9326
46172      9299
46197      9412
46400      9410
46445      9322
46328      9407
46502      9418
46290      9376
46510      9336
46550      9311
46535      9313
46461      9377
46614      9373
46440      9289
46471      9285
46342      9202
46589      9164
46601      9111
46495      9103
46528      9141
46706      9214
46454      9326
46557      9197
46315      9178
46348      9185
46277      9192
46547      9226
46555      9150
46431      9175
46662      9073
46527      9078
46737      9078
46524      9080
46657      9201
46721      9218
46682      9138
46577      9115
46565      9036
46731      9058
46525      9064
46788      9075
46808      9102
46740      9212
46748      9189
46790      9221
46664      9071
46522      9018
46470      8990
46538      9014
46348      9037
46271      8992
46771      9150
46760      9062
46928      9078
46772      8998
46620      8984
46704      8927
46615      8977
46818      8962
46767      9034
46601      9045
46566      8934
46454      8863
46754      8905
46748      8908
46922      8867
46683      8832
46782      8874
46855      8871
46737      8938
46785      8916
46667      8918
46437      9007
46963      9031
46883      9032
46827      8951
46639      8930
46596      8967
46785      8957
46757      8980
46974      9016
46884      8951
46828      8975
46637      8925
46845      8919
46778      8843
47015      8918
46841      8847
46929      9007
46784      8965
47031      9062
46962      9006
46939      8954
46935      8963
46807      8930
46865      8931
46918      8880
46827      8943
46902      8954
46900      8869
46935      8929
46637      8922
46718      8860
47046      8883
46954      8824
46762      8834
46794      8864
46873      8907
47080      8832
46821      8753
46974      8778
46742      8831
46861      8824
47131      8858
46716      8867
46923      8887
47185      8824
46849      8791
47057      8839
46967      8790
46898      8759
47277      8827
47301      8833
47326      8878
46913      8827
47189      8799
47069      8709
47192      8735
47192      8646
47055      8643
47215      8691
47168      8729
46989      8651
46969      8662
47040      8688
47065      8676
47323      8729
47189      8692
47189      8721
47137      8759
47000      8803
46930      8700
47260      8647
47267      8668
47305      8737
47118      8646
47545      8736
46924      8702
47146      8643
47318      8706
47048      8661
47458      8639
47152      8637
47312      8635
47188      8586
47245      8509
47346      8546
47112      8553
47223      8595
46995      8518
47426      8589
47482      8475
47264      8490
47078      8491
47425      8485
47164      8454
47177      8500
47013      8567
47207      8642
47650      8698
47461      8593
47215      8615
47294      8564
47401      8576
47338      8577
47411      8604
47371      8589
47496      8629
47383      8616
47251      8621
47176      8577
47223      8586
47236      8476
47282      8490
47178      8402
47287      8468
47511      8416
47506      8294
47132      8291
47601      8181
47369      8107
47311      8133
47460      8025
47239      8085
47569      8123
47536      7987
47356      7840
47431      7797
47847      7906
47239      7808
47655      7756
47482      7741
47535      7743
47372      7721
47821      7663
47632      7690
47901      7624
47742      7526
47867      7376
47833      7281
47800      7254
47980      7271
48189      7319
47867      7283
47760      7255
47585      7190
47599      7215
47906      7183
48000      7214
47593      7193
47552      7065
47672      7047
48014      6951
48005      6951
47911      6977
47986      6907
47936      6905
48101      6822
47878      6820
48130      6796
47923      6701
48041      6685
48208      6566
47947      6633
47863      6595
47900      6519
48085      6455
47944      6424
48233      6489
48178      6512
48210      6520
47653      6452
48251      6460
48364      6453
48259      6397
48006      6336
48156      6347
47986      6209
48175      6171
48113      6146
47978      6179
48125      6181
48293      6227
47846      6249
47994      6262
48289      6318
48042      6268
47747      6237
47903      6196
47908      6105
48162      6089
48103      6128
47924      6047
47821      5980
47863      5950
47863      5977
48296      5964
47857      6095
48222      6008
47935      6044
48011      6057
48117      6126
48003      6101
47932      6030
47828      6005
47970      5956
48008      5977
48046      5945
48177      6015
48119      5985
48097      5964
48215      5924
47804      5946
47868      5983
48069      5930
47880      5980
48196      5958
48182      5892
48078      5873
47903      5778
48006      5800
48136      5880
48129      5859
47991      5782
47762      5766
47959      5785
48009      5766
48154      5685
48004      5749
48098      5786
47999      5689
48025      5665
48476      5635
48179      5552
47934      5578
48075      5579
48075      5494
48109      5503
47975      5477
48092      5365
48034      5347
47947      5335
48102      5391
48211      5416
48165      5380
47997      5252
47911      5191
47835      5218
48016      5197
48029      5251
47934      5267
47981      5207
47787      5156
47978      5133
48035      5146
47804      5231
48059      5187
47943      5143
47827      5160
48040      5184
47884      5161
47786      5196
47856      5219
47813      5167
47644      5183
47807      5149
47946      5146
47730      5108
47865      5137
47749      5122
47726      5110
47710      5059
47709      5059
47503      4990
47657      4978
47342      4959
47448      4939
47491      4974
47300      4923
47209      4926
47334      4957
47582      4850
47246      4769
46992      4794
47228      4773
46985      4729
47101      4816
46965      4788
46691      4735
46620      4731
46732      4709
46725      4737
46655      4770
46448      4705
46669      4675
46697      4650
46540      4665
46457      4610
46525      4668
46408      4655
46694      4591
46319      4687
46325      4691
46542      4692
46353      4716
46554      4794
46278      4817
46261      4839
46524      4796
46486      4633
46441      4639
46288      4630
46347      4563
46745      4519
46236      4545
46229      4550
46544      4544
46384      4483
46145      4499
46281      4480
46560      4635
46126      4619
46335      4703
46411      4747
46292      4681
46071      4724
46075      4835
45802      4856
45820      4928
45858      4985
45731      5098
45810      5107
45492      5042
45299      5059
45742      5092
45387      5047
45388      5143
45819      5236
45673      5297
45400      5225
45394      5309
45495      5339
45612      5316
45847      5403
45563      5365
45736      5340
45963      5410
45461      5452
45636      5529
45722      5603
45943      5699
45583      5599
45984      5629
45976      5612
46183      5640
46511      5623
46197      5600
46255      5797
46566      5885
46698      5912
46339      6015
46122      5904
45979      5820
46290      5784
46104      5766
46583      5922
46361      6033
46349      6056
46376      6037
45922      5877
45669      5869
45696      5792
45638      5841
44588      5841
44790      5827
44764      5933
45103      5858
45209      5889
45105      5803
45189      5797
45132      5691
45293      5686
44935      5750
45108      5755
45048      5743
45089      5709
45194      5807
44695      5896
44073      5842
44115      5626
44299      5664
44289      5567
44096      5449
43317      5569
43344      5682
43569      5588
43818      5537
45079      5493
44882      5365
44724      5376
44876      5452
45291      5424
45232      5450
45367      5531
45475      5491
45232      5427
45557      5360
45895      5536
46005      5512
46191      5461
46356      5602
46809      5792
47329      5785
47331      5876
47643      6011
47547      5991
47642      6016
47752      5885
47515      6068
47756      6094
47663      5976
47599      5981
47837      6012
47626      6129
47820      6311
47714      6237
47912      6324
47733      6318
47632      6381
48026      6381
47840      6353
47701      6325
47660      6331
47611      6231
47500      6160
47542      6368
47327      6381
47401      6509
47743      6618
47574      6637
47664      6521
47933      6665
47567      6727
47374      6573
47741      6525
47592      6698
47576      6641
47213      6557
47444      6596
47725      6446
47837      6443
47565      6542
47700      6594
47948      6539
47768      6526
47766      6520
47684      6570
47609      6663
48019      6653
47376      6688
47464      6615
47817      6802
47412      6636
47691      6752
47397      6753
47373      6617
47216      6536
47104      6568
47062      6483
47073      6486
47229      6537
47119      6346
47217      6211
47307      6233
47397      6198
47606      6215
47070      6260
47282      6212
47391      6169
47238      6060
47279      6057
47367      6069
47341      6071
47275      6187
47237      6181
47205      6168
47035      6073
47131      6101
47156      6134
47154      6156
47116      6170
47367      6104
46883      6070
47319      6167
46974      6089
47058      6043
47164      6080
47153      6015
46833      6156
47024      6191
47182      6219
47084      6309
46806      6246
47193      6215
46953      6198
47082      6293
47042      6355
47160      6426
46887      6401
47193      6354
47091      6358
47014      6223
46720      6320
47046      6511
46980      6505
46721      6505
46814      6605
46823      6392
46820      6542
46876      6418
46976      6549
46745      6517
47019      6559
47105      6392
47054      6353
47080      6487
46976      6508
47025      6658
46985      6726
47254      6692
46925      6530
46944      6507
46789      6529
46654      6674
46996      6719
46851      6794
46603      6622
46841      6574
46807      6428
46811      6707
46754      6696
46695      6593
46981      6653
46984      6684
46912      6731
46887      6693
46817      6569
46831      6763
46960      6807
46907      6718
46767      6680
46917      6820
46911      6762
46936      6690
46813      6680
46941      6532
46884      6676
46771      6723
47123      6767
47116      6814
46952      6805
46745      6652
47097      6689
46970      6651
46922      6636
46699      6617
46748      6774
46905      6767
46563      6691
46703      6586
46853      6612
46844      6574
46833      6614
46998      6610
46799      6583
46902      6584
47236      6674
47059      6678
46955      6702
46996      6665
46873      6759
46892      6774
46680      6674
46956      6710
46845      6695
46899      6706
46888      6896
46835      6783
46787      6845
46661      6739
46631      6969
46713      6828
46849      6687
46984      6748
46803      6885
46803      6764
46783      6777
46787      6816
46606      6694
46678      6563
46610      6827
46883      6882
46605      6702
46655      6702
46669      6841
46583      6699
46370      6815
46417      6886
46491      6954
46763      6967
46198      6808
46506      6834
46513      6878
46826      6834
46674      6958
46539      6667
46543      6690
46407      6839
46415      6898
46690      6817
46774      6998
46830      6872
46533      6857
46453      6894
46640      7053
46624      6937
46568      6942
46616      6955
46424      6756
46449      6787
46966      6810
46910      6622
47048      6727
46912      6654
46890      6690
46640      6530
47077      6523
46984      6555
46868      6566
46867      6505
46756      6374
46843      6532
46818      6479
46846      6591
46896      6705
46691      6611
46622      6589
46714      6655
46677      6660
46637      6560
46663      6599
46599      6647
46783      6676
46730      6714
46898      6814
46921      6786
46725      6668
46607      6788
46897      6930
46954      6802
47222      6800
47367      6666
47063      6620
47227      6580
46924      6587
47149      6711
46841      6609
47036      6686
46981      6694
47008      6519
47260      6429
47126      6413
46853      6298
46683      6299
46754      6515
46806      6217
47103      6276
47012      6502
47124      6531
46940      6440
47231      6388
47124      6432
46867      6429
46817      6587
47143      6401
47091      6536
47078      6550
46969      6412
47678      6440
47382      6503
47234      6282
47167      6300
47200      6251
47218      6331
47332      6369
47200      6200
47185      6265
47014      6259
47342      6364
46867      6370
47119      6393
46537      6300
47042      6390
46935      6342
46810      6481
46840      6493
46877      6477
46984      6451
47005      6575
46840      6396
46857      6343
46828      6206
46993      6236
46572      6320
46696      6297
46791      6300
46789      6139
46858      6254
47002      6406
46841      6383
46945      6374
47306      6367
47031      6422
47231      6587
47125      6295
47238      6357
47119      6276
47320      6317
47225      6287
47153      6230
47198      6280
47693      6234
47377      6368
47336      6311
47345      6242
47403      6257
47076      6339
47340      6251
47093      6054
47154      6109
47141      6134
47339      6201
47341      6330
47387      6292
47395      6208
47076      6076
47188      6058
47243      6025
47047      5897
47013      5843
46979      5890
47167      5822
46954      5667
47238      5794
47119      5477
47169      5555
47183      5567
47350      5470
47501      5527
47748      5499
47453      5532
47502      5518
47720      5524
47697      5414
47827      5445
47710      5443
48189      5423
47578      5432
48263      5373
48092      5398
48195      5436
47722      5394
47730      5428
48112      5417
47799      5306
47935      5190
47914      5183
48034      5146
47922      5113
47936      5115
47863      5095
47999      5104
48211      5214
48222      5159
48212      5222
48335      5114
48160      5089
48077      5122
48111      5157
48227      5139
48352      5163
48255      5141
48275      5133
48135      5247
48296      5207
48348      5298
48114      5237
47963      5087
47969      4957
47952      4964
47949      5219
47987      5057
48010      5090
47924      5071
47780      5243
48082      5245
48142      5302
48247      4955
48644      5252
47967      5184
48258      5213
47714      5177
48055      5272
47410      5253
47758      5282
48041      5328
47787      5391
48010      5469
47896      5364
48057      5400
48103      5353
47991      5350
47990      5443
47699      5430
47934      5483
47955      5518
48144      5474
47795      5385
47339      5437
47006      5640
47088      5625
47220      5744
47214      5689
47311      5742
47097      5856
47298      5769
47079      5849
47145      5766
47037      5948
46844      5950
46597      5882
46698      6014
46703      6105
46701      6001
46950      6180
46821      6292
46905      6264
46797      6288
46808      6294
46781      6318
46831      6509
46858      6611
46823      6402
46959      6424
46911      6396
46831      6387
46977      6270
46839      6200
46718      6215
47308      6285
47054      6256
47778      6249
46930      6334
47227      6332
47121      6421
47075      6387
47064      6487
47021      6537
47129      6620
47074      6701
47074      6713
46817      6640
46867      6477
46630      6453
46786      6357
46985      6335
46859      6390
46760      6369
46655      6337
46987      6443
46772      6594
46747      6448
46685      6456
46504      6443
46388      6411
46837      6412
46940      6538
46814      6653
46927      6482
47185      6372
46783      6213
47112      6369
47193      6329
47008      6578
46933      6409
47002      6605
47188      6510
46950      6498
47278      6526
46951      6473
46934      6280
46942      6531
46989      6400
46842      6596
47116      6871
46931      6681
47147      6568
46780      6343
46921      6588
47130      6751
47094      6762
47181      6887
47068      6765
46741      6827
47005      6648
46522      6698
47343      6577
47227      6525
47048      6725
46853      6677
46311      6685
46487      6720
46929      6560
46825      6697
46805      6571
46536      6548
46685      6458
46627      6519
46716      6591
46189      6569
46668      6566
46539      6532
46621      6469
46834      6470
46624      6400
46806      6426
46643      6468
46851      6470
46745      6487
46932      6396
46890      6544
46503      6392
46952      6674
46391      6300
46524      6533
46660      6737
46259      6669
46414      6743
46350      6705
46459      6744
46475      6738
47150      6781
46154      6759
46178      6660
46074      6598
46371      6633
46311      6623
46449      6577
46512      6648
46395      6765
46625      6715
46587      6622
46501      6495
46478      6522
46638      6532
46309      6525
46362      6432
46351      6480
46292      6338
46795      6326
46529      6222
46622      6231
46524      6392
46736      6332
46203      6420
46539      6259
46371      6212
46324      6166
46450      6292
46396      6210
46291      6251
46485      6287
46319      6154
46477      6271
46481      6363
46404      6374
45787      6467
46480      6566
46677      6482
46391      6458
46822      6305
46715      6256
46716      6222
46847      6208
46861      6161
46877      6014
46858      6018
46861      6026
47083      5889
46996      5871
46877      5734
46933      5740
47194      5833
47422      5853
47307      5879
46941      5845
47209      5857
47072      5806
47147      5835
47303      5923
47071      5850
47456      5790
47311      5660
47265      5689
47092      5636
47195      5611
47483      5682
47256      5674
47321      5616
47269      5699
47253      5557
47403      5575
47147      5513
47193      5569
47590      5624
47262      5539
47659      5537
47366      5513
47535      5449
47444      5469
47572      5534
47868      5372
47489      5485
47596      5568
47507      5492
47900      5644
47671      5640
47672      5572
47683      5451
47578      5384
47488      5333
47475      5382
47472      5443
47934      5453
47694      5502
47712      5403
47771      5403
47720      5374
47819      5368
47744      5345
47770      5350
47779      5343
47715      5375
48066      5450
47624      5344
47719      5376
47901      5364
48027      5293
47920      5315
47919      5373
48005      5411
47936      5460
47930      5465
47954      5496
47571      5483
47536      5442
47646      5478
47611      5468
47502      5478
47770      5476
47662      5497
47827      5492
47880      5491
47735      5501
47661      5456
47649      5457
47593      5449
48036      5479
47680      5451
47862      5517
47655      5454
47668      5424
47858      5499
47738      5465
47655      5389
48002      5437
47536      5421
47791      5447
47419      5451
47960      5460
47660      5468
47742      5422
47867      5444
47985      5441
48015      5438
48097      5446
47864      5455
47763      5448
47700      5429
48174      5479
47785      5400
47724      5421
47974      5449
47742      5417
48146      5460
47758      5429
47704      5400
47924      5460
47698      5426
47711      5474
47741      5439
