0.0390549 0.179066
0.0385975 0.17782
0.0382158 0.179377
0.038874 0.185296
0.0380149 0.185444
0.0376192 0.185209
0.0371953 0.181915
0.0376586 0.185414
0.0368861 0.181809
0.037398 0.18154
0.0376954 0.182725
0.0376201 0.182038
0.0379594 0.183299
0.0376695 0.181922
0.0385877 0.186327
0.0382459 0.186491
0.0386305 0.188669
0.0378626 0.18447
0.0391788 0.190732
0.0394723 0.190656
0.0377465 0.184022
0.038284 0.186548
0.0377674 0.183689
0.0372142 0.177778
0.0376049 0.177743
0.0370519 0.172375
0.0371637 0.169694
0.0385291 0.174569
0.0385704 0.173705
0.0386092 0.173718
0.0384131 0.170114
0.0395409 0.17738
0.0390098 0.173096
0.0385731 0.170159
0.0390477 0.174435
0.0388733 0.173139
0.0398734 0.176762
0.041056 0.181592
0.0404324 0.18048
0.0394225 0.176552
0.0408599 0.183082
0.0407766 0.182076
0.0403867 0.180959
0.0403444 0.180416
0.0386902 0.173973
0.0399781 0.180229
0.0403509 0.183487
0.0408589 0.185525
0.0393077 0.178557
0.0393515 0.179791
0.0379361 0.174152
0.0383092 0.175574
0.0378424 0.173067
0.0395724 0.18392
0.0386134 0.177089
0.039015 0.17882
0.0386754 0.176922
0.0393186 0.180158
0.0384354 0.173573
0.0389934 0.17705
0.0397273 0.17738
0.0393466 0.176161
0.0390746 0.176796
0.0383361 0.175673
0.0386342 0.178145
0.0381435 0.176748
0.0383215 0.177261
0.0378979 0.175972
0.0380988 0.175986
0.0376932 0.174965
0.0390484 0.182937
0.0387117 0.181389
0.0381409 0.180284
0.037529 0.176159
0.0377031 0.176411
0.0368726 0.173196
0.03684 0.172203
0.0382444 0.179145
0.0365169 0.172661
0.0372708 0.177549
0.0373593 0.178335
0.0373384 0.179237
0.037961 0.18381
0.0379028 0.185032
0.0371923 0.183319
0.0373894 0.186594
0.0373747 0.185872
0.037226 0.185396
0.0375119 0.186257
0.0372535 0.182852
0.0369612 0.182253
0.0366886 0.182793
0.0359826 0.177208
0.0352673 0.174135
0.0356665 0.176088
0.0365513 0.182091
0.0352954 0.176458
0.0357151 0.17846
0.0360517 0.178629
0.0358047 0.178065
0.0359819 0.17989
0.0361301 0.180829
0.0363385 0.183004
0.0370688 0.188455
0.0358147 0.183185
0.0360899 0.184335
0.0369885 0.188273
0.0381321 0.193293
0.0382529 0.190543
0.0382112 0.193433
0.0378063 0.190782
0.0378441 0.190964
0.0377293 0.189948
0.0382839 0.19315
0.038041 0.193552
0.0376042 0.1903
0.0375037 0.19288
0.0372042 0.190681
0.0377217 0.194206
0.037572 0.192511
0.037272 0.189001
0.0379487 0.192341
0.0373377 0.190742
0.0386457 0.197477
0.0386771 0.199314
0.0386467 0.199382
0.038431 0.197264
0.0391767 0.201983
0.0378781 0.194792
0.0387249 0.196483
0.0375203 0.19088
0.036931 0.187398
0.0375664 0.193253
0.0376596 0.194278
0.0386056 0.199555
0.0382053 0.197249
0.038362 0.196747
0.0382961 0.197064
0.0380364 0.194426
0.0376818 0.194438
0.0379944 0.196409
0.0381425 0.198266
0.0385028 0.1998
0.0380481 0.199059
0.0377132 0.195834
0.0384254 0.200736
0.0388308 0.201018
0.0375958 0.193698
0.0382038 0.199127
0.0386404 0.202527
0.0382641 0.200898
0.0380337 0.199596
0.0370402 0.196008
0.0378296 0.199955
0.0369159 0.194613
0.0361968 0.191185
0.0364807 0.190759
0.037341 0.19594
0.036214 0.189504
0.037707 0.194404
0.0375615 0.195327
0.0374549 0.19442
0.0372221 0.194727
0.0372435 0.194513
0.0371491 0.193041
0.0374052 0.195378
0.0363368 0.189198
0.0370205 0.192879
0.0373688 0.195732
0.0369224 0.192646
0.0367948 0.192269
0.0372932 0.195874
0.0370473 0.195974
0.0381155 0.200942
0.03862 0.204476
0.0379509 0.197735
0.0373846 0.195092
0.0381025 0.197749
0.0373919 0.194981
0.0371333 0.194662
0.0372643 0.195136
0.0372807 0.195409
0.0381735 0.200314
0.0393026 0.207658
0.0376706 0.197249
0.0378875 0.198459
0.0392324 0.207464
0.038287 0.201254
0.0388747 0.203206
0.0376728 0.198646
0.0381967 0.202297
0.0381863 0.203196
0.0389633 0.206249
0.0387229 0.204422
0.0385723 0.202986
0.038785 0.206748
0.0382734 0.20473
0.0392558 0.210071
0.0387874 0.2053
0.0391157 0.207729
0.0391462 0.208286
0.0383809 0.20221
0.0390427 0.206144
0.0393345 0.210335
0.0396807 0.211466
0.039569 0.210657
0.0392616 0.209784
0.0396605 0.212353
0.0386023 0.206752
0.0388364 0.20797
0.0389638 0.207704
0.039051 0.207545
0.0392676 0.210592
0.039219 0.211965
0.0392863 0.21225
0.0392439 0.214203
0.0402295 0.219021
0.03878 0.210678
0.0401331 0.216863
0.0388176 0.210843
0.0397496 0.215539
0.0409226 0.22157
0.0393923 0.213693
0.0391564 0.212281
0.0390981 0.212264
0.0400941 0.216948
0.0400747 0.215664
0.0388298 0.207316
0.0396335 0.213793
0.0393356 0.214988
0.0397529 0.216774
0.0395307 0.214032
0.0396239 0.215938
0.0389736 0.212111
0.0384451 0.207309
0.0386671 0.210922
0.0379771 0.206409
0.0380888 0.206905
0.0386447 0.212293
0.038132 0.208174
0.0387428 0.212276
0.0395228 0.217214
0.0402371 0.223411
0.0388628 0.215305
0.0388012 0.213726
0.0389429 0.213962
0.0391531 0.216013
0.039472 0.217953
0.0399099 0.223599
0.0395438 0.220141
0.0392752 0.21776
0.0405693 0.226753
0.0399033 0.222617
0.0403375 0.223882
0.0403718 0.221548
0.0401635 0.219394
0.0398531 0.218326
0.0402225 0.222158
0.0395637 0.216831
0.0396033 0.218706
0.0395561 0.218633
0.0404115 0.223038
0.0398642 0.219665
0.0385679 0.212714
0.0385717 0.212307
0.0394445 0.216922
0.039724 0.217724
0.039342 0.216393
0.0384347 0.211391
0.0390804 0.217791
0.0386405 0.215194
0.0384077 0.215663
0.0380654 0.212565
0.0378439 0.213641
0.0379531 0.217386
0.0378087 0.214932
0.039537 0.230045
0.0368807 0.215493
0.0371795 0.216279
0.0376106 0.22243
0.0371515 0.217069
0.0366415 0.214576
0.0376136 0.223864
0.0373976 0.225893
0.0362 0.220213
0.0364077 0.220339
0.035966 0.217597
0.0360928 0.221764
0.0355082 0.217801
0.0361208 0.221749
0.0360762 0.221344
0.0346291 0.216103
0.0360262 0.223147
0.0358239 0.225079
0.0362783 0.230136
0.0356195 0.231155
0.0365647 0.240214
0.0357531 0.235594
0.0349937 0.230917
0.0355475 0.234048
0.0353479 0.232322
0.0354271 0.233218
0.0345067 0.228373
0.0350428 0.231185
0.0356532 0.237784
0.0361042 0.240227
0.0364339 0.241068
0.0353718 0.238075
0.0357862 0.242089
0.0365935 0.252769
0.0371211 0.256366
0.0368391 0.252974
0.0357188 0.248154
0.0367156 0.254888
0.0366105 0.258135
0.037324 0.262023
0.0374195 0.265009
0.037915 0.271154
0.0370101 0.265969
0.0378153 0.277642
0.0373746 0.270164
0.0365836 0.265504
0.0377662 0.277497
0.0376209 0.280248
0.0379818 0.283468
0.0385421 0.286485
0.0376728 0.278716
0.0370463 0.273926
0.0377311 0.278673
0.0370148 0.276471
0.0377967 0.283279
0.0373609 0.281851
0.0379744 0.287721
0.0371293 0.281708
0.0374067 0.289096
0.0367826 0.28715
0.0377237 0.295314
0.0381425 0.296164
0.0376312 0.292995
0.0388048 0.300947
0.0391673 0.299888
0.0387965 0.297349
0.0386009 0.29503
0.0395487 0.303127
0.0383898 0.293891
0.0394339 0.304874
0.0386992 0.303686
0.0387027 0.306126
0.0395402 0.310379
0.0396252 0.31404
0.038916 0.311204
0.0394041 0.316975
0.0389654 0.312029
0.0399205 0.323273
0.0392837 0.30845
0.0402721 0.323236
0.0406384 0.322303
0.0403449 0.319795
0.0402976 0.31652
0.0393517 0.309621
0.0396604 0.315257
0.0402902 0.320899
0.0401292 0.323204
0.0393268 0.315878
0.0389418 0.314718
0.0391058 0.313217
0.0392984 0.315957
0.0391916 0.316063
0.0387431 0.315327
0.0375282 0.301715
0.0387524 0.310045
0.0392561 0.318212
0.0390769 0.312876
0.0381152 0.308325
0.0391225 0.319925
0.0396231 0.324366
0.039079 0.323988
0.0390993 0.323621
0.0390352 0.319558
0.0392695 0.322581
0.0396949 0.329471
0.0398225 0.329865
0.039075 0.323941
0.039076 0.325356
0.0395606 0.335092
0.0392676 0.327883
0.0381097 0.316799
0.0391467 0.330287
0.039292 0.333098
0.0388233 0.333984
0.0397476 0.344921
0.0396378 0.340624
0.0392512 0.338233
0.039272 0.343648
0.0394937 0.345266
0.0397499 0.348183
0.0409839 0.367381
0.0396594 0.356275
0.0399191 0.358763
0.0405596 0.361899
0.0410072 0.36503
0.0407142 0.364498
0.0393983 0.360053
0.0410762 0.379118
0.0400544 0.36719
0.0403407 0.372715
0.0383727 0.350981
0.0401385 0.365293
0.0394531 0.363549
0.040555 0.375873
0.0405603 0.379116
0.0405954 0.378935
0.0403104 0.368381
0.0394931 0.365915
0.0393592 0.366906
0.0390783 0.362209
0.0394047 0.365162
0.0399507 0.370665
0.0398234 0.366243
0.039598 0.363096
0.0386715 0.357848
0.0384728 0.353656
0.0394503 0.366285
0.0397948 0.370773
0.0393254 0.367463
0.0398203 0.371034
0.0391422 0.364897
0.0390563 0.364775
0.0396982 0.374382
0.0389235 0.367069
0.0392817 0.373948
0.0397633 0.380675
0.0386549 0.369026
0.0388214 0.37295
0.0385126 0.367712
0.0396406 0.380865
0.0385096 0.369062
0.0397389 0.379463
0.039868 0.391134
0.0392837 0.38918
0.0399855 0.391948
0.0409291 0.404986
0.0405874 0.403257
0.0411032 0.401993
0.0402427 0.394737
0.0408644 0.402957
0.0408623 0.402663
0.0413421 0.410278
0.0409631 0.404053
0.0412174 0.403145
0.0418533 0.413177
0.0412694 0.411979
0.0417586 0.419355
0.0418994 0.418006
0.0410918 0.4141
0.0411822 0.410454
0.0410705 0.409452
0.0410759 0.417774
0.0407824 0.40303
0.0407124 0.402046
0.0409308 0.40601
0.0409898 0.402884
0.0412424 0.400501
0.0409266 0.393191
0.0412442 0.394296
0.0400224 0.38824
0.0417115 0.418519
0.0420964 0.421427
0.0407881 0.407775
0.0398947 0.405216
0.039555 0.409161
0.0408556 0.415622
0.0410997 0.417582
0.0393391 0.402949
0.0405959 0.420031
0.0402644 0.412981
0.041248 0.426116
0.0406572 0.408414
0.0419503 0.418922
0.0423222 0.416968
0.0409817 0.400674
0.0413678 0.409101
0.041588 0.405588
0.0407162 0.388004
0.0410681 0.387356
0.0415539 0.386364
0.0412142 0.379137
0.041263 0.370145
0.0402969 0.361465
0.0410622 0.370488
0.0410605 0.367662
0.0409033 0.367439
0.0405623 0.364771
0.0411783 0.363407
0.0416858 0.364782
0.0414906 0.35775
0.0405066 0.351962
0.0402917 0.344509
0.0402682 0.343135
0.0395948 0.339729
0.0396536 0.33648
0.0395277 0.335694
0.041674 0.356929
0.0408372 0.34695
0.042454 0.353999
0.0441099 0.36408
0.0436333 0.356059
0.0422698 0.340762
0.042801 0.348455
0.0427975 0.349618
0.0419132 0.343371
0.0429595 0.351773
0.0422266 0.34928
0.0422105 0.348214
0.0408388 0.325858
0.0404372 0.319966
0.0418647 0.330683
0.0417575 0.321696
0.0409566 0.319953
0.040127 0.31701
0.0389933 0.312068
0.0395627 0.316337
0.0377391 0.296859
0.0374668 0.287916
0.0376491 0.288144
0.0374547 0.287726
0.0380863 0.297601
0.0393484 0.306185
0.0388655 0.30663
0.0393093 0.307139
0.0416031 0.317583
0.0417727 0.321091
0.0413725 0.312152
0.0406403 0.312905
0.0425358 0.326541
0.0417027 0.324143
0.0415809 0.324133
0.0408136 0.323669
0.0388802 0.309708
0.0393235 0.307304
0.0389066 0.304952
0.0394912 0.309768
0.0387456 0.306008
0.039253 0.305493
0.0383041 0.290366
0.0403422 0.304348
0.0402584 0.315677
0.0386465 0.30226
0.0406647 0.323514
0.0388017 0.314003
0.0397765 0.309391
0.0420127 0.320486
0.0411302 0.320687
0.0405541 0.320932
0.0377781 0.310031
0.0378548 0.316682
0.0371836 0.309338
0.0384393 0.316398
0.0366298 0.305863
0.0373187 0.309725
0.0369211 0.302839
0.0383947 0.317975
0.0380704 0.317302
0.038172 0.32444
0.0372372 0.308707
0.0374959 0.312954
0.0371717 0.314411
0.0381612 0.31578
0.0374928 0.303004
0.0370175 0.302852
0.0379667 0.30582
0.0368365 0.291965
0.0372053 0.295276
0.03732 0.295545
0.0376948 0.305862
0.0377355 0.295485
0.0377125 0.295537
0.0371147 0.296017
0.0371016 0.295268
0.037356 0.297239
0.0371226 0.288465
0.0357591 0.270955
0.0356709 0.272888
0.0355235 0.269133
0.0357405 0.270022
0.0352914 0.263438
0.0343772 0.258737
0.0342391 0.257831
0.0349259 0.263399
0.0350189 0.263623
0.0346139 0.264484
0.0351579 0.271104
0.0349796 0.261149
0.0349483 0.259207
0.0350836 0.255492
0.0349999 0.252493
0.034914 0.250264
0.0342816 0.250575
0.0356748 0.256564
0.0360124 0.254645
0.0356314 0.256808
0.0346034 0.25318
0.0356152 0.253061
0.0356692 0.255534
0.0354563 0.2553
0.0355999 0.256064
0.034615 0.256283
0.0343458 0.255005
0.035278 0.256496
0.0347589 0.251441
0.0343706 0.252026
0.0348769 0.255287
0.0355692 0.260583
0.0352319 0.255708
0.0338591 0.241933
0.0347987 0.251165
0.0357987 0.253589
0.035922 0.257748
0.0344229 0.241988
0.0351177 0.250904
0.0353735 0.249852
0.0356774 0.250407
0.0359487 0.257367
0.0354329 0.255967
0.0363026 0.260353
0.0364838 0.264847
0.0376224 0.27305
0.0379428 0.274132
0.0379465 0.281752
0.0383337 0.291418
0.0374997 0.284614
0.0380615 0.291062
0.036676 0.280933
0.0380072 0.285783
0.0371389 0.282679
0.0371379 0.285297
0.0371311 0.289439
0.0361471 0.282153
0.03627 0.283078
0.0366912 0.286114
0.0364252 0.278326
0.0366027 0.279728
0.0368181 0.281777
0.0370363 0.286843
0.0369184 0.285199
0.035584 0.273557
0.0361369 0.276803
0.0361873 0.276337
0.0363966 0.282438
0.0364098 0.281219
0.0366026 0.28085
0.0367224 0.283298
0.0363381 0.282972
0.0375498 0.291283
0.0363285 0.284788
0.0374522 0.284925
0.0379168 0.287999
0.03868 0.293456
0.0379959 0.283563
0.0381789 0.286103
0.0383955 0.291553
0.0392733 0.297515
0.0385073 0.288098
0.0379661 0.281039
0.0377863 0.277311
0.0381982 0.2798
0.0380777 0.282814
0.0387972 0.287354
0.0386906 0.292303
0.0391267 0.289241
0.0384305 0.277684
0.0386335 0.279016
0.0389332 0.279631
0.0396676 0.281151
0.0391901 0.287078
0.039513 0.282788
0.0390392 0.285136
0.0394244 0.282791
0.03917 0.280957
0.039048 0.279921
0.0391254 0.288329
0.0380839 0.282071
0.0384664 0.279174
0.0392541 0.283344
0.0385327 0.272154
0.0378844 0.264645
0.0370551 0.261656
0.0373362 0.2683
0.038024 0.27432
0.0374447 0.268341
0.03691 0.258016
0.0378968 0.265069
0.0388039 0.267589
0.0401047 0.282241
0.0392391 0.279586
0.0397804 0.28967
0.0406528 0.283733
0.0412157 0.287784
0.0415676 0.294403
0.0403142 0.284684
0.0396731 0.278875
0.0404587 0.281979
0.040523 0.283879
0.0404981 0.288628
0.0402084 0.278427
0.0396508 0.273542
0.0396103 0.27657
0.038788 0.271557
0.0386001 0.265543
0.0382853 0.265602
0.0382862 0.26861
0.0387926 0.271856
0.0382182 0.274648
0.0381793 0.268125
0.04026 0.280083
0.0381767 0.265849
0.0382673 0.264602
0.0380175 0.262307
0.0388063 0.2727
0.0379005 0.266856
0.0382159 0.269884
0.0374025 0.264467
0.038609 0.27248
0.0384401 0.265279
0.038482 0.266736
0.0391083 0.272157
0.0399546 0.283328
0.0392931 0.278433
0.0394287 0.280955
0.0392458 0.277895
0.0388102 0.275946
0.0392743 0.279204
0.0388683 0.276883
0.0382971 0.271052
0.0383986 0.27059
0.0383985 0.269024
0.0381947 0.269317
0.0381883 0.264832
0.0386207 0.267346
0.0388603 0.271801
0.0384189 0.268852
0.0394919 0.276326
0.0397663 0.278109
0.0406074 0.276102
0.040205 0.277606
0.0401607 0.274507
0.0403335 0.27927
0.0395231 0.264457
0.037313 0.255272
0.0384213 0.269179
0.0383748 0.26719
0.0386086 0.262455
0.0392069 0.271289
0.0390526 0.269588
0.0377028 0.258803
0.0385358 0.2683
0.0375766 0.267256
0.0384038 0.262194
0.0393533 0.268091
0.0389014 0.270516
0.0390741 0.272008
0.0398337 0.271744
0.0389412 0.270787
0.0393358 0.267645
0.039339 0.265176
0.0387387 0.258988
0.038385 0.257643
0.0377938 0.256463
0.0382101 0.260023
0.0381184 0.257778
0.0391236 0.268071
0.0388225 0.26042
0.0386772 0.269987
0.0405002 0.281764
0.0397138 0.269484
0.0402456 0.270803
0.0402656 0.275781
0.0405995 0.271363
0.0415119 0.282887
0.0423785 0.287589
0.0400189 0.269655
0.0399443 0.264143
0.0397435 0.267118
0.0399631 0.268078
0.0384846 0.257944
0.03873 0.266134
0.0386015 0.264182
0.0385811 0.266079
0.0391814 0.27756
0.0388114 0.271443
0.0381565 0.269011
0.0385157 0.269955
0.0386578 0.27611
0.0368545 0.265982
0.0372042 0.266667
0.0374883 0.267591
0.0373824 0.269331
0.0381555 0.279887
0.0381914 0.273882
0.0377205 0.272573
0.0374632 0.266272
0.0363997 0.254586
0.0380801 0.268946
0.0380293 0.269085
0.0378901 0.265965
0.0376631 0.263964
0.0378884 0.26936
0.0372458 0.263373
0.036975 0.259215
0.0369579 0.258987
0.0373636 0.260054
0.0366327 0.252128
0.0365721 0.252874
0.0347566 0.243551
0.036325 0.249411
0.0363563 0.246032
0.036376 0.251103
0.0360849 0.250588
0.0349822 0.248575
0.0355481 0.252719
0.0350435 0.25152
0.0349928 0.249279
0.0334896 0.235285
0.032621 0.2312
0.0335488 0.236016
0.0336093 0.235883
0.0341857 0.24651
0.0340669 0.250428
0.0338667 0.248869
0.0342347 0.254684
0.0339096 0.25131
0.0332378 0.238526
0.0337564 0.254142
0.0334798 0.251275
0.034438 0.249
0.0345896 0.249579
0.0339369 0.24736
0.0334738 0.247495
0.0332103 0.243315
0.0336484 0.245295
0.0344106 0.244573
0.0341302 0.251367
0.035166 0.253366
0.0349633 0.251298
0.0355341 0.260293
0.0350896 0.259783
0.0349078 0.254344
0.0350595 0.26361
0.0339644 0.254286
0.0348941 0.263478
0.0356008 0.265519
0.0350714 0.260637
0.0340466 0.259194
0.0332521 0.250439
0.0334794 0.251478
0.0338811 0.252043
0.0349073 0.256829
0.0344872 0.254184
0.0349614 0.258254
0.0342247 0.251956
0.0348354 0.257805
0.0352489 0.25459
0.0347353 0.250578
0.0343239 0.248417
0.0349055 0.254224
0.0350814 0.250798
0.0345431 0.252971
0.035619 0.263125
0.035876 0.270706
0.0356436 0.268602
0.0368462 0.271519
0.0355705 0.263776
0.0357761 0.265714
0.0356067 0.27138
0.0342524 0.256636
0.0347645 0.255073
0.0346918 0.254582
0.0340398 0.250706
0.0324906 0.241401
0.0318301 0.233105
0.0326904 0.234401
0.0322546 0.241461
0.0329819 0.245084
0.0330652 0.248247
0.0329882 0.247111
0.0334357 0.251153
0.0326808 0.247352
0.0325438 0.244586
0.0325415 0.248957
0.0309222 0.230057
0.0315193 0.236413
0.0314078 0.238225
0.0320022 0.242448
0.0310774 0.230794
0.032256 0.244281
0.0314696 0.244797
0.03215 0.248158
0.0326467 0.250897
0.0312639 0.238671
0.0313259 0.234281
0.0300715 0.226478
0.0304884 0.232764
0.0320121 0.248025
0.0317454 0.247276
0.0309676 0.242822
0.0316492 0.252501
0.0316508 0.254664
0.0323123 0.257725
0.0315687 0.255754
0.0314989 0.260985
0.0309285 0.252157
0.0303699 0.261274
0.0289385 0.245725
0.0293326 0.248608
0.0267793 0.23181
0.0277257 0.238285
0.0278546 0.241862
0.0279224 0.239516
0.0274725 0.236499
0.0270536 0.233707
0.0277795 0.244736
0.0283522 0.249036
0.0284008 0.248944
0.0279939 0.248755
0.0279541 0.244845
0.0276817 0.248651
0.0273018 0.243238
0.0267455 0.237123
0.0262562 0.232295
0.0260214 0.228814
0.0259395 0.230386
0.0247495 0.222955
0.0241786 0.223314
0.0247736 0.229018
0.0262731 0.245239
0.0256667 0.240563
0.0249708 0.234018
0.0250298 0.235132
0.025313 0.238049
0.0245172 0.226697
0.0246153 0.230083
0.0235211 0.217158
0.0247854 0.234259
0.0245847 0.232659
0.0249184 0.233893
0.0251294 0.234439
0.0259191 0.243238
0.0247353 0.231648
0.0244741 0.229722
0.0239461 0.225209
0.0246806 0.226415
0.024764 0.229691
0.0240548 0.219517
0.0234651 0.215581
0.0236641 0.223118
0.0232025 0.224531
0.023878 0.230661
0.0242132 0.222456
0.0249651 0.236899
0.0250989 0.236739
0.0253526 0.239598
0.0262871 0.239558
0.0261636 0.239847
0.0267334 0.242739
0.0269447 0.262361
0.0274443 0.254189
0.0264348 0.244599
0.0264412 0.244773
0.0259672 0.239328
0.0265321 0.241844
0.0262181 0.236627
0.0259224 0.234381
0.0259778 0.234234
0.0268065 0.237618
0.0269527 0.236606
0.0276015 0.246458
0.0277795 0.247222
0.0279608 0.251261
0.0287346 0.257757
0.0278391 0.245453
0.0274849 0.241436
0.0282054 0.24658
0.0275884 0.239761
0.0285602 0.251187
0.0283921 0.251996
0.0278206 0.242229
0.027805 0.231738
0.0290945 0.243556
0.029119 0.23938
0.0291651 0.242046
0.0282387 0.232672
0.028006 0.225239
0.0277813 0.227769
0.0280805 0.226022
0.0295471 0.241589
0.0289772 0.229153
0.0300786 0.236807
0.0307531 0.243625
0.0325496 0.252744
0.0328459 0.251269
0.0329543 0.256457
0.0338658 0.257282
0.0327844 0.243961
0.0339409 0.254151
0.0353228 0.262882
0.0357204 0.26565
0.0347363 0.257202
0.0355961 0.256107
0.0349567 0.247769
0.0362215 0.264917
0.0353713 0.258562
0.0340006 0.249375
0.0348914 0.255832
0.0350384 0.26252
0.0338393 0.255645
0.0348046 0.261625
0.0339477 0.255529
0.0335784 0.252558
0.0333626 0.255081
0.0330279 0.244711
0.0339213 0.253001
0.0340612 0.249961
0.0343919 0.253484
0.0344212 0.24973
0.0362391 0.26067
0.0361985 0.257704
0.0347326 0.243993
0.0350512 0.245792
0.0342397 0.241416
0.0343099 0.248263
0.0337122 0.243608
0.0336853 0.247916
0.0330744 0.245304
0.0344438 0.252582
0.0355646 0.261108
0.0356875 0.262743
0.0352012 0.256713
0.0354058 0.251137
0.0361948 0.262407
0.0364785 0.263786
0.0369216 0.266491
0.0372079 0.269225
0.036168 0.264192
0.0362378 0.260171
0.0359294 0.252818
0.0369936 0.267819
0.0361556 0.267734
0.0363807 0.273942
0.0365724 0.270529
0.0360859 0.269079
0.035143 0.25114
0.0360514 0.264004
0.0348496 0.247994
0.0353692 0.256375
0.0356975 0.257926
0.0345192 0.250077
0.0345467 0.250579
0.0345805 0.258439
0.0341911 0.245751
0.0343485 0.252187
0.0340506 0.241813
0.0356991 0.244797
0.0359677 0.252657
0.036015 0.258526
0.0359342 0.265017
0.0364442 0.259563
0.0358795 0.250481
0.0365652 0.254658
0.0362434 0.248294
0.0360117 0.250554
0.0368841 0.252527
0.0367408 0.259777
0.037982 0.26381
0.0380838 0.274137
0.0384102 0.278008
0.0391302 0.273755
0.0385247 0.270331
0.0384142 0.266118
0.0389141 0.269196
0.0385476 0.275762
0.0390176 0.272809
0.0394189 0.280779
0.039174 0.278406
0.0393488 0.284453
0.0406202 0.290535
0.0399863 0.283417
0.0401827 0.282539
0.0406917 0.289217
0.0402888 0.287048
0.0397889 0.286752
0.039971 0.289335
0.0397006 0.289219
0.039418 0.287115
0.0393199 0.28355
0.0388466 0.281298
0.0382715 0.275782
0.0385877 0.283146
0.0398806 0.285758
0.0386212 0.280976
0.038976 0.274198
0.0406544 0.299365
0.0386037 0.274912
0.0395199 0.273712
0.0413325 0.2867
0.0423364 0.291413
0.0406904 0.281283
0.039777 0.274021
0.0376331 0.259573
0.0377943 0.262793
0.0383715 0.262021
0.0391312 0.271321
0.0385901 0.269476
0.0382351 0.2673
0.0369675 0.258493
0.0374174 0.264254
0.0376032 0.263087
0.0373532 0.256171
0.0364826 0.253313
0.0363621 0.255814
0.0378486 0.270978
0.0363398 0.25897
0.0363223 0.259339
0.0367099 0.260536
0.0363229 0.261816
0.0359863 0.257407
0.0357513 0.261123
0.0355166 0.262725
0.0352468 0.263581
0.0348119 0.260472
0.0364758 0.265488
0.0356684 0.263266
0.0347596 0.250156
0.0368078 0.273686
0.0365099 0.272537
0.0375615 0.282193
0.0363186 0.268118
0.0373524 0.279066
0.0378475 0.280275
0.036743 0.271672
0.0376303 0.28323
0.0369 0.273481
0.0370904 0.270941
0.0365055 0.265767
0.0366261 0.259317
0.0361876 0.256168
0.0351993 0.253471
0.0353301 0.253794
0.0356884 0.265028
0.0359842 0.268702
0.0352556 0.264706
0.0359041 0.270941
0.0349118 0.265541
0.0343239 0.267542
0.0334841 0.260718
0.0328845 0.255725
0.0321347 0.25692
0.0317261 0.25396
0.0306547 0.25061
0.0298937 0.244425
0.0298555 0.241557
0.0298806 0.242098
0.0293614 0.236265
0.0299738 0.240719
0.029613 0.238689
0.0301028 0.244058
0.0299489 0.241988
0.0302729 0.241769
0.029976 0.241197
0.0293957 0.240933
0.0291053 0.243286
0.0287316 0.238706
0.0282426 0.235983
0.0273546 0.230084
0.0270834 0.226329
0.0274674 0.228763
0.0271127 0.228454
0.0270367 0.22425
0.027575 0.234479
0.0270658 0.230135
0.027743 0.237257
0.0273346 0.231639
0.0274007 0.231863
0.026808 0.228742
0.02627 0.226115
0.0268758 0.230909
0.0270117 0.23564
0.0267473 0.232035
0.0261498 0.224792
0.0270953 0.241437
0.0273958 0.237192
0.0270191 0.230963
0.0277222 0.239803
0.0280167 0.237775
0.027459 0.232092
0.0277312 0.237258
0.0273892 0.239589
0.0275968 0.243871
0.0275438 0.245265
0.0281622 0.248421
0.0279112 0.243432
0.0279551 0.245736
0.027949 0.242276
0.0268905 0.237461
0.0275062 0.243198
0.0277661 0.246558
0.0269558 0.240127
0.0264955 0.23667
0.0274021 0.244673
0.0261412 0.233764
0.0264906 0.235163
0.0278783 0.245872
0.0269612 0.240269
0.0274105 0.243304
0.0274525 0.245153
0.0273596 0.248252
0.0275459 0.248354
0.0273378 0.243812
0.0276013 0.244872
0.0276619 0.242857
0.0271229 0.237877
0.0272761 0.237991
0.027769 0.240927
0.0274318 0.239618
0.0275784 0.239869
0.0279347 0.243233
0.0278515 0.241511
0.0272975 0.23813
0.0271285 0.235219
0.0267422 0.232884
0.0266708 0.232562
0.0265633 0.230504
0.0271081 0.236804
0.0262965 0.229613
0.0268947 0.234905
0.0267716 0.234714
0.0269295 0.235553
0.0262212 0.227479
0.0269017 0.235057
0.0268524 0.235988
0.0257637 0.224223
0.0267292 0.233486
0.0273424 0.241789
0.0257073 0.226963
0.0266114 0.233352
0.02603 0.228383
0.0264873 0.230416
0.02598 0.228205
0.0259966 0.226591
0.0258263 0.227407
0.0254246 0.223549
0.0261123 0.230289
0.0258461 0.228209
0.0261971 0.231362
0.0257814 0.226214
0.0251659 0.220631
0.0263522 0.231534
0.0253664 0.223033
0.0262635 0.232407
0.0252703 0.222468
0.025618 0.225546
0.0263081 0.231863
0.0257135 0.22674
0.0263621 0.231903
0.0262242 0.231667
0.0251231 0.220513
0.0263114 0.231294
0.0257593 0.224516
0.0258269 0.226696
