2203
2136
2120
2162
2182
2199
2169
2174
2147
2177
2189
2205
2197
2201
2216
2226
2247
2245
2272
2235
2217
2221
2162
2152
2141
2077
2090
2137
2147
2144
2066
2148
2117
2085
2128
2112
2170
2242
2216
2212
2285
2325
2271
2273
2206
2272
2289
2287
2221
2254
2219
2187
2188
2271
2238
2218
2215
2232
2209
2226
2220
2224
2213
2206
2225
2189
2187
2180
2145
2166
2178
2216
2176
2169
2156
2120
2097
2146
2074
2134
2138
2149
2161
2161
2142
2168
2158
2188
2186
2156
2140
2153
2087
2086
2104
2132
2099
2138
2120
2125
2152
2162
2183
2187
2175
2198
2224
2277
2265
2312
2265
2273
2266
2320
2292
2250
2250
2261
2300
2279
2258
2319
2295
2347
2355
2331
2318
2352
2324
2341
2292
2289
2308
2276
2330
2316
2287
2319
2326
2294
2351
2338
2351
2325
2330
2343
2337
2301
2339
2357
2343
2317
2294
2328
2281
2294
2262
2291
2251
2307
2357
2319
2285
2323
2287
2300
2285
2329
2362
2326
2319
2314
2309
2387
2379
2358
2308
2353
2347
2327
2307
2334
2370
2412
2331
2342
2409
2375
2356
2379
2369
2388
2388
2385
2426
2429
2367
2434
2412
2420
2403
2363
2400
2452
2444
2455
2438
2457
2431
2442
2446
2438
2465
2433
2477
2449
2519
2457
2503
2435
2467
2502
2461
2469
2449
2452
2465
2416
2473
2491
2508
2465
2456
2479
2429
2439
2385
2386
2432
2401
2430
2468
2499
2430
2404
2444
2403
2462
2495
2456
2446
2511
2504
2493
2499
2476
2503
2497
2479
2457
2480
2477
2457
2404
2420
2431
2431
2423
2411
2409
2364
2361
2347
2370
2357
2329
2400
2313
2316
2326
2264
2322
2372
2302
2334
2319
2285
2329
2312
2316
2336
2266
2312
2309
2338
2310
2339
2354
2331
2351
2310
2295
2264
2290
2311
2313
2323
2290
2274
2355
2368
2329
2316
2362
2371
2381
2401
2412
2372
2423
2390
2368
2420
2440
2450
2460
2434
2446
2457
2465
2492
2448
2494
2448
2463
2465
2482
2459
2498
2540
2517
2527
2525
2569
2561
2574
2501
2530
2543
2581
2538
2522
2517
2585
2542
2569
2569
2573
2595
2532
2565
2572
2542
2558
2539
2572
2578
2528
2555
2500
2544
2547
2557
2525
2568
2569
2561
2550
2572
2579
2574
2605
2598
2631
2642
2614
2611
2604
2612
2620
2668
2651
2638
2614
2632
2656
2662
2631
2686
2670
2737
2707
2641
2735
2692
2718
2641
2691
2702
2715
2747
2795
2755
2760
2775
2780
2811
2806
2798
2780
2754
2760
2803
2842
2778
2794
2758
2763
2773
2746
2750
2804
2777
2782
2762
2810
2742
2820
2837
2789
2832
2866
2828
2824
2810
2787
2794
2797
2796
2748
2766
2762
2780
2766
2765
2745
2721
2735
2696
2711
2701
2657
2680
2656
2689
2638
2679
2695
2666
2652
2686
2667
2665
2608
2685
2617
2701
2684
2692
2701
2626
2622
2649
2565
2552
2569
2554
2529
2492
2489
2465
2476
2456
2491
2500
2482
2411
2422
2433
2431
2420
2424
2486
2464
2538
2603
2560
2505
2493
2478
2425
2512
2481
2480
2409
2449
2496
2456
2414
2363
2302
2332
2280
2235
2229
2214
2182
2226
2283
2336
2409
2496
2544
2551
2655
2612
2559
2483
2378
2336
2268
2333
2278
2326
2256
2322
2346
2309
2348
2270
2329
2410
2410
2436
2328
2335
2266
2318
2296
2290
2290
2346
2297
2276
2283
2270
2285
2298
2278
2283
2307
2303
2287
2275
2314
2268
2260
2267
2262
2248
2223
2150
2155
2155
2189
2154
2140
2114
2152
2161
2130
2148
2162
2164
2153
2144
2161
2127
2183
2219
2214
2179
2204
2257
2220
2224
2176
2159
2214
2157
2195
2185
2178
2177
2111
2131
2172
2221
2167
2180
2238
2227
2288
2197
2225
2225
2321
2372
2378
2384
2392
2399
2362
2402
2392
2389
2410
2361
2376
2385
2389
2388
2407
2393
2392
2363
2356
2363
2372
2360
2398
2384
2368
2402
2368
2407
2464
2489
2464
2441
2483
2473
2466
2400
2393
2431
2458
2481
2421
2484
2453
2453
2490
2503
2521
2500
2518
2513
2519
2517
2529
2481
2486
2485
2425
2399
2369
2379
2405
2359
2339
2398
2480
2497
2473
2498
2508
2538
2556
2522
2509
2534
2509
2502
2465
2424
2455
2371
2414
2376
2382
2359
2371
2343
2411
2366
2365
2344
2373
2317
2311
2279
2353
2343
2378
2357
2415
2356
2360
2331
2370
2367
2373
2329
2319
2340
2344
2325
2348
2362
2354
2365
2408
2427
2425
2454
2449
2447
2340
2410
2390
2377
2422
2415
2350
2439
2382
2404
2458
2445
2451
2451
2390
2397
2351
2337
2320
2286
2341
2397
2456
2468
2466
2558
2500
2535
2536
2505
2580
2605
2542
2532
2506
2502
2426
2436
2463
2486
2537
2511
2470
2470
2489
2415
2454
2421
2390
2429
2383
2355
2349
2329
2402
2425
2471
2461
2462
2443
2409
2437
2435
2389
2405
2303
2377
2396
2415
2449
2384
2390
2369
2347
2275
2268
2307
2281
2324
2317
2311
2306
2280
2235
2264
2238
2270
2284
2237
2266
2233
2231
2238
2219
2279
2284
2306
2308
2280
2261
2217
2256
2287
2260
2218
2175
2148
2152
2155
2157
2138
2123
2143
2133
2162
2165
2140
2153
2155
2166
2208
2174
2165
2124
2177
2167
2066
2109
2066
2038
1989
1933
1978
1932
1970
1973
1963
1994
1953
1961
2003
1931
1966
1948
1970
1929
2002
1949
1974
1983
1936
1931
1866
1896
1953
1945
1943
1969
1985
1999
2001
1983
1994
1989
1930
1914
1848
1889
1879
1864
1859
1842
1868
1897
1886
1908
1852
1811
1764
1777
1736
1752
1741
1681
1708
1693
1775
1770
1696
1707
1708
1694
1648
1606
1612
1638
1593
1607
1640
1622
1609
1613
1683
1720
1721
1670
1610
1624
1665
1685
1667
1672
1705
1742
1752
1791
1830
1862
1813
1787
1782
1801
1781
1781
1794
1801
1777
1850
1872
1910
1933
1911
1914
1945
1928
1958
1932
1915
1899
1962
1964
1948
1929
1865
1866
1878
1947
1944
1923
1953
2038
2049
2050
2088
2062
2104
2115
2107
2034
2058
2029
2108
2065
2052
2065
2117
2112
2141
2116
2079
2149
2083
2133
2172
2120
2121
2147
2140
2114
2146
2108
2123
2159
2157
2182
2202
2245
2249
2296
2283
2319
2322
2338
2360
2324
2362
2348
2402
2375
2354
2371
2360
2353
2361
2321
2341
2322
2307
2305
2312
2284
2308
2280
2380
2384
2414
2383
2407
2356
2352
2358
2374
2375
2402
2426
2506
2520
2540
2498
2466
2476
2502
2474
2511
2512
2527
2598
2575
2554
2563
2560
2523
2557
2506
2522
2506
2490
2459
2488
2567
2486
2538
2565
2516
2539
2611
2637
2542
2503
2443
2430
2450
2418
2408
2396
2358
2358
2409
2423
2381
2366
2430
2392
2384
2360
2325
2338
2319
2351
2319
2301
2340
2363
2283
2359
2311
2307
2282
2282
2299
2290
2334
2294
2303
2277
2258
2253
2232
2196
2212
2184
2154
2206
2134
2157
2137
2102
2094
2092
2041
1985
2001
2003
1982
1971
1970
1978
1984
2006
1985
1978
1968
1922
1940
1886
1875
1903
1884
1880
1869
1858
1856
1829
1814
1831
1813
1817
1836
1798
1785
1863
1823
1848
1825
1876
1821
1828
1830
1865
1835
1894
1868
1857
1846
1799
1854
1826
1803
1797
1847
1795
1817
1815
1817
1818
1795
1792
1784
1831
1825
1834
1799
1794
1817
1823
1810
1804
1812
1810
1822
1790
1793
1755
1783
1758
1790
1796
1782
1756
1773
1781
1731
1791
1817
1752
1762
1728
1777
1737
1750
1751
1740
1772
1780
1773
1730
1744
1764
1744
1758
1761
1763
1774
1754
1785
1767
1732
1768
1751
1749
