14186
13721
13529
13533
13555
13611
13700
13745
13766
13700
13882
13873
13906
13934
13847
13684
13716
13716
13748
13670
13673
13683
13661
13861
13799
13808
13987
14001
13936
13937
13909
13808
13895
14013
13785
13877
13910
14066
14063
14232
14256
14332
14268
14338
14322
14277
14227
14180
14225
14323
14283
14187
14152
14103
14159
14133
14240
14220
14337
14416
14369
14251
14298
14340
14318
14252
14220
14256
14091
13980
13924
13851
13985
13907
13918
13871
13869
13835
13865
13819
13653
13654
13601
13473
13369
13244
13376
13435
13504
13578
13386
13347
13372
13407
13467
13354
13292
13177
13141
13190
13192
13207
13200
13144
13111
12998
13002
13125
13272
13196
13204
13336
13269
13362
13274
13335
13164
13084
13186
13174
13216
13200
13151
13074
13117
13097
13046
13118
13093
13147
13169
13256
13160
13021
12949
12983
12913
12960
13018
12977
13075
13084
13118
13073
13128
13104
13155
13105
12974
12895
12917
12946
13057
12907
12977
13119
13134
13055
13015
12998
13085
13030
13010
13039
13085
12961
13088
13086
13004
13021
12986
12987
13037
13123
13070
13187
13099
13086
12995
12975
13012
13005
12998
12988
13053
13101
13002
13162
13091
13041
13082
13067
13037
13134
13144
13038
12942
12794
12869
12848
12910
12784
12900
12976
12993
13028
12882
12810
12902
12819
12880
12896
12836
12899
12911
12795
12834
12973
13027
12968
12890
12895
12897
12973
12855
12884
12900
13038
12949
12933
12940
13030
12926
12975
12954
12901
13034
12993
12956
12924
12946
12867
12766
12821
12781
12846
12768
12802
12749
12779
12862
12802
12705
12652
12818
12886
13018
12892
13024
12877
12923
12830
12842
12880
12842
12795
12751
12839
12768
12811
12727
12660
12619
12479
12403
12410
12280
12266
12289
12060
12055
12046
11972
11941
11882
11873
11768
11716
11599
11670
11571
11531
11411
11336
11232
11068
11145
11065
11020
11093
10987
10990
10860
10989
10947
10847
10714
10674
10652
10696
10752
10763
10622
10617
10544
10482
10433
10323
10292
10160
10207
10210
10199
10139
10152
10181
10126
10029
10049
10041
10004
9917
9900
9881
9796
9711
9762
9797
9771
9720
9873
9684
9631
9585
9644
9603
9632
9666
9790
9724
9616
9620
9492
9457
9609
9572
9564
9525
9529
9469
9486
9499
9502
9525
9479
9448
9436
9458
9427
9416
9348
9300
9303
9349
9298
9312
9378
9275
9312
9306
9206
9244
9240
9257
9159
9274
9165
9097
9068
9122
9079
9141
9172
9058
9046
8999
8910
8933
8877
8808
8827
8812
8814
8665
8783
8773
8719
8752
8639
8548
8592
8592
8692
8622
8467
8545
8467
8509
8563
8534
8453
8438
8446
8386
8320
8261
8167
8268
8252
8305
8165
8113
8017
7973
7977
7950
8002
7816
7650
7685
7609
7649
7609
7632
7570
7503
7442
7495
7454
7478
7379
7393
7358
7360
7324
7380
7397
7441
7575
7576
7511
7571
7717
7763
7739
7701
7578
7519
7482
7399
7419
7345
7412
7372
7344
7320
7383
7377
7374
7431
7510
7548
7535
7607
7624
7615
7718
7942
7885
7871
7899
7792
7894
8009
8054
8083
8056
8002
8098
8290
8380
8312
8315
8411
8371
8523
8523
8497
8433
8487
8606
8666
8794
8749
8884
8948
9131
9063
8905
8870
8993
9056
9184
9198
9113
9060
9095
9095
8952
9050
9036
9154
9249
9165
9079
8986
8946
8623
8745
8805
8662
8661
8687
8711
8698
8664
8529
8421
8521
8469
8455
8480
8569
8369
8145
8086
8198
8377
8373
8307
8477
8464
8320
8156
8480
8406
8491
8497
8445
8621
8689
8829
8740
8877
8799
8977
8984
9073
9045
9101
9112
9111
9254
9266
9277
9341
9395
9368
9306
9458
9464
9185
9330
9456
9636
9717
9574
9513
9735
9697
9635
9639
9647
9638
9740
9763
9785
9537
9618
9812
9767
9831
9972
9901
10155
10185
10152
9989
10067
10151
10229
10178
10210
10102
10175
10144
9983
9979
9866
9822
9806
9851
9652
9567
9648
9539
9566
9452
9548
9542
9444
9357
9531
9715
9590
9508
9430
9432
9604
9582
9497
9559
9480
9436
9527
9605
9782
9510
9622
9673
9687
9685
9657
9524
9506
9480
9668
9679
9463
9628
9690
9630
9782
9895
9813
9829
9852
9847
9779
10009
9880
9797
9875
9987
10040
10022
10119
10163
10061
10090
10060
10153
10053
10207
10166
10070
10111
10136
10002
10175
10121
10161
10064
10150
10018
9992
9866
10120
10247
10090
10200
10138
10224
10133
10203
10111
10154
10182
10143
10096
10068
9988
10061
10190
10062
9896
9842
9856
9910
9990
9975
9972
10002
10025
10011
9987
9967
9963
10075
9947
10107
10017
10077
10301
10107
10308
10161
10027
10355
10212
10113
10089
10262
10573
10178
10093
10039
10167
10141
10143
10300
10167
10332
10146
10328
10216
10380
10289
10357
10315
10363
10629
10511
10258
10106
10268
10308
10513
10518
10410
10391
10511
10494
10371
10459
10447
10330
10395
10056
10166
10150
9895
9933
9995
10124
9989
9779
9818
10158
9807
9899
10243
10044
10109
10005
10242
10228
10204
10270
10415
10276
10067
10126
10197
10238
10238
10247
10234
10165
10192
10077
10049
10128
9883
10005
9916
9783
9690
9623
9636
9457
9610
9576
9583
9611
9595
9773
9983
9770
9704
9783
9782
9787
9550
9723
9752
9715
9540
9737
9674
9664
9744
9673
9661
9619
9735
9497
9602
9598
9740
9712
9791
9895
9879
9868
9876
9734
9855
9604
9709
9599
9663
9698
9908
9793
9715
9771
9637
9873
9949
9753
9670
9583
9540
9530
9456
9552
9522
9556
9362
9441
9370
9368
9437
9349
9398
9459
9254
9305
9311
9185
9133
9051
9139
9237
9010
8958
8915
8761
8645
8681
8578
8447
8256
8404
8430
8466
8356
8314
8251
8360
8385
8258
8473
8383
8256
8380
8323
8370
8105
8030
8054
8073
8030
7831
7855
7793
7757
7805
7822
7880
7991
7773
7773
7751
7896
7890
7837
7801
7884
7927
7896
7821
7639
7662
7703
7583
7567
7600
7599
7693
7694
7926
8030
7820
7899
7674
7810
7759
7872
8017
7909
8081
7947
8073
8108
8069
8139
7964
8117
8157
8253
8175
8301
8491
8324
8399
8485
8561
8691
8639
8624
8839
8971
8905
9040
9084
8972
9195
8993
9155
9477
9200
9502
9597
9750
9644
9829
9737
9792
9749
9662
9672
9484
9423
9448
9557
9497
9477
9591
9577
9576
9746
9849
9891
10168
10182
10178
10043
9996
9799
9717
9693
9704
9650
9752
9826
10088
9883
10136
9947
9848
9942
10039
10034
9829
9919
9835
9944
9802
10043
9906
10045
10031
9777
9951
9826
9804
10057
9856
9810
10172
10079
9950
10114
10032
10375
10034
10251
10076
10201
10314
10086
10249
10099
10053
10058
9999
10024
10134
10132
9867
9965
9868
9844
9904
9924
9847
9822
9732
9621
9723
9640
9729
9703
9823
9761
9893
9858
9911
9773
10098
10134
10235
10298
10174
10157
10075
10302
10132
10097
10144
10204
10019
10070
10235
10131
10165
10059
9868
9865
9923
9821
9756
9855
9703
9842
9754
9704
9657
9667
9646
9444
9536
9514
9387
9410
9407
9610
9528
9582
9679
9622
9534
9674
9749
9712
9643
9654
9384
9421
9375
9330
9171
8985
9089
9025
8990
8968
8992
8965
8960
8916
8795
8804
8714
8767
8750
8817
8676
8637
8675
8629
8611
8614
8575
8582
8547
8506
8489
8457
8489
8358
8370
8325
8314
8260
8258
8129
8075
8178
8211
8150
8047
8197
8152
8119
8058
8131
8158
8150
8147
8114
8136
8102
8115
8128
8211
8190
8130
8172
8073
8128
8209
8157
8134
8128
8138
8210
8175
8169
8143
8056
8101
8089
8162
8115
8119
8074
8134
8097
8099
8103
8103
8122
8132
8176
8124
8133
8098
8137
8117
8094
8093
8096
8129
8111
8175
8126
8118
8132
8160
8161
8133
8110
8154
8141
8108
8130
8136
8161
8129
8143
8140
8115
8106
8130
8122
