0.0494589 0.155294
0.0495316 0.155674
0.0492348 0.1567
0.0490873 0.159758
0.0485752 0.160974
0.048369 0.161561
0.0477722 0.158321
0.0475264 0.158167
0.0467247 0.155964
0.0478388 0.158905
0.0478595 0.157686
0.0483034 0.158942
0.0479495 0.157989
0.0479855 0.157959
0.0485837 0.160035
0.0486642 0.162672
0.0491201 0.163823
0.0488638 0.163677
0.0496471 0.16526
0.0490261 0.163497
0.048422 0.162144
0.0483688 0.162318
0.0473324 0.158261
0.0472303 0.155256
0.0473306 0.155156
0.0466186 0.15042
0.047156 0.149424
0.0485583 0.152632
0.0491203 0.154061
0.049189 0.153835
0.0477191 0.148537
0.0494783 0.155562
0.0488971 0.152357
0.0480514 0.14879
0.0489409 0.154371
0.0486636 0.152194
0.0498908 0.156003
0.0510323 0.159391
0.0501584 0.157577
0.0493761 0.155424
0.0507552 0.160283
0.0513506 0.162224
0.0503805 0.159167
0.0504025 0.15853
0.0486847 0.154029
0.0502621 0.159137
0.0504374 0.160891
0.0506859 0.161283
0.0491807 0.156134
0.0495973 0.157369
0.0488605 0.15536
0.0483091 0.154155
0.0481991 0.154607
0.0500408 0.16103
0.0493267 0.158062
0.0486564 0.156938
0.0487585 0.155548
0.0490765 0.156962
0.0488641 0.154077
0.0486994 0.154412
0.048773 0.154499
0.0488137 0.156059
0.0487016 0.154777
0.0480924 0.153835
0.0484781 0.155399
0.0478292 0.153592
0.0478378 0.153797
0.0478542 0.152918
0.0470189 0.152225
0.0474729 0.154936
0.047667 0.156421
0.0490016 0.159988
0.0478126 0.155595
0.0474472 0.155965
0.0471989 0.154907
0.0463479 0.152837
0.0461214 0.151201
0.0469985 0.155114
0.0453294 0.149585
0.0465471 0.154425
0.0468069 0.156596
0.0468049 0.15739
0.0472133 0.158885
0.0472815 0.160395
0.0467155 0.160221
0.0471038 0.163697
0.0469426 0.161334
0.0475787 0.162858
0.0478149 0.161878
0.0471133 0.158786
0.046547 0.159869
0.0468084 0.16131
0.0454605 0.156072
0.0452927 0.15559
0.0459018 0.156234
0.0462694 0.159653
0.0455374 0.157915
0.0464187 0.162252
0.0460709 0.161327
0.0460375 0.161107
0.0468243 0.163129
0.0470123 0.163701
0.047619 0.165379
0.0474105 0.166388
0.0471852 0.165891
0.0478086 0.169103
0.0483216 0.171051
0.049275 0.173486
0.0492756 0.17066
0.0502347 0.175205
0.0494531 0.171539
0.0495974 0.170441
0.0495225 0.170774
0.0504249 0.173627
0.0497893 0.172668
0.0489908 0.168729
0.0487414 0.170921
0.0491554 0.172806
0.0497836 0.174427
0.049551 0.172992
0.0489401 0.170854
0.050222 0.175682
0.0497507 0.174511
0.0509885 0.179517
0.0511834 0.179538
0.050448 0.17798
0.0503968 0.177679
0.0508332 0.179296
0.050241 0.177499
0.0506611 0.178063
0.0495997 0.174045
0.0495144 0.172677
0.0500553 0.17538
0.0494804 0.174795
0.050725 0.179937
0.0503478 0.178387
0.049892 0.177108
0.0507173 0.178935
0.0503202 0.178676
0.0496236 0.176774
0.0507118 0.179809
0.0505864 0.178692
0.0510377 0.179219
0.0503726 0.177847
0.0506049 0.177483
0.0506332 0.1788
0.0505341 0.177651
0.0499653 0.175582
0.0508412 0.180284
0.0513597 0.182784
0.0507143 0.181389
0.0501417 0.178974
0.0494759 0.175691
0.0504759 0.180367
0.0493424 0.175773
0.0495925 0.174861
0.0489822 0.172225
0.0495448 0.175488
0.0488223 0.172954
0.0502823 0.177489
0.0508303 0.18013
0.0500648 0.177974
0.049368 0.175634
0.0504419 0.178158
0.0496742 0.17478
0.0497459 0.177455
0.0494899 0.174587
0.0502113 0.177976
0.0510438 0.181636
0.0503126 0.178635
0.0503758 0.178577
0.0500022 0.178178
0.0499762 0.177111
0.0514218 0.181894
0.0514145 0.18202
0.0508716 0.178812
0.0499297 0.176197
0.0506348 0.17981
0.0506135 0.180608
0.0501995 0.179345
0.0497445 0.177298
0.0504998 0.179469
0.0512056 0.182336
0.0520388 0.18571
0.0503891 0.17858
0.0505428 0.178765
0.0519954 0.185279
0.0512328 0.180444
0.0511129 0.179971
0.0516063 0.182425
0.0509747 0.181089
0.051511 0.18275
0.0516928 0.183171
0.0515999 0.18159
0.0524484 0.184571
0.0522624 0.186302
0.0511828 0.182893
0.052475 0.190245
0.0522723 0.187427
0.0522972 0.188356
0.0515964 0.186135
0.051207 0.18484
0.0517743 0.186047
0.0526305 0.188964
0.0528273 0.188101
0.0528366 0.18844
0.0525737 0.189256
0.0530658 0.191803
0.052088 0.18842
0.0522957 0.190498
0.05235 0.189907
0.0526486 0.189051
0.0529231 0.192038
0.0523428 0.188619
0.0531899 0.191852
0.0525593 0.191403
0.0542549 0.196276
0.0527378 0.189393
0.0537609 0.192139
0.0525033 0.18777
0.0532036 0.191389
0.0538493 0.194029
0.0529726 0.19082
0.0528615 0.190318
0.0525706 0.19051
0.0525853 0.190314
0.0529413 0.191085
0.0520589 0.185304
0.0533929 0.19098
0.0534228 0.192608
0.0537759 0.193818
0.0527724 0.189179
0.0527843 0.190005
0.0528357 0.19106
0.0524633 0.18751
0.0524178 0.189055
0.0510379 0.182983
0.0513626 0.183637
0.0518993 0.187712
0.0515801 0.185778
0.0520176 0.187703
0.0529784 0.191809
0.0535726 0.195754
0.0519719 0.189533
0.0516589 0.188092
0.0524261 0.190254
0.0517531 0.188205
0.0525664 0.192314
0.0532187 0.195702
0.0526169 0.19219
0.0526237 0.190173
0.0536103 0.196141
0.0538009 0.197088
0.0535128 0.197044
0.0538438 0.19496
0.0531023 0.192147
0.0532032 0.192272
0.0532716 0.193686
0.0531929 0.190341
0.0526012 0.190805
0.052996 0.191906
0.0529568 0.193063
0.0524507 0.191325
0.0513741 0.186646
0.0515903 0.188444
0.0519211 0.189996
0.052059 0.190652
0.0519857 0.188722
0.0517082 0.188831
0.0516144 0.188042
0.0505723 0.185747
0.0506337 0.186493
0.0502139 0.185989
0.0504911 0.189919
0.0502002 0.190035
0.0499946 0.187671
0.0509738 0.19544
0.0494199 0.18857
0.0495359 0.188461
0.0495748 0.192869
0.0484485 0.187806
0.0494148 0.192761
0.0505197 0.198129
0.0491618 0.192781
0.0498569 0.196432
0.0490586 0.195317
0.0489786 0.194171
0.0495047 0.198788
0.0493427 0.199328
0.0493438 0.198458
0.0499733 0.201884
0.0479973 0.196514
0.0491538 0.202612
0.0488078 0.203687
0.0496012 0.208155
0.0488765 0.20871
0.04951 0.20987
0.0499205 0.212743
0.049252 0.211525
0.0494417 0.211935
0.0488899 0.210248
0.0486672 0.208826
0.0482082 0.208471
0.0487473 0.20839
0.0488553 0.211108
0.0487769 0.213239
0.0494213 0.216819
0.0487815 0.21454
0.0482762 0.213481
0.0496668 0.220176
0.0499378 0.220238
0.04919 0.216389
0.0488773 0.218038
0.0499007 0.222473
0.0499252 0.224867
0.0503553 0.227151
0.0505155 0.230135
0.0509635 0.233653
0.0499926 0.23047
0.0508948 0.238484
0.0504762 0.234153
0.0501206 0.231929
0.0511747 0.237278
0.0514182 0.240655
0.0517806 0.241332
0.051646 0.241627
0.0511785 0.240371
0.0514406 0.243893
0.0522833 0.244502
0.0518162 0.245493
0.0522432 0.2491
0.0514135 0.246849
0.0526883 0.251919
0.0515412 0.247748
0.0520521 0.251429
0.0519144 0.253836
0.0523121 0.254251
0.0519335 0.250995
0.0526582 0.255654
0.0533311 0.261317
0.0533229 0.254938
0.0533922 0.260946
0.053015 0.262174
0.0542292 0.268023
0.0544673 0.265554
0.0545131 0.268041
0.0529189 0.259655
0.0532676 0.261742
0.0535797 0.259755
0.0546336 0.265426
0.0538351 0.263935
0.0534017 0.262162
0.0533138 0.265171
0.0542623 0.273342
0.0538616 0.264544
0.0539763 0.268387
0.0542968 0.268611
0.0543113 0.270131
0.0546765 0.272327
0.0534628 0.267399
0.054265 0.270398
0.0545112 0.270765
0.0536819 0.267523
0.0540369 0.268556
0.0535903 0.267855
0.0541599 0.272227
0.0543515 0.273209
0.0532726 0.267287
0.0537578 0.27103
0.0530808 0.265506
0.0539223 0.272144
0.053724 0.273871
0.0541806 0.274858
0.0531489 0.270082
0.0540643 0.276188
0.0541823 0.275881
0.0542424 0.273086
0.0538736 0.274933
0.0542124 0.276203
0.0543634 0.277133
0.0543933 0.2796
0.055356 0.281804
0.0550016 0.281169
0.0556778 0.284217
0.0557184 0.288459
0.0552935 0.281863
0.0551775 0.284888
0.0550831 0.286248
0.055222 0.288046
0.0548829 0.287218
0.0562561 0.293865
0.0561855 0.290012
0.0557434 0.287614
0.0552071 0.288585
0.0555544 0.290957
0.0562402 0.295144
0.0561592 0.298765
0.0556143 0.294526
0.0569369 0.30258
0.0563493 0.303134
0.0576806 0.310071
0.0570868 0.307195
0.0558977 0.299637
0.0580137 0.315638
0.0572048 0.306501
0.0575421 0.309814
0.0559167 0.302902
0.0570526 0.307473
0.0572797 0.312768
0.0577537 0.317618
0.0582275 0.319716
0.0592287 0.325303
0.058647 0.316958
0.0584783 0.320111
0.0589735 0.327743
0.0592548 0.325336
0.0596537 0.331995
0.0597136 0.329768
0.0596703 0.326755
0.0591855 0.325756
0.0587107 0.325801
0.0590791 0.327092
0.0597782 0.331873
0.0604527 0.338898
0.0593222 0.333894
0.0594759 0.338216
0.0588562 0.337701
0.0590044 0.33418
0.0592129 0.33604
0.0586502 0.330644
0.0589888 0.336803
0.0599812 0.345618
0.0598556 0.346389
0.0598177 0.348928
0.0593239 0.346245
0.0606061 0.353459
0.0592417 0.342664
0.0607824 0.360798
0.060825 0.37085
0.0602207 0.362915
0.0615131 0.372191
0.0619073 0.374689
0.0613928 0.371665
0.0611083 0.370021
0.0610273 0.371202
0.0608356 0.371451
0.0610964 0.375437
0.0609807 0.373182
0.0609908 0.375101
0.0599607 0.367478
0.0606233 0.374848
0.0602623 0.373597
0.06061 0.37782
0.0604934 0.375815
0.0606346 0.377526
0.0600709 0.371951
0.0596802 0.367852
0.0596159 0.367558
0.0592371 0.355908
0.0595824 0.357841
0.0590434 0.359606
0.0582727 0.350944
0.058523 0.347285
0.0583531 0.342136
0.0591249 0.347461
0.0576637 0.342553
0.0585625 0.353523
0.0589703 0.358425
0.0585805 0.356322
0.0582294 0.358427
0.0585083 0.362043
0.0586695 0.363104
0.0586178 0.359552
0.0569843 0.353771
0.0589048 0.365605
0.057661 0.357514
0.059377 0.36584
0.0586423 0.363834
0.0593357 0.365066
0.059239 0.363477
0.0574781 0.349667
0.0575189 0.347377
0.0584278 0.351559
0.0565152 0.337189
0.0565465 0.334732
0.0568929 0.33736
0.0565119 0.330915
0.0560891 0.318434
0.0551767 0.316043
0.0554701 0.316224
0.0551528 0.312065
0.0548552 0.317762
0.0548557 0.311122
0.0556449 0.311025
0.0552743 0.310405
0.0550503 0.307064
0.0537833 0.29928
0.0540613 0.302674
0.0541943 0.300445
0.0540378 0.293245
0.0534866 0.288783
0.0539386 0.291627
0.0550536 0.298978
0.0543018 0.29295
0.0565848 0.30319
0.0577854 0.305409
0.0566911 0.300364
0.0552005 0.29481
0.0553496 0.295624
0.0544927 0.291976
0.0533225 0.28178
0.0550214 0.289868
0.0539418 0.282124
0.0543062 0.283461
0.052673 0.271162
0.0532391 0.273692
0.0540763 0.273355
0.0536034 0.270992
0.0529421 0.271084
0.0519786 0.266404
0.0502697 0.255977
0.0511448 0.257509
0.0494996 0.248258
0.0487321 0.242988
0.0485992 0.244596
0.0482363 0.244371
0.0479676 0.239912
0.0492042 0.24475
0.0505211 0.255027
0.0518006 0.258122
0.0547077 0.2666
0.0565153 0.272668
0.0577237 0.275057
0.0574744 0.278342
0.0596938 0.292433
0.0588633 0.290674
0.057494 0.28605
0.055809 0.287951
0.0532277 0.271927
0.0526529 0.265304
0.0508577 0.261833
0.052434 0.269368
0.0511244 0.262231
0.0521034 0.267019
0.0510974 0.25937
0.0533437 0.268006
0.0538753 0.275062
0.0528351 0.274195
0.0536784 0.275555
0.0521396 0.268036
0.0545293 0.275458
0.0563677 0.284198
0.0561105 0.281246
0.0564425 0.291074
0.0523687 0.28582
0.0527731 0.288771
0.0513588 0.276409
0.0523451 0.27671
0.0514176 0.274215
0.0513108 0.275671
0.0511709 0.270143
0.0522786 0.277174
0.0514365 0.276082
0.0505553 0.279058
0.050374 0.269222
0.049934 0.270045
0.0500844 0.269108
0.0501451 0.270448
0.0492157 0.269745
0.0487841 0.264818
0.0492728 0.265508
0.0489012 0.260845
0.0486296 0.26167
0.0482554 0.25628
0.048986 0.262984
0.0482143 0.252646
0.0477832 0.251558
0.0480653 0.249862
0.0480224 0.250083
0.0474502 0.247006
0.0471264 0.243964
0.0453778 0.235978
0.0455979 0.232872
0.0454076 0.232571
0.046328 0.23596
0.0456753 0.230596
0.0450176 0.227781
0.0446331 0.225662
0.0455787 0.231249
0.045815 0.228484
0.0451951 0.225063
0.0456807 0.23386
0.045958 0.231726
0.0462225 0.228849
0.0458954 0.223433
0.0453565 0.220644
0.0459064 0.225715
0.0450913 0.223589
0.0459966 0.224242
0.0471516 0.228834
0.0472592 0.229787
0.0461516 0.226061
0.046811 0.228465
0.0480049 0.234177
0.0475711 0.227926
0.0474109 0.227799
0.0461007 0.222381
0.0456246 0.226381
0.0470773 0.230193
0.0456982 0.219833
0.046307 0.224736
0.0462444 0.222256
0.0460592 0.218412
0.0461356 0.219877
0.04481 0.207878
0.0448075 0.209229
0.0463113 0.213948
0.0473077 0.222345
0.0458178 0.215258
0.0464849 0.214757
0.0474756 0.21879
0.0475235 0.218805
0.0489014 0.224094
0.047053 0.217482
0.0477581 0.218673
0.047794 0.219341
0.0498893 0.232495
0.0508478 0.237699
0.0511079 0.24103
0.0511116 0.24272
0.0512326 0.243932
0.0512585 0.243529
0.050266 0.244716
0.0517037 0.251071
0.0512799 0.247927
0.0510885 0.250446
0.0517367 0.251934
0.0506359 0.249788
0.0508681 0.248848
0.0510783 0.249948
0.0512573 0.252965
0.0512688 0.25521
0.0517234 0.252544
0.0515911 0.24632
0.0514641 0.249426
0.0508489 0.248528
0.0506645 0.249841
0.0508631 0.25053
0.0507716 0.24698
0.0510491 0.246295
0.0514008 0.252501
0.0514736 0.249398
0.0510345 0.249789
0.0516193 0.254557
0.0509269 0.248557
0.0521221 0.250599
0.0531688 0.251891
0.0535062 0.261725
0.0530932 0.25608
0.0528904 0.252352
0.0533726 0.256323
0.0533849 0.255343
0.0531134 0.255359
0.0516929 0.251995
0.0514082 0.251736
0.0525656 0.256435
0.0528239 0.254241
0.0534272 0.256328
0.0521632 0.255839
0.053925 0.257998
0.0528652 0.253148
0.0529325 0.254725
0.0540717 0.254549
0.054215 0.252956
0.0546416 0.256904
0.0541477 0.254349
0.0545163 0.255583
0.0542589 0.255205
0.0546931 0.257593
0.0543183 0.251474
0.054482 0.255972
0.0535102 0.253241
0.0535718 0.251747
0.0536312 0.248823
0.0522494 0.241534
0.0517405 0.239373
0.0507977 0.234114
0.0513845 0.234084
0.0519169 0.239042
0.0510805 0.233796
0.050807 0.232505
0.0517044 0.236186
0.0536924 0.246693
0.0543121 0.244636
0.0535212 0.243262
0.0541032 0.248064
0.0542787 0.248047
0.0550029 0.250395
0.0554687 0.255549
0.0544086 0.247862
0.0541445 0.2479
0.0547584 0.249385
0.0542158 0.249304
0.054143 0.246502
0.0532985 0.246057
0.0522436 0.242594
0.0530123 0.248834
0.0513092 0.234289
0.0521225 0.235581
0.0512832 0.235481
0.0513905 0.233529
0.0509834 0.232689
0.0511388 0.231905
0.0505709 0.231225
0.0521376 0.236303
0.0508205 0.234003
0.0508012 0.232913
0.0505249 0.23021
0.0513792 0.233954
0.0497584 0.229497
0.0497481 0.229539
0.0491185 0.228174
0.050987 0.233873
0.0507121 0.229931
0.0513252 0.236335
0.0512091 0.238177
0.0523248 0.245377
0.0508438 0.239042
0.0509378 0.238143
0.0503021 0.233333
0.0510204 0.237594
0.0511563 0.237365
0.0511952 0.237253
0.0498544 0.232319
0.0498206 0.231645
0.0504115 0.234305
0.0504661 0.235176
0.0501748 0.233363
0.0506526 0.233052
0.0512009 0.237459
0.0507262 0.232908
0.0510468 0.236099
0.0519458 0.23896
0.0523455 0.235608
0.0523837 0.239933
0.0531031 0.238068
0.0531306 0.24102
0.0531644 0.244041
0.0507416 0.225978
0.0521205 0.235997
0.051512 0.236329
0.0514135 0.235603
0.0524061 0.236016
0.0522784 0.228412
0.0508647 0.23089
0.0530644 0.241653
0.0517264 0.237275
0.0522654 0.236451
0.053123 0.242382
0.0531834 0.241053
0.0532514 0.237961
0.0531936 0.241074
0.0519486 0.23132
0.0523397 0.236251
0.051229 0.227634
0.0508541 0.228759
0.0501752 0.223507
0.0500679 0.222179
0.0509556 0.226031
0.0522347 0.23238
0.0531579 0.236997
0.0536312 0.232195
0.0537571 0.234611
0.0557663 0.249366
0.0546448 0.247378
0.0554123 0.246884
0.0550897 0.246023
0.0542584 0.238276
0.0558514 0.245294
0.0567538 0.25024
0.0555386 0.244635
0.0550782 0.240891
0.0545126 0.238803
0.0544778 0.24125
0.0527575 0.231953
0.053204 0.233177
0.053802 0.238432
0.0537026 0.239153
0.0549003 0.252287
0.0541596 0.247
0.0534262 0.24335
0.0534331 0.249621
0.0541629 0.250579
0.0520508 0.241621
0.0530274 0.242394
0.0523981 0.242367
0.0516992 0.244401
0.0526772 0.247403
0.0515254 0.234593
0.050942 0.240135
0.050787 0.237297
0.0503306 0.227375
0.0521414 0.239148
0.0527518 0.239885
0.0537022 0.246977
0.0535303 0.240285
0.0535893 0.240712
0.0531572 0.239416
0.0524688 0.234567
0.052892 0.233989
0.0528876 0.23696
0.0516798 0.23731
0.0520202 0.237507
0.0500152 0.225851
0.0517606 0.232174
0.0518547 0.23403
0.0522196 0.235679
0.0526927 0.2393
0.0511149 0.23453
0.0515686 0.234498
0.050932 0.23509
0.05078 0.233556
0.0489742 0.224625
0.0491963 0.229485
0.0498197 0.230585
0.049288 0.230032
0.0502041 0.237555
0.0497712 0.239112
0.0497942 0.240154
0.0499664 0.239311
0.0495803 0.241091
0.04851 0.23257
0.0490872 0.236424
0.0481891 0.233539
0.0489636 0.236188
0.04915 0.238041
0.0483195 0.228896
0.048683 0.226986
0.048067 0.228557
0.0482765 0.229905
0.048452 0.228764
0.0476866 0.226845
0.0490445 0.23286
0.0491817 0.239162
0.0497712 0.23717
0.0490615 0.236669
0.0487638 0.234689
0.0484891 0.237002
0.0476242 0.227688
0.0484214 0.233202
0.0490646 0.236651
0.0483609 0.231938
0.0476078 0.229298
0.0466949 0.225132
0.0462532 0.223308
0.0459888 0.221058
0.0464961 0.226914
0.0463005 0.224641
0.046452 0.222755
0.0456275 0.217967
0.0461585 0.220655
0.0460423 0.217853
0.0466904 0.218494
0.0467391 0.219152
0.0460373 0.216863
0.0463001 0.218003
0.0465413 0.221389
0.0467213 0.219787
0.047689 0.229904
0.0467587 0.223916
0.0469397 0.225544
0.0459412 0.219808
0.0470316 0.224479
0.0468156 0.218712
0.0445287 0.210967
0.0453285 0.217087
0.0445259 0.211442
0.0438232 0.211477
0.042451 0.201459
0.0414851 0.194291
0.0422677 0.202809
0.0413589 0.199793
0.0420706 0.205572
0.0422448 0.206813
0.041839 0.205981
0.0425977 0.210871
0.0417834 0.20446
0.0419259 0.205944
0.0423987 0.209607
0.0411631 0.206259
0.041953 0.208241
0.0415494 0.207898
0.0419595 0.21029
0.041386 0.204408
0.0427184 0.214141
0.0418007 0.207385
0.0422734 0.20869
0.0424653 0.214286
0.0412943 0.20806
0.0411789 0.207389
0.0397478 0.203157
0.0403885 0.207599
0.0418829 0.215777
0.0416123 0.212824
0.0415499 0.21035
0.0422832 0.218535
0.0426735 0.22159
0.0429911 0.224229
0.0428893 0.228399
0.0426911 0.229381
0.0426935 0.229697
0.0427182 0.231872
0.0414128 0.228483
0.0410263 0.231831
0.0395125 0.219895
0.0402523 0.224081
0.0398102 0.221947
0.0397323 0.223073
0.039597 0.223599
0.0390511 0.223246
0.0396149 0.223445
0.0401176 0.226237
0.0399754 0.228385
0.0400588 0.225186
0.0393574 0.220923
0.0378965 0.219356
0.0370269 0.210501
0.0372482 0.213505
0.0367493 0.207407
0.0371029 0.216163
0.036561 0.216812
0.0355384 0.208716
0.0360444 0.211569
0.0357113 0.210834
0.0373519 0.226663
0.037356 0.225334
0.0357527 0.217631
0.0360476 0.220059
0.0359534 0.218834
0.0355144 0.216569
0.0345051 0.209137
0.0336406 0.200976
0.0336387 0.207385
0.0343353 0.210729
0.0334088 0.205522
0.0336805 0.203521
0.0342831 0.207858
0.0338438 0.206967
0.0336421 0.206256
0.0337321 0.204592
0.0353275 0.212312
0.0360044 0.217832
0.0360117 0.220049
0.0351039 0.218615
0.0339033 0.210128
0.0342197 0.210827
0.0351029 0.21957
0.0355298 0.222677
0.0350814 0.219342
0.0351682 0.220029
0.0359447 0.22163
0.0368334 0.22641
0.036816 0.221045
0.037596 0.223039
0.0383511 0.234015
0.0386973 0.235726
0.0382312 0.236252
0.0374264 0.228809
0.0377774 0.229669
0.0378927 0.228786
0.0379971 0.222153
0.0377211 0.225186
0.0377724 0.222002
0.0381027 0.226626
0.0373893 0.220116
0.0390559 0.22817
0.0393939 0.231999
0.0401784 0.234673
0.0407488 0.242717
0.0403037 0.235432
0.0406404 0.234645
0.0410849 0.235672
0.0407181 0.235841
0.0411682 0.235875
0.0409149 0.227535
0.0409705 0.230058
0.0409144 0.226098
0.0421972 0.231232
0.0421179 0.229412
0.041764 0.22414
0.0412903 0.22329
0.0400636 0.216257
0.0399179 0.21111
0.0403671 0.209341
0.0417892 0.218641
0.041846 0.215044
0.0415066 0.211691
0.0423856 0.217677
0.0441317 0.221642
0.0443622 0.227844
0.0443819 0.223921
0.0449496 0.220323
0.0445414 0.22413
0.0453517 0.221427
0.0456458 0.220381
0.0454359 0.216103
0.0438627 0.210908
0.0443152 0.20938
0.0436654 0.20838
0.0454203 0.215278
0.0443561 0.211817
0.0441727 0.212378
0.0445043 0.213503
0.045521 0.223218
0.0456037 0.224132
0.046339 0.226609
0.0452156 0.221408
0.0446569 0.218911
0.0455075 0.22676
0.0448951 0.217183
0.0456784 0.222721
0.0466555 0.226817
0.045519 0.217525
0.0455512 0.215352
0.0460947 0.217066
0.0458293 0.210464
0.0453697 0.207621
0.0460733 0.210847
0.0455174 0.209897
0.0458017 0.212385
0.0468909 0.220329
0.0466833 0.221982
0.0470695 0.225111
0.0475892 0.226917
0.0486162 0.232642
0.048816 0.230619
0.0495415 0.233666
0.0494745 0.226308
0.0502819 0.234645
0.0504059 0.229084
0.0509557 0.235046
0.0515802 0.239643
0.0502954 0.233756
0.0510383 0.235282
0.0508798 0.234004
0.0519228 0.244379
0.0510577 0.239439
0.0510286 0.239349
0.0510288 0.238435
0.0507134 0.240767
0.0508131 0.234293
0.0510332 0.23834
0.050109 0.23106
0.0503268 0.233377
0.0501469 0.237496
0.0495033 0.231836
0.0498184 0.234582
0.0499946 0.235822
0.0493699 0.227105
0.0498542 0.234172
0.0493966 0.232416
0.0512732 0.233976
0.0515627 0.236531
0.0519911 0.242613
0.0517167 0.235614
0.0520725 0.239932
0.0507048 0.227084
0.0506198 0.234403
0.0506737 0.230026
0.0511759 0.235609
0.0515296 0.23282
0.0518455 0.232887
0.0528967 0.240531
0.0537307 0.244512
0.0541691 0.24953
0.0548016 0.252661
0.0541161 0.24836
0.0540505 0.246625
0.0540375 0.247007
0.0541137 0.246892
0.0535753 0.244177
0.0544225 0.254485
0.0547909 0.252082
0.0549408 0.25608
0.056573 0.263917
0.0559673 0.259996
0.056143 0.257356
0.0557125 0.260282
0.0558294 0.260639
0.0549039 0.259248
0.0554075 0.265773
0.054515 0.257739
0.0546728 0.261618
0.0545126 0.25758
0.0539183 0.256622
0.0533695 0.250331
0.0537888 0.254892
0.0555712 0.259476
0.0542641 0.252181
0.0548828 0.256079
0.0561122 0.262458
0.0549297 0.249158
0.0552377 0.250543
0.057309 0.255105
0.0576494 0.256069
0.0556309 0.249853
0.0546459 0.246431
0.0533627 0.242481
0.0522558 0.235877
0.0538758 0.241808
0.0530647 0.239477
0.0529883 0.237382
0.0523739 0.23481
0.0516369 0.235353
0.0514521 0.234161
0.0525386 0.235369
0.0530139 0.239167
0.0518228 0.234235
0.05153 0.235212
0.0530209 0.246251
0.0522556 0.242473
0.0518847 0.24025
0.0516988 0.240301
0.0508519 0.238315
0.051181 0.23724
0.0508241 0.238998
0.0509912 0.238874
0.050578 0.237749
0.0500827 0.237119
0.0510015 0.242311
0.0513249 0.24444
0.0501472 0.236678
0.0514022 0.249788
0.0505104 0.242345
0.0504185 0.242485
0.0497656 0.243102
0.0497742 0.242508
0.050258 0.244392
0.0498878 0.238293
0.0510409 0.244962
0.0499804 0.239407
0.0501721 0.237938
0.0496934 0.236645
0.0499491 0.236837
0.0490753 0.232892
0.0484291 0.228947
0.047912 0.226112
0.047795 0.229389
0.0472605 0.226227
0.0466143 0.22954
0.0476221 0.234158
0.0460281 0.227627
0.0465583 0.23119
0.0461655 0.233017
0.0453996 0.233945
0.0450303 0.230388
0.0450911 0.231801
0.0441078 0.22703
0.0428254 0.221343
0.0429381 0.222531
0.0427662 0.223424
0.0424284 0.221205
0.0424995 0.221063
0.0422411 0.223991
0.0425276 0.224671
0.042598 0.22768
0.0429284 0.228813
0.0426909 0.226857
0.0421991 0.224339
0.0421233 0.226833
0.0411554 0.222531
0.0417366 0.223631
0.0404721 0.218565
0.0399838 0.217745
0.0407923 0.220919
0.0403253 0.219708
0.0402854 0.219063
0.0400326 0.218673
0.0396771 0.218434
0.0398292 0.218636
0.0392035 0.216271
0.0385302 0.213688
0.0392094 0.219072
0.0384942 0.216607
0.0388065 0.218258
0.039078 0.220832
0.0383246 0.217676
0.0379537 0.216154
0.0393852 0.229179
0.0388145 0.225759
0.0392907 0.225972
0.0388306 0.222263
0.0396065 0.230184
0.038614 0.226296
0.0387567 0.223008
0.0388049 0.224485
0.0396589 0.229708
0.039075 0.227724
0.0403683 0.232936
0.0398048 0.228978
0.0391632 0.227853
0.0391259 0.226586
0.0381176 0.221716
0.0392539 0.227876
0.0386709 0.225376
0.0381144 0.222181
0.0380624 0.221088
0.0391048 0.224942
0.0380031 0.21917
0.0385268 0.223493
0.0381375 0.2221
0.0385849 0.225071
0.0385096 0.223671
0.0378524 0.218662
0.0376874 0.219689
0.0375927 0.219326
0.0386303 0.225271
0.038417 0.224257
0.0386691 0.223386
0.0379288 0.220061
0.0377939 0.219611
0.038598 0.223136
0.0387732 0.226291
0.0383881 0.223429
0.0382714 0.223019
0.0385425 0.222004
0.0382955 0.223044
0.0386566 0.224412
0.0378308 0.221699
0.0378558 0.220433
0.0371444 0.216747
0.0377994 0.220151
0.03729 0.216957
0.038018 0.220906
0.0377898 0.221128
0.0377686 0.219134
0.0370769 0.214775
0.0375922 0.218242
0.0377594 0.218984
0.0365498 0.213756
0.0379264 0.220106
0.0385439 0.223851
0.0368966 0.216457
0.0374583 0.217719
0.0365274 0.213439
0.0378907 0.2186
0.0365923 0.214154
0.0371164 0.214067
0.0370786 0.215481
0.0367523 0.214339
0.037332 0.217905
0.0374926 0.218137
0.0372604 0.217253
0.0365225 0.212714
0.0369327 0.215043
0.0373784 0.216336
0.0365987 0.214224
0.0371812 0.216823
0.0373338 0.216605
0.0371627 0.216691
0.0375656 0.217375
0.0368255 0.215771
0.0377922 0.219207
0.037446 0.217076
0.0365432 0.213432
0.0374695 0.21811
0.0371061 0.215375
0.0370355 0.215341
