44542
43124
43059
44044
44920
45463
45403
45743
45950
45507
45738
45649
45819
45868
45612
45742
45745
45944
45763
45588
45785
45918
45677
45564
45235
44553
44321
44009
43709
43587
43295
43413
43295
43391
43481
43400
43495
43933
44180
44799
45020
45277
45077
45097
45312
45203
45383
45121
45160
45446
45415
45271
45395
45383
45371
45585
45428
45480
45207
45709
45517
45561
45440
45870
45897
45767
45717
45555
45620
45626
45692
45223
45511
45714
45679
45741
45467
45661
45754
45846
45677
45914
45771
45705
45852
46026
45971
45987
45718
45762
45975
45996
45908
46056
45837
46078
46094
46059
46016
46158
45959
45988
45843
46129
46095
45975
46025
46210
45966
46024
45801
45829
45757
46009
46034
45927
46162
45997
46200
45993
46138
46175
46130
46030
46011
46206
45995
46269
46257
46209
46210
46229
46109
45998
45934
46000
45839
45724
46224
46228
46360
46218
46064
46156
46043
46274
46246
46052
46006
45892
46200
46209
46366
46121
46228
46257
46180
46241
46106
45881
46370
46320
46285
46053
46040
46235
46171
46384
46274
46231
46034
46278
46202
46420
46271
46352
46225
46470
46371
46355
46377
46218
46284
46350
46260
46337
46331
46357
46094
46099
46474
46359
46196
46221
46255
46477
46246
46384
46143
46274
46573
46146
46355
46589
46264
46464
46373
46301
46671
46696
46724
46307
46577
46482
46569
46595
46429
46589
46558
46378
46369
46463
46458
46707
46585
46629
46561
46409
46317
46628
46638
46710
46529
46919
46299
46530
46730
46454
46860
46549
46715
46585
46647
46756
46536
46618
46432
46836
46882
46677
46481
46838
46542
46587
46412
46627
47046
46873
46604
46710
46796
46774
46844
46794
46908
46821
46697
46609
46627
46673
46745
46629
46740
46939
46952
46585
47083
46803
46754
46919
46730
46990
46952
46825
46814
47270
46653
47046
46856
46936
46745
47211
47036
47308
47136
47262
47243
47155
47328
47551
47249
47157
46963
46977
47303
47420
47004
46944
47104
47416
47419
47347
47384
47334
47491
47284
47530
47328
47447
47608
47349
47246
47289
47454
47315
47632
47559
47550
46994
47572
47700
47614
47335
47496
47318
47482
47446
47349
47438
47627
47203
47329
47628
47373
47019
47218
47261
47496
47462
47242
47144
47227
47211
47639
47195
47595
47314
47375
47461
47360
47268
47183
47353
47338
47378
47489
47432
47454
47528
47098
47179
47409
47194
47508
47499
47414
47214
47333
47443
47440
47322
47059
47235
47254
47417
47275
47320
47274
47300
47738
47426
47183
47324
47349
47377
47226
47401
47308
47175
47383
47451
47419
47247
47144
47059
47235
47231
47167
47172
47010
47177
47190
46976
47197
47055
46916
47122
46991
46891
46971
46908
46717
46890
47012
46829
46977
46860
46827
46831
46820
46619
46748
46395
46508
46558
46365
46285
46395
46642
46313
46039
46295
46064
46213
46045
45812
45731
45867
45843
45830
45626
45833
45867
45724
45601
45696
45593
45877
45512
45500
45746
45596
45794
45516
45480
45748
45746
45701
45510
45544
45908
45458
45464
45767
45582
45386
45489
45769
45369
45595
45687
45585
45338
45386
45131
45155
45194
45089
45164
44871
44694
45137
44772
44766
45229
45086
44828
44801
44894
44987
45245
44940
45156
45376
44853
45046
45157
45380
45041
45474
45478
45655
45994
45667
45735
46000
46157
45818
45597
45461
45793
45596
46061
45863
45865
45899
45489
45240
45189
45096
44034
44165
44072
44385
44477
44374
44509
44491
44676
44366
44595
44494
44558
44642
44151
43529
43545
43702
43742
43537
42711
42755
42951
43159
44454
44246
44121
44283
44654
44630
44752
44875
44657
45020
45321
45460
45623
45827
46286
46798
46821
47095
47029
47145
47238
47040
47297
47165
47103
47376
47171
47380
47261
47459
47250
47159
47537
47364
47215
47168
47129
47022
47043
46817
46911
47270
47074
47171
47460
47061
46848
47214
47083
47016
46667
46909
47201
47321
47029
47201
47401
47249
47287
47187
47110
47559
46900
46948
47296
46897
47140
46861
46788
46692
46589
46554
46523
46649
46529
46643
46689
46802
46990
46457
46646
46762
46582
46627
46709
46693
46608
46578
46536
46384
46479
46471
46502
46458
46719
46230
46653
46315
46400
46533
46498
46180
46343
46518
46409
46152
46522
46324
46429
46428
46549
46247
46532
46437
46412
46064
46401
46342
46050
46168
46137
46170
46188
46315
46057
46338
46419
46365
46405
46335
46412
46366
46636
46298
46324
46182
46037
46379
46189
45975
46206
46171
46206
46143
46080
46353
46339
46276
46278
46211
46249
46398
46310
46210
46314
46331
46351
46270
46364
46331
46243
46556
46554
46393
46186
46565
46454
46398
46149
46202
46332
46027
46154
46338
46331
46340
46452
46270
46352
46716
46547
46418
46447
46338
46355
46132
46406
46330
46356
46365
46293
46212
46094
46027
46116
46239
46397
46233
46216
46195
46201
45963
46050
45996
46270
45973
46027
46077
46007
45797
45892
45955
46238
45658
45942
45889
46202
46018
45873
45870
45750
45748
46034
46168
46194
45900
45770
45971
45971
45927
45984
45786
45779
46292
46211
46363
46232
46226
45954
46397
46278
46204
46229
46111
46249
46229
46252
46274
46067
45970
46013
45974
45942
45958
45913
46075
46041
46227
46232
46046
45923
46206
46247
46477
46640
46346
46513
46219
46453
46101
46307
46279
46291
46553
46411
46151
45986
46073
46122
46442
46361
46470
46296
46546
46456
46213
46190
46533
46468
46440
46332
47043
46756
46629
46552
46591
46612
46732
46589
46579
46440
46794
46348
46587
46026
46529
46427
46327
46305
46321
46484
46501
46303
46360
46300
46494
46123
46233
46288
46288
46397
46527
46400
46505
46854
46595
46797
46713
46826
46704
46918
46810
46741
46773
47242
46911
46862
46884
46950
46610
46865
46626
46696
46697
46883
46893
46946
46944
46630
46741
46763
46567
46516
46498
46655
46450
46705
46561
46604
46653
46770
46929
47199
46914
46948
47169
47154
47286
47179
47630
47056
47788
47641
47707
47239
47220
47619
47301
47386
47408
47521
47382
47437
47354
47506
47699
47761
47740
47921
47706
47682
47713
47837
47926
47827
47818
47640
47772
47790
47573
47488
47458
47432
47425
47518
47543
47434
47294
47588
47638
47717
48117
47422
47747
47171
47529
46872
47215
47495
47267
47527
47368
47520
47538
47437
47415
47096
47341
47350
47561
47220
46741
46414
46496
46631
46643
46718
46551
46746
46523
46591
46456
46330
46077
46180
46188
46190
46452
46294
46393
46335
46373
46372
46440
46467
46411
46555
46454
46400
46506
46312
46203
46798
46555
47223
46397
46696
46554
46574
46563
46578
46695
46595
46578
46312
46352
46043
46205
46357
46271
46178
46071
46345
46145
46120
46066
45883
45754
46207
46279
46148
46261
46516
46131
46464
46536
46307
46264
46319
46516
46304
46603
46268
46245
46263
46295
46157
46418
46235
46431
46078
46224
46465
46464
46533
46389
46090
46330
45863
46640
46521
46349
46160
45624
45820
46236
46178
46139
45847
45995
45923
46009
45491
46004
45854
45953
46149
45969
46129
45971
46181
46075
46255
46193
45813
46244
45712
45804
45965
45560
45742
45694
45804
45781
46502
45475
45567
45444
45748
45665
45829
45852
45705
45945
45915
45831
45775
45948
45649
45721
45681
45628
46106
45850
45944
45881
46040
45526
45893
45753
45757
45855
45847
45744
45903
45728
45898
45902
45821
45206
45909
46088
45834
46281
46212
46209
46323
46363
46329
46290
46300
46502
46395
46273
46351
46602
46836
46714
46377
46637
46511
46575
46729
46497
46873
46720
46701
46482
46600
46894
46651
46720
46667
46687
46828
46599
46654
47080
46698
47098
46822
46983
46915
47031
47302
46967
47034
46999
47366
47159
47166
47159
47026
46961
46918
46929
47417
47181
47196
47231
47219
47305
47212
47232
47233
47162
47591
47091
47209
47421
47549
47456
47398
47505
47428
47431
47468
47075
47017
47150
47137
47013
47264
47133
47316
47364
47248
47170
47144
47083
47526
47182
47361
47164
47167
47360
47223
47141
47484
47039
47307
46898
47469
47149
47224
47344
47466
47476
47584
47368
47221
47193
47652
47282
47169
47440
47224
47630
47232
47188
47396
47185
47189
47225
