61.1896   1.4974   62.687 0.104105   0.136127
62.4671   1.55795   64.025 0.11064   0.12015
63.3589   1.47578   64.8347 0.111364   0.113521
62.4624   1.13391   63.5963 0.108198   0.108335
65.9006   1.15277   67.0534 0.111803   0.127613
64.6125   1.04193   65.6544 0.111446   0.13189
68.0167   1.49601   69.5127 0.113607   0.149601
63.7555   1.2097   64.9652 0.108823   0.140119
62.3408   1.21   63.5508 0.108911   0.142353
64.5182   1.32849   65.8467 0.115569   0.12815
67.0421   1.05201   68.0941 0.118967   0.121386
69.7811   1.23718   71.0182 0.120673   0.135457
69.7489   1.26242   71.0113 0.123646   0.139237
71.8083   1.53974   73.348 0.126594   0.169825
67.431   1.20073   68.6317 0.124175   0.168326
72.5066   0.859728   73.3663 0.123851   0.141713
71.0487   1.07867   72.1274 0.12101   0.13317
74.8036   0.622441   75.4261 0.124376   0.108565
72.9275   1.44148   74.369 0.121553   0.160164
75.5766   1.20181   76.7784 0.126249   0.166149
74.5944   1.12478   75.7192 0.127403   0.149307
73.7225   1.49725   75.2197 0.124405   0.163337
73.1095   1.36026   74.4698 0.126232   0.182178
73.0418   1.51598   74.5578 0.125545   0.191089
70.4872   1.21967   71.7068 0.124192   0.186683
69.6262   1.6034   71.2296 0.124199   0.200425
72.9085   0.707185   73.6157 0.125583   0.141437
72.4111   0.104671   72.5158 0.122124   0.0468677
75.0575   0.502619   75.5601 0.121643   0.150786
70.9167   0.928566   71.8453 0.121066   0.155626
69.5186   1.2849   70.8035 0.124244   0.183557
69.8352   1.27605   71.1113 0.119227   0.125926
68.0974   1.63664   69.7341 0.123791   0.144836
69.99   1.25521   71.2452 0.128218   0.132593
59.5732   1.47818   61.0513 0.10019   0.138148
57.7209   1.45261   59.1735 0.0984326   0.159045
55.6122   1.18786   56.8001 0.104528   0.13297
61.509   1.30982   62.8188 0.108399   0.148281
68.1948   1.04927   69.2441 0.116959   0.115304
66.5493   1.06297   67.6123 0.11549   0.132871
65.1844   0.666788   65.8512 0.114923   0.0917598
65.2937   0.670496   65.9642 0.113108   0.0971733
67.6939   1.22279   68.9167 0.111375   0.152849
69.7907   1.23584   71.0266 0.11279   0.178247
71.307   0.384381   71.6914 0.116833   0.0937515
68.0943   0.736443   68.8307 0.11582   0.143463
68.8865   0.693468   69.5799 0.116179   0.114939
69.0855   0.830447   69.9159 0.120107   0.139963
69.099   0.798653   69.8976 0.121035   0.159731
65.7464   0.873311   66.6197 0.11716   0.144748
67.3949   0.910714   68.3056 0.121739   0.139395
56.2536   0.571671   56.8253 0.0943535   0.0937165
62.8239   1.5491   64.373 0.101416   0.146141
64.9097   1.46365   66.3733 0.107799   0.150375
65.006   1.5166   66.5226 0.106057   0.149665
63.3242   1.23857   64.5627 0.10438   0.123037
64.3254   1.12588   65.4513 0.107592   0.125098
67.3427   1.26476   68.6074 0.109893   0.156789
70.6419   1.13969   71.7816 0.111722   0.189949
65.3719   1.20992   66.5818 0.111836   0.19104
71.5268   0.531216   72.058 0.112117   0.130627
71.4629   0.330024   71.7929 0.113988   0.110008
71.4709   0.20599   71.6768 0.114225   0.102995
71.6906   0.220581   71.9112 0.115636   0.110291
66.9312   0.173713   67.1049 0.111732   0.162856
70.7941   0.330575   71.1247 0.115961   0.0833381
67.177   0.162014   67.3391 0.113892   0.156787
72.5885   0.168481   72.757 0.117641   0.0842407
55.7928   0.597779   56.3906 0.0939853   0.19926
56.3182   0.727293   57.0455 0.0908846   0.183351
54.2045   1.14251   55.3471 0.091727   0.174874
60.9217   1.35375   62.2754 0.0985469   0.177347
58.5704   1.48982   60.0602 0.102158   0.159055
61.2719   0.942869   62.2148 0.106535   0.188574
66.0664   0.740896   66.8073 0.108235   0.151203
61.0797   0.627852   61.7076 0.104054   0.106416
63.2142   0.883767   64.098 0.10766   0.11428
58.4476   0.805316   59.2529 0.107355   0.123895
64.212   0.858575   65.0705 0.110324   0.131415
67.2218   1.09998   68.3218 0.113397   0.219996
65.6343   0.78944   66.4237 0.113968   0.156842
66.5805   0.778684   67.3591 0.112848   0.134256
66.4218   0.739978   67.1618 0.113574   0.119996
67.9192   0.717614   68.6368 0.113546   0.145462
67.0428   0.943914   67.9867 0.117591   0.150625
53.6254   1.65369   55.2791 0.0865716   0.165369
59.8761   1.27386   61.15 0.0959297   0.138967
59.5802   2.07474   61.6549 0.09779   0.166869
57.3097   1.06876   58.3784 0.0956224   0.122377
59.9124   0.830716   60.7431 0.0985077   0.118111
63.3716   0.580811   63.9524 0.0999973   0.0957381
67.7905   0.730263   68.5208 0.105374   0.0969376
64.0704   0.497755   64.5682 0.10218   0.111438
66.3852   1.36968   67.7549 0.103646   0.174111
66.1014   1.00211   67.1036 0.103683   0.148828
68.8126   1.55559   70.3682 0.107632   0.156079
70.7576   0.866517   71.6241 0.108115   0.142052
75.5539   0.481569   76.0354 0.116141   0.119397
77.764   1.09106   78.8551 0.112947   0.147441
76.2306   0.641553   76.8722 0.115135   0.106925
62.3257   0.6731   62.9988 0.0915566   0.0841375
63.2091   1.22521   64.4343 0.0923614   0.122931
68.6487   0.697079   69.3457 0.098619   0.0991107
65.5525   0.682516   66.235 0.0990618   0.103936
70.4549   0.856112   71.311 0.101917   0.122302
65.9205   0.716479   66.637 0.0979843   0.127186
67.3095   0.591869   67.9013 0.0960375   0.0991958
66.7585   1.17084   67.9293 0.0991806   0.11787
73.8552   0.337114   74.1923 0.103955   0.0824056
71.2358   0.34438   71.5802 0.101786   0.0892838
72.0332   0.980994   73.0142 0.105776   0.161702
74.5588   0.85174   75.4105 0.104429   0.216544
69.0421   0.642926   69.685 0.103033   0.211954
73.052   0.247539   73.2995 0.10634   0.123769
72.1964   0.363004   72.5594 0.103478   0.181502
56.461   0.705942   57.167 0.084107   0.170792
59.6107   0.633205   60.2439 0.0911804   0.127491
63.5633   0.432495   63.9958 0.0913091   0.104636
62.146   0.736234   62.8822 0.0915572   0.120038
65.7389   0.114281   65.8532 0.0940874   0.0504181
64.9205   0.511238   65.4318 0.0932588   0.136939
64.049   0.705325   64.7543 0.0933523   0.182412
66.8357   0.222872   67.0586 0.096523   0.107841
63.9833   0.544923   64.5282 0.0940931   0.186831
63.5586   1.0917   64.6503 0.0950195   0.214059
63.7096   0.540334   64.2499 0.0945293   0.147364
64.6121   0.866719   65.4788 0.0921713   0.21668
59.4469   0.771584   60.2185 0.0899394   0.191302
58.8083   0.929931   59.7383 0.0840639   0.184755
59.0331   0.981846   60.0149 0.0871337   0.247524
56.34   1.23724   57.5772 0.0883118   0.252498
60.9941   0.861966   61.8561 0.091163   0.153922
61.3181   0.974831   62.2929 0.0953378   0.173047
65.0318   0.771216   65.803 0.0962667   0.250645
66.1791   0.588575   66.7677 0.101814   0.123477
67.9524   0.610393   68.5628 0.104813   0.151087
72.0385   0.942642   72.9811 0.103997   0.178983
72.3894   0.466114   72.8555 0.10799   0.21187
53.9935   0.452355   54.4459 0.0828461   0.215407
63.9241   0.308034   64.2321 0.0923269   0.0840093
60.0213   0.498615   60.5199 0.0971061   0.233726
59.9702   0.332964   60.3031 0.0968198   0.322224
65.914   0.32352   66.2375 0.102329   0.10784
66.9579   0.137588   67.0955 0.104944   0.13315
63.5409   0.599589   64.1405 0.0981226   0.168109
69.5485   0.228561   69.777 0.1049   0.228561
62.6881   0.813151   63.5012 0.100985   0.248924
67.4227   0.515189   67.9379 0.106541   0.173659
49.4955   0.552206   50.0477 0.0877217   0.276103
53.7602   0.0485239   53.8087 0.0924774   0.181964
53.5366   0   53.5366 0.0896109   -nan
56.81   0.0926909   56.9027 0.0950689   0.0926909
56.3819   0.727459   57.1093 0.0954546   0.183393
58.241   0.204317   58.4454 0.099956   0.102158
59.7913   0.611175   60.4025 0.102114   0.29573
63.1948   0.147558   63.3424 0.101938   0.0737792
64.5791   0.172571   64.7517 0.099654   0.0877481
65.9471   0.0321055   65.9792 0.103593   0.0566567
48.2041   0.0888097   48.293 0.0795711   0.0888097
53.5578   0   53.5578 0.0859952   -nan
57.1588   0.0326283   57.1914 0.0925249   0.030589
55.3871   0.0498567   55.4369 0.0886477   0.0498567
56.4073   0.333601   56.7409 0.0931737   0.115035
54.9638   0   54.9638 0.0948961   -nan
55.9453   0   55.9453 0.0942157   -nan
56.2346   0   56.2346 0.0942321   -nan
55.9467   0   55.9467 0.0965986   -nan
63.1208   0   63.1208 0.0998221   -nan
45.4518   0.300461   45.7522 0.0808319   0.154083
50.2106   0.34371   50.5543 0.0853971   0.174768
49.606   0.164919   49.7709 0.0867142   0.164919
51.7084   0.200437   51.9088 0.0892858   0.200437
54.3989   0.39292   54.7918 0.0902287   0.1551
48.8623   0.224185   49.0864 0.0847518   0.113992
50.5182   0.105962   50.6242 0.0886002   0.0364246
48.3037   0.00222199   48.3059 0.0874803   0.0166649
54.506   0.288735   54.7947 0.089398   0.144368
55.4515   0   55.4515 0.0945464   -nan
49.7083   0.0471614   49.7554 0.0905708   0.0524015
45.7787   0.235924   46.0146 0.0788246   0.116028
42.7944   0.0684678   42.8628 0.0814614   0.146717
44.6499   0   44.6499 0.0821979   -nan
46.0043   0   46.0043 0.0873997   -nan
47.4021   0.431085   47.8332 0.0861021   0.230938
49.174   0.0757287   49.2498 0.0896355   0.0567966
48.6993   0.123844   48.8231 0.0897793   0.128114
49.4527   0.127483   49.5802 0.0921194   0.141648
46.3193   0.0855741   46.4049 0.089047   0.0916865
50.744   0.0547248   50.7987 0.0903775   0.0586338
40.5223   0   40.5223 0.0765583   -nan
43.0929   0.00657484   43.0995 0.0805425   0.197245
43.2664   0   43.2664 0.0810689   -nan
45.5731   0.000359538   45.5735 0.0829658   0.0107861
50.0778   0.341317   50.4191 0.0896113   0.120465
53.2876   0.178099   53.4657 0.0901216   0.178099
51.3613   0.109905   51.4712 0.0925986   0.109905
54.8773   0.0144194   54.8917 0.0931703   0.0360485
51.7614   0.144145   51.9056 0.0912954   0.144145
52.5725   0.221804   52.7943 0.0896529   0.166353
43.6937   0.0511876   43.7449 0.0762632   0.0349006
44.0215   0   44.0215 0.0783673   -nan
45.4614   0.11615   45.5775 0.084737   0.120155
45.9316   0   45.9316 0.087234   -nan
51.6752   0   51.6752 0.0888421   -nan
47.7313   0   47.7313 0.0867685   -nan
50.0975   0   50.0975 0.0928878   -nan
51.52   0   51.52 0.0946595   -nan
53.957   0   53.957 0.0978665   -nan
38.8143   0.158809   38.9731 0.0779612   0.158809
42.2482   0.195926   42.4442 0.0831549   0.139947
45.7614   0.291349   46.0528 0.0893952   0.145675
46.4371   0.201639   46.6388 0.0974819   0.106126
49.2211   0.432349   49.6534 0.0987383   0.219839
48.5309   0.19768   48.7286 0.100264   0.160281
47.0462   0.13715   47.1833 0.100792   0.132726
48.2194   0   48.2194 0.105497   -nan
42.9134   0.128166   43.0416 0.0897895   0.132585
48.9126   0.0072123   48.9198 0.0957882   0.0072123
49.4156   0   49.4156 0.101762   -nan
53.396   0   53.396 0.110658   -nan
56.8111   0   56.8111 0.112915   -nan
59.0573   0   59.0573 0.117239   -nan
54.8139   0   54.8139 0.11277   -nan
57.0963   0   57.0963 0.109801   -nan
40.2026   0   40.2026 0.086451   -nan
39.1598   0.0114738   39.1713 0.0871186   0.114738
45.9132   0   45.9132 0.101401   -nan
46.2715   0   46.2715 0.105131   -nan
51.6019   0   51.6019 0.108332   -nan
52.8368   0   52.8368 0.111556   -nan
51.6008   0   51.6008 0.109193   -nan
43.9574   0   43.9574 0.0899784   -nan
48.5356   0   48.5356 0.0995603   -nan
50.5247   0   50.5247 0.104008   -nan
53.5351   0   53.5351 0.109703   -nan
56.3886   0   56.3886 0.119628   -nan
62.2601   0   62.2601 0.120659   -nan
60.8339   0   60.8339 0.125468   -nan
40.7473   0   40.7473 0.0859043   -nan
47.1038   0   47.1038 0.0954001   -nan
48.6189   0   48.6189 0.100342   -nan
50.9729   0   50.9729 0.106497   -nan
50.4292   0.000590558   50.4298 0.108233   0.00885837
53.5189   0   53.5189 0.110341   -nan
59.3347   0   59.3347 0.117386   -nan
56.073   0   56.073 0.117586   -nan
35.6481   0.120277   35.7683 0.0844407   0.240553
40.3403   0.138903   40.4793 0.0939896   0.277807
43.7109   0.12793   43.8388 0.0998194   0.274136
52.6978   0.113671   52.8115 0.108857   0.243581
51.6036   0.0390943   51.6426 0.111954   0.293207
58.7654   0   58.7654 0.122588   -nan
56.6036   0   56.6036 0.122998   -nan
58.3291   0   58.3291 0.125876   -nan
38.8155   0   38.8155 0.0904282   -nan
42.1607   0   42.1607 0.0952784   -nan
45.4181   0   45.4181 0.099601   -nan
48.6524   0   48.6524 0.106834   -nan
49.4754   0   49.4754 0.111697   -nan
44.1818   0   44.1818 0.111891   -nan
43.3676   0   43.3676 0.11098   -nan
42.5888   0.0581693   42.647 0.0936636   0.0623242
50.3371   0.0484171   50.3855 0.106174   0.0484171
61.1021   0.0388166   61.1409 0.1192   0.0485208
61.7462   0   61.7462 0.119424   -nan
63.6497   0   63.6497 0.124895   -nan
62.9114   0   62.9114 0.124892   -nan
59.7229   0   59.7229 0.124991   -nan
55.6246   0.0120102   55.6366 0.124486   0.180154
46.6752   0.0983544   46.7735 0.0947591   0.0922072
51.2711   0.0340851   51.3052 0.100716   0.0340851
51.8708   0.0797841   51.9506 0.102566   0.0405682
53.4816   0.363243   53.8448 0.108655   0.181622
46.4261   0.0256147   46.4517 0.103422   0.0247885
57.6789   0.0737667   57.7527 0.116893   0.0375085
54.3627   0.0439881   54.4067 0.118489   0.10997
46.1361   0.193059   46.3292 0.113776   0.168927
50.44   0.199291   50.6393 0.11833   0.199291
43.9345   0.0897408   44.0242 0.0909459   0.0897408
47.3631   0.169382   47.5324 0.0982381   0.169382
51.4994   0.158987   51.6584 0.100946   0.158987
53.4859   0.13841   53.6243 0.106372   0.15225
56.8097   0.0625346   56.8723 0.110439   0.0781682
60.7897   0.201457   60.9912 0.112065   0.201457
64.3307   0.0822539   64.413 0.11802   0.0858302
68.1713   0.252572   68.4238 0.124856   0.168381
68.0521   0.346527   68.3987 0.123402   0.346527
67.4434   0.0620115   67.5054 0.128122   0.310057
47.3115   0.572176   47.8836 0.0854668   0.146223
49.5716   0.0254303   49.597 0.0918843   0.0476817
53.1806   0.0099726   53.1906 0.0978485   0.179507
57.6448   0.180126   57.825 0.105798   0.15761
59.4198   0.540977   59.9607 0.107314   0.270488
58.1824   0.427172   58.6096 0.106833   0.240284
57.262   0.616369   57.8784 0.104518   0.313408
56.8276   0.0130934   56.8407 0.109106   0.170214
58.1865   0   58.1865 0.108706   -nan
44.463   0   44.463 0.0814141   -nan
47.4324   1.50037e-05   47.4324 0.087519   0.000450111
46.6122   0   46.6122 0.0867608   -nan
50.6454   0   50.6454 0.0910259   -nan
50.891   0   50.891 0.0950937   -nan
54.0379   0.0197797   54.0577 0.0960064   0.138458
50.2038   0   50.2038 0.0930797   -nan
53.4147   0   53.4147 0.0992653   -nan
56.0224   0   56.0224 0.101508   -nan
59.848   0   59.848 0.106359   -nan
61.6156   0.184165   61.7997 0.110126   0.184165
49.1468   0   49.1468 0.0827898   -nan
53.0585   0   53.0585 0.0893392   -nan
55.2935   0   55.2935 0.0903341   -nan
63.0347   0   63.0347 0.0961221   -nan
62.7187   0   62.7187 0.099826   -nan
65.1004   0   65.1004 0.101847   -nan
58.7211   0.0374106   58.7585 0.0973224   0.0374106
61.5494   0.0575888   61.607 0.101349   0.0575888
64.8687   0   64.8687 0.102527   -nan
57.8981   0   57.8981 0.0996411   -nan
62.9469   0   62.9469 0.102987   -nan
64.053   0   64.053 0.0999266   -nan
46.6041   0   46.6041 0.0781337   -nan
48.7116   0   48.7116 0.0789192   -nan
52.055   0   52.055 0.0835286   -nan
53.6598   0   53.6598 0.0860208   -nan
55.9307   0   55.9307 0.0894891   -nan
61.5125   0   61.5125 0.0972888   -nan
62.729   0.0486606   62.7776 0.0962199   0.0470909
72.0236   0   72.0236 0.109469   -nan
67.761   0   67.761 0.105965   -nan
68.2449   0   68.2449 0.109291   -nan
63.028   0   63.028 0.10609   -nan
61.0221   0   61.0221 0.107484   -nan
59.5347   0.293115   59.8279 0.0885231   0.144155
59.8184   0   59.8184 0.0905333   -nan
57.9134   0   57.9134 0.0946504   -nan
61.8898   0.0553949   61.9452 0.0950201   0.053608
65.8562   0   65.8562 0.101317   -nan
68.6617   0.277031   68.9387 0.105688   0.286583
68.6894   0.0173174   68.7067 0.103793   0.0200882
55.7943   0   55.7943 0.0814793   -nan
61.65   0   61.65 0.0880714   -nan
58.3048   0.00458706   58.3094 0.0864928   0.137612
60.5103   0.163267   60.6735 0.0901255   0.0830169
66.5405   0.0370156   66.5775 0.0953485   0.0370156
66.8507   0   66.8507 0.0960591   -nan
57.5658   0.0362364   57.602 0.0827293   0.0362364
65.0138   0.00173388   65.0155 0.0869246   0.0520164
73.6998   0   73.6998 0.092525   -nan
69.6067   0.0279357   69.6346 0.0942499   0.0279357
70.9332   0   70.9332 0.0949067   -nan
74.1084   0.0327261   74.1411 0.0973701   0.0338545
55.8272   0   55.8272 0.0794128   -nan
59.3764   0.0579858   59.4344 0.0846018   0.0579858
60.0128   0.000250639   60.0131 0.0879523   0.00225575
59.416   0   59.416 0.0866008   -nan
68.6583   0   68.6583 0.0924111   -nan
65.7854   0.291404   66.0768 0.0948893   0.185439
55.9951   0   55.9951 0.0810722   -nan
61.8025   0   61.8025 0.0858488   -nan
62.8741   0.145885   63.02 0.0908989   0.145885
70.5815   0.174758   70.7563 0.096322   0.0936205
69.949   0.00317016   69.9522 0.0992579   0.00330225
64.4953   0.0233926   64.5187 0.0928157   0.0267344
62.496   0.163051   62.659 0.0904864   0.0815255
67.0577   0.0303704   67.0881 0.0944919   0.0303704
63.6444   0.120626   63.765 0.0888598   0.0804175
64.253   0.147048   64.4001 0.091601   0.120312
63.0421   0.0786255   63.1208 0.0875457   0.0393127
59.2506   0.0029858   59.2536 0.0846961   0.089574
62.5942   0.00251007   62.5967 0.0859402   0.0652617
67.8521   0.239285   68.0914 0.091371   0.0806577
60.3707   0.00399151   60.3747 0.0871862   0.119745
51.8754   0.0615059   51.9369 0.0879891   0.0595218
49.1006   0.167115   49.2677 0.080326   0.0835574
51.5015   0.0118916   51.5134 0.0871649   0.160536
50.804   0.00278182   50.8068 0.0819243   0.0834547
45.2353   0   45.2353 0.0767004   -nan
44.2331   0.399881   44.633 0.0696657   0.176418
47.0388   0.0115548   47.0503 0.0710699   0.346643
49.5508   0   49.5508 0.0761294   -nan
50.8036   0   50.8036 0.0816449   -nan
48.7945   0   48.7945 0.0809062   -nan
42.0529   0   42.0529 0.0695127   -nan
53.6151   0   53.6151 0.0847121   -nan
55.5161   0.000441974   55.5166 0.0876058   0.00596665
62.9059   0   62.9059 0.092684   -nan
58.0172   0.369597   58.3868 0.0862154   0.187931
60.4139   0.0589748   60.4729 0.088425   0.0663466
49.2571   0   49.2571 0.074617   -nan
57.4143   0   57.4143 0.0852233   -nan
59.598   0   59.598 0.090373   -nan
55.3857   0.255537   55.6412 0.0885286   0.255537
53.799   0.00324043   53.8023 0.0840129   0.0972128
49.4694   0   49.4694 0.0770232   -nan
55.3734   0   55.3734 0.0858191   -nan
51.7438   0   51.7438 0.0828121   -nan
52.7701   0   52.7701 0.0880382   -nan
44.8582   0   44.8582 0.0744287   -nan
51.5846   0   51.5846 0.081729   -nan
57.644   0   57.644 0.0900032   -nan
54.2266   0   54.2266 0.0900923   -nan
45.854   0   45.854 0.0748351   -nan
55.0007   0   55.0007 0.0881679   -nan
56.7766   0   56.7766 0.0921848   -nan
56.6066   0   56.6066 0.0925448   -nan
58.3667   0   58.3667 0.0973753   -nan
61.7577   0   61.7577 0.0957039   -nan
60.7389   0.25068   60.9896 0.101706   0.259324
61.6956   0   61.6956 0.102832   -nan
59.5427   0   59.5427 0.104909   -nan
58.9296   0   58.9296 0.101428   -nan
48.0682   0   48.0682 0.0844042   -nan
45.9724   0   45.9724 0.0843325   -nan
50.4459   0   50.4459 0.0907137   -nan
51.431   0   51.431 0.0937952   -nan
51.6694   0   51.6694 0.0926085   -nan
57.2155   0.04155   57.2571 0.0989032   0.2493
54.5322   0.342415   54.8746 0.0985284   0.354222
57.2161   0.00877291   57.2249 0.103409   0.263187
46.4869   0.0245265   46.5115 0.0853951   0.0245265
48.2072   0   48.2072 0.0848833   -nan
50.6845   0.135004   50.8195 0.0888812   0.135004
50.4411   0.24235   50.6834 0.0916166   0.250707
55.7843   0   55.7843 0.0988582   -nan
54.7556   0   54.7556 0.0944605   -nan
42.4054   0   42.4054 0.0796346   -nan
44.6353   0   44.6353 0.0835189   -nan
43.0887   0.326762   43.4154 0.0845097   0.33803
45.9605   0   45.9605 0.0900524   -nan
50.5438   0.0996272   50.6435 0.0965314   0.498136
38.5832   0   38.5832 0.0768641   -nan
41.5708   0.313346   41.8841 0.0789701   0.313346
46.68   0.289005   46.969 0.0841587   0.289005
50.4549   0   50.4549 0.0877374   -nan
55.6393   0   55.6393 0.0983678   -nan
44.3804   0   44.3804 0.0790483   -nan
46.3658   0   46.3658 0.0799411   -nan
44.499   0   44.499 0.0844384   -nan
42.2682   0   42.2682 0.0782551   -nan
44.9314   0   44.9314 0.0848083   -nan
44.1621   0   44.1621 0.0784686   -nan
46.553   0.147597   46.7006 0.082238   0.147597
50.0015   0   50.0015 0.086793   -nan
47.8093   0   47.8093 0.0869049   -nan
50.2106   0.00530517   50.2159 0.088842   0.159155
48.9493   0   48.9493 0.0922005   -nan
47.4959   0   47.4959 0.0888051   -nan
48.8897   0   48.8897 0.0922012   -nan
47.7635   0.202186   47.9657 0.0919539   0.101093
48.7717   0.0641442   48.8359 0.0947139   0.0641442
50.0166   0.181257   50.1979 0.0923668   0.0604189
41.2742   0.22221   41.4964 0.0801388   0.0740701
45.4053   0.199983   45.6053 0.086817   0.193532
39.0501   0.216362   39.2665 0.0816321   0.104691
39.9175   0.08495   40.0024 0.0891015   0.042475
31.1932   0.312944   31.5061 0.075437   0.101495
34.9986   0.333626   35.3322 0.0810494   0.0834066
37.0849   0.0563649   37.1413 0.0887199   0.045092
37.9511   0.285697   38.2368 0.0886343   0.0703891
34.3728   0.197538   34.5704 0.0799059   0.0658459
33.9992   0.0508144   34.05 0.0874764   0.0508144
37.6106   0   37.6106 0.0897984   -nan
38.2964   0   38.2964 0.095107   -nan
38.576   0.18124   38.7573 0.090874   0.0906201
33.7501   0.324712   34.0748 0.0884205   0.165108
36.0435   0.016633   36.0601 0.091636   0.016633
32.1032   0.398998   32.5022 0.088634   0.181363
36.8407   0.0534591   36.8942 0.101322   0.0534591
42.8506   0.399221   43.2498 0.116442   0.266147
42.2819   0.0730729   42.355 0.107588   0.0730729
42.4023   0.00396628   42.4062 0.109688   0.00396628
40.0759   0.0576635   40.1336 0.108157   0.0576635
37.7466   0.113066   37.8596 0.0979413   0.113066
35.0242   0.212803   35.237 0.0907754   0.106401
36.1394   0.0135899   36.153 0.0987685   0.0135899
35.413   0.06036   35.4733 0.0970514   0.06036
34.2184   0.0837742   34.3022 0.0921087   0.086663
31.5532   0.0931579   31.6463 0.0824359   0.0465789
34.0435   0.0267905   34.0703 0.0865062   0.0248769
35.8147   0.219813   36.0345 0.0899414   0.0740941
35.0735   0.295614   35.3691 0.0876837   0.173891
33.6648   0.283715   33.9485 0.0864974   0.101327
34.2951   0.247932   34.543 0.0871539   0.123966
31.5963   0.194674   31.791 0.0784416   0.098987
34.4408   0.317214   34.758 0.0814845   0.07997
35.8829   0.137311   36.0202 0.0848604   0.0686555
39.3666   0.138754   39.5054 0.0859471   0.070553
32.9038   0.175643   33.0794 0.0771483   0.0878213
36.9026   0.1898   37.0924 0.0863555   0.0632667
38.1512   0.342916   38.4942 0.0875028   0.0945974
39.7095   0.18365   39.8931 0.0907991   0.0918252
33.7706   0.157995   33.9286 0.0814076   0.0777026
35.5281   0.0407852   35.5688 0.0824915   0.0407852
31.7898   0.104386   31.8942 0.0740906   0.0530775
38.9719   0   38.9719 0.090773   -nan
43.9598   0.170858   44.1306 0.0935314   0.0569525
36.6525   0.181644   36.8341 0.0822643   0.0605481
38.1423   0.109085   38.2514 0.0759617   0.0545427
37.764   0.094681   37.8587 0.0808652   0.0908937
41.6146   0.167062   41.7816 0.0798182   0.0808364
48.6612   0.151754   48.8129 0.087249   0.0521655
42.1735   0.245801   42.4193 0.0791396   0.0819337
44.1896   0.0712961   44.2609 0.0799908   0.035648
44.6767   0.12955   44.8063 0.0818886   0.064775
49.7105   0.232549   49.943 0.0852813   0.0783874
39.9757   0.0954509   40.0711 0.0791806   0.0325401
45.4906   0.21797   45.7086 0.0831017   0.0749273
40.3619   0.100047   40.4619 0.0768018   0.103497
46.8876   0.183087   47.0707 0.0857047   0.0627727
46.6523   0.0175896   46.6699 0.0852098   0.0175896
56.2331   0   56.2331 0.0936697   -nan
54.1502   0.0719192   54.2221 0.0951673   0.061645
51.3936   0.197278   51.5909 0.0925282   0.0769864
52.4942   0.126217   52.6204 0.0933644   0.0673156
39.3165   0.0955391   39.412 0.0788907   0.0955391
43.3548   0.0513968   43.4062 0.0771437   0.0513968
46.1096   0.113793   46.2234 0.0872626   0.0568966
43.6569   0.135297   43.7922 0.0847707   0.128176
41.1406   0   41.1406 0.0786252   -nan
43.4421   0.207066   43.6491 0.0792325   0.207066
43.655   0.0966783   43.7517 0.0795029   0.100012
47.097   0.138602   47.2356 0.086132   0.143381
41.4134   0.0398474   41.4533 0.0747085   0.0412215
42.1176   0.360737   42.4783 0.0770537   0.128835
46.429   0.163991   46.593 0.0878671   0.163991
40.032   0.0227169   40.0547 0.0755559   0.0235002
46.8998   0.34319   47.243 0.0866732   0.134292
38.4504   0.194967   38.6454 0.0742573   0.104446
35.9227   0.0891418   36.0118 0.0715069   0.0891418
43.9547   0.338178   44.2929 0.0772219   0.0957108
34.1562   0.221113   34.3773 0.0667809   0.0737042
35.2463   0.280289   35.5266 0.0662981   0.14252
37.5492   0.150475   37.6996 0.0710302   0.0752374
46.4392   0.186095   46.6253 0.0818621   0.100205
45.1192   0.126259   45.2454 0.0771927   0.134677
44.7645   0.0361637   44.8006 0.0775366   0.0361637
45.9707   0.0273412   45.9981 0.0802282   0.0273412
46.8484   0.224784   47.0732 0.081511   0.224784
47.5598   0.234541   47.7943 0.0835065   0.117271
46.4305   0.302454   46.733 0.0795316   0.100818
46.1943   0.0791581   46.2735 0.0761655   0.0791581
47.2284   0.317823   47.5462 0.0777422   0.149564
44.7149   0.191617   44.9066 0.0763836   0.0870985
40.1452   0.120898   40.2661 0.0681158   0.116998
40.3769   0.189465   40.5664 0.0687852   0.0977886
39.7252   0.243276   39.9685 0.0682294   0.117133
38.6513   0.0442153   38.6956 0.0704631   0.0221076
42.868   0   42.868 0.0791626   -nan
50.4637   0.127074   50.5908 0.084737   0.122975
52.584   0   52.584 0.0929538   -nan
66.6865   0.044294   66.7308 0.100415   0.168317
52.4978   0.00793169   52.5057 0.0912053   0.237951
38.7775   0.369334   39.1468 0.073382   0.184667
44.7424   0.197854   44.9403 0.0820125   0.178068
41.92   0.170305   42.0903 0.0741259   0.162564
41.577   0.231975   41.8089 0.0790036   0.217477
39.784   0.390074   40.1741 0.0753722   0.195037
38.2931   0.114929   38.408 0.0776421   0.143661
35.6953   0.011892   35.7072 0.0737507   0.011892
31.3001   0.0374594   31.3376 0.0643894   0.0361677
32.8226   0.0410955   32.8637 0.0664693   0.0397699
30.301   0.584077   30.8851 0.0646422   0.191501
32.9442   0.387711   33.3319 0.070094   0.193855
32.4771   0.630989   33.1081 0.0686281   0.21033
39.267   0.929934   40.197 0.0775415   0.232483
39.4475   0.318908   39.7664 0.0756787   0.106303
41.5868   0.243838   41.8306 0.0809396   0.121919
41.3457   0.0687526   41.4144 0.08107   0.0687526
41.8157   0.0305534   41.8462 0.0797401   0.0305534
45.0249   0.174724   45.1996 0.088013   0.111188
40.6692   0.0251918   40.6944 0.0787197   0.0269912
47.7795   0.093213   47.8727 0.0953206   0.149141
53.3993   0.199047   53.5984 0.0979527   0.0663491
51.0604   0.194299   51.2547 0.0981175   0.176636
53.7774   0.19619   53.9736 0.103484   0.130793
39.258   0.365251   39.6233 0.0893679   0.213063
33.5682   0.159324   33.7275 0.0806217   0.0543152
37.3081   0.297165   37.6052 0.0909768   0.274306
36.5508   0.0279909   36.5788 0.0898882   0.223927
33.2695   0.210774   33.4803 0.0855697   0.123985
29.3415   0.294622   29.6361 0.0773672   0.252533
30.6011   0.622397   31.2235 0.0756642   0.183058
29.1711   0.430917   29.602 0.0778934   0.224826
30.2752   0.371654   30.6468 0.0827756   0.212374
27.8072   0.343759   28.151 0.077365   0.343759
27.3487   0.32754   27.6763 0.0779351   0.32754
26.34   0.311078   26.6511 0.0755317   0.311078
26.5411   0.312551   26.8537 0.0762363   0.312551
29.5709   0.341007   29.9119 0.0807949   0.330007
29.0713   0.539666   29.611 0.0795229   0.236104
30.6404   0.451531   31.092 0.0847982   0.169324
31.8141   0.312974   32.1271 0.0850996   0.312974
35.1949   0.274086   35.4689 0.0983555   0.274086
28.0393   0.254598   28.2939 0.0854277   0.0881302
35.4893   0.446683   35.936 0.0915264   0.148894
34.049   0.455219   34.5042 0.0942315   0.195094
31.4882   0.512037   32.0003 0.0886493   0.256019
34.1789   0.277452   34.4563 0.0909012   0.138726
31.2988   0.589107   31.8879 0.0843632   0.294553
26.1969   0.38266   26.5795 0.083341   0.135057
31.0967   0.542821   31.6395 0.0892557   0.27141
29.6652   0.51437   30.1796 0.0831268   0.257185
28.4679   0.524096   28.992 0.0806455   0.262048
29.6166   0.570134   30.1867 0.0793301   0.285067
28.5844   0.486425   29.0708 0.078745   0.243213
29.5136   0.481776   29.9954 0.0804186   0.240888
30.1748   0.45128   30.626 0.0798098   0.22564
31.6824   0.438228   32.1206 0.0837327   0.219114
31.8128   0.418981   32.2318 0.08425   0.209491
30.959   0.433368   31.3924 0.0788095   0.216684
30.8269   0.404794   31.2317 0.0801294   0.202397
32.7278   0.434314   33.1622 0.0838199   0.217157
29.8622   0.409278   30.2715 0.0817173   0.204639
29.2407   0.435236   29.6759 0.0813171   0.217618
31.5504   0.452984   32.0033 0.0839803   0.226492
33.8184   0.430805   34.2492 0.0876692   0.215403
31.2847   0.412125   31.6968 0.0847058   0.206063
33.6254   0.408359   34.0338 0.0829234   0.204179
34.9692   0.396847   35.366 0.0852075   0.198424
34.0153   0.39907   34.4144 0.0861147   0.199535
29.2275   0.411721   29.6393 0.0799503   0.205861
29.8362   0.420711   30.2569 0.0787755   0.210356
28.5044   0.423318   28.9277 0.0792522   0.211659
29.8712   0.409146   30.2804 0.0797511   0.204573
29.6417   0.437396   30.079 0.0796319   0.218698
29.0661   0.436818   29.503 0.0820151   0.218409
28.5043   0.422766   28.927 0.078553   0.211383
28.9278   0.443326   29.3712 0.0787317   0.221663
29.6252   0.437756   30.0629 0.0807435   0.218878
30.7084   0.425091   31.1335 0.0805289   0.212545
29.5106   0.439125   29.9497 0.0813244   0.219562
30.4715   0.476974   30.9485 0.0821581   0.238487
