1367         1367
1271         571
1290         587
1273         564
1299         568
1306         577
1329         589
1361         579
1352         598
1366         585
1311         572
1294         558
1309         563
1292         578
1296         564
1239         567
1267         543
1288         585
1328         587
1367         601
1398         599
1363         598
1344         585
1376         592
1323         579
1334         581
1305         567
1273         560
1302         580
1325         592
1385         617
1378         585
1317         559
1339         585
1310         550
1337         545
1303         594
1292         586
1216         532
1264         567
1263         583
1271         576
1255         567
1253         577
1295         607
1301         618
1280         610
1285         587
1259         592
1263         575
1242         570
1237         561
1228         553
1301         596
1330         619
1313         602
1297         612
1322         606
1325         597
1334         612
1338         632
1317         584
1369         637
1349         626
1352         625
1337         619
1321         599
1346         610
1318         589
1346         617
1351         593
1360         619
1317         590
1375         618
1327         573
1344         575
1310         610
1290         587
1270         587
1277         544
1324         582
1334         592
1304         575
1273         590
1326         584
1308         598
1317         570
1365         619
1325         624
1327         609
1349         599
1353         608
1352         633
1394         643
1417         627
1369         640
1396         637
1372         639
1395         654
1408         650
1424         688
1398         662
1455         680
1435         684
1419         696
1421         661
1457         691
1433         672
1455         700
1488         673
1490         710
1445         699
1445         681
1476         713
1441         670
1494         686
1510         697
1444         671
1427         653
1448         696
1471         678
1513         698
1463         696
1432         686
1498         692
1474         680
1492         668
1509         673
1496         701
1484         660
1514         699
1513         677
1448         637
1486         669
1459         643
1425         675
1440         650
1427         648
1488         692
1422         670
1405         651
1404         692
1376         618
1329         619
1329         644
1326         638
1319         647
1339         663
1332         620
1298         632
1289         564
1265         581
1319         597
1300         597
1262         590
1297         582
1277         585
1308         619
1343         648
1299         636
1319         605
1363         622
1335         617
1334         624
1312         605
1298         579
1312         593
1292         596
1270         579
1307         632
1331         562
1305         587
1329         572
1346         579
1336         602
1339         576
1305         570
1302         552
1367         609
1350         586
1320         548
1318         580
1247         525
1291         543
1230         526
1260         550
1243         548
1279         542
1249         536
1278         520
1275         561
1253         529
1263         535
1213         533
1242         549
1241         558
1270         591
1248         554
1306         589
1255         566
1279         586
1223         572
1249         561
1187         536
1202         526
1250         581
1233         550
1200         539
1177         544
1175         551
1144         497
1159         508
1128         511
1103         476
1147         498
1104         484
1080         466
1060         457
1060         477
1080         510
1042         485
1041         482
1013         503
1024         503
1025         486
1065         520
1052         465
1029         449
1026         452
1006         440
1027         476
1045         473
1029         472
1028         488
1028         487
1001         485
1039         488
1001         471
1031         516
1014         484
1024         474
1041         493
1008         484
1032         478
978         465
1008         485
989         505
986         476
990         422
984         429
993         437
1053         484
1044         460
1073         479
1080         460
1056         463
1052         429
1070         442
1095         456
1090         455
1074         442
1059         394
1030         390
1051         454
1081         474
1136         512
1149         517
1246         509
1199         503
1151         477
1131         446
1076         492
1074         509
1094         505
1104         492
1059         448
1086         493
1045         458
1007         405
1054         426
1040         483
1045         482
1078         510
1065         502
1065         514
1084         542
1078         545
1077         546
1120         551
1091         526
1111         553
1079         539
1051         543
1022         544
1028         553
1018         544
1068         547
1062         520
1040         535
1051         546
1032         541
1060         537
1067         556
1045         535
1070         562
1037         539
1068         538
1042         551
1120         562
1088         559
1149         593
1108         593
1163         612
1212         655
1198         628
1158         639
1143         603
1123         607
1166         632
1102         581
1147         611
1186         641
1154         596
1160         617
1174         623
1165         623
1199         625
1153         632
1226         651
1210         657
1218         639
1225         624
1170         594
1203         567
1217         672
1244         660
1202         611
1255         651
1263         650
1256         649
1283         661
1248         684
1286         700
1258         674
1250         671
1239         697
1298         695
1294         695
1377         747
1393         796
1323         738
1336         747
1373         761
1337         703
1284         701
1261         682
1268         686
1362         742
1289         693
1274         690
1266         719
1267         691
1276         732
1317         704
1280         694
1283         690
1289         709
1298         716
1293         701
1266         720
1264         699
1319         728
1313         742
1294         692
1198         589
1256         611
1254         590
1270         620
1229         589
1265         634
1275         661
1279         650
1267         622
1228         603
1240         604
1283         632
1251         633
1302         678
1314         672
1335         683
1270         660
1265         673
1259         659
1241         625
1265         640
1237         642
1258         645
1215         624
1206         599
1221         602
1224         631
1232         640
1249         601
1249         612
1237         623
1251         615
1207         611
1209         599
1231         645
1178         597
1172         599
1130         567
1153         581
1152         569
1121         545
1107         556
1108         548
1146         557
1138         578
1118         553
1134         553
1149         544
1167         567
1142         570
1138         550
1184         564
1155         579
1109         532
1141         534
1106         509
1137         510
1110         523
1139         501
1133         526
1185         554
1189         575
1175         565
1164         561
1196         580
1101         527
1138         540
1129         529
1119         562
1136         566
1113         576
1120         550
1122         565
1109         530
1122         534
1092         530
1035         519
1129         514
1078         541
1058         515
1046         523
1006         478
934         448
898         413
892         431
884         418
896         428
907         430
902         388
875         418
886         402
906         424
834         381
856         393
806         362
807         363
825         368
844         393
815         386
845         370
822         385
835         385
813         365
818         364
799         371
816         382
816         393
840         398
865         400
833         389
841         393
848         402
871         422
901         422
940         458
938         426
886         427
936         436
920         437
894         414
930         430
936         429
913         429
981         470
1008         445
1051         502
1063         467
1075         521
1172         557
1114         532
1151         552
1178         545
1177         582
1127         504
1144         547
1138         525
1134         547
1138         547
1224         600
1147         569
1143         555
1144         562
1120         498
1197         562
1167         528
1183         515
1192         523
1199         548
1187         549
1212         546
1229         554
1161         546
1161         528
1189         529
1143         541
1153         517
1126         502
1233         569
1210         511
1204         531
1238         528
1265         567
1250         584
1279         577
1246         573
1259         574
1259         569
1263         583
1315         606
1270         607
1252         585
1292         589
1268         587
1262         582
1250         548
1226         541
1327         595
1280         565
1392         664
1309         575
1242         528
1233         545
1245         565
1204         526
1219         527
1171         493
1148         484
1174         486
1147         493
1140         468
1114         470
1170         473
1199         506
1219         521
1178         513
1169         510
1176         524
1167         511
1161         516
1125         501
1154         545
1147         520
1089         519
1044         439
1012         416
969         410
971         406
965         388
955         379
960         404
933         374
928         365
891         359
876         350
879         348
874         348
886         366
868         365
867         361
880         373
857         357
823         328
907         387
856         361
864         355
898         376
905         371
861         314
889         348
837         356
831         353
902         373
896         363
870         367
891         378
886         378
876         377
865         392
889         384
876         390
859         365
857         359
863         375
871         385
850         369
866         405
862         410
848         395
846         365
852         378
846         359
867         374
872         372
816         354
847         362
827         367
853         366
871         381
821         362
846         370
