2218       2218
2046       12
2041       11
2075       12
2082       13
2117       10
2105       9
2102       7
2090       10
2111       8
2099       8
2094       10
2104       8
2132       9
2157       9
2157       9
2121       7
2117       6
2125       8
2144       5
2162       9
2167       7
2152       7
2139       9
2150       7
2139       7
2146       6
2182       8
2203       5
2216       2
2269       3
2246       5
2218       7
2232       10
2232       11
2202       9
2206       10
2238       9
2207       8
2211       8
2171       9
2133       8
2117       7
2074       6
2089       8
2071       6
2060       4
2045       5
2028       6
2030       5
2010       5
1925       6
1938       6
1946       6
1988       10
1961       9
1972       10
1953       10
1967       9
1929       8
1925       6
1922       6
1937       4
1901       3
1958       2
1969       2
1971       1
1965       3
1933       1
1923       2
1906       3
1928       3
1949       6
1949       7
1933       9
1938       5
1930       4
1896       5
1916       7
1907       6
1933       6
1914       5
1891       5
1913       5
1902       6
1904       4
1838       6
1869       10
1873       9
1875       12
1857       8
1879       7
1883       6
1822       7
1862       4
1821       7
1819       6
1845       9
1805       6
1802       4
1804       7
1788       6
1773       8
1756       9
1754       7
1764       6
1745       7
1724       5
1704       5
1736       9
1714       4
1665       3
1636       6
1636       3
1638       3
1670       2
1651       2
1673       4
1671       4
1636       4
1634       6
1615       2
1591       3
1592       3
1609       2
1600       2
1591       5
1574       3
1654       4
1630       4
1607       5
1643       3
1635       4
1644       5
1621       5
1586       3
1591       4
1560       4
1526       5
1526       2
1514       2
1478       3
1456       2
1458       1
1424       3
1392       1
1379       3
1334       1
1304       3
1312       2
1281       2
1268       0
1230       0
1221       1
1202       3
1197       2
1188       2
1157       2
1116       1
1075       0
1044       1
1046       0
1008       1
992       1
995       2
969       0
940       0
921       0
917       0
919       0
936       1
910       1
924       1
899       1
906       2
870       1
870       2
871       0
865       2
856       0
865       0
846       2
841       0
833       0
816       0
819       1
839       1
818       0
808       0
830       0
819       0
813       0
820       0
796       0
766       0
743       2
720       1
696       1
653       0
649       1
640       1
637       1
639       0
654       0
666       0
662       0
646       0
633       0
637       0
642       0
638       1
608       1
627       2
607       1
606       1
581       1
595       1
587       0
612       0
598       1
606       0
576       0
572       0
546       0
554       0
529       0
529       0
511       0
489       0
467       0
427       0
420       0
424       0
412       0
385       0
384       0
389       0
398       0
391       0
390       0
411       0
427       0
440       0
450       0
471       0
463       0
471       0
481       0
474       0
491       0
511       0
514       0
536       0
535       0
523       0
530       0
542       0
576       0
561       0
541       0
545       0
536       0
545       0
546       0
550       1
573       0
585       0
587       0
624       0
621       0
643       0
677       1
676       1
689       1
713       2
709       1
722       1
693       0
687       1
674       1
690       1
689       1
698       1
708       0
727       0
747       1
761       0
760       1
750       1
756       0
774       3
793       0
834       0
871       1
868       2
860       1
841       1
846       0
838       0
826       0
817       0
835       0
798       0
791       0
777       0
750       0
710       0
712       0
704       0
678       1
689       0
702       0
698       0
674       0
653       0
647       0
622       1
614       1
604       0
618       0
611       0
616       0
626       0
617       0
620       0
639       0
637       0
646       0
665       1
675       0
660       0
662       0
693       0
694       0
694       2
670       0
694       0
695       1
699       0
699       0
705       0
706       0
707       0
739       0
714       1
736       1
754       0
752       1
742       0
729       0
735       1
706       0
729       0
741       0
759       1
758       0
742       0
737       0
768       1
769       0
752       0
775       1
758       1
755       0
779       0
787       2
783       1
784       1
770       1
765       2
767       0
750       0
733       2
740       0
739       1
734       2
724       0
733       0
702       0
703       2
698       0
688       0
698       0
718       0
679       0
709       0
710       0
736       0
754       1
778       0
770       0
759       0
779       0
758       1
789       0
798       0
737       0
746       0
747       0
753       0
738       0
795       0
745       0
765       0
783       0
749       0
755       0
755       0
793       0
764       0
772       0
780       0
780       0
764       0
762       0
739       0
748       0
727       0
758       0
732       0
747       0
737       1
728       0
725       1
735       0
744       0
725       0
733       0
729       0
731       0
733       0
711       0
719       0
688       1
705       1
719       0
733       0
740       0
776       0
781       0
778       0
782       0
743       0
767       1
754       0
779       0
766       0
762       0
760       0
742       0
729       2
711       1
728       3
721       3
688       1
656       2
611       2
604       3
640       4
638       1
636       4
636       3
641       1
630       0
652       0
655       2
664       1
623       1
623       2
606       1
636       1
590       1
574       1
600       1
577       1
618       2
594       1
648       1
661       0
653       2
648       1
644       2
657       1
645       2
659       2
659       1
668       3
659       2
619       1
647       2
662       3
643       3
654       2
676       2
662       1
658       1
655       0
660       3
620       3
659       2
681       1
715       2
755       2
790       3
778       2
771       2
741       2
764       2
757       2
745       0
784       2
757       1
782       0
793       1
798       2
753       1
715       1
681       1
696       2
708       1
738       0
750       1
740       0
744       0
711       0
748       2
751       1
759       0
756       2
751       1
767       1
766       3
749       3
793       1
794       2
783       1
754       0
751       1
764       1
756       1
701       2
740       3
757       1
772       2
740       2
727       1
746       1
724       2
747       2
778       0
769       1
789       0
745       0
737       0
713       2
678       1
691       1
694       1
690       2
677       0
693       1
679       1
684       1
689       3
678       2
683       3
676       4
651       3
652       2
696       1
679       1
738       1
728       0
703       0
699       3
684       1
703       1
661       1
638       2
648       1
670       0
665       1
664       1
658       3
662       1
679       1
654       1
637       1
635       1
626       1
627       1
620       2
622       2
598       1
584       1
581       2
607       3
588       2
558       2
564       2
565       2
564       2
557       2
561       2
559       2
561       2
568       2
566       2
560       2
565       2
577       2
578       2
566       2
570       2
575       2
581       2
580       2
571       2
569       2
579       2
572       2
573       2
570       2
571       2
573       2
582       2
570       2
568       2
572       2
573       2
572       2
584       2
562       2
567       2
