0  1082786
83  2849
96  1997
98  2956
100  2803
112  2608
82  2487
81  2669
64  1809
91  2378
92  2046
89  2375
90  2477
90  2168
93  2219
63  2186
66  2181
65  2405
65  2138
84  1537
66  2540
69  1982
66  2078
65  4711
67  1745
68  1884
65  2155
67  1673
49  3231
92  3339
96  2391
71  3650
68  2985
95  6210
93  3119
92  353398
94  2510
95  2776
90  4345
91  2451
67  2430
52  2304
99  3740
99  2374
77  4623
99  1958
99  3281
62  2116
62  1791
97  2250
96  2219
93  2282
85  310744
66  2020
68  1811
102  2745
101  4162
104  2160
106  3713
67  2324
68  1852
96  2935
98  3213
80  3658
65  2414
65  2230
91  2992
67  3222
96  2215
90  868411
63  2825
91  3384
81  1650
67  2363
66  1768
95  2320
91  2780
102  7055
64  1960
64  2641
70  2363
63  2400
62  1902
96  2443
64  2759
67  1997
65  176959
67  2594
60  1769
62  2258
61  1802
63  1591
65  2387
64  2158
67  2086
68  3378
99  3846
65  1876
65  2179
66  2141
65  2052
65  171123
66  2267
65  1593
66  2366
103  2676
104  2776
103  3319
67  2288
68  3736
51  1815
29  3693
64  2002
67  1827
67  2385
92  2030
91  410919
92  11298
90  4211
75  1961
66  3079
67  4239
65  3072
64  2958
103  2124
39  2395
78  2296
68  1815
100  2117
107  197138
104  1615
88  2739
68  2944
104  2630
66  2357
32  1684
86  2039
54  2721
102  2179
99  226219
99  2312
63  27099
64  4653
88  2506
64  4472
85  1788
87  9915
85  4391
85  1977
59  226514
57  3176
30  2696
60  5474
58  3586
86  3153
56  2815
56  2045
56  2885
55  5889
54  469292
55  4067
54  3527
56  3946
58  6902
53  2415
53  4471
55  6783
51  3197
74  2420
28  432654
50  3546
73  1693
40  2722
77  4189
51  2964
53  2547
20  2029
51  2339
54  3873
80  2528
51  345321
76  2102
67  1822
47  2706
46  2216
47  3201
47  2585
47  3328
46  2080
45  2622
35  252403
71  3639
72  2183
44  3037
56  2319
45  2392
18  1963
70  2152
68  1805
64  3782
56  344328
64  2789
45  2998
46  2365
46  2424
34  2395
58  2327
45  2198
42  3851
41  330077
61  2806
59  2693
59  1859
42  2813
41  2777
38  5101
54  2237
58  181351
39  4078
38  2817
37  2465
47  2219
38  3578
36  2561
36  3173
54  179187
57  3141
55  2179
24  2292
35  3385
52  1970
53  2538
34  318582
34  1995
34  5455
30  2543
34  4553
34  6576
33  2307
8  225068
35  2624
28  2335
17  2453
35  2632
33  2459
35  1892
35  1573
37  308614
37  2406
34  1768
34  2752
36  2248
40  2919
10  1604
36  6070
17  215633
36  2572
28  2721
9  1577
39  2604
23  2742
36  1691
18  227540
37  2027
13  3253
8  4565
40  1713
18  5556
23  2370
25  2507
60  231302
59  4900
59  2138
63  3300
29  2145
56  3471
58  3955
12  3600
18  2928
38  287343
16  1993
11  2352
17  2882
15  1969
8  4305
27  7066
33  1991
8  3010
64  2823
12  208294
49  2102
59  3601
25  1935
11  4206
14  2137
26  2476
65  3073
29  2387
58  191523
62  6143
49  2560
18  2804
51  2934
20  3570
13  3311
14  1393
14  3372
39  2289
44  2163
9  168663
43  1974
15  1985
41  2721
40  4505
39  2803
44  1741
42  3342
16  2392
41  2892
42  2608
23  2322
61  215044
49  2900
60  3455
61  2866
43  2330
63  2640
63  2272
66  2241
66  2301
66  2487
66  2908
60  2414
45  242899
64  2620
66  2860
68  2173
68  2451
47  1941
47  3014
46  232829
74  2495
51  2870
49  3767
67  2733
47  2369
50  327172
50  1964
51  3122
26  3443
52  3709
51  2156
76  253808
34  2159
70  5913
19  2012
20  3225
51  1823
18  175744
52  1617
72  2946
32  2861
72  2804
45  2549
21  3033
78  8564
75  4096
53  2908
24  3299
47  3666
73  2171
46  2041
50  1971
61  1604
55  268652
53  1923
62  3188
50  2598
64  273280
49  2013
50  2291
16  2764
15  2493
68  274466
68  2761
26  2619
63  3196
18  3334
62  2553
24  421897
67  4748
31  2373
66  4874
20  3910
63  233821
46  2836
46  3236
58  2353
49  501301
50  1822
12  2724
27  1979
47  187387
50  3452
21  1753
48  2279
48  2076
47  4443
51  1819
49  3320
49  3747
46  3434
17  733105
64  2677
63  3493
23  2320
14  2701
61  5418
16  5213
63  2862
63  451111
20  2377
29  1937
20  1905
68  2277
18  3314
66  228904
55  4660
65  2696
64  4234
28  2148
11  391846
65  3928
37  2333
16  2032
67  2842
21  244587
66  2262
68  2644
9  1797
47  3527
11  521292
11  2443
32  3093
70  3406
47  5774
48  2766
17  2139
45  2916
14  2027
17  2075
35  2765
23  471615
62  2389
60  2617
49  1866
20  250231
17  2210
16  2886
18  2497
33  589578
54  2251
12  2947
13  1900
8  229342
13  4300
36  2083
11  2167
11  2755
8  2780
5  2191
19  2434
26  3621
37  2707
9  1960
12  3219
18  2460
17  2996
50  562906
43  3389
26  2045
52  2444
54  2085
12  2339
20  2385
53  2539
43  2398
17  3189
40  685037
38  2062
16  2437
12  2366
7  3520
54  2778
23  270175
44  3242
8  1534
9  1975
23  414878
20  2518
51  1814
64  3319
20  214220
51  2553
58  4946
38  2476
47  272683
49  2509
36  2131
53  2382
29  2087
68  6548
44  2460
17  3439
27  3631
17  209890
46  3196
48  3025
11  3832
32  615765
21  3740
36  2014
74  4096
75  277018
75  6356
74  2881
81  3640
76  394940
24  2043
76  4245
71  3510
56  449842
52  2687
51  2534
40  1820
15  1834
41  2250
59  2904
59  3917
36  2800
53  404509
16  2583
24  21023
17  5559
13  5266
51  2242
29  2715
33  2482
73  2260
67  2629
77  489549
53  10777
50  2266
54  249004
76  2708
28  3538
57  4297
42  5170
35  3599
18  4075
72  580368
63  2088
67  2940
45  4268
16  2560
46  3761
12  3289
37  4449
24  2441
36  311648
12  2156
19  2407
70  2744
14  2045
28  5096
17  2456
12  210621
11  2211
61  3267
50  2296
17  3127
55  853729
25  2033
55  5861
24  5061
11  2307
16  2570
22  2038
21  2458
26  4083
49  2920
10  3316
9  2358
26  2246
13  604921
17  2314
10  2552
13  4188
35  2607
24  2856
23  3371
21  2947
8  4658
36  2086
10  2199
8  4108
9  2210
10  2862
21  3650
15  2582
10  2170
12  2291
11  9607
15  2810
55  4575
34  10642
31  6136
10  2544
18  3943
7  3371
12  2431
17  4556
14  2541
7  2182
7  2077
17  2797
50  2705
8  3206
34  4771
36  2511
26  2594
6  3258
11  3654
13  3813
