1550
1465
1467
1514
1517
1521
1515
1539
1507
1524
1537
1531
1548
1553
1560
1560
1585
1548
1580
1591
1544
1560
1555
1503
1500
1449
1447
1516
1502
1523
1507
1547
1521
1519
1528
1519
1573
1599
1604
1583
1635
1665
1627
1619
1563
1601
1623
1669
1582
1593
1552
1553
1524
1590
1583
1588
1577
1595
1561
1602
1612
1596
1573
1573
1605
1568
1570
1574
1565
1531
1580
1567
1552
1539
1544
1529
1498
1550
1487
1527
1542
1558
1564
1553
1519
1552
1532
1523
1517
1498
1507
1487
1467
1437
1453
1489
1451
1479
1457
1462
1473
1474
1473
1496
1448
1457
1501
1540
1536
1552
1518
1526
1502
1561
1533
1505
1510
1504
1523
1539
1492
1538
1518
1540
1556
1552
1528
1591
1549
1568
1516
1500
1523
1519
1562
1536
1499
1522
1549
1527
1538
1535
1546
1525
1536
1531
1556
1512
1551
1539
1525
1491
1489
1509
1484
1455
1448
1487
1438
1487
1526
1524
1498
1507
1478
1493
1451
1502
1504
1468
1480
1479
1471
1511
1542
1521
1478
1528
1475
1454
1487
1469
1528
1542
1471
1500
1551
1525
1509
1496
1521
1506
1540
1524
1524
1523
1514
1542
1507
1505
1513
1497
1540
1537
1568
1554
1526
1559
1551
1539
1534
1525
1571
1568
1532
1548
1587
1547
1575
1506
1585
1616
1546
1548
1538
1568
1565
1513
1550
1557
1552
1543
1522
1558
1479
1515
1475
1477
1519
1508
1515
1561
1564
1546
1519
1539
1519
1563
1579
1554
1547
1615
1557
1555
1573
1556
1567
1586
1532
1538
1535
1543
1529
1497
1510
1537
1537
1521
1473
1528
1524
1488
1472
1476
1464
1473
1547
1424
1444
1450
1424
1439
1494
1447
1416
1429
1412
1401
1388
1409
1426
1375
1404
1398
1395
1369
1450
1399
1386
1408
1373
1355
1329
1379
1402
1429
1419
1357
1412
1457
1442
1455
1407
1450
1446
1455
1452
1472
1452
1469
1482
1424
1453
1496
1483
1497
1451
1466
1480
1438
1481
1458
1460
1441
1448
1436
1441
1484
1470
1512
1553
1523
1485
1526
1451
1521
1484
1489
1515
1497
1497
1500
1499
1524
1517
1574
1579
1575
1579
1496
1508
1533
1555
1522
1514
1507
1487
1498
1486
1435
1486
1465
1473
1456
1471
1517
1471
1492
1485
1507
1501
1500
1506
1468
1527
1486
1455
1454
1482
1501
1493
1528
1517
1505
1520
1544
1572
1507
1536
1580
1597
1574
1515
1575
1543
1580
1501
1529
1518
1531
1564
1552
1526
1525
1488
1467
1482
1491
1483
1487
1454
1464
1488
1531
1489
1527
1491
1519
1499
1429
1482
1479
1455
1427
1444
1503
1472
1488
1526
1500
1482
1565
1542
1536
1517
1547
1538
1559
1568
1580
1630
1593
1620
1597
1587
1612
1595
1640
1586
1601
1599
1614
1622
1599
1626
1603
1633
1667
1629
1590
1602
1583
1602
1585
1612
1598
1623
1597
1629
1671
1636
1657
1664
1604
1633
1677
1650
1654
1616
1646
1641
1642
1624
1649
1695
1670
1606
1633
1614
1590
1593
1593
1675
1685
1738
1792
1774
1747
1750
1757
1719
1794
1778
1751
1713
1707
1774
1718
1677
1641
1594
1616
1539
1548
1588
1571
1584
1615
1583
1620
1652
1652
1598
1562
1646
1609
1606
1582
1512
1534
1518
1551
1515
1559
1527
1586
1566
1532
1581
1524
1510
1627
1595
1585
1486
1488
1488
1532
1465
1476
1453
1527
1531
1551
1518
1542
1551
1602
1590
1584
1654
1603
1607
1613
1629
1607
1608
1585
1590
1581
1565
1505
1497
1498
1488
1456
1459
1457
1488
1492
1462
1485
1464
1434
1457
1467
1444
1425
1486
1511
1462
1415
1467
1467
1500
1468
1441
1458
1475
1435
1442
1446
1480
1446
1405
1439
1460
1476
1432
1458
1472
1452
1458
1419
1482
1483
1522
1575
1577
1569
1555
1571
1528
1580
1544
1519
1523
1468
1497
1506
1475
1482
1482
1469
1453
1453
1462
1433
1457
1450
1433
1440
1433
1476
1457
1492
1514
1508
1465
1472
1530
1542
1503
1515
1485
1481
1513
1534
1524
1534
1516
1512
1549
1543
1549
1555
1565
1543
1547
1529
1540
1506
1515
1535
1496
1496
1473
1480
1520
1492
1476
1515
1560
1608
1572
1614
1639
1673
1669
1628
1627
1666
1649
1678
1650
1618
1626
1581
1608
1571
1579
1573
1570
1571
1644
1573
1570
1551
1569
1549
1544
1525
1567
1567
1582
1592
1643
1612
1632
1610
1607
1603
1597
1585
1578
1567
1561
1556
1578
1597
1595
1604
1634
1653
1613
1596
1595
1580
1473
1517
1530
1533
1581
1562
1505
1553
1507
1533
1576
1565
1560
1575
1562
1549
1549
1520
1519
1482
1519
1521
1572
1567
1553
1602
1570
1586
1622
1632
1661
1717
1643
1630
1641
1633
1552
1584
1587
1584
1625
1606
1562
1594
1548
1507
1511
1518
1511
1547
1558
1534
1516
1503
1552
1541
1542
1531
1548
1520
1505
1533
1519
1499
1510
1415
1468
1474
1482
1499
1460
1459
1430
1422
1359
1338
1359
1366
1389
1403
1389
1401
1391
1367
1395
1409
1447
1459
1422
1386
1381
1380
1431
1423
1439
1456
1483
1498
1497
1487
1416
1464
1479
1449
1430
1397
1386
1393
1417
1413
1428
1438
1452
1451
1430
1403
1432
1453
1433
1460
1475
1484
1487
1452
1468
1445
1394
1447
1431
1400
1346
1311
1337
1330
1361
1354
1340
1363
1349
1361
1359
1273
1319
1292
1300
1263
1321
1285
1322
1346
1295
1320
1264
1292
1332
1336
1299
1311
1325
1343
1327
1334
1294
1263
1211
1214
1106
1164
1181
1178
1156
1151
1182
1191
1198
1208
1167
1192
1170
1152
1108
1099
1122
1042
1031
1049
1115
1073
1057
1071
1088
1068
1073
1029
1095
1068
1073
1090
1119
1070
1061
1035
1051
1079
1048
995
996
993
1001
1028
1070
1085
1095
1148
1135
1148
1169
1191
1142
1140
1127
1145
1139
1119
1139
1166
1156
1196
1214
1221
1221
1175
1152
1192
1168
1217
1207
1169
1149
1206
1191
1189
1171
1145
1142
1125
1186
1171
1191
1200
1290
1296
1335
1379
1335
1408
1448
1463
1418
1474
1431
1490
1444
1387
1434
1405
1348
1378
1365
1341
1368
1329
1389
1381
1395
1422
1495
1516
1441
1467
1420
1400
1378
1343
1344
1373
1440
1441
1434
1457
1482
1499
1499
1518
1496
1503
1483
1537
1519
1502
1535
1518
1477
1482
1457
1476
1481
1424
1413
1417
1408
1416
1394
1468
1460
1465
1451
1485
1472
1500
1477
1505
1530
1525
1544
1598
1611
1636
1597
1564
1585
1593
1626
1628
1591
1616
1634
1630
1625
1647
1661
1612
1625
1604
1606
1587
1583
1571
1600
1632
1564
1599
1644
1574
1604
1657
1727
1639
1620
1524
1547
1555
1582
1558
1541
1501
1514
1499
1519
1495
1482
1537
1479
1460
1462
1463
1427
1441
1452
1429
1383
1446
1438
1396
1494
1472
1501
1477
1504
1537
1471
1490
1454
1489
1476
1453
1442
1415
1420
1447
1450
1419
1444
1412
1387
1333
1313
1274
1252
1209
1190
1157
1181
1173
1191
1175
1198
1181
1230
1220
1190
1183
1165
1156
1097
1103
1133
1093
1090
1106
1075
1089
1108
1086
1078
1074
1078
1112
1074
1061
1111
1112
1118
1120
1174
1135
1144
1135
1144
1137
1156
1141
1135
1131
1123
1142
1142
1128
1111
1154
1105
1116
1155
1109
1136
1135
1144
1151
1130
1163
1153
1134
1137
1147
1151
1144
1144
1155
1133
1129
1129
1132
1110
1119
1095
1112
1134
1126
1093
1125
1112
1075
1115
1135
1073
1095
1080
1098
1074
1075
1062
1048
1086
1093
1088
1063
1052
1072
1070
1091
1044
1062
1076
1084
1086
1081
1039
1086
1056
1065
