14206
13742
13554
13556
13579
13632
13726
13763
13793
13728
13905
13901
13927
13956
13865
13710
13738
13739
13772
13694
13700
13701
13682
13888
13814
13830
14004
14023
13950
13961
13933
13827
13915
14038
13799
13896
13933
14082
14077
14254
14276
14348
14282
14361
14331
14297
14252
14200
14245
14342
14311
14203
14173
14121
14178
14149
14253
14238
14365
14439
14383
14267
14316
14355
14336
14267
14239
14268
14106
14007
13943
13877
13997
13926
13935
13879
13885
13850
13884
13840
13665
13671
13630
13485
13378
13252
13384
13450
13520
13587
13396
13362
13380
13421
13485
13372
13306
13195
13157
13209
13202
13222
13209
13159
13123
13014
13016
13139
13299
13221
13219
13356
13290
13378
13289
13356
13178
13102
13202
13189
13238
13222
13164
13092
13134
13113
13064
13132
13110
13169
13181
13274
13170
13040
12966
12999
12929
12974
13029
12991
13093
13105
13136
13098
13145
13114
13171
13117
12994
12910
12932
12966
13070
12924
12990
13133
13151
13073
13030
13017
13102
13056
13024
13053
13100
12984
13105
13106
13024
13037
13003
12999
13052
13136
13089
13203
13115
13106
13014
12993
13022
13015
13017
13002
13073
13113
13019
13185
13110
13053
13103
13083
13044
13154
13161
13052
12954
12814
12879
12864
12925
12798
12914
13002
13016
13049
12894
12823
12918
12838
12887
12913
12856
12910
12930
12810
12851
12992
13042
12980
12902
12910
12912
12992
12869
12893
12921
13063
12970
12953
12957
13041
12948
12989
12969
12914
13051
13015
12977
12938
12960
12891
12788
12843
12797
12857
12781
12820
12762
12800
12872
12811
12724
12672
12829
12899
13036
12911
13043
12898
12945
12851
12872
12896
12849
12812
12765
12859
12788
12828
12744
12676
12641
12499
12421
12424
12292
12291
12302
12082
12070
12059
11984
11954
11895
11894
11783
11741
11617
11686
11592
11545
11428
11356
11237
11088
11169
11085
11032
11108
10998
11004
10880
11008
10963
10861
10731
10687
10664
10707
10766
10779
10634
10631
10563
10500
10446
10337
10301
10177
10222
10228
10217
10151
10161
10199
10134
10043
10066
10052
10017
9926
9910
9896
9806
9718
9774
9811
9790
9732
9885
9693
9633
9590
9656
9611
9643
9681
9803
9739
9630
9634
9499
9473
9624
9580
9579
9541
9534
9478
9503
9511
9515
9534
9488
9454
9445
9469
9435
9426
9359
9313
9318
9363
9310
9320
9397
9289
9319
9321
9217
9255
9247
9261
9168
9283
9175
9116
9076
9137
9090
9154
9191
9068
9058
9012
8924
8943
8889
8818
8844
8824
8820
8674
8795
8784
8729
8765
8651
8556
8607
8604
8702
8634
8475
8553
8475
8525
8571
8547
8466
8449
8464
8401
8330
8279
8175
8272
8265
8312
8172
8126
8029
7985
7987
7956
8009
7830
7659
7693
7612
7659
7614
7640
7584
7509
7447
7501
7467
7484
7388
7400
7363
7367
7333
7388
7404
7451
7585
7586
7529
7575
7732
7773
7746
7708
7586
7531
7487
7408
7422
7352
7415
7381
7351
7330
7392
7389
7379
7436
7519
7556
7542
7616
7630
7620
7726
7950
7895
7877
7907
7800
7900
8014
8060
8086
8065
8011
8110
8295
8387
8323
8325
8422
8382
8534
8530
8501
8442
8492
8612
8676
8801
8755
8895
8956
9140
9071
8911
8875
9000
9070
9197
9210
9122
9073
9113
9100
8961
9062
9048
9161
9265
9192
9097
9009
8960
8638
8772
8818
8682
8680
8706
8737
8716
8681
8550
8437
8538
8489
8476
8501
8589
8390
8163
8106
8213
8395
8407
8327
8498
8483
8336
8173
8513
8436
8518
8517
8474
8646
8706
8851
8756
8894
8812
8994
9002
9111
9069
9135
9135
9136
9286
9299
9298
9370
9421
9386
9331
9482
9482
9227
9345
9471
9672
9754
9595
9549
9745
9717
9672
9667
9666
9657
9756
9790
9810
9559
9636
9820
9795
9869
10013
9951
10192
10196
10175
10023
10107
10175
10275
10205
10235
10130
10196
10160
10008
9998
9892
9849
9833
9887
9668
9584
9669
9580
9588
9475
9590
9579
9469
9384
9560
9743
9616
9565
9484
9451
9631
9610
9528
9580
9526
9466
9541
9623
9796
9548
9659
9691
9713
9715
9679
9548
9529
9511
9707
9717
9490
9656
9719
9647
9809
9924
9830
9862
9877
9866
9806
10027
9917
9825
9903
10012
10069
10045
10156
10176
10100
10121
10089
10195
10080
10236
10197
10108
10140
10161
10031
10200
10145
10189
10077
10168
10038
10016
9886
10158
10283
10105
10211
10167
10250
10153
10233
10145
10190
10217
10173
10130
10081
10005
10085
10222
10091
9931
9866
9867
9932
10004
10000
9987
10030
10040
10029
10008
9989
9986
10114
9990
10131
10040
10105
10330
10141
10328
10189
10055
10384
10242
10141
10132
10300
10595
10212
10117
10065
10197
10170
10171
10327
10197
10348
10189
10359
10243
10414
10312
10386
10335
10393
10662
10541
10295
10135
10295
10344
10548
10542
10432
10414
10541
10523
10394
10488
10472
10363
10430
10089
10178
10177
9914
9949
10033
10143
10030
9810
9847
10200
9830
9928
10256
10065
10139
10019
10279
10263
10232
10308
10432
10301
10090
10144
10240
10263
10253
10281
10265
10198
10213
10110
10070
10149
9899
10035
9949
9827
9711
9642
9653
9473
9621
9596
9606
9635
9609
9791
10004
9790
9729
9800
9811
9811
9597
9735
9763
9733
9560
9766
9700
9689
9755
9691
9699
9645
9756
9512
9619
9611
9752
9729
9807
9907
9897
9892
9893
9750
9880
9619
9723
9621
9675
9739
9921
9817
9733
9805
9661
9903
9964
9772
9683
9596
9553
9551
9469
9574
9542
9572
9373
9459
9385
9391
9459
9374
9425
9481
9265
9315
9335
9200
9138
9073
9155
9253
9033
8976
8932
8775
8652
8694
8592
8465
8265
8426
8448
8484
8369
8332
8272
8367
8412
8282
8501
8407
8274
8396
8334
8382
8111
8047
8062
8087
8042
7846
7868
7827
7780
7819
7834
7890
8000
7787
7785
7765
7908
7897
7847
7810
7891
7942
7913
7832
7667
7677
7711
7599
7586
7609
7608
7700
7710
7937
8052
7837
7917
7680
7829
7776
7891
8027
7922
8099
7956
8082
8126
8082
8152
7983
8125
8168
8272
8203
8316
8505
8334
8433
8503
8585
8722
8664
8635
8866
9012
8944
9072
9106
8984
9200
9008
9173
9498
9218
9526
9614
9774
9657
9849
9756
9816
9764
9686
9682
9517
9446
9463
9573
9507
9496
9611
9599
9602
9777
9867
9921
10197
10209
10192
10077
10015
9811
9731
9715
9731
9672
9773
9863
10106
9898
10157
9959
9870
9954
10059
10059
9848
9943
9845
9981
9824
10057
9934
10075
10047
9806
9980
9844
9846
10068
9871
9830
10193
10111
9982
10155
10058
10424
10060
10266
10089
10228
10333
10110
10265
10119
10074
10073
10023
10082
10147
10154
9891
9995
9900
9861
9929
9950
9866
9842
9750
9642
9737
9669
9752
9730
9841
9788
9928
9880
9934
9795
10114
10153
10262
10332
10230
10184
10102
10334
10154
10126
10161
10236
10033
10091
10265
10155
10181
10074
9892
9888
9940
9830
9765
9866
9720
9881
9771
9719
9684
9681
9689
9467
9551
9531
9414
9426
9429
9624
9561
9597
9700
9641
9550
9696
9784
9733
9658
9664
9419
9441
9412
9359
9197
9008
9103
9037
9018
8981
9033
8987
8997
8931
8834
8820
8749
8791
8774
8841
8692
8656
8693
8652
8635
8645
8592
8596
8586
8524
8507
8472
8517
8376
8380
8337
8332
8279
8275
8141
8081
8191
8234
8162
8067
8215
8166
8139
8075
8141
8169
8162
8158
8132
8146
8112
8128
8137
8226
8207
8141
8187
8077
8139
8228
8178
8159
8149
8154
8230
8198
8186
8170
8078
8130
8112
8178
8136
8141
8099
8155
8119
8120
8129
8124
8144
8144
8202
8144
8148
8115
8155
8135
8116
8114
8115
8147
8134
8201
8145
8135
8162
8190
8188
8153
8130
8171
8162
8130
8150
8155
8180
8149
8166
8161
8143
8126
8150
8143
