0.0342958 0.109109
0.0334513 0.106607
0.0335606 0.108234
0.0338763 0.111685
0.0332785 0.111717
0.0329642 0.111576
0.032894 0.110374
0.0331838 0.111822
0.032346 0.109258
0.0330156 0.111014
0.0331321 0.110536
0.0330505 0.110136
0.0333132 0.111151
0.0333864 0.111278
0.0337166 0.112514
0.0336149 0.113786
0.0341543 0.115373
0.0331897 0.112672
0.0340114 0.114726
0.0344134 0.116182
0.0332343 0.112701
0.0334915 0.11386
0.0335969 0.113653
0.0325233 0.108223
0.0326968 0.108585
0.032071 0.104772
0.0321813 0.103328
0.0339682 0.108108
0.0338639 0.10767
0.0344508 0.10909
0.034364 0.10816
0.0351479 0.111883
0.034654 0.109307
0.0345565 0.108206
0.0346635 0.110733
0.0345282 0.109312
0.0356754 0.112897
0.0358713 0.113549
0.03581 0.113945
0.0348464 0.111057
0.0358003 0.114528
0.0362453 0.116044
0.0355854 0.11392
0.0353872 0.112736
0.0340115 0.109064
0.0348999 0.111982
0.0352451 0.113879
0.0364896 0.117535
0.0345422 0.111057
0.0345501 0.111072
0.0336791 0.108448
0.0338307 0.109343
0.033088 0.107528
0.0345172 0.112598
0.0343936 0.111652
0.0343611 0.112234
0.0342335 0.110643
0.0345859 0.112024
0.0340421 0.108667
0.0345758 0.11095
0.0349485 0.112077
0.0345537 0.111867
0.0341363 0.109877
0.0338258 0.109579
0.0345035 0.111956
0.0338018 0.109904
0.0338844 0.110261
0.034098 0.110317
0.0338745 0.110946
0.0330948 0.109302
0.0341326 0.113319
0.0341603 0.112921
0.0336404 0.110881
0.0332082 0.110513
0.0333542 0.1108
0.0330009 0.110166
0.0325186 0.107886
0.0335084 0.111913
0.0320882 0.107102
0.0328719 0.110332
0.033324 0.112843
0.0335018 0.113964
0.0337302 0.114747
0.0335327 0.115165
0.0326842 0.113545
0.0332747 0.117114
0.0328777 0.114465
0.032646 0.113234
0.0327031 0.112204
0.0322706 0.110252
0.0323335 0.112496
0.0318675 0.111286
0.0315294 0.109641
0.0307676 0.107071
0.0312554 0.107749
0.03187 0.111352
0.0310427 0.109049
0.031658 0.112088
0.0312132 0.11074
0.0312253 0.110682
0.0315837 0.111574
0.0315794 0.111481
0.0316414 0.111515
0.0319522 0.113686
0.0309256 0.110341
0.0311885 0.111956
0.0321083 0.11532
0.0328029 0.117208
0.0328943 0.115497
0.0331737 0.117389
0.0326115 0.114835
0.0327637 0.114256
0.0322865 0.113017
0.0333775 0.116684
0.0327613 0.115359
0.0322463 0.112683
0.0321948 0.114585
0.0321684 0.114792
0.0324201 0.115361
0.0329318 0.116688
0.0318097 0.112706
0.0327541 0.116321
0.0323619 0.115314
0.03288 0.117629
0.0332408 0.118471
0.0330318 0.118356
0.03266 0.116963
0.0338295 0.121154
0.032935 0.118154
0.0333745 0.119068
0.0322649 0.115014
0.0319027 0.113003
0.0324775 0.115642
0.0324885 0.116488
0.0334461 0.120469
0.0328345 0.118163
0.0321488 0.115941
0.0327164 0.117312
0.0329567 0.118889
0.0324928 0.117543
0.0326034 0.117467
0.032645 0.117131
0.0329856 0.117692
0.0324772 0.11643
0.0327946 0.116851
0.032515 0.116745
0.0330874 0.118138
0.0322794 0.11527
0.0331453 0.119363
0.032948 0.11921
0.0324344 0.117925
0.0316998 0.114993
0.031566 0.113925
0.0321474 0.11676
0.0315577 0.114242
0.0308943 0.11079
0.0308124 0.110106
0.031608 0.113746
0.0306486 0.110361
0.0318409 0.114235
0.0323298 0.116471
0.0323464 0.116728
0.0318236 0.115018
0.0321534 0.115452
0.0315482 0.112824
0.0317376 0.114988
0.0308691 0.110721
0.0318146 0.114604
0.0319104 0.115479
0.031175 0.112603
0.0315747 0.11382
0.0313926 0.113778
0.0312713 0.112703
0.0319477 0.115027
0.0327333 0.117809
0.0322321 0.115201
0.0314101 0.112695
0.0323079 0.116588
0.0312216 0.113339
0.0307868 0.111906
0.0315062 0.114191
0.0312002 0.11287
0.0324237 0.117385
0.0326557 0.118597
0.0312182 0.112522
0.0317938 0.11439
0.0328678 0.119134
0.0323045 0.115662
0.0321467 0.115103
0.031842 0.11461
0.0321415 0.11608
0.0318791 0.115111
0.0327353 0.118062
0.0323691 0.115858
0.0323176 0.115797
0.0321423 0.116687
0.0321451 0.116875
0.032617 0.120337
0.0320311 0.117012
0.031893 0.116993
0.0318775 0.11706
0.0318429 0.116971
0.0326168 0.11925
0.0323552 0.118213
0.0332626 0.120467
0.032809 0.11909
0.0322724 0.11835
0.0330304 0.121578
0.0326176 0.120065
0.0323326 0.119878
0.0322025 0.119035
0.0322956 0.118098
0.0330939 0.1222
0.0331172 0.121456
0.0322431 0.118484
0.0325922 0.120843
0.0335086 0.123492
0.0325691 0.119073
0.0331677 0.120764
0.0318346 0.116025
0.0335443 0.122849
0.0341295 0.125174
0.0326346 0.119734
0.0325019 0.11915
0.0323817 0.119512
0.0330015 0.121616
0.0329744 0.121121
0.0319792 0.115823
0.0328112 0.119507
0.0327362 0.120204
0.0326092 0.119781
0.0323942 0.118319
0.0320671 0.117547
0.0325669 0.119948
0.0313023 0.114041
0.0319257 0.117315
0.0309614 0.113018
0.0311847 0.113484
0.0317962 0.117053
0.0317862 0.116556
0.0318077 0.116898
0.0328687 0.121092
0.0328696 0.122302
0.0324517 0.120377
0.0320322 0.1187
0.0323843 0.119701
0.0321033 0.118848
0.0327433 0.121919
0.0330349 0.123727
0.0326615 0.121406
0.0326509 0.120183
0.0338333 0.126064
0.0327865 0.122367
0.0327196 0.122711
0.0332291 0.122613
0.0327255 0.12063
0.0326581 0.120206
0.033191 0.122841
0.032218 0.117458
0.0322913 0.119243
0.0321527 0.118579
0.0323426 0.120068
0.0320062 0.118785
0.031383 0.116083
0.0315781 0.117519
0.0322121 0.119966
0.032296 0.120407
0.0320136 0.118283
0.0309681 0.115186
0.0321319 0.119114
0.0320269 0.119586
0.031325 0.117387
0.0309146 0.116446
0.0308574 0.118089
0.0305988 0.117865
0.0310491 0.118561
0.0322722 0.125854
0.0298583 0.115857
0.0303196 0.117379
0.0303379 0.120013
0.0299348 0.117978
0.0300587 0.11933
0.0312356 0.124666
0.0303482 0.121047
0.0296656 0.119042
0.0296719 0.120145
0.0297101 0.119834
0.0292033 0.119325
0.0290498 0.11948
0.0294505 0.120572
0.0299234 0.123016
0.0285851 0.119099
0.0292842 0.122856
0.0289927 0.123107
0.0290147 0.124143
0.0284007 0.123467
0.0301255 0.129824
0.0290792 0.126207
0.0287117 0.125635
0.0290345 0.126755
0.0284938 0.124841
0.0281722 0.123137
0.0277465 0.122151
0.0287964 0.125273
0.0290799 0.127885
0.0295835 0.131572
0.0296193 0.132234
0.0283435 0.126977
0.0294375 0.132408
0.0301569 0.136079
0.0298273 0.13394
0.0301736 0.134985
0.0291347 0.132311
0.0300543 0.136394
0.0298662 0.136893
0.0301805 0.138571
0.0299511 0.139001
0.0304964 0.142401
0.0300205 0.140957
0.03025 0.144345
0.0307106 0.144981
0.0295497 0.139226
0.0301102 0.142214
0.0309104 0.147375
0.0307154 0.14595
0.0308056 0.146779
0.0298916 0.143181
0.0302081 0.145972
0.030852 0.14703
0.0295891 0.143056
0.0304038 0.147849
0.0299975 0.146887
0.0301846 0.147326
0.0297095 0.145614
0.0299588 0.147665
0.0296015 0.147767
0.0297193 0.147432
0.0307094 0.151259
0.0303305 0.150153
0.0310759 0.155364
0.032242 0.157107
0.0315106 0.157124
0.0305129 0.154158
0.0315185 0.159124
0.0301481 0.150269
0.0315096 0.158256
0.0307386 0.153894
0.0306776 0.153806
0.0312436 0.154545
0.0309771 0.153712
0.0310678 0.155452
0.0310887 0.155699
0.0310809 0.157806
0.0312936 0.160878
0.03146 0.157627
0.0323935 0.164301
0.0326888 0.16484
0.0325595 0.165077
0.0325721 0.165618
0.0309116 0.157839
0.0312054 0.158687
0.0317905 0.161182
0.032168 0.163426
0.0314632 0.159639
0.0312791 0.15957
0.0310376 0.159403
0.0306453 0.157438
0.0308968 0.1582
0.030578 0.157499
0.0297947 0.152238
0.0308062 0.158778
0.0302118 0.157307
0.0305108 0.158081
0.029973 0.155506
0.03027 0.158002
0.0313003 0.162768
0.030453 0.156539
0.0308322 0.16062
0.0305996 0.159352
0.0310645 0.161678
0.0310156 0.162851
0.0311436 0.162075
0.0311627 0.162864
0.0303199 0.158514
0.0314638 0.166558
0.0307006 0.160078
0.0300149 0.158583
0.0300264 0.1595
0.0306009 0.163288
0.0307223 0.164277
0.0307195 0.164246
0.0316317 0.166922
0.0313139 0.165053
0.0310578 0.165968
0.0313473 0.167807
0.0319417 0.171327
0.0324184 0.176154
0.0311158 0.168512
0.0317848 0.172798
0.0325955 0.179179
0.0328662 0.180574
0.0324189 0.178377
0.0313191 0.171769
0.032606 0.181577
0.0320071 0.175441
0.0326628 0.179872
0.031031 0.171956
0.0316373 0.174444
0.0313922 0.175471
0.0317674 0.178939
0.0323408 0.181713
0.0320443 0.180381
0.0316565 0.175362
0.0314874 0.176627
0.0307807 0.175575
0.0304174 0.171519
0.0305876 0.174867
0.0308657 0.174897
0.0307638 0.173025
0.0308097 0.173979
0.030161 0.171746
0.0304917 0.173275
0.0308682 0.175803
0.0316826 0.18224
0.0309448 0.178751
0.0316516 0.184443
0.0309805 0.182385
0.0315991 0.183632
0.031161 0.181367
0.0296861 0.17192
0.0309479 0.181351
0.0307657 0.182008
0.0304923 0.181218
0.0298143 0.17871
0.0301613 0.180794
0.0315279 0.188914
0.0309536 0.183793
0.0311773 0.190038
0.0318228 0.199243
0.0315113 0.194982
0.0312731 0.194693
0.0328809 0.204335
0.032566 0.202522
0.0323362 0.201047
0.0320461 0.200026
0.0328785 0.206019
0.0327325 0.206526
0.0330963 0.207839
0.0333114 0.209991
0.0336185 0.211117
0.0348574 0.220628
0.0338922 0.21527
0.0344483 0.220019
0.0340563 0.216778
0.0339255 0.216419
0.0344231 0.218192
0.0341403 0.215424
0.0349144 0.220105
0.0340183 0.209097
0.0343489 0.211047
0.0341317 0.212379
0.0346062 0.213069
0.0346197 0.209778
0.0343332 0.205712
0.0349354 0.209915
0.0342646 0.207966
0.0348991 0.215265
0.0356738 0.221352
0.0349969 0.217577
0.0341158 0.214633
0.0340909 0.215845
0.0340123 0.215316
0.0344316 0.216049
0.0338748 0.214741
0.0345515 0.21929
0.0344359 0.218008
0.034853 0.219562
0.0340831 0.216132
0.0350836 0.220762
0.0358391 0.224718
0.0350494 0.217582
0.0355961 0.219296
0.0359217 0.220631
0.0346085 0.210609
0.0354615 0.214024
0.0364193 0.220079
0.0357933 0.213565
0.0359847 0.20805
0.0350999 0.204687
0.0360065 0.208963
0.0360517 0.207538
0.0357182 0.210513
0.0356109 0.20557
0.0361559 0.205765
0.0368206 0.210298
0.036385 0.20653
0.0351938 0.199132
0.0358193 0.203845
0.0353072 0.199014
0.0346949 0.191682
0.0345763 0.189937
0.0348037 0.191397
0.0364392 0.201201
0.0365074 0.200071
0.0380698 0.207349
0.039078 0.209984
0.0386131 0.207972
0.0378647 0.205505
0.038223 0.207297
0.0380344 0.206901
0.0372207 0.199605
0.0386863 0.206777
0.0380752 0.202022
0.0377403 0.2
0.0368935 0.19258
0.0365196 0.190598
0.0378421 0.194092
0.0369018 0.189395
0.0361937 0.188194
0.0355326 0.184901
0.0342788 0.177111
0.0348938 0.17817
0.0328832 0.167337
0.0332546 0.168078
0.0341461 0.174085
0.0337545 0.173151
0.0343698 0.173818
0.0352228 0.177473
0.0344963 0.176654
0.0353619 0.178768
0.0368824 0.182582
0.0367038 0.18033
0.0354969 0.172477
0.034425 0.16993
0.036187 0.180939
0.0354585 0.178599
0.0353262 0.179241
0.034852 0.183144
0.0332001 0.172367
0.0339621 0.173962
0.0334767 0.174845
0.0342566 0.178687
0.0334282 0.174018
0.0343324 0.178437
0.0340241 0.175195
0.0358297 0.182698
0.0353299 0.183158
0.0344432 0.181581
0.0355209 0.185172
0.034415 0.179526
0.0346887 0.17815
0.0373697 0.191389
0.0364438 0.185703
0.0360145 0.188915
0.0328064 0.182041
0.0329985 0.183568
0.0331411 0.181176
0.0339923 0.18249
0.0322084 0.17426
0.0324795 0.177255
0.0318717 0.170981
0.033418 0.180007
0.0337054 0.183661
0.0339053 0.189771
0.0329384 0.178316
0.0333853 0.182788
0.0334577 0.182085
0.0344346 0.188094
0.0338485 0.187633
0.0333495 0.183206
0.0348401 0.189984
0.0335391 0.181109
0.0336834 0.183531
0.0337398 0.181358
0.033992 0.184862
0.033689 0.178675
0.0335356 0.178627
0.0331264 0.173966
0.033281 0.175323
0.032908 0.173071
0.0327207 0.171319
0.0313378 0.164733
0.0312402 0.16121
0.0311331 0.161093
0.0310317 0.160034
0.030424 0.15539
0.0302584 0.154867
0.0303409 0.155231
0.0310783 0.159468
0.0311892 0.157351
0.0305877 0.154187
0.0311419 0.160941
0.0306655 0.156661
0.0301596 0.15141
0.0306047 0.150641
0.0305963 0.1504
0.0302149 0.150495
0.0297663 0.14923
0.0308574 0.152488
0.0316314 0.155501
0.0307143 0.151158
0.0294927 0.146374
0.0306775 0.151769
0.0306865 0.151911
0.0316542 0.153752
0.0307983 0.149949
0.0300609 0.146891
0.0303611 0.152526
0.0308784 0.153072
0.0299439 0.14613
0.0299456 0.147218
0.0301325 0.146519
0.030843 0.147808
0.0301766 0.145312
0.0293835 0.137853
0.0298232 0.141134
0.0306645 0.143489
0.0309479 0.147261
0.0298141 0.141684
0.030618 0.143292
0.0307268 0.14326
0.0304811 0.142283
0.0306187 0.142452
0.0298926 0.140079
0.0313107 0.145351
0.0313557 0.145965
0.0321626 0.152078
0.0331956 0.157531
0.0333192 0.159422
0.0330608 0.159306
0.0327189 0.158141
0.0329834 0.158896
0.0319505 0.158047
0.0334186 0.164858
0.0325094 0.159686
0.0318903 0.15856
0.0320841 0.158844
0.0308923 0.154934
0.0314575 0.1561
0.0316573 0.157219
0.0310383 0.155771
0.0312105 0.157928
0.0312256 0.155021
0.0310518 0.150775
0.0306424 0.151102
0.0306663 0.151908
0.0308465 0.154154
0.0302397 0.151624
0.0305874 0.151282
0.0307594 0.150884
0.0300937 0.150399
0.0304704 0.150313
0.0302736 0.15043
0.0311005 0.155926
0.0307326 0.152709
0.0316806 0.155045
0.0320132 0.154553
0.031748 0.157939
0.030902 0.151672
0.0312387 0.151894
0.0322275 0.157521
0.0326315 0.158724
0.0317142 0.155285
0.0320208 0.158672
0.0312915 0.15584
0.0313791 0.155714
0.0318681 0.155867
0.0323738 0.157868
0.0322137 0.16059
0.0326286 0.158865
0.032025 0.155983
0.0319777 0.156733
0.0329638 0.157916
0.0327406 0.155482
0.0328812 0.157579
0.0330044 0.157676
0.0331983 0.158449
0.0326319 0.156396
0.0328946 0.157761
0.0323078 0.152488
0.032484 0.155289
0.0318124 0.153282
0.0319782 0.152984
0.0324627 0.153316
0.0316005 0.148575
0.0316487 0.14893
0.0309896 0.145037
0.0313579 0.14544
0.0321973 0.150495
0.0317116 0.147416
0.0314712 0.146298
0.0320554 0.148602
0.0331147 0.154762
0.0343121 0.157093
0.0333708 0.154163
0.0343003 0.159676
0.0348168 0.161637
0.0355897 0.164649
0.0355356 0.166384
0.0344572 0.159608
0.034455 0.160375
0.0353385 0.16351
0.0349824 0.16364
0.0356756 0.165028
0.0350586 0.164375
0.0342768 0.161542
0.0344937 0.164475
0.0336383 0.155641
0.0341256 0.156375
0.0333291 0.155468
0.033486 0.154637
0.0334283 0.154716
0.0332874 0.153171
0.0333524 0.154733
0.0349713 0.160657
0.0332214 0.155052
0.033158 0.154073
0.0328699 0.151806
0.0333901 0.154232
0.0327256 0.152912
0.0326973 0.153159
0.0323422 0.152424
0.0333866 0.155379
0.033356 0.153297
0.0335682 0.156773
0.0340229 0.160306
0.0350126 0.166532
0.0342381 0.163373
0.0346799 0.164317
0.0342109 0.160936
0.0340358 0.1607
0.0340817 0.160509
0.0338864 0.159222
0.0333965 0.157869
0.03337 0.157344
0.0332055 0.156575
0.033051 0.156272
0.0330312 0.155818
0.0334854 0.156021
0.0340534 0.15986
0.0338174 0.157438
0.0340617 0.159761
0.0346701 0.161702
0.0350665 0.160019
0.0342426 0.159057
0.0339069 0.154531
0.0339738 0.156541
0.033693 0.157136
0.0313518 0.141853
0.0321862 0.148116
0.0323762 0.150873
0.0325637 0.151303
0.0335976 0.153495
0.0332001 0.147428
0.03199 0.147376
0.0331491 0.153504
0.0321151 0.149727
0.0327096 0.150338
0.0334238 0.154966
0.0334023 0.153869
0.0332495 0.15106
0.0335442 0.154457
0.0333511 0.150947
0.0332083 0.152027
0.0331734 0.149532
0.0324981 0.148394
0.0322924 0.145861
0.031897 0.143716
0.0324823 0.146255
0.0325243 0.14717
0.0333857 0.151256
0.033398 0.146971
0.0331937 0.147329
0.0342118 0.15561
0.0336332 0.154909
0.0339636 0.154055
0.0345489 0.156806
0.0346931 0.154721
0.0352557 0.15756
0.0366974 0.16459
0.0352054 0.157768
0.0347748 0.154634
0.0350372 0.155944
0.0348961 0.15711
0.0331213 0.147979
0.0339637 0.151261
0.0340156 0.153141
0.0335636 0.15187
0.0344842 0.161067
0.0339765 0.157791
0.0331353 0.153483
0.0338414 0.160783
0.0330099 0.155594
0.0318571 0.150204
0.0319985 0.14897
0.0322245 0.151346
0.0320752 0.154027
0.0329198 0.157104
0.0330968 0.152745
0.0326036 0.156053
0.0321971 0.152699
0.0319108 0.146548
0.0330797 0.154198
0.0328894 0.151987
0.032849 0.153908
0.0326411 0.148944
0.0330374 0.150833
0.0324225 0.148554
0.0321464 0.146003
0.0326316 0.146952
0.0323487 0.147461
0.0318144 0.148563
0.0320411 0.148856
0.0301487 0.138184
0.0313461 0.143038
0.0312765 0.143763
0.0314116 0.144149
0.0316065 0.14603
0.0306955 0.143165
0.0308607 0.142857
0.0301357 0.141444
0.0301629 0.141212
0.0286896 0.133905
0.0284493 0.135165
0.0287589 0.135426
0.0289444 0.1373
0.0294118 0.141345
0.0295574 0.144475
0.0293453 0.144057
0.029773 0.145136
0.0296747 0.146838
0.0291217 0.142085
0.0296865 0.145373
0.0298069 0.146679
0.0306672 0.150182
0.0308489 0.151837
0.030184 0.145235
0.0292245 0.138545
0.0291917 0.141062
0.0293218 0.141844
0.0304488 0.14602
0.0300661 0.145041
0.0304177 0.146672
0.0308031 0.151714
0.0314495 0.152337
0.0313042 0.153436
0.0314899 0.153807
0.0313693 0.155544
0.0299031 0.144993
0.0308972 0.150928
0.0311894 0.152647
0.0304777 0.148539
0.0301834 0.14756
0.0294993 0.144035
0.0293632 0.143701
0.0292936 0.142784
0.0300939 0.14897
0.0298536 0.146897
0.0305546 0.14858
0.0304571 0.147457
0.0308162 0.149245
0.0308664 0.147956
0.0304016 0.144342
0.0297984 0.14176
0.0303441 0.144763
0.0307832 0.146872
0.0304732 0.146974
0.0310203 0.147773
0.031361 0.153342
0.0314513 0.152628
0.0317728 0.154558
0.0309562 0.150078
0.031236 0.150734
0.0307381 0.145651
0.0296161 0.141999
0.0306639 0.148669
0.0304242 0.145946
0.0296969 0.144913
0.0283386 0.135918
0.0277654 0.131574
0.0281842 0.136819
0.0281095 0.137354
0.0286919 0.14183
0.0286119 0.141736
0.0281862 0.140299
0.0287304 0.143943
0.028493 0.140902
0.0287294 0.142633
0.0283799 0.141977
0.0267611 0.135816
0.0277632 0.139444
0.0271771 0.137666
0.0272995 0.13843
0.0267155 0.133524
0.0277836 0.140922
0.0271728 0.13634
0.0279209 0.139437
0.0284362 0.145278
0.0272494 0.139023
0.0277871 0.141403
0.0265837 0.137391
0.0271725 0.141388
0.0281899 0.146809
0.0282154 0.145931
0.027401 0.140387
0.0277607 0.145135
0.0280863 0.147616
0.0284811 0.150358
0.0280378 0.151225
0.0283233 0.154184
0.0272967 0.148838
0.0267092 0.146997
0.0255901 0.14306
0.0256372 0.146884
0.0232783 0.13126
0.0244261 0.137784
0.0246571 0.139203
0.0247479 0.140758
0.0242597 0.138742
0.0240493 0.139144
0.0247074 0.141269
0.0248166 0.141583
0.0250277 0.144651
0.0249948 0.142101
0.0244444 0.138813
0.0246245 0.144066
0.0242562 0.139352
0.0238351 0.138229
0.0231475 0.132188
0.0229566 0.135495
0.0232597 0.139431
0.0217355 0.129248
0.021451 0.127489
0.0218305 0.13044
0.0231419 0.142111
0.0223174 0.136375
0.021986 0.135045
0.0223171 0.137661
0.0226073 0.139148
0.0221004 0.136329
0.0221988 0.135995
0.0212969 0.128625
0.0226062 0.140619
0.0221228 0.137187
0.0222605 0.138184
0.0226 0.137835
0.0231399 0.141699
0.0220719 0.136358
0.0219328 0.135851
0.0213861 0.131162
0.0217725 0.132334
0.0222874 0.136358
0.0216247 0.13381
0.0206226 0.129777
0.020706 0.129738
0.0206492 0.128777
0.0208125 0.131728
0.0213801 0.135513
0.0222384 0.140623
0.0225431 0.142613
0.0227916 0.142208
0.0239726 0.148898
0.0235453 0.143001
0.0237775 0.142573
0.0241639 0.149164
0.0244117 0.150436
0.0237457 0.148698
0.0235566 0.145612
0.0235646 0.144933
0.0237626 0.145102
0.0239719 0.141896
0.0233724 0.141252
0.0236552 0.140635
0.0243414 0.146556
0.0240093 0.143034
0.0249053 0.147182
0.0251982 0.15021
0.0253178 0.149779
0.0253588 0.15295
0.0244024 0.144615
0.0240712 0.141038
0.0247848 0.144101
0.0242777 0.142387
0.0251956 0.146344
0.0251747 0.141917
0.0246173 0.140269
0.0243618 0.13625
0.0255227 0.141832
0.0251245 0.13873
0.0250833 0.136322
0.0246651 0.135157
0.024222 0.1326
0.0240573 0.128807
0.0237964 0.124834
0.0250465 0.132603
0.0247941 0.129078
0.025307 0.130793
0.0256246 0.133571
0.0274889 0.140217
0.0276091 0.143872
0.0284618 0.145536
0.0292403 0.145188
0.0283916 0.144825
0.0299008 0.147806
0.0308072 0.150614
0.0311164 0.149683
0.0301779 0.146836
0.0313457 0.14966
0.0304048 0.146679
0.0316826 0.151793
0.0306088 0.14789
0.0294361 0.143196
0.0304905 0.14811
0.0297556 0.147631
0.0286345 0.142706
0.0293404 0.14562
0.0287072 0.142589
0.0283551 0.141054
0.0284976 0.144061
0.028186 0.138279
0.0292791 0.144703
0.0291689 0.143824
0.0294932 0.142682
0.0300876 0.144117
0.0316536 0.15069
0.0320379 0.148671
0.0304857 0.14115
0.031043 0.143936
0.0302128 0.140915
0.0297398 0.13979
0.0294294 0.140455
0.0285629 0.138013
0.0284776 0.138343
0.0291507 0.141095
0.0306494 0.148883
0.0307387 0.147447
0.0303769 0.145392
0.0310191 0.144172
0.0315608 0.149727
0.0319691 0.147583
0.0320834 0.150517
0.0325779 0.153799
0.0318061 0.150291
0.0318851 0.149418
0.0315445 0.14743
0.0326147 0.156072
0.0320654 0.152771
0.031969 0.152565
0.0324524 0.153792
0.0320402 0.15452
0.0313036 0.146863
0.0314363 0.149185
0.0308798 0.144615
0.0311517 0.14691
0.0314137 0.15103
0.0299878 0.142685
0.0299618 0.143539
0.0300594 0.143916
0.0298691 0.139849
0.0300083 0.143451
0.0296325 0.141811
0.0310163 0.14402
0.0309591 0.144397
0.0309202 0.146764
0.0308658 0.142885
0.0314979 0.147644
0.0310883 0.141213
0.0317018 0.149105
0.0311511 0.143873
0.0318465 0.149172
0.0325983 0.149589
0.0323045 0.147585
0.0330303 0.15272
0.0336081 0.155675
0.0339658 0.159205
0.0346221 0.162398
0.0339347 0.158543
0.0336156 0.156041
0.033932 0.157211
0.0337894 0.156992
0.0345766 0.160134
0.0346221 0.164594
0.034019 0.15918
0.0344519 0.163232
0.0348497 0.165703
0.0347148 0.164166
0.0350065 0.163317
0.0351023 0.166937
0.0355271 0.168767
0.0343974 0.165333
0.034515 0.168534
0.0342216 0.164732
0.0341375 0.166098
0.0338452 0.162736
0.0336179 0.162693
0.0334519 0.159638
0.0339393 0.163465
0.0346291 0.164384
0.0334653 0.1583
0.0338893 0.160962
0.035254 0.167841
0.0336713 0.155626
0.0342004 0.157983
0.0356237 0.16147
0.0370188 0.167151
0.0351739 0.160215
0.0346992 0.159073
0.0326338 0.150861
0.0326475 0.1497
0.0335346 0.153142
0.0340926 0.156231
0.0336545 0.153331
0.0330665 0.150547
0.0322643 0.149606
0.0324385 0.150035
0.0320559 0.14603
0.0325903 0.149581
0.0319233 0.146842
0.0316673 0.147111
0.0328953 0.155378
0.0316784 0.149575
0.0311487 0.146881
0.0314091 0.148728
0.0314063 0.149821
0.0306276 0.144638
0.0309852 0.148251
0.0308903 0.146949
0.0305734 0.146249
0.0295122 0.142299
0.0309139 0.149318
0.0306185 0.148538
0.0300778 0.144081
0.0319518 0.157811
0.0315934 0.15412
0.0322359 0.157486
0.0316545 0.156894
0.0322574 0.159559
0.0330495 0.163008
0.0314841 0.152847
0.0319935 0.155841
0.0311096 0.151506
0.0318734 0.153505
0.0316589 0.153096
0.0315794 0.152147
0.0308647 0.148721
0.0301674 0.144624
0.0304656 0.145895
0.0307571 0.149824
0.0308866 0.150041
0.0302275 0.150653
0.0306679 0.15295
0.0299883 0.150021
0.0294486 0.1482
0.0283051 0.144939
0.0278834 0.145759
0.0269219 0.139954
0.0265058 0.138542
0.0256661 0.134065
0.0252407 0.132502
0.0243856 0.128086
0.0247807 0.131412
0.0246828 0.130377
0.0252561 0.133356
0.0247723 0.133009
0.0253325 0.135828
0.0249272 0.134987
0.025892 0.139916
0.0258135 0.139047
0.024968 0.1346
0.0249026 0.136102
0.024548 0.134589
0.0244573 0.132981
0.0231488 0.126791
0.0231402 0.127736
0.0238924 0.131058
0.0230052 0.127211
0.0229682 0.126803
0.0233087 0.128814
0.0225788 0.126115
0.0229912 0.128012
0.0233879 0.130784
0.0227159 0.12751
0.0227182 0.128701
0.0224512 0.128162
0.0226656 0.129303
0.0233089 0.133461
0.0225446 0.129726
0.0222176 0.128218
0.0231198 0.13647
0.0233231 0.137607
0.0234067 0.136491
0.0234781 0.136021
0.0244237 0.143837
0.0237224 0.140697
0.023908 0.139257
0.023718 0.138991
0.0239596 0.140558
0.023857 0.140805
0.0242572 0.141997
0.0239424 0.139674
0.0235776 0.139059
0.0236137 0.138637
0.0234584 0.138096
0.02382 0.140192
0.0238398 0.140779
0.0235098 0.13878
0.0231951 0.136537
0.0240793 0.140287
0.0230578 0.134641
0.0233165 0.137084
0.0239373 0.141077
0.0232013 0.137303
0.0237205 0.139575
0.023606 0.137944
0.0237359 0.139887
0.0239348 0.141071
0.0234932 0.138667
0.0241452 0.142629
0.0239664 0.140097
0.0235778 0.138326
0.023626 0.138896
0.0240235 0.140392
0.0241355 0.142486
0.023925 0.140713
0.0239346 0.141026
0.0242291 0.141233
0.0236332 0.139258
0.0236064 0.138681
0.0235321 0.1394
0.0235711 0.138811
0.0231767 0.136716
0.0233934 0.137808
0.0229046 0.134703
0.0232826 0.136878
0.0235328 0.139244
0.0235378 0.138261
0.0227595 0.13326
0.0235297 0.138139
0.0232461 0.136475
0.0223884 0.132471
0.0232781 0.136726
0.0237333 0.139521
0.0222785 0.132208
0.0229531 0.134952
0.0225211 0.133087
0.0230784 0.134774
0.0223136 0.132038
0.0224783 0.131082
0.0221652 0.130387
0.021817 0.128826
0.0225536 0.133056
0.0226938 0.133455
0.0225403 0.132877
0.0221297 0.130381
0.0219565 0.129397
0.022387 0.131196
0.0221413 0.131095
0.0227533 0.134194
0.0218018 0.128098
0.0220602 0.130227
0.0224532 0.13154
0.0224431 0.133022
0.0226576 0.13299
0.0225801 0.132459
0.0216058 0.127594
0.0226879 0.133645
0.0220533 0.129571
0.0222296 0.130787
