45195
43795
43712
44692
45585
46141
46057
46378
46590
46160
46390
46323
46468
46516
46268
46408
46407
46641
46455
46232
46458
46579
46284
46213
45876
45181
44964
44630
44354
44208
43854
44014
43891
43957
44081
43993
44092
44576
44792
45428
45670
45937
45721
45751
45955
45874
46049
45739
45799
46107
46082
45905
46059
46064
46026
46215
46066
46117
45855
46333
46125
46189
46080
46503
46517
46388
46334
46161
46200
46261
46290
45872
46135
46344
46291
46332
46066
46257
46341
46453
46273
46505
46368
46313
46475
46642
46597
46652
46387
46420
46608
46662
46528
46705
46488
46721
46742
46718
46679
46821
46638
46676
46553
46820
46822
46716
46748
46947
46695
46784
46548
46576
46521
46768
46793
46672
46902
46754
46977
46733
46904
46956
46907
46837
46810
46985
46785
47030
47032
46982
46986
47018
46894
46755
46702
46780
46627
46521
47001
46995
47173
47021
46869
46956
46837
47086
47027
46841
46794
46710
47018
47035
47171
46940
47025
47096
46994
47045
46919
46701
47201
47115
47072
46869
46849
47042
47005
47211
47132
47089
46873
47113
47040
47296
47108
47189
47055
47295
47243
47228
47197
47083
47126
47220
47120
47179
47189
47207
46941
46982
47322
47241
47044
47082
47157
47383
47099
47276
47048
47189
47463
47012
47215
47504
47140
47365
47285
47199
47551
47599
47636
47220
47471
47347
47514
47496
47361
47499
47486
47307
47251
47349
47373
47628
47496
47513
47461
47312
47240
47562
47594
47632
47463
47840
47249
47454
47640
47363
47773
47442
47630
47492
47582
47640
47421
47523
47316
47735
47798
47579
47380
47734
47489
47525
47338
47547
47982
47784
47551
47629
47741
47708
47772
47701
47818
47715
47591
47511
47565
47554
47585
47502
47615
47833
47845
47441
47936
47692
47626
47795
47570
47873
47830
47680
47732
48160
47526
47974
47780
47843
47655
48102
47944
48219
48079
48203
48132
48110
48273
48494
48186
48097
47898
47888
48212
48304
47908
47877
47966
48314
48345
48221
48293
48246
48416
48210
48479
48268
48367
48562
48257
48190
48256
48398
48282
48595
48542
48530
47971
48599
48711
48604
48369
48503
48333
48511
48487
48324
48466
48655
48167
48333
48668
48416
48129
48271
48278
48537
48490
48326
48185
48249
48229
48700
48220
48590
48304
48373
48477
48396
48325
48222
48340
48374
48403
48554
48523
48484
48597
48163
48237
48491
48278
48577
48596
48466
48304
48391
48530
48512
48395
48164
48327
48417
48532
48403
48476
48424
48430
48857
48601
48306
48445
48458
48489
48338
48491
48432
48325
48473
48591
48552
48373
48304
48208
48373
48371
48329
48356
48194
48360
48433
48205
48432
48342
48229
48451
48306
48206
48264
48208
48013
48205
48323
48118
48244
48127
48071
48105
48137
47887
48073
47717
47863
47876
47672
47555
47727
47953
47602
47389
47596
47350
47501
47338
47052
46987
47105
47071
46998
46762
47002
47027
46893
46779
46829
46719
46972
46622
46610
46848
46639
46852
46573
46543
46783
46792
46729
46547
46606
46992
46542
46527
46790
46655
46405
46567
46856
46432
46625
46677
46550
46323
46347
46050
46047
46098
45964
46040
45714
45518
45971
45604
45608
46034
45898
45633
45590
45713
45828
46072
45771
45967
46155
45653
45857
45943
46138
45784
46195
46184
46373
46697
46396
46431
46742
46879
46556
46334
46183
46501
46312
46802
46550
46506
46542
46087
45851
45889
45812
44791
45009
45018
45374
45486
45377
45462
45392
45542
45168
45345
45276
45321
45409
44880
44265
44325
44479
44509
44283
43530
43538
43766
44010
45296
45093
44899
45069
45485
45444
45589
45694
45423
45745
46086
46188
46357
46523
46974
47497
47474
47795
47709
47807
47923
47701
47949
47847
47775
48043
47829
48025
47919
48116
47951
47857
48218
48021
47879
47837
47797
47685
47741
47547
47607
47947
47791
47873
48157
47769
47600
47978
47820
47806
47387
47665
47936
48022
47768
47923
48154
47988
47985
47918
47816
48251
47612
47693
48031
47619
47906
47636
47618
47470
47332
47296
47322
47446
47330
47458
47526
47630
47824
47279
47494
47632
47469
47520
47588
47572
47522
47484
47461
47308
47418
47381
47396
47388
47634
47140
47618
47259
47335
47459
47409
47095
47293
47499
47408
47121
47475
47255
47392
47313
47457
47197
47477
47384
47309
47014
47338
47283
46991
47128
47109
47115
47141
47285
47029
47326
47408
47340
47376
47285
47341
47269
47532
47197
47209
47049
46900
47262
47109
46864
47107
47055
47075
47008
46967
47247
47221
47144
47138
47035
47064
47204
47139
47000
47120
47136
47154
47056
47165
47103
47010
47349
47349
47186
46990
47333
47221
47152
46935
46978
47128
46792
46926
47082
47059
47061
47215
47034
47128
47460
47288
47191
47230
47107
47125
46897
47165
47091
47130
47139
47105
47070
46948
46894
46983
47132
47257
47077
47057
47048
47046
46849
46925
46867
47152
46853
46918
46953
46835
46645
46694
46772
47039
46462
46764
46765
47086
46919
46786
46826
46680
46697
46948
47041
47113
46788
46669
46873
46836
46796
46858
46638
46655
47194
47123
47268
47140
47102
46895
47305
47221
47107
47108
46993
47074
47050
47085
47100
46917
46854
46942
46904
46856
46881
46817
46979
46957
47117
47127
46934
46832
47128
47180
47427
47564
47277
47452
47144
47369
47031
47255
47194
47226
47467
47333
47056
46875
46941
46991
47271
47184
47295
47111
47426
47308
47064
46997
47329
47308
47268
47155
47853
47539
47403
47353
47383
47420
47543
47377
47357
47202
47553
47086
47331
46736
47214
47118
47009
47037
47083
47192
47201
47025
47066
47033
47184
46801
46905
46997
47010
47069
47189
47035
47143
47497
47217
47438
47315
47435
47323
47541
47441
47345
47373
47886
47569
47509
47540
47620
47276
47546
47290
47348
47334
47524
47504
47548
47548
47251
47350
47407
47225
47176
47154
47329
47099
47405
47287
47323
47353
47512
47654
47897
47600
47651
47860
47840
47992
47867
48330
47741
48407
48235
48332
47867
47873
48238
47940
48063
48052
48181
48079
48076
47990
48126
48325
48336
48317
48438
48276
48202
48230
48358
48478
48375
48396
48272
48413
48463
48248
48102
48089
48096
48082
48115
48130
48044
47888
48205
48281
48378
48788
48093
48394
47826
48185
47514
47877
48150
47902
48148
48022
48178
48227
48149
48151
47858
48094
48110
48302
47945
47487
47164
47252
47404
47402
47476
47271
47470
47276
47352
47229
47062
46830
46928
46941
46905
47161
47021
47089
47002
47017
46988
47024
47065
47029
47176
47119
47031
47218
47076
46966
47549
47293
48004
47151
47440
47345
47299
47262
47230
47319
47268
47257
47000
47075
46824
47019
47195
47100
46983
46879
47207
46971
46957
46889
46722
46596
47035
47138
47013
47126
47372
46983
47300
47378
47183
47143
47183
47381
47145
47486
47160
47140
47139
47187
47043
47330
47159
47380
47010
47146
47349
47316
47414
47258
46935
47207
46745
47548
47430
47253
47061
46526
46711
47145
47026
47022
46768
46906
46887
46954
46420
46920
46753
46864
47081
46871
47045
46890
47088
46963
47143
47128
46735
47183
46633
46746
46900
46514
46652
46597
46687
46700
47385
46370
46403
46294
46603
46522
46673
46762
46609
46831
46799
46724
46688
46872
46547
46583
46592
46506
47005
46740
46862
46775
46965
46413
46758
46592
46563
46660
46625
46506
46722
46572
46738
46716
46622
46011
46720
46905
46610
47046
46946
46944
47085
47085
47099
47094
47089
47322
47235
47105
47146
47446
47658
47523
47157
47432
47291
47378
47505
47262
47661
47505
47458
47266
47389
47666
47421
47511
47457
47450
47611
47366
47375
47808
47451
47837
47561
47707
47639
47755
48054
47678
47764
47704
48068
47845
47850
47854
47747
47659
47656
47656
48139
47896
47872
47943
47903
47980
47898
47925
47923
47863
48251
47799
47891
48081
48197
48089
48099
48167
48109
48096
48125
47745
47689
47816
47797
47670
47941
47826
47977
48025
47893
47834
47807
47761
48188
47838
48024
47812
47836
48016
47899
47823
48163
47706
47955
47577
48132
47824
47913
48036
48152
48163
48269
48035
47913
47885
48326
47949
47886
48141
47922
48300
47931
47874
48089
47867
47884
47909
