8367
7971
7852
7899
7868
7919
7990
7938
8020
8003
8111
8084
8109
8143
8071
8059
8021
8071
8074
8073
8104
8157
8056
8204
8158
8157
8271
8283
8231
8108
8218
8097
8114
8190
8093
8225
8227
8333
8300
8357
8334
8421
8393
8396
8392
8408
8413
8336
8307
8290
8288
8218
8202
8197
8223
8314
8383
8402
8332
8451
8511
8410
8319
8412
8455
8373
8293
8197
8192
8140
8104
8136
8107
8207
8276
8295
8297
8244
8264
8174
8173
8193
8094
7963
7888
7778
7723
7766
7767
7765
7749
7743
7708
7686
7733
7750
7722
7709
7737
7753
7743
7738
7644
7602
7582
7576
7578
7586
7568
7563
7565
7642
7613
7726
7669
7638
7593
7547
7533
7524
7561
7514
7367
7391
7370
7406
7459
7447
7482
7509
7583
7607
7556
7479
7467
7467
7435
7466
7461
7490
7486
7478
7427
7411
7473
7402
7400
7322
7300
7263
7309
7318
7317
7245
7348
7355
7395
7411
7429
7458
7533
7577
7558
7520
7475
7441
7521
7523
7515
7560
7466
7408
7338
7348
7324
7444
7420
7432
7397
7328
7398
7344
7368
7377
7437
7377
7315
7377
7389
7481
7489
7443
7424
7417
7410
7337
7298
7315
7310
7303
7322
7247
7285
7266
7141
7159
7113
7021
7053
7097
7142
7123
7144
7120
7117
7084
7095
7119
7204
7200
7231
7207
7150
7193
7109
7040
7128
7135
7053
7043
7099
7111
7049
7080
7076
7058
7134
7097
7095
7096
7126
7054
7009
7062
7011
6978
6888
6969
6958
6898
6864
6930
6889
6899
6939
6996
7081
7048
7037
6965
7011
7018
7060
7073
7073
7024
7049
7100
7047
7030
6899
6828
6850
6744
6676
6732
6693
6641
6630
6632
6600
6607
6472
6457
6431
6401
6340
6309
6243
6221
6236
6177
6131
6140
6071
5959
5935
5905
5892
5937
5894
5840
5801
5780
5764
5725
5710
5658
5558
5602
5604
5635
5643
5602
5539
5551
5485
5318
5242
5194
5185
5243
5248
5234
5216
5271
5228
5199
5187
5179
5156
5086
5011
4976
4871
4829
4822
4844
4893
4939
4953
4890
4909
4912
4900
4915
4919
4886
4909
4824
4777
4787
4768
4749
4776
4759
4763
4789
4805
4822
4830
4811
4795
4803
4763
4784
4745
4716
4681
4688
4689
4647
4677
4713
4668
4669
4616
4608
4639
4693
4656
4662
4642
4608
4585
4572
4532
4449
4459
4420
4343
4288
4332
4297
4287
4249
4206
4246
4262
4241
4218
4269
4207
4157
4172
4181
4168
4151
4138
4099
4100
4096
4142
4142
4120
4123
4120
4151
4130
4120
4120
4127
4031
4026
4018
3994
3968
4013
4006
4036
4030
4057
3987
3954
3955
3949
3921
3905
3881
3884
3868
3882
3877
3844
3855
3824
3798
3762
3779
3755
3696
3721
3690
3785
3764
3790
3803
3704
3746
3795
3801
3769
3795
3791
3850
3857
3900
3882
3831
3759
3708
3662
3708
3686
3633
3665
3746
3777
3785
3874
3921
3924
3921
3920
3961
3955
3980
4082
4094
4093
4111
4104
4153
4145
4239
4281
4313
4309
4283
4308
4362
4354
4366
4452
4462
4544
4603
4585
4542
4502
4530
4580
4568
4621
4681
4711
4718
4802
4824
4795
4789
4824
5000
4963
4886
4773
4624
4701
4739
4868
4766
4719
4813
4742
4633
4569
4612
4729
4718
4763
4755
4756
4796
4826
4834
4732
4680
4644
4586
4629
4747
4724
4670
4546
4552
4477
4502
4591
4542
4467
4488
4451
4501
4445
4611
4639
4718
4688
4793
4855
4861
4926
4959
5001
4989
4940
5042
5021
5054
5034
5053
5154
5125
5119
5061
5155
5214
5287
5193
5244
5211
5235
5226
5254
5353
5342
5278
5418
5455
5420
5298
5409
5445
5415
5382
5419
5452
5457
5413
5497
5462
5378
5485
5454
5549
5586
5610
5422
5447
5401
5458
5445
5398
5566
5597
5513
5373
5387
5273
5161
5192
5181
5126
5104
5080
5144
5136
5114
5120
5099
5164
5166
5086
5086
5083
5050
5109
5098
5068
5086
5083
5055
5124
5238
5090
5087
5206
5336
5329
5281
5169
5079
5004
5137
5146
5070
5168
5053
5128
5155
5149
5176
5114
5300
5302
5352
5160
5350
5218
5277
5275
5299
5370
5373
5435
5512
5537
5571
5427
5487
5568
5641
5541
5514
5563
5639
5572
5520
5538
5809
5709
5610
5527
5553
5483
5413
5430
5430
5437
5685
5836
5630
5663
5590
5670
5754
5703
5876
5854
5704
5725
5711
5782
5750
5754
5661
5610
5630
5619
5649
5651
5640
5690
5692
5714
5769
5734
5673
5725
5742
5691
5629
5572
5639
5643
5626
5522
5597
5618
5655
5512
5460
5542
5641
5564
5508
5557
5719
5551
5488
5520
5699
5736
5690
5645
5718
5638
5696
5714
5673
5769
5710
5658
5763
5748
5606
5645
5663
5843
5772
5738
5686
5788
5710
5670
5739
5694
5701
5670
5759
5762
5467
5484
5456
5421
5583
5500
5323
5343
5473
5518
5885
5591
5650
5739
5742
5648
5591
5592
5575
5618
5568
5549
5533
5545
5659
5536
5523
5580
5498
5563
5586
5558
5520
5394
5550
5448
5337
5344
5306
5227
5336
5397
5481
5396
5287
5204
5275
5304
5266
5396
5321
5289
5296
5373
5378
5394
5183
5205
5145
5125
5153
5221
5132
5239
5217
5197
5191
5219
5235
5295
5322
5435
5338
5323
5369
5297
5376
5361
5335
5372
5173
5163
5135
5346
5516
5340
5263
5328
5401
5343
5289
5286
5167
5152
5105
5235
5271
5265
5285
5260
5296
5235
5204
5229
5066
5154
5064
5112
5078
5069
5030
4965
5079
5072
4895
4855
4913
4866
4774
4808
4731
4610
4660
4499
4453
4560
4628
4658
4659
4632
4585
4618
4594
4493
4489
4501
4445
4500
4453
4468
4409
4356
4397
4315
4334
4423
4409
4504
4438
4483
4417
4304
4382
4376
4441
4418
4453
4466
4465
4466
4624
4526
4366
4452
4426
4409
4319
4309
4315
4300
4309
4360
4441
4478
4538
4489
4414
4511
4468
4646
4563
4558
4564
4572
4630
4538
4491
4637
4522
4611
4491
4426
4536
4704
4582
4694
4666
4751
4615
4749
4754
4890
4874
4911
4902
4869
4840
5045
4992
5091
5109
5143
5189
5452
5403
5390
5370
5447
5361
5145
5219
5169
5327
5171
5258
5145
5218
5121
5174
5246
5361
5242
5280
5355
5415
5408
5489
5468
5391
5212
5217
5285
5358
5340
5258
5422
5315
5408
5439
5470
5350
5573
5423
5273
5288
5299
5274
5265
5280
5370
5612
5550
5488
5445
5473
5285
5288
5261
5378
5476
5484
5651
5436
5434
5464
5533
5604
5696
5677
5622
5662
5574
5352
5560
5576
5509
5724
5600
5583
5334
5473
5387
5560
5661
5515
5559
5559
5561
5558
5384
5289
5250
5272
5453
5558
5564
5448
5406
5433
5313
5541
5481
5657
5585
5499
5429
5355
5537
5692
5494
5498
5422
5406
5367
5357
5351
5430
5446
5314
5278
5307
5319
5289
5286
5224
5195
5102
5135
5108
5099
5162
5041
5020
5047
5050
5073
5121
5148
5279
5272
5163
5155
5144
5152
5172
5251
5180
5174
5082
5130
5108
5194
5015
4949
4893
4828
4849
4749
4680
4934
4910
4894
4842
4833
4912
4881
4742
4659
4652
4606
4645
4705
4635
4677
4724
4771
4654
4669
4666
4598
4590
4558
4650
4574
4652
4602
4535
4604
4514
4497
4497
4494
4483
4540
4485
4495
4473
4375
4413
4432
4410
4412
4380
4402
4396
4382
4406
4409
4440
4410
4398
4446
4463
4460
4505
4458
4472
4484
4483
4481
4508
4470
4483
4464
4502
4515
4535
4518
4498
4508
4496
4491
4506
4557
4486
4498
4498
4458
4508
4512
4511
4525
4481
4471
4478
4469
4495
4467
4473
4490
4481
4465
4468
4436
4460
4492
4453
4464
4477
4454
4477
4471
4451
4488
4472
4466
4485
