1.44276
1.48573
1.47772
1.52447
1.51333
1.4763
1.51826
1.47691
1.41825
1.48679
1.5652
1.41676
1.44815
1.44156
1.46575
1.39031
1.49448
1.41711
1.41269
1.4315
1.43245
1.3939
1.41324
1.46277
1.42135
1.40946
1.43941
1.36633
1.40224
1.40689
1.50077
1.47011
1.47786
1.47242
1.36221
1.38482
1.41399
1.37479
1.40291
1.37599
1.4165
1.42014
1.38816
1.40512
1.41238
1.37836
1.35289
1.44429
1.43961
1.38542
1.37076
1.39753
1.37379
1.37325
1.39631
1.47415
1.45955
1.41212
1.43462
1.31661
1.44347
1.38383
1.47251
1.51698
1.45142
1.46107
1.51809
1.39868
1.41276
1.42177
1.4037
1.35358
1.46052
1.43706
1.45066
1.43266
1.46715
1.46298
1.47579
1.46335
1.47707
1.53759
1.47287
1.44815
1.44465
1.53023
1.44302
1.40491
1.43164
1.44843
1.5008
1.46627
1.33644
1.48984
1.34291
1.45211
1.40993
1.42455
1.40413
1.40901
1.34778
1.43068
1.49318
1.47076
1.47725
1.434
1.49193
1.51579
1.41295
1.46439
1.47137
1.5134
1.4507
1.42916
1.44966
1.3472
1.38887
1.43631
1.40749
1.37784
1.42151
1.44313
1.40197
1.40444
1.43769
1.51323
1.38759
1.42673
1.48714
1.45267
1.49372
1.46607
1.4611
1.43395
1.48303
1.43824
1.38932
1.42428
1.35586
1.48731
1.46523
1.45548
1.44768
1.38538
1.35542
1.30045
1.3178
1.35537
1.32645
1.31028
1.28966
1.31981
1.29352
1.31332
1.32324
1.30139
1.35093
1.26544
1.23716
1.29512
1.26471
1.27174
1.26641
1.23235
1.18242
1.16058
1.16038
1.20092
1.23709
1.18431
1.15901
1.17024
1.2129
1.20122
1.21879
1.17787
1.22253
1.17545
1.24793
1.32052
1.13648
1.15473
1.24655
1.23723
1.28782
1.25385
1.32081
1.2907
1.304
1.33925
1.33303
1.31221
1.30065
1.29166
1.2622
1.19582
1.26061
1.24906
1.2943
1.2346
1.25269
1.23479
1.25965
1.2815
1.17646
1.2289
1.19466
1.16445
1.16673
1.1965
1.22074
1.13942
1.19744
1.20635
1.15723
1.18894
1.24009
1.20714
1.20693
1.16035
1.25347
1.21343
1.28761
1.22475
1.31558
1.2867
1.26242
1.21258
1.23006
1.16719
1.2331
1.17499
1.15304
1.21344
1.23442
1.24123
1.13499
1.62895
1.13601
1.14897
1.13885
1.12601
1.21972
1.16773
1.23446
1.1876
1.19947
1.08008
1.1374
1.13323
1.14236
1.1957
1.11613
1.16772
1.14468
1.17511
1.21385
1.17242
1.18898
1.10193
1.21214
1.17865
1.19917
1.21485
1.11201
1.17447
1.22663
1.22794
1.1073
1.13324
1.20948
1.16026
1.17991
1.12502
1.17378
1.15471
1.16249
1.10468
1.05502
1.10331
1.12808
0.994652
0.991402
1.03983
1.14576
1.15935
1.1528
1.18658
1.18209
1.12275
1.14712
1.24177
1.14716
1.16798
1.23617
1.19831
1.23759
1.15055
1.15442
1.23149
1.13351
1.14862
1.17702
1.18082
1.23019
1.25005
1.21526
1.30687
1.28488
1.26352
1.30291
1.37744
1.35851
1.28443
1.33108
1.43747
1.34087
1.27394
1.37382
1.43517
1.32771
1.32638
1.41308
1.40602
1.26363
1.35617
1.36873
1.52024
1.39266
1.35372
1.44633
1.56704
1.49741
1.51577
1.61099
1.82378
1.73893
1.77107
1.93557
2.03663
1.94929
1.96807
2.02847
2.20872
2.34987
2.23966
2.29458
2.27868
2.22948
2.35449
2.34424
2.34519
2.21083
2.47521
2.24814
2.28595
2.29894
2.71084
2.39388
2.39814
2.43515
2.5804
2.34851
2.42606
2.47291
2.56367
2.62404
2.35606
2.50124
2.54212
2.57781
2.75104
2.6888
2.73801
2.85469
2.88618
2.99939
2.9278
3.21547
3.15419
3.28803
3.29822
3.30192
3.32108
3.34817
3.47717
3.3653
3.64374
3.4544
3.5731
3.80171
3.5835
3.67121
3.57094
3.34189
3.16554
3.04808
3.12086
2.94365
2.8711
2.91397
3.03913
2.98762
2.96655
2.87506
2.99108
3.2374
3.33421
3.41117
3.32151
3.25389
3.22768
3.34893
3.40192
3.38431
3.35201
3.4547
3.27047
3.31275
3.10146
3.22692
3.11726
3.03997
2.90088
3.00312
3.00801
2.99185
2.83481
3.0065
2.83399
2.88017
2.91269
2.85441
2.74436
2.71708
2.83016
2.911
2.84295
2.70978
2.76153
2.86651
3.01039
3.02487
2.80119
2.86505
2.89349
2.64398
2.90843
2.95104
2.90949
3.13945
3.18094
3.23231
3.32456
3.15674
3.18081
3.25007
3.4785
3.31043
3.22307
3.16737
2.95351
3.09558
2.90447
2.81575
3.02058
2.95506
3.11562
2.8319
2.89012
2.75595
2.82172
2.91985
2.9935
3.01398
3.00584
2.82236
3.03604
3.04467
2.92058
3.01152
2.72899
2.81547
2.73737
2.70192
2.95675
2.92238
2.91096
3.08344
3.05027
3.12922
3.06977
3.25353
3.10467
3.16744
3.26361
3.0719
3.09205
2.80809
2.96116
2.87473
2.95408
2.73355
2.84021
2.91736
3.02929
2.95185
3.00101
3.08885
3.05515
2.97235
3.12604
3.07546
3.10112
3.08759
2.99627
3.11056
3.04218
3.01415
3.03247
2.92885
2.9162
3.01383
2.86636
2.95478
2.8019
2.95521
3.02833
2.90012
2.85843
2.90663
2.7422
2.84816
2.92934
2.90636
3.06517
2.82554
2.78175
2.84778
2.70756
2.73288
2.73125
2.83241
2.94514
2.93741
2.7728
2.9202
2.91037
2.89203
2.75273
2.77127
2.8317
2.9598
2.6977
2.73246
2.83292
3.11811
2.9654
3.1203
2.86644
2.93159
2.90673
2.96406
2.86466
3.19829
3.1423
3.11547
3.04595
3.26926
3.21072
3.18027
3.12565
3.23582
3.40425
2.97251
3.10554
3.21331
3.21835
3.04241
3.20893
3.21852
3.21724
2.99922
3.14424
3.21019
3.12425
3.16917
3.07189
3.14986
3.10767
3.21663
3.23572
3.28145
3.22931
3.24348
3.30966
3.36881
3.17675
3.10516
3.26381
3.33868
3.36629
3.33613
3.23853
3.35658
3.17004
3.14637
3.30182
3.3534
3.40879
3.42422
3.41459
3.39707
3.49219
3.40812
3.36223
3.22817
3.32033
3.32936
3.51399
3.38829
3.30324
3.50782
3.40997
3.37864
3.3048
3.31072
3.13346
3.16022
3.11279
3.2893
2.97488
2.91671
2.93272
2.9767
2.96905
3.03749
3.18064
3.25761
3.26679
3.24748
3.27403
3.37557
3.21204
3.17057
3.21337
3.38513
3.3696
3.2831
3.14648
3.21387
3.25232
3.23559
3.18764
3.11028
3.20414
3.1586
3.18266
3.18257
3.26489
3.22022
3.16187
3.16334
3.38769
3.25399
3.25904
3.40684
3.23561
3.18927
3.15483
3.39935
3.22892
3.22132
3.34538
3.32278
3.25214
3.35622
3.27333
3.2593
3.16056
3.37304
3.31832
3.38146
3.3475
3.50379
3.46414
3.3239
3.66315
3.57734
3.48743
3.66772
3.63677
3.57201
3.29315
3.50609
3.22846
3.33713
3.30417
3.30849
3.36007
3.22012
3.17262
3.12432
3.18061
3.25164
3.24796
3.48004
3.51037
3.44524
3.60657
3.44348
3.24161
3.33942
3.43445
3.42227
3.37447
3.29806
3.40635
3.31678
3.31521
3.49651
3.39491
3.29911
3.41668
3.52286
3.24923
3.4329
3.46166
3.50977
3.56959
3.49479
3.57531
3.55721
3.6328
3.46203
3.65032
3.52953
3.71153
3.68171
3.74535
3.86297
3.72781
3.80476
3.67926
3.751
3.77526
3.55107
3.60803
3.74355
3.53627
3.50445
3.36772
3.35183
3.27444
3.36121
3.53697
3.38782
3.35997
3.41108
3.51884
3.58873
3.54387
3.60788
3.69917
3.62403
3.68693
3.62571
3.71239
3.74462
3.97613
3.8523
3.73926
3.78039
3.56879
3.63499
3.58246
3.53879
3.38604
3.57661
3.37115
3.43399
3.34588
3.44463
3.51567
3.50822
3.41506
3.32228
3.37607
3.37744
3.46065
3.6124
3.75862
3.64306
3.60976
3.65058
3.61534
3.6582
3.77821
3.64765
3.76363
3.72865
3.87444
3.72802
3.81137
3.75186
3.92003
3.66444
3.49589
3.50792
3.561
3.45929
3.47849
3.41393
3.58412
3.66823
3.65446
3.54303
3.61761
3.56601
3.48196
3.39697
3.40113
3.26345
3.33655
3.17528
3.41304
3.36796
3.38093
3.24514
3.1674
3.19564
3.38006
3.21152
3.19515
3.44479
3.25297
3.24934
3.18609
3.27974
3.39266
3.47153
3.50319
3.36498
3.34551
3.2035
3.25664
3.23449
3.33279
3.46376
3.66153
3.40324
3.31536
3.37978
3.54719
3.56485
3.5427
3.54362
3.4885
3.4967
3.50306
3.62698
3.26369
3.65038
3.5464
3.3673
3.69463
3.55039
3.43488
3.44832
3.49601
3.50153
3.49203
3.38296
3.39628
3.47236
3.33392
3.28128
3.1108
3.13155
3.20228
3.16927
2.98452
2.93532
3.01687
3.08776
3.03181
3.00856
3.06762
3.13519
3.1281
3.17344
3.05108
3.11943
3.16528
3.30969
3.27959
3.02178
3.09974
3.02087
3.17323
3.03555
3.02233
3.0608
3.23176
3.24513
3.15719
3.14669
3.01302
3.01912
3.20156
2.98192
2.91975
3.08747
2.95185
3.14821
3.01547
3.21978
3.03592
2.98933
3.08722
3.2327
3.02312
3.0963
3.15507
3.137
3.08136
3.03242
3.03424
2.98276
3.05468
3.04807
3.11056
2.95461
3.02324
3.14021
3.06626
3.17581
2.98001
3.00753
3.05202
3.14203
3.08115
2.9745
2.89148
2.8304
2.80007
2.92999
3.03191
2.99451
2.82789
2.93938
2.83445
2.95084
2.87973
2.82617
2.80434
2.87243
2.96905
3.01882
2.87247
2.93208
3.0357
2.94109
3.05425
3.02332
2.9397
2.95876
3.07877
3.0134
3.099
3.13294
2.99962
3.25239
3.17492
3.12211
3.28166
3.26658
3.14015
3.21365
3.20654
3.24658
3.41558
3.36868
3.31898
3.24291
3.3119
3.26217
2.96893
3.27327
3.05166
3.13433
3.04346
3.21025
3.01844
2.93277
2.92913
2.82145
2.95995
2.92978
2.95724
3.0723
2.99619
3.05057
2.9704
2.97255
3.02204
3.07605
3.10057
2.96677
2.97436
2.98307
2.99892
3.13501
3.06697
3.19614
3.091
2.96574
3.05201
3.29874
2.93395
3.12837
3.08537
3.0626
3.07029
3.11315
3.15439
3.11091
3.25303
3.22355
3.12439
3.12494
3.18569
2.97978
3.13091
3.21099
3.10207
3.15392
3.30344
3.15045
3.12526
3.07705
3.18379
3.23246
3.1954
3.18227
3.13943
3.18496
3.29926
3.2269
3.26462
3.32948
3.24719
3.28412
3.2829
3.19226
3.37455
3.29945
2.9828
3.10844
3.02521
3.31592
3.41267
3.47343
3.31728
3.37346
3.0378
3.14562
3.03698
3.0921
3.06086
3.04593
3.24946
3.32353
3.16088
3.10659
3.23421
3.33034
3.24951
3.16282
3.18204
3.1976
3.16805
3.28381
3.18059
3.07136
3.02835
3.33837
3.09958
3.03577
3.2653
3.08885
3.062
3.09802
3.16804
3.03053
3.04573
3.1667
3.27638
3.04154
3.15402
3.3877
3.10726
3.08837
3.1314
3.1576
3.00491
3.17848
3.17914
3.06139
3.03059
2.97552
3.04838
3.14254
3.20192
3.08551
3.05459
2.94739
3.18004
3.05434
3.26681
2.96801
2.82126
3.115
3.0469
3.24272
3.11415
3.05832
3.05831
2.99193
3.19545
3.0054
3.13933
3.12569
3.15877
3.19253
3.39378
3.19702
3.35484
3.20107
2.99761
3.10882
3.32418
3.19501
3.31116
3.14049
3.38112
3.07226
3.2222
3.32461
3.04531
3.16118
3.03933
3.23761
3.15869
3.02226
3.1447
3.07373
3.23779
3.31511
3.20933
3.09047
3.19196
3.08638
3.04774
3.35696
3.17399
3.17726
3.05007
3.04708
3.12451
3.07516
3.15978
3.11759
2.93609
3.09209
3.11226
3.16431
3.06987
3.1311
3.01046
3.11415
3.41477
3.14209
3.07501
3.00208
2.98691
3.25824
3.18592
3.10059
3.16082
3.09172
3.20555
3.31346
3.22049
3.14765
3.04825
3.01287
3.30638
3.27389
3.13182
3.11931
3.16668
3.2186
3.31032
3.1572
3.17784
3.02217
3.04545
2.94695
2.99389
2.93988
2.91684
3.16153
3.13848
3.05022
3.04188
3.37196
3.10956
3.19863
3.33005
3.27132
3.08098
3.13932
3.04012
2.94207
2.96417
3.0108
2.97526
3.10629
3.28545
3.17394
3.5139
3.57902
3.48758
3.65016
3.44582
3.41594
3.53859
3.45292
3.52345
3.48235
3.51386
3.43577
3.57188
3.40582
3.14206
3.20474
3.26185
3.21917
3.11322
3.07827
3.17043
3.09402
3.14007
3.0573
3.13773
3.07364
3.18611
3.10761
2.98003
3.06069
2.98713
3.03618
3.33435
3.13995
3.2234
2.99659
2.93693
3.19419
3.05039
3.05625
2.99266
3.11301
3.01234
3.00466
3.3418
3.31781
3.00432
2.98856
3.07506
3.06265
3.33483
3.1801
3.06447
3.08694
3.12813
3.23491
3.0364
3.08912
3.15806
3.05299
3.02769
2.9461
3.13624
3.06605
3.12127
2.98535
3.03803
3.09274
2.9873
3.09362
3.07548
3.18022
3.36625
3.34348
3.14046
3.2818
3.17505
3.30919
3.17765
3.1116
3.30731
3.19237
3.15258
3.07906
3.07683
3.06614
3.22081
3.08471
2.94865
3.16459
2.94683
2.99877
2.88562
2.94838
2.907
2.94115
2.86972
2.7319
2.74613
2.71965
2.66777
2.8123
2.931
2.51037
2.76274
2.91354
2.81985
2.94372
2.84233
2.86131
2.71965
2.83155
2.7748
2.9376
2.89403
2.70448
2.64018
2.61566
2.56804
2.86417
2.74625
2.76939
2.69407
2.65667
2.63376
2.75644
2.96144
2.79775
2.70328
2.79835
2.71526
2.76215
2.73273
2.63802
2.77969
2.62439
2.77661
2.70035
2.65295
2.61657
2.57186
2.53871
2.56241
2.47767
2.4673
2.66312
2.51186
2.47963
2.6883
2.55759
2.45111
2.56582
2.52065
2.47261
2.64731
2.50552
2.54011
2.49057
2.50653
2.54416
2.39682
2.36294
2.51241
2.47863
2.53928
2.50847
2.47136
2.55317
2.54393
2.52401
2.44198
2.44567
2.45912
2.65962
2.55727
2.57629
2.55322
2.71866
2.59405
2.6037
2.68058
2.61791
2.54633
2.51377
2.54691
2.55176
2.4509
2.44134
2.61554
2.58428
2.43673
2.40866
2.53681
2.43658
2.38649
2.63796
2.53015
2.55809
2.45878
2.49264
2.44259
2.41215
2.43714
2.48607
2.54301
2.50055
2.51808
2.4732
2.44711
2.47607
2.38708
2.50426
2.37938
2.34501
2.35008
2.32492
2.30646
2.32588
2.38177
2.40648
2.42105
2.4017
2.42752
2.2921
2.32536
2.31681
2.26092
2.25427
2.30037
2.2909
2.20725
2.26539
2.11899
2.1661
2.17323
2.19819
2.2044
2.2227
2.22653
2.19959
2.17082
2.11031
2.14448
2.17082
2.14538
2.17384
2.09645
2.2371
2.14364
2.20514
2.22021
2.12269
2.271
2.15188
2.1414
2.14554
2.06745
2.08032
2.17275
2.17011
2.14929
2.08497
2.13219
2.20854
2.08448
2.1226
2.07345
2.12086
2.12946
2.12633
2.1097
2.08175
2.14419
2.16163
2.09696
2.11522
2.25671
2.14218
2.22578
2.20365
2.16761
2.43807
2.14602
2.22297
2.15705
2.20054
2.10386
2.13374
2.16577
2.11775
2.19788
2.16795
2.0484
2.06543
2.02268
2.1476
2.07786
2.05511
2.17961
2.24245
2.32316
2.19677
2.2146
2.0904
2.19919
2.22591
2.18676
2.0815
2.29522
2.3047
2.24665
2.28701
2.29768
2.29109
2.29258
2.32785
2.37084
2.17182
2.13535
2.26864
2.36364
2.2583
2.2499
2.15001
2.17996
2.25894
2.37055
2.24191
2.24055
2.21916
2.18399
2.17047
2.12155
2.00399
2.11335
2.13516
2.01002
2.04189
2.11028
2.08182
2.12352
2.24106
2.18342
2.0801
2.08533
2.03735
2.11408
2.16248
2.08947
2.03994
2.07364
2.0735
2.1116
2.15911
2.03064
2.13244
2.14698
2.13363
2.11023
2.12738
2.05298
2.06712
2.04027
2.06646
1.98391
1.99456
2.01026
1.93182
2.01618
2.02574
1.95096
2.01968
2.00231
2.04359
2.05411
2.0319
2.01569
2.11732
2.06923
2.08866
2.01018
2.01092
1.93467
1.97542
2.01636
1.93701
1.97964
1.93161
1.78281
1.84663
1.96336
1.98159
1.80896
1.76668
1.71681
1.59961
1.55744
1.5339
1.53967
1.55165
1.61506
1.62164
1.58929
1.63015
1.62821
1.79688
1.85617
2.07902
2.28283
2.25134
2.27491
2.12112
2.0993
1.92373
1.68981
1.78408
1.76812
1.7109
1.61596
1.58663
1.67444
1.66814
1.71269
1.63097
1.601
1.61497
1.73722
1.7527
1.60017
1.59262
1.63048
1.58336
1.58485
1.63009
1.627
1.53063
1.59445
1.55628
1.56707
1.57628
1.59894
1.55807
1.57579
1.60965
1.5981
1.51245
1.50363
1.5207
1.52824
1.53994
1.56065
1.52471
1.46567
1.54881
1.50336
1.40292
1.4847
1.49261
1.47493
1.44986
1.45911
1.48384
1.48
1.43208
1.38685
1.35158
1.42831
1.57708
1.45348
1.46444
1.45961
1.42253
1.51221
1.51034
1.4457
1.47437
1.44857
1.44102
1.43319
1.47596
1.49399
1.45035
1.45439
1.40026
1.3857
1.43878
1.42038
1.41127
1.43154
1.44998
1.45134
1.39704
1.39645
1.40189
1.44393
1.48103
1.50449
1.48793
1.48788
1.48007
1.42178
1.39629
1.48724
1.41936
1.36233
1.41912
1.45211
1.38014
1.37956
1.37054
1.40951
1.44761
1.38625
1.40217
1.47001
1.38329
1.42694
1.40692
1.44301
1.47352
1.47428
1.45562
1.43852
1.42228
1.44186
1.40613
1.45178
1.40464
1.45617
1.40473
1.4573
1.46181
1.42326
1.44026
1.43448
1.38278
1.41149
1.39191
1.35787
1.37266
1.37447
1.33714
1.39546
1.3473
1.33673
1.33841
1.35402
1.39438
1.33408
1.25027
1.26895
1.32189
1.35141
1.3307
1.26251
1.2601
1.25978
1.27229
1.24674
1.27532
1.32397
1.34818
1.27136
1.26206
1.29739
1.29058
1.33752
1.23563
1.3918
1.44542
1.4047
1.52754
1.44762
1.4705
1.41931
1.32531
1.41187
1.38039
1.39329
1.6063
1.5214
1.55902
1.76611
1.60189
1.55899
1.47426
1.45761
1.39973
1.52346
1.28925
1.33644
1.35253
1.32016
1.32545
1.32966
1.36888
1.33988
1.28639
1.23545
1.39139
1.38066
1.38141
1.3593
1.38003
1.30997
1.4737
1.30894
1.32155
1.27693
1.29881
1.27078
1.24633
1.258
1.32688
1.26887
1.30449
1.31796
1.27986
1.2824
1.24671
1.29004
1.31817
1.29992
1.31747
1.32734
1.2756
1.26787
1.28711
1.33862
1.34824
1.21404
1.17041
1.20203
1.27739
1.27672
1.29417
1.21856
1.14159
1.19681
1.25758
1.27892
1.26137
1.25446
1.26643
1.27364
1.29969
1.28508
1.27069
1.30526
1.28884
1.24259
1.25854
1.19558
1.10936
1.15668
1.17379
1.18378
1.18402
1.20966
1.20631
1.20304
1.17423
1.11499
1.14491
1.22607
1.31288
1.20219
1.21073
1.14916
1.09459
1.07476
1.1111
1.06851
1.09154
1.08524
1.05396
1.04805
1.10242
1.06783
1.10078
1.07475
1.07178
1.09844
1.15877
1.12309
1.12876
1.09224
1.0808
1.10473
1.07881
1.07077
1.06969
1.06232
1.13161
1.12209
1.15617
1.12831
1.08316
1.08914
1.07514
1.09329
1.1127
1.17575
1.19537
1.15819
1.14672
1.1548
1.20472
1.20018
1.22304
1.15698
1.10848
1.16769
1.15677
1.11481
1.16818
1.15223
1.10823
1.12371
1.14592
1.15308
1.20915
1.16517
1.19151
1.17349
1.13706
1.16767
1.15471
1.1686
1.22515
1.21651
1.24069
1.19414
1.21399
1.19398
1.20095
1.23016
1.19703
1.17911
1.13491
1.15098
1.1556
1.16912
1.1813
1.13682
1.17637
1.15164
1.13981
1.16798
1.19508
1.19337
1.19161
1.17596
1.22206
1.24178
1.27367
1.23648
1.2268
1.23764
1.22476
1.2617
1.24932
1.17868
1.25016
1.20367
1.28792
1.26037
1.21858
1.18518
1.17406
1.20681
1.20699
1.19327
1.16382
1.19777
1.18518
1.18861
1.19175
1.13374
1.15417
1.23145
1.21029
1.19883
1.19131
1.2048
1.15798
1.24515
1.28671
1.22342
1.18462
1.18627
1.14439
1.17256
1.16815
1.18207
1.18032
1.19813
1.24984
1.19007
1.22394
1.22213
1.24623
1.26297
1.28648
1.28797
1.27853
1.28154
1.30458
1.29893
1.23768
1.28234
1.26633
1.29301
1.31337
1.29694
1.31237
1.28521
1.27961
1.29256
1.28421
1.26765
1.3237
1.3347
1.30822
1.34094
1.3071
1.37987
1.36185
1.39554
1.40822
1.39639
1.41496
1.42273
1.45168
1.40458
1.41869
1.41337
1.45124
1.44559
1.50452
1.44608
1.51578
1.44215
1.51905
1.49999
1.48434
1.51458
1.50312
1.51814
1.55958
1.55718
1.53508
1.6151
1.60906
1.58643
1.61862
1.58807
1.59893
1.65699
1.72203
1.82843
1.84481
1.88844
1.85499
1.92151
1.84986
1.852
1.9361
1.92362
1.93501
2.00709
1.91327
1.89906
1.92989
1.89269
1.89868
1.97174
1.95104
1.92143
1.93416
1.86833
1.91007
1.95317
1.94211
1.9659
1.88697
1.88021
1.79855
2.01488
2.02149
2.03525
2.12569
2.07552
2.16638
2.06751
1.96494
1.94739
1.86843
1.63694
1.72806
1.63289
1.65958
1.62528
1.64047
1.55978
1.74743
1.98411
2.14982
1.89979
1.95273
1.94031
1.96073
2.06971
2.06603
2.05958
2.02902
1.97124
2.05472
2.04126
2.08964
2.21642
2.11347
2.04316
2.09756
2.12224
2.03528
2.153
2.10622
2.03851
2.07798
1.98575
1.98152
2.13096
2.18149
2.19191
2.14476
2.10757
2.13774
2.27211
2.282
2.32163
2.28432
2.42585
2.39293
2.44267
2.46897
2.37416
2.37996
2.56958
2.51436
2.55668
2.54329
2.52669
2.53708
2.51735
2.45625
2.40062
2.54674
2.43174
2.47995
2.4608
2.43236
2.41238
2.47515
2.44573
2.50092
2.44649
2.42256
2.51375
2.62636
2.64181
2.6441
2.62172
2.656
2.57595
2.54178
2.57465
2.64786
2.65931
2.46512
2.6069
2.80443
2.69767
2.69549
2.5705
2.59778
2.58612
2.58646
2.45368
2.62843
2.51195
2.67391
2.58597
2.57653
2.51394
2.56889
2.57842
2.61676
2.49781
2.64972
2.57801
2.43444
2.43076
2.61004
2.39219
2.53774
2.53845
2.45199
2.53479
2.67676
2.55056
2.49685
2.45229
2.46432
2.61742
2.64108
2.53086
2.57609
2.52075
2.61645
2.9883
2.55017
2.64901
2.62135
2.68456
2.73342
2.65588
2.53248
2.64668
2.89245
2.54693
2.43282
2.57383
2.88467
3.08878
2.59241
2.68805
2.57339
2.65721
2.65298
2.62824
2.67028
2.74562
2.64734
2.6851
2.79968
2.67624
2.61829
2.62032
2.60308
2.51219
2.76211
2.58645
2.68593
2.72661
2.81827
2.72593
2.70439
2.76719
2.77808
2.76785
2.73069
2.59868
2.6851
2.7436
2.70071
2.82975
2.7291
2.69365
2.76923
2.74989
2.87537
2.64511
2.84471
2.6916
2.75952
2.74935
2.90199
2.82616
2.75091
2.87276
3.0374
3.06447
3.11683
3.11126
3.02144
2.79694
2.83426
2.70431
2.83378
2.71755
2.58364
2.69076
2.76429
2.65768
2.68791
2.67248
2.7148
2.76386
2.90403
2.78601
2.69567
2.75984
2.67579
2.79389
2.70683
2.80699
2.68716
2.87854
2.83552
2.8848
2.67064
2.63944
2.64392
2.61492
2.67463
2.77459
2.77114
2.75732
2.60466
2.78294
2.73861
2.77713
2.61424
2.54687
2.60111
2.76292
2.75776
2.61931
2.70175
2.78383
2.77238
2.71976
2.72217
2.55358
2.68247
2.47874
2.76033
2.79065
2.77357
2.64756
2.79508
2.8174
2.69768
2.61073
2.68662
2.72327
2.69267
2.71488
2.73998
2.70348
2.74555
2.73813
2.62926
2.69816
2.92263
2.79456
2.72395
2.61964
2.77665
2.68971
2.65351
2.75777
2.81076
2.5896
2.74642
2.95783
2.86381
2.90329
2.87959
2.78203
2.85641
2.67368
2.74516
2.6947
2.60772
2.73881
2.72669
2.73728
2.85242
2.83486
2.78081
2.75408
2.84077
2.78524
2.6934
2.83863
2.82684
2.65796
2.68172
2.89726
2.78327
2.83639
2.86144
2.8869
2.90772
2.81182
2.788
2.76886
2.88075
2.71089
2.58506
2.60759
2.85157
2.72571
2.81999
2.74324
2.76222
2.9361
2.84689
2.76612
2.64695
2.87764
2.95184
2.7782
2.78743
2.72242
2.81669
2.92287
2.86079
2.85129
2.87863
2.71861
2.75952
2.75668
2.95287
2.61388
2.66226
2.63636
2.52316
2.549
2.67449
2.55235
2.55273
2.54406
2.42443
2.55522
2.45797
2.54677
2.52753
2.41777
2.48031
2.48435
2.44257
2.37451
2.63561
2.55379
2.38898
2.54275
2.55133
2.47377
2.63081
2.59697
2.59664
2.59856
2.59584
2.64906
2.55257
2.64729
2.5762
2.58177
2.63889
2.66992
2.62593
2.6221
2.74224
2.72292
2.83943
2.72011
2.68718
2.68283
2.66501
2.73486
2.67153
2.71913
2.71865
2.71237
2.71066
2.77556
2.74973
2.63784
2.63948
2.69736
2.76857
2.85449
2.87067
2.73224
2.73665
2.8385
2.82513
2.87018
2.78703
2.68432
2.78882
2.89003
2.78928
2.9062
3.02498
3.15157
2.93427
2.96882
3.17135
3.22123
3.02825
3.06509
3.14221
3.00943
3.09321
3.3243
3.11336
3.10088
3.33218
3.23814
3.04556
3.13138
3.03768
2.9144
2.93315
3.0421
2.9409
2.83193
2.6629
2.94716
2.88815
2.97582
3.03497
3.11611
3.19128
3.08695
3.10403
3.00159
2.99257
2.98675
2.97192
2.95676
3.11561
3.04183
3.10996
3.15867
3.17829
3.10314
3.15567
3.06254
3.02255
3.18918
3.32716
3.03976
3.02021
3.04845
3.21728
3.18804
3.33844
3.21236
3.47215
3.2408
3.31501
3.3671
3.2936
3.39977
3.49159
3.49719
3.33718
3.36387
3.43526
3.43971
3.16012
3.02975
2.7846
2.88557
2.94748
2.83976
2.8211
2.96327
2.94897
2.72867
2.98331
3.07577
3.03891
3.17027
3.12206
3.15914
3.09678
2.93532
2.91731
3.07586
2.96209
3.01231
2.7578
3.02722
3.15973
3.02549
3.01729
3.06315
2.96914
3.04642
3.0653
2.94353
3.05292
3.01702
2.99118
2.93329
3.01056
2.88727
2.94743
2.96867
2.96308
2.77494
2.99825
3.01982
2.99151
3.08849
3.19688
3.17047
2.93293
3.03305
3.04026
3.11252
3.12651
3.01749
3.02956
3.059
3.06155
2.97169
2.901
2.94115
2.91603
2.98482
2.81719
2.82831
2.88141
2.93209
2.98592
3.02734
2.89403
2.98838
3.01501
3.01736
2.95257
2.89409
3.00726
2.98109
2.83281
2.94076
2.81947
2.79904
2.97152
3.16454
3.08439
2.9671
2.97488
2.97949
2.93813
3.25449
3.05786
3.04105
3.03917
3.08674
3.07313
3.07955
3.03114
3.0929
3.05581
2.94306
3.0138
3.05269
3.06986
3.09401
3.07483
3.14356
3.22387
3.11474
3.00564
3.14677
3.22769
3.30527
3.35009
3.35088
3.33627
3.40979
3.46704
3.23571
3.36877
3.31815
3.4174
3.30556
3.34156
3.49133
3.41139
3.39927
3.58837
3.47436
3.72444
3.56616
3.56755
3.60876
3.59968
3.70071
3.61133
3.48151
3.57972
3.71539
3.79372
3.86684
3.73105
3.86564
3.87552
3.74615
3.88266
3.86353
3.98554
3.91294
3.68169
3.73605
3.67358
3.76084
3.57863
3.67683
3.53479
3.73594
3.56491
3.53676
3.45066
3.63673
3.59215
3.80048
3.66301
3.87389
3.64349
3.88608
3.78857
3.71233
3.76687
3.73236
3.68436
3.76235
3.76091
3.95982
3.92865
3.98754
4.04499
3.82287
3.89141
3.57353
3.73191
3.76842
3.64757
3.64034
3.58734
3.65544
3.83496
3.48975
3.52797
3.34672
3.80685
3.36282
3.3358
3.47125
3.65926
3.87766
3.6617
3.79688
3.85449
3.6042
3.96058
3.57135
3.6575
3.45499
3.66336
3.52532
3.55638
3.51566
3.43178
3.33093
3.43425
3.39993
3.23978
3.28782
3.35483
3.68669
3.53589
3.5419
3.66577
3.40134
3.49982
3.31073
3.34556
3.3716
3.37534
3.34674
3.3005
3.27465
3.41149
3.20142
3.32584
3.47561
3.35803
3.31596
3.43401
3.43926
3.25437
3.09696
3.27087
3.36226
3.21066
3.07529
3.25113
3.29024
3.09539
2.98088
3.28761
2.98888
3.22159
2.9982
3.42676
3.37197
3.46354
3.42831
3.48454
3.5363
3.56255
3.50176
3.41469
3.4504
3.4775
3.39276
3.28007
3.55484
3.5617
3.20438
3.11479
3.11047
3.26787
3.24083
3.12727
3.10667
3.31793
2.98037
3.33039
3.10523
3.33652
3.40784
3.34919
3.22749
3.1956
3.11874
3.38875
3.2977
2.99863
3.15889
3.03701
3.11024
3.08255
3.11657
3.00502
2.99577
2.85771
2.8343
2.972
2.92827
2.94567
3.14189
3.02271
2.9453
2.92981
3.00945
2.92637
2.91757
2.8093
2.96153
2.88097
2.88161
2.81562
2.71946
2.77242
2.7317
2.61298
2.67037
2.77977
2.75219
2.82387
2.74817
2.77297
2.68478
2.59733
2.65423
2.55914
2.46331
2.47264
2.55014
2.50903
2.6311
2.63706
2.59455
2.58489
2.58452
2.78822
2.58869
2.59483
2.59341
2.67998
2.67936
2.75859
2.61279
2.62192
2.46636
2.49089
2.41035
2.39615
2.55357
2.48996
2.76924
2.62626
2.57113
2.73761
2.62831
2.68627
2.73286
2.66553
2.74759
2.53598
2.78549
2.67058
2.63488
2.61349
2.73426
2.68506
2.61568
2.7783
2.62174
2.6418
2.66311
2.54696
2.40456
2.30778
2.3017
2.37046
2.46227
2.45237
2.3434
2.4322
2.32754
2.33313
2.28824
2.36192
2.28844
2.37798
2.38871
2.34682
2.30966
2.36074
2.27244
2.26941
2.32221
2.36663
2.39182
2.34465
2.29701
2.32193
2.44051
2.36756
2.33598
2.40254
2.44509
2.45669
2.47498
2.56937
2.51884
2.35602
2.2563
2.34061
2.45354
2.42296
2.50364
2.31629
2.31459
2.33975
2.55894
2.47999
2.4854
2.35045
2.49844
2.64335
2.75481
2.46006
2.54945
2.62177
2.54595
2.62425
2.55425
2.7114
2.57575
2.51251
2.38054
2.34055
2.55863
2.64061
2.336
2.4344
2.3999
2.36731
2.33941
2.37733
2.43224
2.56991
2.51012
2.48405
2.64012
2.53449
2.52587
2.56809
2.52593
2.61493
2.61393
2.73425
2.72928
2.66132
2.68643
2.72635
2.93422
2.93929
2.94774
3.05928
3.07611
3.1417
3.08149
3.0538
3.2911
2.9727
3.21723
3.0076
3.11954
2.87229
2.82731
2.74735
2.71038
2.83629
2.7067
2.71865
2.77866
2.80864
2.81215
2.74649
2.72798
2.65345
2.82777
2.94598
2.9574
2.88201
3.07852
3.11863
2.9975
2.8669
3.07918
2.84445
2.82383
2.94197
2.91933
2.79557
2.80422
2.69374
2.88036
2.84256
2.78455
2.88046
2.69949
2.65705
2.61829
2.62313
2.67765
2.62806
2.61326
2.58086
2.55212
2.62844
2.66907
2.70917
2.63613
2.68248
2.76075
2.82243
2.65265
2.86366
2.86144
2.59435
2.77344
2.78278
2.81307
2.71189
2.82433
2.86987
2.62934
2.93068
2.75276
2.71324
2.7343
2.80501
2.7312
2.88401
2.8156
2.6983
2.87905
2.87547
2.68764
2.5917
2.65749
2.45184
2.4796
2.40915
2.41602
2.59783
2.4434
2.55648
2.52845
2.4849
2.54449
2.46935
2.41963
2.36683
2.42826
2.39139
2.5047
2.47774
2.54638
2.52705
2.57716
2.59637
2.40902
2.46901
2.33031
2.32096
2.52321
2.52728
2.45636
2.40162
2.38032
2.45198
2.39743
2.3645
2.38337
2.5657
2.37301
2.40888
2.48125
2.49267
2.38693
2.44993
2.46453
2.37712
2.25666
2.44717
2.41451
2.28069
2.0937
2.13448
2.21697
2.40761
2.29768
2.20911
2.19767
2.32123
2.37689
2.34758
2.33467
2.28913
2.23051
2.14861
2.17166
2.38006
2.39631
2.42393
2.30582
2.23689
2.3222
2.48376
2.52989
2.17439
2.23017
2.11935
2.2155
2.23323
2.20554
2.14139
2.27463
2.27815
2.43893
2.53958
2.2669
2.4542
2.18242
2.2698
2.23372
2.20178
2.33462
2.19673
2.18134
2.18675
2.13673
2.10561
2.19587
2.20645
2.20066
2.17164
2.22965
2.21217
2.23939
2.16013
2.21953
2.24039
2.29242
2.22578
2.27128
2.16669
2.21214
2.20576
2.15017
2.17179
2.28797
2.2141
2.20548
2.1857
2.12767
2.15274
2.30869
2.23229
2.1399
2.15313
2.29869
2.30795
2.28961
2.21568
2.24552
2.26026
2.24703
2.25169
2.23904
2.28338
2.27321
2.15356
2.22162
2.21905
2.279
2.38199
2.37912
2.18129
2.29633
2.30944
2.33273
2.34223
2.32732
2.26843
2.33075
2.35171
2.30473
2.41206
2.34375
2.42045
2.30857
2.37458
2.34653
2.22432
2.23918
2.22307
2.15051
2.11099
2.05071
2.12095
2.10752
2.11125
2.11782
2.15175
2.08864
2.04707
2.08308
2.20457
2.13602
2.13893
2.18276
2.15655
2.03582
2.10483
2.07172
2.0242
2.12321
2.0469
2.07554
2.01812
1.97164
2.05451
1.97719
1.86462
1.96702
1.77624
1.68639
1.85219
2.09536
2.04359
2.03168
2.05421
1.92099
2.02835
1.84769
1.78316
1.89459
1.83863
1.80095
1.87729
1.86419
1.81625
1.8129
1.81812
1.7938
1.70026
1.74005
1.71846
1.7668
1.7263
1.74796
1.66808
1.74885
1.73453
1.71698
1.71468
1.70802
1.79926
1.74917
1.7461
1.82856
1.75114
1.77128
1.80027
1.85562
1.74603
1.79876
1.73815
1.73012
1.73697
1.83938
1.74586
1.81087
1.73892
1.76155
1.80832
1.80389
1.84042
1.84295
1.85834
1.78961
1.77503
1.80053
1.80783
1.79642
1.77725
1.76923
1.76915
1.68926
1.71205
1.63579
1.69112
1.7087
1.68991
1.63145
1.69125
1.68122
1.67037
1.65356
1.68926
1.6801
1.73374
1.69395
1.69506
1.63551
1.61107
1.61384
1.57936
1.62747
1.62492
1.5943
1.56296
1.55395
1.63596
1.5547
1.59897
1.66421
1.55537
1.56611
1.53321
1.5661
1.57701
1.61944
1.6259
1.67118
1.60065
1.54589
1.56038
1.57513
1.5713
1.55435
1.54382
1.57647
1.55261
1.56426
1.53404
1.54499
1.53071
1.55134
1.47918
1.49655
1.56548
1.54811
1.44988
1.46356
1.49432
1.50946
1.4873
1.45222
1.49262
1.52241
1.4557
1.48853
1.50413
1.56584
1.63303
1.5916
1.66518
1.62203
1.59236
1.69931
1.67707
1.6642
1.69266
1.5997
1.53918
1.55396
1.43833
1.53009
1.50238
1.50033
1.41131
1.39971
1.4632
1.34478
1.40664
1.37524
1.38425
1.38349
1.44009
1.44073
1.48634
1.4569
1.46461
1.46696
1.4463
1.38693
1.41973
1.41665
1.37005
1.47537
1.42589
1.46079
1.39691
1.48207
1.45454
1.43258
1.4571
1.41724
1.45962
1.41484
1.41064
1.4404
1.40921
1.46446
1.4143
1.41352
1.32076
1.34323
1.36796
1.36387
1.32263
1.31591
1.33693
1.33013
1.31382
1.29648
1.30251
1.33643
1.31073
1.30827
1.29351
1.23337
1.22452
1.25829
1.27236
1.23663
1.20055
1.23999
1.22751
1.23526
1.2425
1.22742
1.27945
1.28527
1.25107
1.23027
1.23715
1.24689
1.30911
1.21591
1.19747
1.21354
1.21299
1.29778
1.2041
1.24273
1.24822
1.23228
1.23876
1.19345
1.20315
1.21221
1.24443
1.22924
1.29383
1.3412
1.31633
1.33388
1.34948
1.32818
1.27371
1.16839
1.21071
1.32086
1.38626
1.35485
1.31403
1.25902
1.31062
1.32065
1.32997
1.27244
1.28045
1.31676
1.46059
1.37382
1.267
1.23406
1.23402
1.282
1.16425
1.13942
1.10646
1.16927
1.13214
1.12997
1.16216
1.19977
1.22473
1.19691
1.18217
1.17628
1.10087
1.1883
1.20306
1.19038
1.16739
1.21813
1.20943
1.22866
1.17086
1.16349
1.12678
1.19288
1.1444
1.21277
1.18462
1.21002
1.28035
1.1296
1.0912
1.1053
1.07899
1.07716
1.04568
1.05033
1.02917
0.99879
1.06255
1.08894
1.11803
1.08394
1.10467
1.16544
1.14259
1.0922
1.12635
1.15659
1.15269
1.19447
1.16335
1.1575
1.15772
1.13441
1.13613
1.15721
1.1635
1.10626
1.07842
1.09451
1.12202
1.0936
1.08153
1.19648
1.18046
1.20608
1.1851
1.13817
1.10623
1.09788
1.07195
1.03834
1.09389
1.07872
1.12608
1.10276
1.15064
1.11294
1.09205
1.07161
1.08869
1.10408
1.14717
1.12772
1.12235
1.13256
1.20758
1.2739
1.22156
1.27934
1.21457
1.23787
1.23317
1.2247
1.24182
1.22522
1.29017
1.2098
1.24552
1.30021
1.2952
1.1989
1.23255
1.25991
1.23002
1.19631
1.1797
1.20254
1.20623
1.26853
1.29964
1.3259
1.24578
1.34352
1.26454
1.26686
1.25024
1.22412
1.23786
1.28488
1.31346
1.34277
1.3078
1.35827
1.38761
1.3842
1.36031
1.42833
1.45162
1.4892
1.50812
1.45128
1.46627
1.55953
1.4925
1.41115
1.41219
1.48563
1.49794
1.49354
1.57645
1.52974
1.58018
1.56247
1.58039
1.67986
1.43363
1.58985
1.60894
1.36526
1.47311
1.61067
1.45906
1.38565
1.43619
1.42604
1.38608
1.43422
1.49827
1.50704
1.58613
1.51389
1.57311
1.71996
1.60614
1.55003
1.55117
1.61081
1.58022
1.63618
1.58329
1.64401
1.98892
1.95095
2.01259
1.97201
2.05954
2.11755
2.1078
2.14358
1.71893
1.75623
1.76739
1.85721
1.81744
1.785
1.84365
2.1634
2.15358
2.02483
2.25736
2.1118
2.12826
1.95463
1.98891
2.03695
2.21377
2.26045
2.10455
2.10891
2.17958
2.03099
2.05502
2.01787
2.01585
2.10991
1.92704
1.97112
2.14729
2.10061
2.19267
2.23906
2.14487
2.12118
2.20089
2.1318
2.07511
2.03104
2.08426
2.16274
2.06221
2.16751
1.97158
1.92037
1.8948
1.91591
1.92548
1.87388
1.84237
1.88017
1.93507
1.96122
1.88281
1.87152
1.74826
1.78673
1.80559
1.82133
1.79051
1.92421
1.85809
1.84422
1.84992
1.8493
1.71553
1.74721
1.75698
1.69132
1.72396
1.81519
1.83272
1.83808
1.80693
1.82183
1.89355
1.82407
1.91932
1.82565
1.785
1.74651
1.72474
1.88571
1.89495
1.94417
2.04056
1.8272
1.85297
1.84453
1.76771
1.87917
1.81353
1.86575
1.92596
1.81267
1.82227
1.92838
1.81252
1.81916
1.90452
1.82032
1.8499
1.78551
1.8373
1.77271
1.75564
1.71555
1.72966
1.77342
1.76491
1.83433
1.79861
1.67225
1.76043
1.77536
1.81071
1.7516
1.67235
1.66144
1.72293
1.77439
1.79601
1.68799
1.83773
1.80462
1.73806
1.73486
1.6701
1.69625
1.6503
1.76472
1.80121
1.69023
1.72429
1.79566
1.76986
1.72626
1.72939
1.80923
1.85781
1.89569
1.96054
1.99936
2.14655
2.14675
1.92662
1.91857
1.94335
1.98449
2.03062
2.06985
2.01283
1.86485
2.06411
1.83656
1.95254
1.78696
2.12671
2.04672
2.11818
1.9483
2.12118
2.15665
1.99246
1.86381
1.8051
1.9856
1.88731
1.84237
1.96578
1.94229
1.85122
1.84993
1.94382
2.01911
1.9657
1.96888
2.0252
1.99719
2.02829
2.02235
2.02232
1.96105
1.92144
2.00001
1.9912
1.92354
1.83394
1.892
1.96481
1.85537
1.79741
1.9672
1.87449
1.8274
1.91628
1.76968
1.91856
1.85656
2.01142
1.96054
1.93181
1.97578
1.79827
1.92457
1.92128
1.88058
1.89957
1.76052
1.73372
1.74731
1.7827
1.76756
1.74869
1.75286
1.8839
1.81769
2.01905
2.07557
1.98129
2.10443
2.15798
2.11594
2.09175
1.92112
1.84704
1.85145
1.92746
1.87415
1.9146
1.92778
1.88673
1.89683
1.84111
1.88168
1.89141
1.88094
1.83825
1.85142
1.92843
1.8658
1.81976
1.86112
1.79836
1.80396
1.8316
1.79835
1.89236
1.85925
2.06624
2.12778
1.98552
2.1547
2.0524
2.01807
1.99953
2.13997
2.02765
2.07172
2.00819
1.88029
1.9527
2.01923
2.0144
1.94607
1.93449
1.95589
1.89212
1.96613
1.91297
1.96432
1.79783
1.74775
1.75689
1.7674
1.7691
1.78769
1.67556
1.67324
1.75106
1.66892
1.7069
1.62384
1.7441
1.69893
1.7013
1.6889
1.74001
1.6437
1.75257
1.60944
1.6678
1.7305
1.67244
1.62821
1.57216
1.55091
1.45839
1.49564
1.57016
1.63673
1.56941
1.48005
1.56297
1.4947
1.57456
1.61547
1.72064
1.63814
1.65052
1.6812
1.6968
1.70909
1.81552
1.74537
1.78466
1.77257
1.82145
1.7664
1.92384
1.92435
1.91155
1.84027
1.93465
1.80216
1.75801
1.72022
1.67678
1.69432
1.63333
1.65827
1.70678
1.71229
1.69836
1.77553
1.73977
1.65849
1.64974
1.75838
1.7326
1.64413
1.61842
1.63671
1.56441
1.544
1.59065
1.57196
1.54521
1.51038
1.53867
1.49333
1.52742
1.59302
1.58326
1.47748
1.45397
1.35638
1.40098
1.37053
1.40342
1.39801
1.39894
1.36228
1.36367
1.34137
1.42394
1.40493
1.40277
1.3645
1.34263
1.3248
1.39971
1.33088
1.30625
1.29836
1.34332
1.3045
1.33675
1.30067
1.32192
1.53002
1.59345
1.3964
1.36808
1.52441
1.54697
1.46599
1.45155
1.42982
1.47888
1.4484
1.38272
1.43215
1.46403
1.45449
1.29583
1.31445
1.36508
1.35337
1.34724
1.39149
1.33798
1.28071
1.34058
1.33357
1.32865
1.34417
1.3255
1.30617
1.28356
1.32573
1.30829
1.31703
1.31241
1.32877
1.30098
1.32644
1.27592
1.3413
1.31214
1.2742
1.30471
1.27645
1.29998
1.30159
1.26156
1.28404
1.21548
1.20147
1.21468
1.29436
1.27886
1.31603
1.31116
1.36241
1.33936
1.4035
1.43215
1.38297
1.45204
1.44475
1.40395
1.42626
1.40519
1.40381
1.34059
1.40932
1.36817
1.40529
1.50278
1.40484
1.33506
1.34081
1.49583
1.52245
1.34597
1.43288
1.37858
1.32739
1.23671
1.27615
1.24553
1.25981
1.27383
1.24398
1.21962
1.18254
1.32203
1.22277
1.241
1.22277
1.24293
1.25131
1.23721
1.24508
1.32653
1.20909
1.19405
1.22499
1.22658
1.17114
1.20084
1.18941
1.25555
1.22939
1.19394
1.22917
1.19855
1.27626
1.26375
1.21728
1.21106
1.21335
1.23858
1.20272
1.19776
1.15211
1.21703
1.23568
1.2239
1.20677
1.15929
1.19887
1.19606
1.16262
1.14051
1.1877
1.20019
1.2053
1.21319
1.13762
1.08746
1.11115
1.14872
1.17087
1.16403
1.11799
1.10571
1.1442
1.18001
1.23565
1.21029
1.21788
1.22905
1.1902
1.19287
1.17649
1.20294
1.16627
1.18975
1.19731
1.19773
1.20803
1.1965
1.14302
1.14108
1.1914
1.23449
1.27481
1.25151
1.229
1.20662
1.20764
1.1794
1.21687
1.23155
1.257
1.21175
1.23267
1.2858
1.30689
1.30978
1.28484
1.26395
1.31975
1.32921
1.32566
1.32703
1.32041
1.28806
1.3566
1.3208
1.29345
1.29179
1.28169
1.255
1.21433
1.20292
1.20547
1.21114
1.20766
1.22199
1.25428
1.27622
1.27408
1.25658
1.27085
1.25497
1.27277
1.32259
1.30865
1.28666
1.2919
1.27165
1.28647
1.30191
1.30052
1.27921
1.27591
1.30377
1.30028
1.3143
1.31049
1.27046
1.28723
1.26795
1.25248
1.24175
1.22477
1.22934
1.22426
1.19651
1.21497
1.22777
1.19427
1.21187
1.17211
1.2214
1.21959
1.18812
1.21913
1.20297
1.24778
1.21199
1.18638
1.25365
1.21502
1.21072
1.17592
1.19315
1.17577
1.17016
1.16375
1.13726
1.13282
1.12028
1.10881
1.11384
1.10854
1.11074
1.10479
1.12042
1.10441
1.12978
1.13644
1.10568
1.13822
1.14839
1.11509
1.10073
1.11459
1.12861
1.12722
1.10555
1.12499
1.13513
1.11098
1.11998
1.16917
1.14876
1.11778
1.12535
1.12189
1.12822
1.17989
1.16629
1.0866
1.07521
1.1277
1.14868
1.11639
1.10031
1.10723
1.09578
1.07991
1.0627
1.08807
1.09681
1.12188
1.08564
1.06217
1.08128
1.0508
1.1066
1.10117
1.07312
1.04139
1.04883
1.02936
1.10144
1.13292
1.10208
1.10966
1.11854
1.15175
1.18918
1.14686
1.16343
1.15141
1.11258
1.11555
1.12796
1.08347
1.09701
1.07365
1.08199
1.07122
1.06386
1.08375
1.09092
1.09445
1.10308
1.09499
1.09081
1.07697
1.08813
1.07686
1.0593
1.04686
1.07708
1.07294
1.09713
1.07772
1.07626
1.08675
1.12049
1.11045
1.11637
1.14681
1.1019
1.12945
1.10808
1.14757
1.15474
1.14639
1.16386
1.15279
1.11406
1.13626
1.16548
1.18201
1.16961
1.16931
1.19301
1.20584
1.21035
1.14942
1.18584
1.1952
1.18645
1.15945
1.16544
1.1521
1.22301
1.22419
1.17673
1.22682
1.18575
1.18901
1.19401
1.17722
1.18651
1.22187
1.28036
1.21539
1.19221
1.1761
1.17929
1.18315
1.21011
1.20354
1.18929
1.23949
1.22733
1.23628
1.23347
1.2481
1.2428
1.23126
1.28959
1.26179
1.26239
1.24953
1.23788
1.21763
1.25806
1.2467
1.26788
1.27742
1.26348
1.27953
1.25751
1.30106
1.3111
1.3278
1.31183
1.31161
1.29125
1.35088
1.3106
1.32663
1.32543
1.31827
1.33188
1.29352
1.27882
1.31126
1.27848
1.29329
1.28508
1.25823
1.28784
1.24263
1.26233
1.25763
1.27807
1.28502
1.30594
1.30895
1.30473
1.33956
1.30304
1.34858
1.37998
1.3598
1.38015
1.37349
1.37353
1.39298
1.38095
1.38765
1.35402
1.34377
1.32706
1.34465
1.34054
1.35131
1.40421
1.33961
1.35557
1.37103
1.35991
1.35762
1.35483
1.36456
1.39055
1.36667
1.36948
1.36906
1.39307
1.3734
1.34297
1.39686
1.35938
1.35614
1.39277
1.3691
1.36761
1.36492
1.339
1.36522
1.36042
1.36532
1.36929
1.36487
1.37941
1.3709
1.37966
1.39589
1.36429
1.3751
1.36203
1.39938
1.43291
1.40524
1.42438
1.4378
1.46369
1.42787
1.47508
1.45349
1.4832
1.47093
1.52047
1.50495
1.4805
1.49935
1.49447
1.51909
1.47715
1.49141
1.5755
1.60396
1.46034
1.46135
1.53001
1.57446
1.57571
1.56334
1.51586
1.52366
1.53942
1.49131
1.6068
1.49236
1.5182
1.49396
1.51698
1.50707
1.5313
1.52691
1.44792
1.4077
1.44695
1.39388
1.37316
1.39914
1.39202
1.38853
1.36758
1.38092
1.39544
1.39344
1.39115
1.38359
1.39277
1.40317
1.38163
1.39783
1.404
1.38781
1.37487
1.39385
1.39059
1.39166
1.40142
1.41155
1.38369
