1883
1818
1798
1839
1862
1854
1835
1852
1821
1831
1873
1867
1876
1866
1891
1895
1909
1881
1936
1919
1877
1895
1862
1825
1837
1770
1758
1814
1810
1813
1765
1823
1810
1797
1810
1802
1846
1930
1911
1881
1967
1994
1948
1952
1888
1936
1956
1975
1920
1927
1866
1857
1831
1946
1918
1904
1902
1907
1874
1920
1929
1921
1911
1894
1908
1884
1874
1873
1871
1855
1891
1869
1860
1856
1853
1812
1815
1846
1783
1834
1841
1843
1875
1874
1837
1855
1854
1848
1871
1845
1849
1841
1783
1769
1768
1825
1781
1782
1799
1800
1808
1824
1828
1848
1795
1807
1852
1927
1897
1916
1881
1904
1870
1943
1904
1883
1880
1884
1894
1879
1862
1902
1898
1936
1952
1927
1925
1962
1899
1937
1882
1880
1887
1892
1933
1919
1911
1912
1918
1900
1907
1932
1933
1913
1913
1939
1932
1907
1928
1941
1962
1919
1874
1913
1867
1830
1873
1872
1826
1880
1921
1903
1906
1872
1874
1888
1845
1891
1896
1890
1860
1884
1887
1958
1960
1939
1896
1943
1932
1904
1917
1917
1958
2000
1931
1912
1992
1929
1949
1920
1945
1955
1988
1959
1984
1990
1938
1999
1964
2006
1998
1953
1995
2012
2012
2036
2013
2043
2000
2002
2023
1993
2032
2003
2026
2020
2066
2008
2059
2022
2043
2103
2021
2034
2014
2060
2041
1985
2044
2046
2057
2048
2013
2026
1978
2010
1966
1977
2025
1960
1997
2029
2074
2006
1991
2017
1991
2039
2069
2015
2042
2086
2053
2087
2090
2076
2081
2080
2057
2029
2083
2064
2064
2002
2016
2055
2017
2018
1977
2019
1988
1978
1965
1984
1975
1943
2060
1912
1920
1943
1895
1918
1965
1936
1904
1918
1865
1890
1876
1880
1882
1823
1866
1879
1895
1872
1905
1864
1856
1883
1851
1863
1832
1846
1877
1896
1896
1842
1872
1909
1959
1926
1890
1921
1898
1953
1991
1980
1944
2017
1972
1929
1961
2004
2002
2038
1986
1971
1956
1987
2010
2004
2025
1970
1967
1950
2001
2024
1998
2087
2073
2064
2056
2088
2046
2098
2034
2041
2094
2099
2066
2078
2075
2143
2097
2137
2142
2126
2138
2074
2119
2135
2128
2101
2061
2076
2099
2094
2065
2031
2052
2072
2070
2065
2115
2126
2071
2077
2075
2095
2086
2114
2097
2100
2105
2083
2050
2076
2100
2109
2138
2108
2122
2102
2126
2135
2172
2109
2117
2132
2187
2160
2117
2183
2139
2167
2057
2124
2113
2157
2185
2196
2159
2121
2137
2123
2144
2154
2128
2118
2092
2075
2135
2157
2118
2138
2117
2086
2147
2077
2101
2135
2087
2099
2051
2119
2058
2120
2131
2095
2116
2158
2149
2177
2113
2108
2100
2128
2125
2121
2124
2124
2146
2151
2116
2119
2127
2117
2074
2082
2084
2059
2097
2084
2093
2045
2123
2139
2051
2044
2035
2065
2064
1993
2051
2027
2073
2081
2100
2135
2062
2082
2093
2026
2011
2043
2032
2028
2000
2008
1999
1992
1975
2024
2053
2032
1975
1985
1982
1946
1959
1952
2031
2026
2073
2148
2122
2062
2084
2075
2053
2110
2091
2080
2008
2027
2097
2053
2020
1976
1939
1954
1881
1851
1857
1862
1845
1902
1895
1915
1978
2012
2017
2008
2096
2064
2026
2001
1905
1904
1887
1927
1864
1889
1838
1889
1885
1837
1906
1831
1847
1950
1954
1955
1863
1867
1830
1856
1821
1862
1836
1910
1859
1884
1859
1870
1879
1903
1891
1884
1919
1893
1895
1912
1941
1944
1936
1905
1892
1909
1863
1819
1812
1781
1806
1795
1759
1746
1770
1762
1748
1782
1778
1755
1769
1772
1761
1746
1840
1842
1831
1802
1831
1844
1842
1821
1790
1793
1810
1775
1791
1793
1828
1797
1741
1792
1826
1842
1782
1802
1843
1845
1866
1824
1859
1860
1933
1941
1941
1972
1947
1971
1920
1946
1937
1931
1922
1908
1896
1903
1909
1939
1925
1925
1915
1867
1897
1894
1905
1912
1915
1900
1887
1944
1900
1944
1968
1994
1976
1963
1974
2003
1953
1926
1934
1939
1954
1990
1965
1986
1987
1970
2000
2049
2023
2029
2030
2039
2024
2037
2065
2015
2031
2038
1993
1986
1951
1954
1963
1942
1918
1981
2020
2075
2035
2065
2096
2120
2133
2086
2082
2104
2118
2086
2060
2046
2037
1992
2006
1979
1994
1983
1975
1968
2033
1998
1984
1982
1997
1979
1943
1934
1961
1976
1992
2002
2051
2007
2019
2002
1998
2000
1994
1978
1961
1968
1977
1969
1987
1991
1982
2003
2032
2060
2065
2080
2060
2046
1941
2031
2003
2005
2051
2035
1962
2012
1952
1966
2024
2005
2021
2029
2001
2014
1995
1960
1964
1914
1950
1972
2017
1966
1998
2076
2046
2077
2096
2096
2151
2183
2079
2059
2044
2042
1950
1958
1963
1969
2007
1981
1924
1941
1961
1908
1906
1916
1897
1932
1933
1917
1893
1842
1951
1964
1950
1943
1938
1923
1909
1921
1928
1887
1888
1799
1874
1910
1907
1906
1850
1860
1829
1822
1761
1724
1763
1761
1763
1779
1759
1775
1776
1707
1740
1740
1766
1795
1737
1733
1713
1733
1763
1720
1785
1776
1823
1817
1799
1779
1741
1782
1814
1802
1764
1714
1734
1741
1770
1774
1780
1755
1791
1801
1765
1782
1805
1809
1795
1825
1835
1834
1869
1797
1850
1816
1756
1796
1759
1741
1672
1626
1674
1634
1678
1675
1669
1696
1664
1677
1706
1603
1623
1618
1640
1586
1650
1612
1657
1674
1628
1608
1552
1573
1621
1616
1595
1633
1628
1652
1618
1609
1616
1568
1509
1505
1392
1463
1465
1468
1440
1431
1470
1478
1484
1494
1469
1457
1436
1418
1373
1355
1386
1311
1285
1302
1386
1356
1314
1335
1345
1334
1309
1274
1316
1280
1290
1300
1347
1292
1290
1283
1325
1332
1292
1257
1244
1209
1245
1269
1306
1327
1335
1378
1354
1389
1409
1439
1377
1385
1357
1374
1349
1341
1367
1385
1383
1426
1435
1479
1503
1465
1456
1487
1479
1527
1509
1483
1453
1512
1508
1529
1505
1471
1473
1467
1546
1530
1577
1596
1667
1691
1691
1742
1683
1753
1791
1817
1769
1805
1784
1837
1801
1742
1766
1791
1743
1804
1777
1725
1760
1706
1768
1791
1792
1780
1850
1848
1792
1799
1755
1782
1740
1746
1719
1779
1850
1819
1830
1842
1879
1866
1883
1880
1884
1865
1854
1881
1847
1836
1870
1831
1809
1857
1780
1815
1830
1773
1765
1788
1749
1777
1746
1849
1856
1893
1872
1883
1862
1900
1870
1868
1901
1888
1949
2011
2003
2024
1983
1971
1970
1984
1995
1991
1968
2015
2072
2031
2023
2061
2033
2010
2021
2013
2001
2011
1974
1952
1964
2016
1951
1970
2022
1937
2004
2078
2158
2073
2058
1931
1953
1949
1974
1961
1926
1888
1914
1915
1903
1879
1881
1937
1875
1863
1869
1842
1850
1814
1839
1820
1808
1862
1856
1795
1894
1866
1915
1884
1911
1920
1897
1909
1884
1890
1864
1844
1837
1800
1802
1836
1822
1805
1828
1776
1768
1749
1702
1663
1658
1595
1571
1588
1575
1540
1557
1548
1569
1567
1590
1569
1542
1544
1519
1485
1447
1442
1458
1433
1416
1444
1435
1439
1411
1432
1408
1391
1405
1441
1412
1397
1446
1455
1422
1440
1480
1443
1482
1439
1470
1453
1472
1482
1467
1450
1404
1455
1447
1427
1427
1458
1399
1420
1478
1428
1458
1479
1469
1479
1454
1475
1475
1434
1443
1462
1458
1461
1473
1450
1447
1424
1419
1426
1405
1434
1412
1431
1427
1419
1407
1404
1410
1392
1412
1443
1374
1390
1382
1392
1388
1368
1373
1356
1416
1390
1400
1378
1354
1394
1372
1400
1359
1365
1401
1385
1391
1387
1359
1387
1370
1363
