14194
13726
13540
13542
13561
13617
13707
13747
13776
13709
13895
13880
13911
13946
13851
13696
13722
13726
13755
13676
13682
13689
13671
13875
13806
13811
13993
14011
13941
13946
13916
13819
13902
14019
13792
13886
13923
14070
14069
14236
14266
14342
14272
14351
14326
14287
14237
14186
14233
14331
14293
14192
14164
14110
14169
14140
14244
14228
14351
14424
14378
14257
14310
14348
14333
14258
14230
14264
14094
13992
13933
13861
13990
13914
13929
13878
13876
13843
13878
13825
13657
13658
13607
13474
13371
13246
13379
13443
13512
13581
13390
13350
13376
13415
13475
13359
13296
13187
13148
13197
13195
13214
13205
13151
13116
13005
13007
13131
13278
13208
13210
13345
13278
13367
13276
13339
13167
13088
13191
13181
13225
13207
13156
13082
13124
13103
13052
13122
13099
13152
13174
13262
13163
13028
12955
12989
12917
12966
13023
12982
13081
13092
13123
13081
13134
13107
13160
13112
12981
12899
12919
12951
13063
12913
12983
13121
13138
13058
13019
13003
13089
13041
13014
13045
13089
12970
13091
13095
13012
13027
12995
12994
13043
13129
13081
13192
13101
13089
13001
12981
13016
13006
13009
12994
13055
13105
13006
13171
13094
13046
13091
13073
13039
13140
13152
13045
12949
12802
12873
12852
12914
12788
12906
12987
13000
13038
12885
12816
12906
12825
12884
12899
12847
12904
12918
12799
12839
12985
13032
12973
12891
12899
12901
12983
12860
12887
12908
13044
12953
12938
12946
13034
12933
12981
12961
12905
13041
12999
12965
12929
12949
12871
12769
12829
12787
12850
12772
12806
12751
12789
12863
12805
12709
12659
12820
12890
13025
12900
13028
12883
12923
12836
12850
12883
12846
12800
12756
12845
12776
12816
12731
12665
12624
12487
12409
12414
12284
12273
12293
12067
12057
12049
11974
11946
11886
11877
11774
11722
11605
11672
11576
11537
11416
11344
11232
11076
11151
11074
11026
11096
10992
10993
10865
10998
10953
10853
10721
10678
10655
10698
10756
10767
10625
10621
10548
10486
10435
10327
10297
10165
10210
10211
10199
10146
10153
10190
10129
10031
10056
10045
10006
9920
9903
9885
9798
9712
9766
9800
9775
9720
9878
9685
9631
9587
9649
9604
9635
9669
9790
9732
9619
9620
9492
9463
9611
9573
9567
9529
9529
9470
9489
9503
9503
9528
9481
9452
9440
9459
9430
9418
9350
9305
9309
9353
9303
9314
9383
9280
9316
9312
9208
9245
9242
9259
9163
9278
9171
9108
9072
9128
9082
9144
9180
9061
9051
9003
8916
8937
8880
8813
8830
8814
8816
8668
8789
8776
8723
8756
8645
8550
8595
8595
8696
8626
8472
8547
8469
8516
8563
8541
8457
8441
8455
8390
8322
8265
8169
8270
8256
8306
8168
8119
8022
7974
7978
7953
8002
7820
7653
7689
7610
7654
7610
7636
7577
7506
7444
7498
7460
7481
7383
7396
7361
7363
7328
7385
7400
7445
7579
7580
7519
7571
7721
7770
7744
7705
7580
7524
7486
7404
7421
7348
7412
7374
7348
7324
7388
7381
7379
7431
7514
7551
7535
7614
7628
7618
7722
7945
7892
7875
7901
7797
7895
8012
8056
8086
8059
8005
8105
8292
8381
8320
8318
8414
8378
8529
8528
8499
8435
8489
8610
8670
8797
8752
8891
8951
9135
9064
8907
8874
8995
9060
9191
9201
9117
9063
9106
9098
8955
9054
9038
9156
9257
9180
9084
8996
8950
8629
8752
8806
8669
8665
8693
8719
8702
8668
8542
8430
8525
8477
8466
8497
8576
8374
8153
8092
8203
8383
8385
8315
8487
8471
8328
8161
8498
8414
8502
8500
8454
8634
8692
8844
8743
8885
8805
8984
8985
9081
9054
9114
9116
9117
9275
9271
9283
9352
9408
9374
9314
9473
9474
9200
9336
9461
9646
9736
9583
9523
9736
9704
9644
9656
9650
9645
9745
9771
9794
9543
9627
9815
9785
9838
9981
9909
10163
10191
10160
9997
10079
10160
10245
10193
10217
10114
10178
10147
9985
9983
9873
9830
9815
9864
9657
9569
9654
9551
9571
9459
9550
9554
9452
9362
9538
9727
9597
9523
9439
9440
9611
9593
9507
9568
9486
9447
9532
9610
9789
9525
9634
9678
9695
9693
9668
9532
9517
9497
9687
9696
9469
9636
9701
9638
9793
9905
9822
9840
9862
9856
9788
10015
9892
9804
9884
9999
10056
10028
10123
10168
10080
10099
10067
10162
10064
10214
10173
10080
10117
10145
10015
10183
10127
10174
10069
10162
10026
9998
9882
10129
10254
10092
10203
10154
10239
10142
10211
10125
10164
10192
10150
10099
10075
9997
10072
10201
10072
9905
9851
9861
9922
9999
9985
9981
10012
10032
10020
9998
9971
9969
10087
9964
10119
10027
10093
10311
10122
10317
10172
10036
10365
10221
10119
10097
10266
10581
10185
10099
10048
10175
10146
10154
10304
10178
10337
10155
10337
10226
10381
10300
10365
10322
10376
10647
10529
10263
10122
10275
10322
10523
10530
10415
10402
10523
10504
10382
10470
10455
10345
10408
10072
10172
10164
9901
9940
10003
10129
10013
9787
9835
10163
9815
9908
10252
10047
10114
10011
10268
10240
10211
10277
10421
10281
10075
10136
10212
10248
10244
10262
10239
10172
10200
10087
10057
10137
9891
10016
9931
9795
9692
9635
9645
9465
9615
9586
9596
9620
9598
9779
9989
9785
9718
9792
9804
9798
9576
9727
9759
9726
9550
9753
9692
9677
9749
9681
9676
9628
9749
9504
9611
9603
9748
9722
9799
9899
9891
9874
9884
9740
9865
9612
9717
9611
9668
9724
9913
9801
9723
9785
9646
9883
9957
9759
9675
9589
9542
9532
9462
9564
9531
9560
9369
9447
9376
9376
9442
9355
9406
9467
9260
9309
9317
9191
9137
9061
9144
9247
9023
8965
8924
8769
8648
8687
8583
8452
8262
8421
8439
8474
8361
8318
8261
8364
8393
8272
8487
8394
8262
8386
8329
8376
8108
8041
8058
8081
8038
7837
7858
7812
7766
7814
7825
7882
7995
7780
7778
7758
7905
7895
7844
7806
7885
7935
7904
7828
7650
7668
7707
7588
7577
7604
7605
7696
7703
7931
8037
7828
7906
7676
7819
7769
7886
8023
7917
8085
7954
8079
8114
8077
8142
7970
8119
8164
8268
8195
8306
8496
8326
8406
8491
8568
8697
8649
8626
8847
8978
8913
9042
9091
8975
9198
9000
9158
9487
9202
9515
9605
9756
9648
9832
9741
9798
9755
9678
9675
9492
9432
9451
9560
9502
9480
9601
9588
9585
9755
9852
9892
10176
10190
10186
10055
10003
9807
9723
9701
9714
9652
9764
9835
10099
9888
10145
9952
9855
9946
10047
10050
9838
9927
9838
9954
9813
10048
9909
10070
10034
9789
9976
9834
9818
10060
9864
9819
10178
10094
9960
10118
10037
10389
10040
10256
10084
10213
10321
10096
10256
10117
10065
10062
10010
10050
10140
10141
9877
9974
9882
9845
9911
9935
9858
9831
9736
9629
9727
9654
9739
9717
9833
9775
9912
9866
9920
9782
10104
10141
10246
10310
10210
10175
10086
10325
10144
10105
10150
10211
10026
10077
10248
10139
10172
10068
9881
9875
9933
9825
9758
9859
9712
9855
9760
9715
9662
9673
9667
9451
9541
9517
9390
9416
9413
9615
9540
9589
9682
9634
9539
9686
9759
9725
9650
9657
9393
9424
9379
9338
9182
8992
9090
9028
8998
8976
9007
8982
8982
8926
8810
8814
8730
8781
8761
8825
8681
8645
8684
8641
8623
8632
8587
8589
8556
8511
8498
8462
8494
8362
8376
8329
8319
8269
8264
8136
8078
8184
8214
8159
8055
8206
8157
8129
8063
8131
8164
8154
8149
8118
8138
8105
8119
8128
8216
8196
8134
8179
8077
8134
8214
8165
8144
8134
8147
8219
8182
8173
8150
8060
8113
8096
8165
8124
8124
8082
8142
8105
8106
8113
8110
8129
8138
8186
8129
8140
8100
8142
8122
8099
8098
8102
8135
8116
8182
8131
8124
8136
8168
8170
8136
8118
8157
8145
8118
8137
8143
8166
8136
8151
8148
8121
8113
8138
8130
