0.0419732 0.132662
0.0418489 0.132449
0.0414467 0.132792
0.0414497 0.1358
0.0411583 0.137306
0.0404733 0.136153
0.0401207 0.133873
0.0402041 0.13472
0.0393509 0.132186
0.039932 0.133562
0.0406696 0.134797
0.0405984 0.13451
0.0406589 0.134857
0.040387 0.133802
0.0411651 0.136524
0.0411304 0.138362
0.0414253 0.13912
0.0406193 0.137039
0.0419966 0.140749
0.0418046 0.140319
0.0406938 0.137188
0.0409783 0.138432
0.0404985 0.136201
0.0397681 0.131532
0.040339 0.133058
0.0394561 0.128159
0.0393703 0.125634
0.0409185 0.12947
0.0410934 0.129833
0.0412815 0.130001
0.0404854 0.126832
0.04168 0.13192
0.0415119 0.130197
0.0411411 0.128183
0.0413251 0.131235
0.0412263 0.129771
0.0421278 0.132586
0.0436207 0.137171
0.0429583 0.135831
0.0416796 0.13213
0.0433852 0.13788
0.0437204 0.139032
0.0429075 0.136491
0.0429786 0.136018
0.0413763 0.131788
0.042513 0.135508
0.0427859 0.137388
0.0434706 0.139222
0.042234 0.134898
0.0420991 0.134464
0.0407708 0.130553
0.0407228 0.130848
0.0400201 0.129271
0.0425746 0.137916
0.0419776 0.135366
0.0414824 0.134653
0.041582 0.13353
0.041633 0.134031
0.0411488 0.130583
0.0417255 0.133111
0.0421105 0.134163
0.0418847 0.134741
0.0417778 0.133543
0.0410117 0.132004
0.0412862 0.133119
0.0408925 0.132136
0.0407126 0.131694
0.0408399 0.13131
0.0407679 0.132752
0.0403814 0.132576
0.0411275 0.135721
0.0410138 0.134839
0.0405874 0.132952
0.0403242 0.133391
0.0402984 0.133032
0.0393494 0.130566
0.039673 0.130801
0.0401645 0.133353
0.038723 0.128477
0.0397434 0.132658
0.0400444 0.134803
0.0398745 0.134939
0.0407104 0.137797
0.0407462 0.139083
0.0397989 0.137387
0.0400311 0.140042
0.0400648 0.138575
0.0398903 0.137469
0.0406448 0.13847
0.0400451 0.135852
0.0399646 0.138088
0.0397555 0.137903
0.0385831 0.133298
0.0381472 0.131867
0.0382908 0.131206
0.0393446 0.136612
0.0383737 0.13395
0.0383928 0.135133
0.0388243 0.136827
0.0387238 0.136395
0.0390471 0.137022
0.0393731 0.138035
0.0395688 0.138432
0.0397693 0.140522
0.0386229 0.136856
0.0389725 0.138947
0.0399164 0.142385
0.0413875 0.146752
0.0409419 0.142868
0.0412753 0.145064
0.0407275 0.142392
0.0412139 0.142675
0.0405174 0.140834
0.0418876 0.145358
0.041015 0.143417
0.0406748 0.141165
0.0404023 0.142781
0.0406262 0.143949
0.0406385 0.143583
0.0405018 0.142554
0.0400138 0.140794
0.0408225 0.144015
0.0407935 0.144269
0.0416873 0.14799
0.0420563 0.148735
0.0413431 0.147066
0.0414978 0.147487
0.0420498 0.14952
0.0406795 0.144973
0.0415549 0.147278
0.0403689 0.142857
0.0403105 0.141758
0.0405545 0.143356
0.0407917 0.145226
0.0417215 0.149209
0.0413604 0.14774
0.0413502 0.147945
0.0414472 0.147463
0.0411306 0.147278
0.0407533 0.146356
0.0407444 0.145784
0.0414379 0.147571
0.041586 0.147299
0.0410797 0.146243
0.0411752 0.145653
0.0415399 0.147936
0.0414139 0.146809
0.0410584 0.145439
0.0415365 0.148525
0.041915 0.150477
0.0421202 0.151869
0.0411741 0.148174
0.0400547 0.143459
0.041108 0.148145
0.0400283 0.143803
0.0391687 0.139471
0.0402199 0.142564
0.04012 0.14336
0.0392427 0.140257
0.0405977 0.144582
0.0410417 0.146764
0.0407181 0.145924
0.0408452 0.146458
0.0402546 0.143503
0.0403419 0.143174
0.0404742 0.145567
0.0395829 0.140937
0.040387 0.144406
0.0405648 0.145712
0.0404997 0.145083
0.040006 0.143132
0.0403357 0.14499
0.0404727 0.144675
0.0417938 0.149136
0.041979 0.149836
0.0414573 0.146983
0.0406544 0.144722
0.0414462 0.148445
0.0412944 0.148604
0.0407029 0.146676
0.0409904 0.14728
0.0411065 0.147394
0.0419308 0.150511
0.0427698 0.153917
0.0413845 0.147913
0.0408835 0.145899
0.0426114 0.15316
0.0412153 0.146458
0.0419131 0.148847
0.0412389 0.147172
0.041473 0.148575
0.0417806 0.149545
0.0426646 0.152466
0.0419963 0.149087
0.0424867 0.150852
0.0424162 0.152549
0.0415212 0.149664
0.0426963 0.156147
0.0421541 0.152567
0.0429661 0.156085
0.0425305 0.154716
0.0419495 0.152721
0.0426647 0.154579
0.0427821 0.154924
0.0430872 0.154769
0.0434273 0.156159
0.0430147 0.156228
0.0437333 0.15941
0.042461 0.154967
0.0424728 0.156101
0.0429084 0.157016
0.0426292 0.154508
0.0432248 0.158169
0.042697 0.155223
0.043088 0.156835
0.0429568 0.157825
0.0440681 0.160916
0.0426889 0.15464
0.0438066 0.157996
0.0432134 0.155862
0.0436604 0.158483
0.0448764 0.163036
0.0430935 0.156655
0.0431462 0.156666
0.0428328 0.15661
0.0438102 0.159851
0.0434394 0.158119
0.0423783 0.152177
0.0437257 0.157801
0.0434644 0.158139
0.0436832 0.158891
0.043457 0.157128
0.0428553 0.155648
0.0427679 0.156074
0.0423102 0.152612
0.0428033 0.155754
0.0416976 0.150755
0.0421868 0.152089
0.0428417 0.15619
0.041711 0.151597
0.042356 0.15422
0.0431482 0.157641
0.0440602 0.162425
0.042518 0.156364
0.0424077 0.155705
0.0428738 0.156965
0.0425028 0.155888
0.0431452 0.159222
0.0437347 0.162262
0.042765 0.157557
0.0435534 0.15875
0.044136 0.162905
0.0436874 0.161539
0.0444109 0.164863
0.0446381 0.163027
0.0441449 0.161055
0.0438401 0.15977
0.0439839 0.16124
0.0437418 0.157891
0.0430438 0.157494
0.0441379 0.161185
0.0437409 0.160798
0.0436946 0.160623
0.0424188 0.155399
0.0426108 0.156936
0.0435409 0.160547
0.0428138 0.158122
0.0429234 0.157104
0.0420093 0.154743
0.0428999 0.157537
0.0421893 0.156154
0.0420744 0.156178
0.0417003 0.155656
0.0419229 0.158885
0.0417248 0.159159
0.0413659 0.156517
0.0434388 0.167698
0.040505 0.155789
0.0407211 0.156186
0.0410765 0.161018
0.0402344 0.15717
0.0404693 0.159183
0.0414916 0.164106
0.0410248 0.162063
0.0403014 0.160188
0.0402341 0.161489
0.0396193 0.1584
0.039802 0.161235
0.0396684 0.161654
0.0396859 0.161069
0.0398737 0.162578
0.0382549 0.158013
0.0392991 0.163455
0.0393607 0.165638
0.0398285 0.168714
0.0392453 0.169014
0.0399564 0.170837
0.0391227 0.168322
0.038826 0.168329
0.0392136 0.169701
0.0387985 0.168395
0.0391477 0.169471
0.0386539 0.168615
0.0389279 0.167849
0.0393196 0.171369
0.0396346 0.174698
0.0399739 0.176849
0.0388673 0.172504
0.0394055 0.175692
0.0398855 0.178445
0.0409593 0.182131
0.0403351 0.17888
0.0395315 0.177882
0.0402093 0.180868
0.0395713 0.179939
0.0409331 0.186248
0.0415311 0.1908
0.0414573 0.19173
0.0406057 0.188793
0.0420086 0.198426
0.0412837 0.193144
0.040453 0.188914
0.0410698 0.192274
0.0418459 0.197516
0.0419153 0.197183
0.0424106 0.2
0.041369 0.196071
0.0410411 0.196491
0.0411833 0.194511
0.0413528 0.19781
0.0417168 0.200879
0.0416996 0.202016
0.0423605 0.204483
0.0410639 0.199292
0.0411386 0.200755
0.0406275 0.200783
0.041751 0.204895
0.0423573 0.206531
0.0416788 0.204399
0.0434068 0.214712
0.0435075 0.20986
0.0431871 0.213113
0.0427469 0.213477
0.0436327 0.217795
0.0430429 0.212043
0.0439888 0.218451
0.0426165 0.211105
0.0425341 0.211087
0.043706 0.213892
0.0439821 0.21568
0.0433888 0.214783
0.0435904 0.216008
0.043544 0.218605
0.0445706 0.226461
0.0440176 0.218187
0.0444958 0.223232
0.0448671 0.223895
0.0444565 0.223108
0.0446179 0.224368
0.0433728 0.219007
0.0444104 0.223311
0.0448341 0.224666
0.0445496 0.223929
0.0439586 0.220508
0.0430667 0.217382
0.0432635 0.219636
0.0438104 0.222352
0.043727 0.221376
0.0430047 0.218982
0.0426977 0.215651
0.043045 0.219465
0.0432712 0.222676
0.0434135 0.222365
0.0430495 0.220785
0.0441066 0.227346
0.044424 0.228259
0.0434135 0.220718
0.0434464 0.223815
0.0432833 0.222735
0.043715 0.224979
0.043631 0.226542
0.0444585 0.228664
0.0439291 0.226899
0.0439468 0.226806
0.0438962 0.229728
0.0435719 0.22451
0.0428145 0.223531
0.0434291 0.227931
0.043922 0.231481
0.0437107 0.231047
0.0445825 0.235411
0.0441688 0.230534
0.0443562 0.231155
0.0439188 0.231983
0.0443999 0.234891
0.0447148 0.237143
0.045353 0.243607
0.0440937 0.235985
0.0443407 0.238401
0.0444899 0.241915
0.0455616 0.247678
0.0450319 0.245065
0.0443156 0.240132
0.045769 0.251846
0.0449256 0.243372
0.045348 0.246923
0.04302 0.235813
0.0444966 0.242577
0.0442411 0.244419
0.0453456 0.252281
0.0457697 0.254218
0.045952 0.255497
0.0453838 0.248275
0.044339 0.245885
0.0448074 0.252243
0.0446262 0.248391
0.0448639 0.253159
0.0452113 0.252936
0.0447425 0.248511
0.044465 0.24798
0.0439773 0.247369
0.0437745 0.245824
0.0448926 0.252513
0.045223 0.257092
0.0445998 0.254506
0.0448848 0.258681
0.0445675 0.25915
0.0439121 0.252237
0.045241 0.260053
0.0437364 0.25006
0.0444487 0.257223
0.045026 0.262963
0.0443241 0.26016
0.0444788 0.263231
0.04339 0.257082
0.0450315 0.26644
0.0438161 0.257186
0.0450154 0.2711
0.0450072 0.278453
0.0445678 0.272467
0.0452572 0.278055
0.045912 0.281944
0.0459748 0.282392
0.0464575 0.285097
0.0452056 0.27887
0.0453421 0.280842
0.0452342 0.282106
0.045728 0.283809
0.0456852 0.284853
0.0456551 0.283518
0.0459065 0.287688
0.0457059 0.287182
0.0461495 0.291536
0.0464188 0.292136
0.0457514 0.288755
0.045745 0.286933
0.0460519 0.287432
0.0455318 0.284352
0.044956 0.273651
0.0451343 0.27467
0.0449496 0.277165
0.0445729 0.271959
0.0452164 0.271597
0.0452178 0.268211
0.0454249 0.270274
0.0441294 0.265412
0.0458512 0.280079
0.0462416 0.28429
0.0444661 0.273978
0.0442884 0.276067
0.043708 0.274222
0.0448328 0.281029
0.0448063 0.278467
0.0429693 0.270274
0.0443786 0.279124
0.0440882 0.276761
0.0449509 0.28059
0.0448762 0.28194
0.0456909 0.284591
0.0462512 0.28731
0.0445828 0.274421
0.0451382 0.275725
0.0456051 0.27777
0.0441154 0.266089
0.0440314 0.263634
0.0447232 0.268181
0.0444483 0.263144
0.0444834 0.255255
0.0438059 0.253421
0.0442759 0.254984
0.0442648 0.253006
0.0436641 0.255483
0.0436435 0.250158
0.0447461 0.252621
0.044947 0.254841
0.044624 0.251299
0.0436329 0.245068
0.043879 0.24797
0.0437093 0.24454
0.0427956 0.234684
0.0428609 0.233743
0.0429842 0.234615
0.0445287 0.244169
0.0442223 0.240789
0.0457434 0.247434
0.0472078 0.251847
0.0465402 0.248827
0.0449992 0.242617
0.0458526 0.247066
0.0452296 0.244434
0.0447764 0.238444
0.0458128 0.243368
0.0450802 0.237695
0.0451516 0.23766
0.0435235 0.225846
0.0436646 0.226455
0.0450425 0.229557
0.044417 0.2265
0.0439216 0.226788
0.0430989 0.222673
0.0420097 0.215564
0.0425023 0.215673
0.0404864 0.204657
0.0400242 0.201174
0.0401626 0.203685
0.0402586 0.205451
0.040261 0.202614
0.0417435 0.209057
0.041578 0.211614
0.0420722 0.211509
0.0444844 0.218854
0.0450626 0.219747
0.0452252 0.217889
0.0446937 0.218736
0.0465405 0.230735
0.0459463 0.229435
0.0449802 0.226369
0.0444934 0.231892
0.0421936 0.217665
0.0425019 0.216216
0.0419557 0.217672
0.0429176 0.222389
0.041448 0.214425
0.0419042 0.216653
0.0412394 0.211216
0.0429689 0.217928
0.0428351 0.220674
0.0415855 0.217912
0.0431378 0.223578
0.0416363 0.215996
0.0427616 0.218167
0.0451232 0.229493
0.0450158 0.227845
0.0447984 0.233461
0.0414747 0.228505
0.0417543 0.230722
0.041071 0.223089
0.0414795 0.2214
0.040351 0.217174
0.0413245 0.223933
0.0406141 0.216331
0.0421531 0.225475
0.0412241 0.223223
0.0414868 0.230854
0.0406383 0.218757
0.0407763 0.222249
0.0408221 0.221007
0.0411709 0.223882
0.0405159 0.223681
0.0399178 0.218207
0.040649 0.220778
0.0398484 0.214043
0.0399612 0.216745
0.0402459 0.215194
0.0407679 0.220443
0.0410438 0.216385
0.0406543 0.21547
0.0400825 0.209779
0.0398542 0.208968
0.0400084 0.209458
0.0391955 0.204366
0.0381254 0.199517
0.038064 0.195364
0.0372337 0.192104
0.0379149 0.194549
0.0377752 0.191938
0.0367085 0.186969
0.0365792 0.18626
0.0371872 0.190037
0.0370425 0.186002
0.0367915 0.184505
0.0376045 0.193696
0.0374892 0.190446
0.0371617 0.185498
0.0374035 0.183392
0.0371941 0.182005
0.037094 0.183763
0.0367177 0.183346
0.0384913 0.188989
0.0388296 0.189819
0.0387669 0.189859
0.0378643 0.18662
0.0385831 0.189741
0.0388792 0.191187
0.039154 0.18902
0.0384892 0.186368
0.0376153 0.182765
0.0375993 0.187886
0.0381591 0.188013
0.0373032 0.180846
0.0374647 0.183035
0.0376357 0.182252
0.0383735 0.183148
0.0377783 0.18135
0.0366681 0.171308
0.0374128 0.175841
0.0386488 0.179724
0.0389207 0.184255
0.0373734 0.176803
0.0381174 0.177362
0.0387714 0.179893
0.0390534 0.181007
0.0395255 0.182637
0.0387549 0.180344
0.0395911 0.182649
0.0396428 0.183305
0.0412057 0.19359
0.0412277 0.194431
0.0413278 0.196597
0.0419084 0.20061
0.0413078 0.19837
0.0417319 0.199818
0.040479 0.19882
0.041481 0.203365
0.0411244 0.200642
0.0408937 0.202178
0.0408328 0.200815
0.0405268 0.201713
0.0401789 0.198534
0.0403392 0.199184
0.0405411 0.201968
0.0412316 0.207114
0.0409418 0.201824
0.0410868 0.197903
0.0407829 0.199542
0.0397513 0.196052
0.0403952 0.200975
0.0403606 0.200636
0.0403721 0.19821
0.0409615 0.199312
0.0406271 0.201431
0.0405992 0.198579
0.0402508 0.198925
0.0413696 0.20578
0.0404548 0.199329
0.0416783 0.202289
0.0420163 0.201042
0.0424138 0.209344
0.0421349 0.205107
0.0420974 0.202831
0.0419723 0.20361
0.0428046 0.206644
0.0416045 0.202007
0.0410643 0.202056
0.0411419 0.203215
0.0414857 0.20417
0.0415426 0.201714
0.0424054 0.205239
0.0419263 0.207519
0.0426528 0.206102
0.0423966 0.204824
0.0420715 0.204399
0.0429738 0.204228
0.0439492 0.206865
0.0433794 0.205966
0.0435025 0.206199
0.0434913 0.205841
0.0435786 0.206879
0.0434783 0.206784
0.0435089 0.203395
0.0440458 0.208755
0.0430271 0.205528
0.0433419 0.205484
0.0435638 0.20382
0.0425455 0.19819
0.0424549 0.198045
0.041463 0.192729
0.0418209 0.192172
0.0419749 0.194742
0.0416747 0.192296
0.0412846 0.190523
0.0423327 0.194942
0.0433021 0.200715
0.0447227 0.203153
0.0436283 0.200039
0.0443095 0.204861
0.0449612 0.207176
0.0455317 0.20897
0.045868 0.212981
0.0445831 0.204851
0.0445195 0.205589
0.0450477 0.206802
0.0453834 0.210349
0.044738 0.205275
0.0441548 0.205466
0.0437404 0.204641
0.0435927 0.206132
0.0427569 0.196663
0.0429348 0.195631
0.0423515 0.196096
0.0426624 0.195433
0.0425117 0.195293
0.042237 0.19289
0.0421359 0.194045
0.043607 0.199099
0.0425795 0.197333
0.0422712 0.195199
0.0423912 0.194466
0.0428891 0.196749
0.0421935 0.19596
0.0414976 0.192854
0.0413752 0.193458
0.0421349 0.194698
0.0424317 0.193706
0.0426388 0.197776
0.0431633 0.20212
0.0440905 0.208202
0.0429884 0.203529
0.0432593 0.203487
0.0428979 0.20022
0.0426704 0.2001
0.0428844 0.200381
0.0426697 0.199161
0.0420252 0.197169
0.0418079 0.195709
0.0420603 0.196839
0.042231 0.198275
0.0421682 0.197512
0.0425336 0.196986
0.0428144 0.199819
0.0423703 0.195869
0.0428981 0.199761
0.043482 0.201328
0.0440811 0.199787
0.044263 0.204011
0.0446486 0.201609
0.0443173 0.202517
0.0440682 0.203866
0.0417285 0.187265
0.0435669 0.198709
0.0428138 0.197944
0.0430211 0.198574
0.0440252 0.199786
0.043693 0.192326
0.0421129 0.192636
0.0433714 0.199228
0.0419966 0.194268
0.0423397 0.193219
0.0433368 0.199487
0.0431991 0.197459
0.0435026 0.196137
0.0436353 0.199352
0.0431287 0.193576
0.043612 0.198326
0.043137 0.192996
0.0423034 0.191668
0.0421514 0.189192
0.0415816 0.185825
0.0420866 0.188133
0.0425789 0.191048
0.0432452 0.194391
0.0422614 0.184653
0.0431152 0.189762
0.0447877 0.20228
0.0442819 0.202134
0.0449509 0.202141
0.0451005 0.203061
0.0450008 0.199183
0.046136 0.204274
0.0471266 0.209602
0.0449679 0.199865
0.044333 0.195667
0.0440204 0.194593
0.044021 0.196687
0.0419716 0.186246
0.0423223 0.187279
0.0424166 0.189754
0.0420646 0.189181
0.0429387 0.199265
0.0422451 0.19475
0.0411304 0.189296
0.0415143 0.196041
0.0421884 0.197284
0.0406788 0.190743
0.0407039 0.188173
0.0410199 0.191351
0.0406019 0.193829
0.0414521 0.196441
0.0413928 0.1902
0.0410783 0.195313
0.0405284 0.191058
0.0393918 0.179672
0.0419408 0.194187
0.0422993 0.194186
0.0419048 0.194786
0.0417921 0.189229
0.0417079 0.189258
0.0413744 0.188326
0.0411307 0.185755
0.0412311 0.184339
0.0414196 0.18753
0.0403818 0.187295
0.0403859 0.186267
0.0386466 0.176165
0.0403653 0.182865
0.0409064 0.186451
0.0407871 0.185831
0.0405359 0.186151
0.0392165 0.181872
0.0396792 0.182353
0.0388711 0.181323
0.0389783 0.181167
0.0374944 0.17372
0.03696 0.1743
0.0376299 0.176018
0.037629 0.177324
0.0376291 0.17999
0.0377779 0.183553
0.037455 0.182564
0.0380232 0.184033
0.0382018 0.187639
0.0366301 0.177535
0.0373022 0.181515
0.0370686 0.181326
0.0376827 0.183576
0.0382248 0.187018
0.0371186 0.177626
0.0368105 0.173491
0.0364654 0.175064
0.0371005 0.178329
0.0377799 0.180045
0.0365708 0.175439
0.0380095 0.18218
0.0378291 0.185464
0.0389405 0.187416
0.0382253 0.186187
0.0380846 0.184968
0.0377619 0.186283
0.0370205 0.178509
0.0378625 0.183863
0.0385261 0.187455
0.0381861 0.184839
0.0374976 0.182213
0.0364371 0.177139
0.0370086 0.1801
0.0368817 0.178582
0.0378747 0.186237
0.0377688 0.18458
0.0383753 0.185359
0.0374224 0.180037
0.0382864 0.184221
0.0385992 0.183794
0.0377928 0.178301
0.0381552 0.180164
0.0385527 0.182803
0.0386167 0.183023
0.0384673 0.184292
0.0390784 0.184997
0.0393161 0.190907
0.0391596 0.188741
0.0402637 0.194465
0.0385954 0.185871
0.0396868 0.190251
0.0389374 0.183194
0.0375961 0.179165
0.0383433 0.184717
0.0376603 0.179765
0.0371993 0.180489
0.0354455 0.169179
0.034668 0.163302
0.0355406 0.171534
0.0347578 0.168889
0.0356127 0.174992
0.0356368 0.17554
0.0353512 0.175094
0.0360024 0.179243
0.0353817 0.173986
0.0356376 0.175952
0.0358863 0.178452
0.0339338 0.171096
0.034382 0.171801
0.0342695 0.172568
0.034687 0.174915
0.0337785 0.167973
0.034945 0.176376
0.0343249 0.17138
0.0352456 0.175029
0.0356125 0.180778
0.0344981 0.174885
0.0340563 0.172588
0.0328396 0.168861
0.033279 0.172157
0.0345173 0.178899
0.0343318 0.176728
0.0338562 0.172488
0.0348165 0.180982
0.0347321 0.181595
0.0352652 0.185119
0.0343977 0.184514
0.0343627 0.186055
0.0343224 0.186025
0.0333745 0.182687
0.0320893 0.178538
0.0319791 0.182159
0.0294753 0.165301
0.0308943 0.173362
0.0307689 0.172882
0.0310294 0.175577
0.0304009 0.173119
0.0300757 0.173224
0.0309135 0.175753
0.0309821 0.176099
0.0311889 0.1794
0.0310965 0.176034
0.0309661 0.175006
0.0302646 0.17635
0.029936 0.171238
0.0295011 0.170249
0.0288433 0.163921
0.0284562 0.167119
0.0288906 0.172367
0.027501 0.162695
0.0268778 0.159015
0.0272391 0.161981
0.0289292 0.176853
0.0283706 0.172563
0.0274786 0.168203
0.0279722 0.171903
0.0280975 0.172127
0.0277575 0.170479
0.0272141 0.166075
0.0265019 0.15935
0.0272933 0.169152
0.0266312 0.164567
0.0268834 0.16628
0.0270721 0.164453
0.0279867 0.170614
0.0267739 0.164712
0.0267935 0.165257
0.026647 0.162714
0.0276053 0.166982
0.0276578 0.168522
0.0267944 0.165049
0.0261951 0.164314
0.0259957 0.162233
0.0252543 0.15687
0.0260177 0.164075
0.0265254 0.167481
0.0272771 0.171752
0.0277105 0.17449
0.0279265 0.173467
0.0289143 0.178891
0.0282166 0.170722
0.0289134 0.172826
0.02927 0.179995
0.0296457 0.182014
0.0287726 0.17939
0.0287649 0.177133
0.0285108 0.174669
0.0286513 0.174233
0.0285177 0.168142
0.0281398 0.169382
0.0285255 0.169079
0.029046 0.174126
0.02886 0.171185
0.0298376 0.175746
0.0299226 0.177665
0.0308324 0.181651
0.0313995 0.188582
0.0306095 0.180441
0.0306178 0.178344
0.0311094 0.17985
0.0309421 0.180476
0.0318178 0.183843
0.0316731 0.177613
0.0314375 0.178117
0.0310073 0.172853
0.0322072 0.178071
0.0320258 0.176004
0.0324891 0.175808
0.0319248 0.174009
0.0313345 0.170531
0.031248 0.166497
0.0312567 0.163399
0.0328992 0.173455
0.0326435 0.16921
0.0337861 0.173468
0.0343714 0.177827
0.0358102 0.181235
0.0363297 0.187889
0.0363273 0.184647
0.0372238 0.18362
0.0360594 0.182895
0.0375021 0.184235
0.0383849 0.186465
0.0389388 0.186244
0.0379313 0.183354
0.0386568 0.183584
0.0381915 0.183143
0.0393514 0.187487
0.0384673 0.184623
0.0372509 0.179996
0.0378167 0.182532
0.0382431 0.188685
0.0373385 0.184796
0.0387624 0.190879
0.0376986 0.185879
0.0367733 0.181541
0.0369655 0.185654
0.0364733 0.17769
0.0375683 0.184397
0.0381592 0.186854
0.0382073 0.183701
0.0379499 0.180674
0.0394667 0.18702
0.03933 0.181604
0.0381951 0.175859
0.0383378 0.176615
0.0376085 0.17454
0.0381642 0.178147
0.03745 0.177424
0.037455 0.179574
0.0367151 0.177198
0.0380991 0.183138
0.0397226 0.19167
0.0391174 0.186297
0.0390934 0.18607
0.0395398 0.182394
0.0403565 0.190028
0.0401101 0.183933
0.0406362 0.189208
0.0406627 0.190766
0.0403885 0.189423
0.0398709 0.185628
0.0397496 0.184478
0.0402078 0.191197
0.0392611 0.186058
0.0393578 0.186623
0.0398169 0.187864
0.0389036 0.186589
0.0386118 0.180036
0.0397066 0.187405
0.0379855 0.176763
0.0385825 0.180885
0.0391059 0.186945
0.0376138 0.177727
0.0377072 0.179479
0.0382305 0.182114
0.0373734 0.173857
0.037949 0.18015
0.0373948 0.177819
0.0393832 0.181666
0.0396895 0.183872
0.0403178 0.19006
0.0401812 0.185017
0.0402798 0.187606
0.0396516 0.179228
0.0404979 0.189243
0.0397695 0.182332
0.0398337 0.185244
0.0408255 0.186135
0.040304 0.182928
0.0420587 0.193047
0.0426647 0.19608
0.0425826 0.197984
0.0431879 0.201093
0.0424853 0.197078
0.0427373 0.196903
0.0425247 0.19602
0.0424349 0.195661
0.0427589 0.196726
0.0426713 0.201579
0.042422 0.197313
0.0433268 0.203906
0.0446081 0.210462
0.0436277 0.204924
0.0439572 0.203624
0.0443169 0.209069
0.0438326 0.206795
0.0432574 0.20645
0.0432901 0.209887
0.0433257 0.20695
0.0428939 0.207272
0.043279 0.206489
0.0422725 0.203149
0.0419046 0.198515
0.0419847 0.200921
0.0431285 0.20339
0.0420946 0.19775
0.0420832 0.198589
0.0437142 0.206706
0.041761 0.191706
0.0430968 0.197614
0.0450828 0.202811
0.0466887 0.209311
0.0449061 0.203036
0.0444983 0.20226
0.0417126 0.191454
0.0415718 0.189153
0.0423917 0.192133
0.0429028 0.195349
0.0427317 0.193202
0.0416721 0.18862
0.0409234 0.18831
0.0413632 0.189937
0.0413196 0.186866
0.0411682 0.187691
0.0404547 0.184723
0.0405388 0.18683
0.0418142 0.196033
0.0405038 0.189873
0.0400912 0.187557
0.0405072 0.190229
0.0398667 0.188768
0.0400702 0.187646
0.0393211 0.186779
0.0394483 0.186606
0.0392673 0.186475
0.0389345 0.186104
0.0401648 0.192714
0.0398737 0.191874
0.0390099 0.185683
0.0408559 0.200402
0.0403914 0.195577
0.041496 0.201219
0.0407325 0.200639
0.0413475 0.202952
0.0416278 0.203973
0.0409755 0.197296
0.0413624 0.200105
0.0406841 0.196475
0.0408075 0.195208
0.0403166 0.193481
0.0404209 0.193312
0.0396546 0.189655
0.038693 0.184445
0.0389807 0.185296
0.039351 0.190259
0.0391205 0.188671
0.0387688 0.192164
0.0391426 0.193973
0.0380129 0.189359
0.0378441 0.189334
0.0374695 0.190481
0.0364454 0.189279
0.0354335 0.182948
0.0354054 0.183651
0.0341403 0.177262
0.0335935 0.175022
0.0337765 0.176307
0.0333235 0.175351
0.0326576 0.171454
0.0332756 0.174434
0.0328949 0.175709
0.0334399 0.178012
0.0333461 0.179496
0.0337257 0.181073
0.0334449 0.179089
0.0325942 0.174731
0.0327507 0.17786
0.0322478 0.175709
0.0316382 0.171004
0.0307617 0.167457
0.0304689 0.167227
0.030958 0.168906
0.0303788 0.16688
0.0300439 0.164862
0.0306504 0.16877
0.0303697 0.168605
0.0306066 0.169334
0.0299754 0.166745
0.0301715 0.16859
0.0298805 0.168381
0.0292719 0.16607
0.0297455 0.168688
0.030415 0.173218
0.0298514 0.170758
0.0294608 0.169046
0.0303024 0.177729
0.0307384 0.180119
0.0299621 0.173754
0.03039 0.17531
0.030987 0.181395
0.0303553 0.179143
0.0311921 0.1806
0.0302629 0.176413
0.0309989 0.180834
0.0306909 0.180206
0.0310942 0.181036
0.031322 0.181529
0.0306859 0.179912
0.0304769 0.177936
0.0295014 0.172949
0.030548 0.178791
0.0304004 0.178532
0.0299281 0.175761
0.0299903 0.175566
0.0306167 0.177459
0.0293729 0.170693
0.0298577 0.174576
0.0308379 0.180707
0.0300758 0.176798
0.0306502 0.179248
0.0309823 0.180058
0.030686 0.179914
0.0309667 0.181606
0.0304343 0.178756
0.0308223 0.181048
0.0308661 0.179462
0.0300025 0.175263
0.0301763 0.176557
0.0308244 0.179386
0.0307712 0.180893
0.0307585 0.180081
0.0310314 0.181942
0.0306069 0.177587
0.0303819 0.178114
0.0299594 0.175283
0.0297565 0.175575
0.0298758 0.175141
0.029518 0.17335
0.0301774 0.176906
0.0297326 0.174042
0.0301631 0.176449
0.0297943 0.175544
0.0298454 0.174367
0.0294907 0.171879
0.0295374 0.172715
0.0296605 0.173219
0.029183 0.171852
0.0296626 0.173422
0.0303694 0.177666
0.0287075 0.169651
0.0293181 0.171647
0.0290013 0.170575
0.0294398 0.171112
0.0290267 0.17102
0.0287812 0.167196
0.0288433 0.16886
0.028411 0.166913
0.0296098 0.174041
0.0290394 0.170176
0.0291928 0.171359
0.0288768 0.169371
0.0284388 0.16679
0.0293085 0.170896
0.028569 0.168447
0.0293871 0.172456
0.0285678 0.167015
0.0285338 0.167629
0.0294346 0.171565
0.0288548 0.170231
0.0292067 0.170654
0.0291583 0.170226
0.0284494 0.167344
0.0291595 0.17096
0.0287997 0.168346
0.0286278 0.167651
