44862
43442
43381
44367
45240
45808
45737
46065
46276
45853
46054
45987
46140
46203
45937
46073
46083
46308
46099
45904
46125
46244
45977
45891
45539
44860
44653
44332
44046
43918
43596
43738
43602
43679
43799
43710
43819
44245
44485
45130
45338
45608
45400
45418
45630
45539
45716
45433
45461
45773
45768
45601
45752
45708
45691
45899
45741
45805
45542
46015
45808
45864
45742
46182
46214
46072
46030
45862
45894
45937
45979
45570
45827
46027
45982
46049
45749
45961
46045
46146
45974
46220
46057
45992
46157
46339
46275
46327
46033
46073
46266
46308
46212
46373
46173
46385
46412
46415
46337
46483
46303
46326
46198
46468
46475
46366
46397
46560
46334
46420
46185
46198
46153
46386
46422
46294
46532
46374
46606
46393
46534
46592
46527
46441
46414
46610
46388
46659
46682
46613
46620
46638
46530
46382
46331
46397
46215
46131
46632
46622
46804
46624
46482
46568
46460
46678
46651
46446
46417
46308
46581
46607
46786
46536
46642
46721
46569
46660
46531
46308
46806
46736
46664
46504
46453
46647
46611
46822
46740
46667
46493
46708
46624
46849
46690
46771
46637
46880
46786
46778
46767
46635
46696
46762
46660
46767
46748
46803
46501
46558
46898
46792
46596
46647
46697
46916
46675
46819
46591
46688
46978
46556
46760
47029
46696
46883
46798
46715
47102
47136
47147
46752
47010
46912
47020
47024
46882
47038
47002
46791
46793
46862
46898
47142
47020
47021
46985
46840
46746
47073
47089
47127
46972
47372
46750
46959
47149
46863
47267
46990
47148
47024
47072
47180
46949
47045
46844
47259
47308
47118
46885
47263
46993
46993
46821
47027
47468
47290
47026
47138
47193
47187
47237
47196
47312
47197
47111
47014
47061
47063
47121
47012
47122
47325
47334
46971
47423
47204
47150
47302
47099
47394
47359
47191
47244
47671
47073
47485
47292
47372
47199
47654
47482
47738
47579
47700
47677
47645
47803
48019
47708
47589
47395
47421
47737
47837
47431
47392
47506
47862
47828
47750
47810
47775
47964
47712
47940
47760
47875
48014
47767
47685
47748
47890
47763
48054
48007
48025
47495
48050
48182
48058
47804
47974
47814
47997
47927
47784
47938
48080
47647
47792
48097
47854
47534
47694
47728
47985
47911
47724
47616
47671
47653
48081
47640
48027
47741
47822
47918
47818
47714
47620
47767
47795
47856
47985
47911
47888
48018
47567
47671
47884
47681
47968
47952
47857
47704
47806
47940
47924
47810
47550
47736
47785
47954
47806
47881
47802
47812
48249
47956
47726
47840
47861
47883
47747
47891
47830
47744
47921
48001
47966
47771
47696
47612
47786
47815
47734
47761
47568
47739
47789
47572
47836
47693
47573
47789
47643
47561
47633
47570
47402
47558
47697
47489
47633
47501
47504
47457
47489
47268
47417
47085
47191
47269
47056
46969
47095
47348
47007
46755
47003
46743
46860
46742
46491
46425
46536
46514
46457
46268
46471
46501
46339
46250
46322
46187
46495
46134
46129
46363
46194
46377
46088
46076
46341
46302
46257
46125
46152
46559
46060
46065
46382
46216
45976
46117
46372
45961
46161
46251
46125
45894
45925
45672
45681
45716
45590
45656
45352
45160
45621
45253
45233
45676
45536
45264
45238
45345
45472
45706
45412
45611
45814
45318
45501
45595
45823
45450
45877
45850
46057
46384
46067
46136
46422
46556
46221
45991
45848
46156
45974
46460
46247
46237
46251
45826
45564
45577
45517
44465
44649
44599
44928
45036
44922
45042
44973
45149
44798
44976
44900
44972
45079
44569
43962
44006
44174
44184
43976
43193
43215
43407
43640
44919
44714
44557
44745
45129
45058
45206
45311
45095
45412
45745
45860
46029
46222
46673
47197
47209
47505
47421
47508
47611
47364
47621
47527
47473
47715
47531
47711
47604
47833
47633
47518
47918
47732
47597
47567
47511
47388
47427
47226
47295
47642
47474
47552
47803
47438
47231
47591
47456
47429
47045
47312
47587
47687
47433
47583
47805
47641
47637
47567
47480
47898
47246
47327
47681
47275
47535
47243
47210
47065
46955
46919
46911
47080
46966
47055
47134
47230
47432
46913
47101
47220
47070
47080
47189
47175
47088
47027
47018
46852
46956
46967
46961
46927
47186
46678
47136
46799
46881
46991
46966
46643
46839
47013
46897
46630
47031
46794
46942
46902
47008
46739
47036
46928
46868
46562
46867
46825
46540
46622
46635
46641
46676
46789
46552
46818
46883
46831
46860
46782
46844
46779
47054
46723
46766
46599
46458
46796
46649
46397
46644
46604
46618
46561
46503
46789
46766
46706
46669
46627
46654
46776
46728
46589
46722
46728
46739
46646
46760
46706
46621
46924
46935
46755
46562
46903
46822
46743
46541
46569
46718
46382
46518
46687
46672
46669
46824
46637
46731
47067
46905
46790
46814
46694
46716
46503
46778
46692
46732
46732
46653
46586
46483
46428
46515
46618
46784
46605
46587
46575
46589
46390
46480
46434
46704
46413
46457
46499
46396
46180
46248
46332
46594
46030
46333
46314
46641
46520
46341
46352
46204
46206
46474
46577
46623
46322
46233
46444
46433
46387
46460
46264
46279
46809
46741
46893
46778
46755
46482
46904
46826
46709
46722
46608
46699
46667
46708
46761
46518
46431
46534
46492
46466
46478
46413
46591
46548
46729
46749
46550
46426
46692
46755
47020
47174
46876
47053
46744
46967
46645
46851
46799
46852
47091
46963
46682
46490
46601
46646
46940
46865
46959
46796
47079
46976
46711
46665
47032
46962
46948
46815
47534
47237
47111
47028
47065
47085
47190
47043
47040
46854
47205
46733
46970
46384
46897
46779
46659
46702
46704
46819
46845
46663
46701
46673
46834
46419
46560
46615
46639
46707
46840
46707
46802
47171
46902
47101
47011
47118
47002
47212
47108
47030
47057
47539
47239
47205
47214
47280
46953
47217
46963
47013
47006
47191
47216
47260
47267
46962
47070
47111
46903
46873
46845
47038
46824
47083
46982
47025
47062
47226
47355
47613
47310
47367
47580
47552
47705
47581
48044
47439
48142
47969
48066
47602
47617
47974
47671
47809
47799
47910
47796
47819
47726
47869
48059
48100
48072
48217
48064
47985
48020
48130
48256
48146
48148
47998
48160
48219
47986
47854
47873
47852
47841
47879
47888
47804
47658
47986
48040
48138
48540
47858
48149
47596
47956
47304
47655
47922
47683
47921
47792
47957
47969
47867
47861
47554
47799
47799
47992
47643
47173
46860
46946
47087
47062
47142
46945
47139
46934
46992
46870
46676
46434
46551
46546
46549
46798
46673
46744
46659
46663
46637
46693
46712
46682
46819
46764
46699
46832
46681
46540
47137
46909
47612
46774
47061
46935
46902
46904
46875
46987
46917
46925
46665
46693
46462
46616
46820
46694
46573
46501
46811
46586
46560
46522
46338
46234
46647
46776
46642
46782
47044
46649
46965
47065
46851
46768
46860
47042
46796
47137
46808
46769
46798
46826
46691
46949
46763
46952
46589
46748
46959
46916
47021
46895
46564
46844
46340
47135
47038
46865
46675
46119
46326
46754
46657
46659
46391
46507
46449
46553
46022
46506
46381
46466
46685
46462
46650
46466
46697
46582
46779
46744
46348
46812
46255
46383
46500
46093
46221
46163
46249
46293
46979
45976
46011
45891
46218
46135
46273
46346
46225
46447
46400
46324
46292
46469
46140
46204
46169
46133
46618
46349
46437
46359
46547
46014
46358
46198
46149
46253
46218
46123
46296
46153
46308
46315
46234
45620
46325
46520
46228
46657
46574
46558
46701
46721
46718
46678
46700
46933
46829
46719
46765
47015
47264
47156
46791
47059
46920
46992
47145
46913
47309
47144
47104
46937
47039
47327
47096
47171
47131
47112
47251
47016
47072
47462
47121
47520
47234
47378
47301
47419
47719
47335
47460
47384
47762
47537
47512
47550
47421
47343
47340
47315
47807
47577
47591
47630
47598
47681
47582
47621
47629
47559
47928
47480
47569
47737
47872
47761
47775
47855
47787
47796
47819
47430
47382
47499
47468
47375
47627
47531
47687
47731
47598
47519
47490
47442
47895
47545
47710
47533
47538
47699
47602
47515
47862
47411
47653
47283
47818
47531
47602
47728
47822
47866
47957
47720
47611
47563
48024
47640
47571
47838
47597
47999
47626
47568
47769
47566
47570
47611
