1110
1128
1124
1095
1126
1180
1128
1171
1139
1109
1108
1121
1131
1135
1132
1116
1155
1124
1122
1141
1120
1160
1135
1138
1130
1066
1053
1107
1110
1144
1144
1156
1130
1040
1072
1117
1129
1125
1115
1121
1117
1163
1141
1154
1134
1160
1122
1151
1140
1156
1102
1150
1140
1144
1134
1129
1200
1131
1146
1122
1148
1154
1150
1125
1177
1176
1160
1165
1155
1170
1164
1189
1198
1224
1197
1206
1157
1126
1192
1201
1230
1246
1236
1246
1244
1231
1241
1235
1278
1275
1350
1295
1259
1312
1327
1350
1325
1329
1323
1304
1331
1313
1313
1325
1309
1294
1294
1280
1276
1293
1276
1257
1306
1341
1345
1306
1296
1337
1318
1294
1291
1358
1259
1292
1331
1349
1359
1321
1323
1311
1349
1360
1402
1349
1367
1430
1418
1428
1435
1448
1421
1443
1450
1478
1502
1499
1485
1461
1479
1506
1447
1420
1449
1461
1438
1475
1494
1509
1522
1497
1519
1503
1544
1501
1499
1491
1504
1530
1581
1538
1514
1527
1525
1496
1532
1544
1523
1495
1561
1587
1603
1606
1605
1567
1589
1569
1576
1569
1526
1540
1578
1570
1547
1507
1537
1539
1589
1592
1607
1568
1622
1609
1603
1627
1591
1623
1651
1580
1600
1567
1583
1614
1603
1585
1575
1577
1611
1589
1543
1566
1548
1598
1556
1594
1574
1527
1590
1619
1556
1533
1515
1541
1502
1600
1608
1571
1571
1540
1507
1546
1518
1550
1562
1546
1552
1533
1511
1518
1533
1549
1563
1557
1531
1554
1594
1567
1592
1586
1612
1601
1608
1589
1573
1550
1629
1639
1576
1618
1658
1641
1609
1603
1628
1546
1572
1601
1636
1630
1629
1660
1637
1620
1579
1600
1636
1596
1626
1616
1573
1528
1595
1627
1586
1592
1621
1649
1593
1578
1545
1512
1551
1502
1531
1532
1519
1511
1484
1537
1558
1541
1555
1509
1549
1553
1541
1480
1464
1540
1463
1491
1500
1544
1530
1538
1498
1467
1456
1490
1441
1506
1468
1514
1501
1485
1518
1529
1470
1462
1462
1483
1491
1421
1363
1393
1383
1381
1375
1375
1375
1365
1352
1355
1333
1394
1306
1336
1304
1351
1349
1375
1369
1333
1318
1323
1297
1330
1317
1321
1288
1297
1308
1265
1286
1285
1254
1258
1250
1247
1304
1306
1241
1234
1257
1269
1278
1300
1289
1270
1249
1272
1305
1345
1303
1321
1295
1269
1306
1303
1319
1310
1327
1304
1289
1262
1292
1314
1282
1327
1333
1323
1313
1361
1343
1336
1383
1370
1336
1329
1286
1305
1355
1335
1340
1290
1264
1341
1322
1340
1285
1284
1313
1348
1362
1395
1350
1377
1350
1355
1341
1372
1310
1393
1380
1358
1365
1371
1417
1417
1412
1416
1405
1390
1408
1417
1379
1416
1401
1420
1405
1386
1411
1407
1431
1436
1450
1475
1440
1432
1445
1409
1406
1429
1443
1451
1486
1470
1470
1533
1474
1503
1513
1480
1504
1467
1498
1531
1554
1509
1502
1493
1509
1509
1470
1464
1459
1486
1492
1498
1468
1456
1448
1451
1432
1442
1449
1411
1411
1431
1457
1467
1453
1429
1408
1392
1434
1431
1398
1384
1380
1373
1384
1337
1349
1302
1353
1343
1341
1362
1361
1347
1397
1362
1386
1393
1403
1416
1410
1409
1380
1364
1381
1329
1310
1272
1315
1367
1334
1310
1300
1302
1331
1305
1290
1284
1306
1300
1270
1246
1237
1260
1234
1274
1316
1268
1266
1310
1311
1326
1299
1301
1272
1297
1284
1290
1314
1319
1319
1322
1300
1302
1331
1328
1294
1312
1332
1301
1316
1314
1315
1317
1328
1369
1375
1378
1330
1357
1338
1397
1355
1345
1366
1351
1346
1353
1369
1386
1383
1357
1332
1385
1354
1393
1393
1393
1391
1388
1391
1384
1393
1404
1402
1351
1370
1406
1392
1358
1355
1332
1362
1349
1361
1376
1334
1304
1294
1270
1311
1285
1287
1292
1265
1304
1276
1313
1322
1331
1327
1359
1323
1342
1343
1383
1372
1397
1378
1388
1388
1396
1364
1370
1373
1321
1370
1343
1345
1370
1344
1361
1364
1386
1354
1350
1347
1320
1319
1393
1346
1361
1320
1293
1344
1363
1330
1345
1328
1363
1357
1324
1352
1375
1325
1391
1365
1393
1412
1422
1402
1434
1425
1421
1421
1419
1434
1434
1419
1406
1390
1433
1403
1398
1449
1406
1396
1398
1378
1424
1422
1412
1402
1384
1391
1375
1399
1427
1416
1414
1413
1373
1380
1429
1428
1409
1430
1447
1403
1462
1405
1419
1436
1397
1419
1414
1417
1424
1425
1416
1445
1413
1436
1389
1434
1410
1391
1411
1408
1383
1422
1434
1398
1401
1426
1434
1459
1421
1438
1432
1411
1433
1404
1406
1381
1372
1371
1418
1400
1383
1402
1347
1347
1333
1318
1327
1284
1311
1328
1320
1291
1322
1322
1325
1343
1294
1285
1279
1259
1225
1192
1207
1230
1236
1195
1177
1210
1159
1146
1117
1134
1165
1218
1222
1276
1306
1351
1295
1285
1289
1318
1293
1260
1264
1265
1250
1254
1216
1217
1182
1194
1170
1160
1194
1178
1213
1166
1195
1162
1181
1156
1153
1150
1157
1143
1127
1110
1135
1117
1099
1074
1091
1086
1134
1065
1070
1091
1110
1143
1101
1082
1092
1087
1075
1090
1080
1093
1119
1142
1114
1116
1095
1084
1112
1098
1074
1067
1072
1060
1065
1071
1083
1084
1092
1056
1087
1034
1081
1044
1051
1058
1033
1004
1001
1047
1042
1015
1036
1011
1038
1014
996
995
977
949
1001
1008
1041
1026
1037
1011
1023
1051
1086
1098
1135
1105
1098
1189
1173
1174
1219
1202
1267
1266
1235
1221
1181
1242
1302
1315
1302
1312
1309
1263
1309
1268
1269
1257
1232
1275
1276
1226
1228
1204
1187
1224
1187
1215
1144
1179
1148
1169
1165
1138
1149
1132
1157
1157
1149
1168
1121
1143
1153
1147
1199
1221
1233
1239
1215
1184
1188
1149
1183
1205
1223
1210
1237
1275
1260
1257
1266
1304
1274
1280
1298
1347
1316
1306
1329
1345
1328
1360
1366
1379
1379
1392
1409
1429
1381
1387
1352
1321
1359
1374
1388
1335
1348
1353
1316
1374
1362
1349
1393
1353
1347
1381
1421
1410
1417
1387
1387
1421
1388
1387
1394
1404
1424
1411
1427
1440
1398
1421
1390
1393
1407
1463
1411
1437
1399
1459
1413
1442
1434
1411
1418
1431
1419
1423
1381
1340
1382
1362
1400
1400
1413
1373
1349
1401
1396
1392
1383
1453
1385
1392
1391
1392
1372
1386
1348
1381
1373
1387
1394
1344
1373
1354
1346
1339
1334
1333
1325
1343
1319
1347
1332
1362
1325
1314
1305
1340
1349
1366
1354
1329
1350
1356
1333
1379
1373
1397
1398
1378
1430
1384
1397
1373
1360
1391
1383
1419
1374
1393
1353
1368
1366
1365
1355
1336
1321
1339
1358
1378
1337
1334
1323
1334
1304
1320
1327
1330
1325
1349
1310
1296
1320
1306
1313
1385
1333
1339
1358
1349
1354
1387
1389
1374
1372
1397
1387
1405
1407
1416
1427
1423
1418
1424
1428
1436
1447
1468
1427
1512
1467
1468
1480
1507
1503
1448
1485
1435
1429
1445
1414
1424
1412
1383
1387
1440
1396
1429
1435
1429
