47385      5211
47831      5199
47520      5204
47625      5192
47295      5181
47409      5182
47829      5147
47452      5118
47450      5125
47724      5120
47454      5099
47556      5087
48047      5113
47400      5070
47754      5087
47775      5068
47535      5094
47515      5014
47941      5062
47806      4988
47721      4998
47866      4978
47987      4929
47725      4916
47652      4905
47597      4956
47786      5021
47910      4969
47860      4964
47767      4862
47696      4878
47785      4921
47723      4887
47943      4887
48040      4881
47877      4874
48111      4841
48203      4893
48319      4862
48219      4834
48118      4769
48224      4703
48194      4728
48391      4718
48062      4711
48399      4666
48219      4644
