0.0355598 0.323354
0.0347892 0.320062
0.0344907 0.31495
0.0347927 0.319145
0.0346971 0.316734
0.0344871 0.315515
0.0346443 0.321935
0.0345191 0.320047
0.0339094 0.313951
0.0337356 0.314453
0.0343069 0.319278
0.0337076 0.315117
0.0340708 0.320164
0.0341561 0.319329
0.0337773 0.317083
0.034202 0.322415
0.0343536 0.320573
0.0346417 0.328281
0.0348136 0.329712
0.0332176 0.318364
0.0335492 0.320328
0.033364 0.320812
0.0328006 0.319335
0.0335883 0.326078
0.0330311 0.320897
0.0333634 0.32042
0.0332524 0.316471
0.032728 0.315556
0.0330965 0.319097
0.0330772 0.324969
0.0335039 0.327593
0.0337344 0.327576
0.0331496 0.323716
0.0332478 0.326171
0.032348 0.318377
0.0323537 0.317809
0.0317599 0.315637
0.0317615 0.312896
0.0307539 0.305636
0.0315851 0.31506
0.0306954 0.309709
0.0310841 0.318733
0.0311657 0.317682
0.0307289 0.315176
0.0313345 0.319677
0.031261 0.324261
0.0315228 0.327304
