1183
1128
1113
1154
1167
1180
1153
1175
1153
1162
1191
1175
1183
1196
1222
1188
1197
1172
1222
1199
1163
1193
1174
1158
1150
1106
1108
1163
1172
1204
1210
1222
1194
1211
1188
1193
1238
1237
1229
1228
1268
1295
1255
1235
1216
1253
1268
1254
1187
1199
1191
1180
1178
1231
1199
1224
1242
1249
1217
1237
1239
1238
1232
1235
1265
1214
1231
1229
1206
1221
1237
1222
1227
1203
1216
1210
1188
1207
1157
1223
1205
1206
1237
1221
1185
1213
1169
1172
1170
1129
1151
1129
1112
1079
1088
1123
1078
1105
1095
1119
1140
1118
1141
1142
1125
1129
1133
1140
1163
1169
1153
1144
1125
1167
1148
1138
1110
1107
1106
1123
1110
1114
1083
1154
1166
1155
1154
1192
1150
1139
1111
1116
1130
1149
1172
1142
1139
1142
1161
1119
1147
1141
1136
1134
1129
1120
1145
1119
1138
1133
1144
1101
1102
1122
1097
1092
1053
1114
1067
1102
1160
1121
1106
1105
1098
1105
1068
1096
1118
1077
1081
1065
1060
1107
1117
1094
1039
1101
1062
1050
1048
1038
1080
1109
1032
1047
1073
1062
1048
1035
1067
1065
1106
1095
1097
1097
1071
1093
1069
1049
1059
1073
1081
1100
1085
1088
1068
1081
1072
1077
1072
1072
1061
1081
1096
1099
1103
1081
1110
1049
1073
1111
1044
1077
1026
1082
1044
1009
1021
1012
995
1008
1010
1023
959
973
947
958
982
993
1004
1014
1028
1047
986
1006
1005
1040
1044
1028
1009
1021
971
992
959
1012
1015
1048
993
992
1025
1012
992
942
995
1010
1019
963
952
968
958
964
961
954
962
951
1010
929
912
931
900
920
948
927
908
933
872
891
876
897
920
877
886
876
893
867
908
881
885
897
846
841
817
865
871
869
868
868
860
899
905
918
832
863
892
900
899
911
904
907
882
838
869
906
877
909
837
857
885
902
864
853
861
859
858
846
843
890
860
916
898
908
883
910
862
910
877
855
870
867
868
875
837
871
876
896
918
908
903
882
908
907
901
903
889
880
863
885
845
835
846
845
844
835
836
867
820
833
830
834
821
836
839
857
862
852
848
831
847
853
886
920
882
896
883
909
934
881
896
934
949
958
904
927
935
956
895
916
946
923
933
954
929
917
865
876
902
886
889
877
890
916
919
945
954
982
950
950
937
868
916
919
941
884
913
970
927
931
997
927
927
990
1008
1015
1011
1007
1024
1058
1054
1053
1075
1072
1133
1114
1103
1112
1100
1117
1111
1100
1129
1109
1155
1150
1172
1150
1221
1206
1195
1145
1170
1150
1160
1148
1188
1168
1196
1190
1242
1278
1265
1282
1248
1236
1250
1281
1291
1315
1299
1327
1298
1338
1324
1374
1376
1378
1309
1328
1308
1300
1287
1307
1364
1376
1432
1474
1454
1416
1424
1432
1408
1487
1493
1476
1451
1432
1478
1448
1400
1345
1302
1339
1260
1267
1291
1303
1330
1331
1265
1315
1322
1309
1240
1202
1268
1244
1244
1217
1195
1209
1202
1247
1215
1227
1245
1268
1269
1253
1263
1245
1240
1319
1301
1281
1197
1230
1209
1248
1203
1205
1208
1270
1265
1278
1234
1250
1277
1347
1346
1337
1386
1370
1368
1369
1378
1345
1349
1329
1288
1309
1295
1230
1218
1205
1214
1230
1214
1206
1232
1219
1175
1206
1199
1167
1208
1211
1223
1204
1238
1253
1199
1199
1247
1250
1247
1233
1205
1220
1229
1198
1203
1175
1225
1179
1147
1177
1180
1201
1174
1170
1151
1148
1139
1106
1118
1142
1151
1187
1190
1161
1138
1165
1132
1162
1144
1108
1096
1031
1098
1089
1076
1088
1090
1049
1072
1082
1087
1072
1090
1073
1052
1063
1055
1102
1093
1076
1093
1089
1054
1058
1069
1083
1064
1052
1101
1075
1072
1089
1109
1100
1098
1111
1129
1121
1125
1115
1141
1128
1115
1112
1125
1127
1126
1114
1077
1069
1083
1081
1123
1107
1083
1117
1167
1225
1191
1215
1231
1253
1292
1274
1269
1277
1278
1302
1275
1264
1283
1228
1241
1230
1234
1215
1239
1248
1281
1263
1241
1229
1246
1225
1228
1229
1238
1284
1274
1295
1344
1294
1333
1303
1316
1313
1297
1278
1252
1266
1256
1257
1298
1302
1294
1303
1347
1341
1303
1260
1315
1272
1191
1230
1216
1213
1232
1225
1175
1191
1137
1157
1199
1173
1176
1167
1165
1161
1163
1158
1153
1108
1141
1163
1226
1181
1167
1213
1140
1168
1210
1218
1263
1293
1214
1212
1199
1211
1133
1145
1147
1142
1174
1161
1120
1148
1138
1122
1131
1117
1129
1163
1169
1155
1158
1117
1160
1155
1173
1164
1152
1142
1138
1150
1148
1139
1145
1060
1104
1118
1114
1137
1112
1101
1089
1092
1062
1022
1062
1051
1090
1049
1073
1088
1075
1040
1054
1057
1096
1086
1067
1039
1013
1042
1072
1063
1085
1051
1105
1100
1090
1072
1032
1067
1079
1076
1066
1034
1032
1046
1032
1077
1063
1072
1100
1101
1099
1071
1063
1052
1069
1095
1105
1098
1099
1064
1077
1069
1058
1113
1088
1070
1016
998
1040
1047
1085
1095
1073
1088
1077
1099
1059
1020
1058
1044
1050
1018
1037
1028
1067
1059
1021
1038
983
1021
1071
1057
1011
990
1006
1042
1020
1027
990
952
925
937
854
893
902
932
909
909
964
968
955
974
937
950
953
944
896
894
894
840
838
852
917
894
855
871
886
887
877
848
897
884
897
918
931
889
875
848
846
870
852
791
803
795
813
833
876
910
913
966
957
981
965
991
941
929
908
919
904
880
924
920
925
940
955
947
951
928
886
922
891
940
924
912
880
948
932
924
914
908
898
865
911
879
894
926
982
986
1043
1053
1056
1084
1138
1116
1071
1143
1118
1176
1146
1099
1123
1108
1063
1109
1094
1060
1081
1060
1099
1102
1108
1117
1180
1148
1093
1096
1034
1019
975
948
961
960
1022
1049
1069
1072
1113
1127
1128
1130
1102
1110
1080
1134
1102
1105
1138
1138
1119
1121
1090
1108
1123
1063
1083
1065
1069
1073
1083
1147
1147
1133
1160
1141
1143
1154
1157
1169
1168
1148
1149
1184
1217
1239
1174
1178
1188
1191
1207
1217
1182
1197
1212
1194
1206
1198
1212
1167
1178
1179
1157
1159
1179
1141
1151
1186
1145
1146
1205
1121
1172
1255
1274
1223
1179
1122
1117
1129
1155
1134
1127
1082
1126
1116
1095
1083
1044
1116
1060
1030
1046
1065
1010
995
1012
999
975
1039
1028
986
1051
1033
1087
1057
1090
1106
1059
1074
1050
1088
1076
1068
1046
1040
1043
1069
1051
1015
1085
1021
1033
982
966
947
929
886
879
871
896
889
928
931
936
936
981
967
962
947
929
924
889
881
882
873
871
879
853
863
846
832
843
829
850
867
841
864
893
892
883
889
944
912
931
898
926
912
935
917
931
933
915
916
917
909
895
935
898
908
921
908
912
930
914
924
902
912
923
902
907
907
902
899
908
902
898
894
905
891
881
892
878
893
899
884
880
891
879
866
882
894
856
868
862
866
857
824
822
821
845
834
857
829
821
831
837
839
813
828
828
839
837
836
826
846
835
825
