14236
13770
13590
13600
13604
13650
13755
13789
13809
13761
13928
13932
13952
13976
13882
13731
13765
13764
13795
13722
13731
13720
13712
13911
13840
13859
14031
14040
13967
13975
13956
13853
13934
14056
13809
13908
13949
14099
14107
14279
14302
14365
14300
14383
14349
14314
14272
14218
14259
14360
14329
14222
14195
14138
14205
14172
14272
14256
14389
14461
14408
14286
14339
14378
14365
14298
14261
14294
14128
14026
13965
13900
14009
13948
13947
13899
13908
13874
13902
13855
13681
13705
13646
13502
13399
13268
13407
13474
13544
13621
13419
13380
13404
13439
13507
13393
13330
13207
13181
13226
13222
13243
13232
13184
13144
13032
13037
13163
13315
13239
13232
13376
13311
13401
13309
13381
13202
13123
13221
13207
13256
13251
13187
13111
13153
13136
13094
13153
13129
13185
13204
13298
13192
13053
12987
13023
12946
12991
13048
13017
13117
13128
13157
13119
13162
13137
13188
13138
13009
12930
12959
12983
13081
12946
13016
13154
13173
13089
13049
13045
13129
13078
13044
13082
13129
13002
13128
13124
13039
13062
13022
13014
13070
13160
13108
13228
13133
13135
13039
13023
13044
13051
13042
13017
13089
13136
13045
13209
13139
13074
13124
13103
13076
13170
13181
13076
12973
12840
12911
12896
12950
12811
12937
13028
13035
13074
12921
12844
12955
12862
12913
12936
12878
12935
12956
12829
12875
13014
13064
13003
12934
12940
12934
13026
12901
12920
12943
13091
12993
12981
12989
13067
12972
13019
12991
12939
13071
13038
13010
12963
12989
12913
12814
12869
12829
12883
12813
12857
12797
12825
12908
12844
12752
12698
12864
12936
13066
12944
13074
12924
12966
12884
12903
12922
12877
12842
12792
12883
12810
12851
12772
12701
12666
12531
12448
12447
12322
12321
12327
12115
12101
12088
12011
11979
11920
11917
11820
11770
11642
11712
11616
11569
11451
11379
11261
11117
11195
11106
11056
11126
11014
11027
10905
11027
10992
10881
10750
10702
10695
10732
10782
10812
10647
10656
10580
10520
10469
10357
10326
10196
10244
10252
10238
10178
10188
10217
10157
10064
10093
10074
10047
9945
9933
9910
9819
9735
9797
9837
9803
9750
9910
9708
9651
9606
9676
9624
9656
9700
9816
9758
9652
9648
9519
9484
9640
9606
9594
9552
9549
9493
9516
9533
9532
9550
9504
9468
9466
9483
9445
9441
9379
9330
9335
9376
9327
9336
9413
9302
9333
9342
9237
9267
9265
9271
9183
9294
9194
9128
9091
9146
9102
9169
9206
9082
9078
9024
8936
8953
8901
8838
8857
8837
8836
8687
8805
8793
8739
8784
8661
8571
8623
8617
8713
8645
8499
8569
8490
8542
8582
8555
8471
8461
8479
8412
8347
8286
8190
8281
8275
8316
8181
8139
8043
7999
8002
7966
8020
7838
7663
7698
7621
7672
7620
7652
7595
7520
7450
7508
7481
7494
7396
7407
7370
7376
7340
7396
7414
7461
7594
7592
7535
7583
7743
7782
7753
7717
7589
7536
7488
7411
7427
7356
7423
7389
7359
7338
7397
7396
7385
7440
7521
7564
7557
7621
7637
7629
7736
7961
7903
7882
7912
7808
7906
8020
8061
8093
8076
8015
8115
8300
8391
8324
8329
8427
8390
8545
8542
8502
8450
8500
8622
8682
8808
8764
8904
8972
9155
9086
8923
8882
9009
9081
9213
9221
9139
9085
9123
9133
8977
9076
9072
9185
9277
9216
9130
9040
8981
8666
8798
8843
8702
8698
8721
8763
8738
8699
8571
8453
8571
8512
8487
8519
8606
8403
8176
8135
8232
8416
8422
8336
8513
8497
8350
8182
8530
8447
8537
8544
8491
8660
8716
8866
8766
8913
8820
9006
9032
9140
9091
9157
9164
9176
9308
9317
9319
9383
9440
9406
9358
9501
9512
9239
9362
9486
9680
9770
9609
9577
9765
9735
9693
9681
9677
9672
9774
9813
9825
9582
9651
9835
9809
9876
10027
9970
10208
10210
10189
10039
10115
10185
10296
10219
10260
10143
10218
10176
10031
10024
9914
9862
9859
9898
9696
9605
9694
9602
9604
9498
9612
9595
9495
9402
9571
9759
9629
9592
9499
9462
9646
9629
9547
9593
9539
9483
9562
9646
9835
9568
9683
9710
9745
9747
9695
9581
9558
9550
9729
9738
9512
9677
9732
9675
9845
9940
9850
9891
9904
9882
9835
10045
9956
9859
9920
10047
10105
10080
10180
10193
10130
10151
10102
10244
10119
10265
10219
10138
10182
10190
10063
10240
10168
10226
10096
10198
10082
10037
9922
10185
10309
10131
10230
10207
10278
10179
10259
10177
10211
10233
10191
10151
10102
10032
10103
10243
10116
9962
9889
9894
9943
10017
10031
10011
10048
10064
10048
10038
10025
10018
10137
10025
10145
10068
10121
10346
10154
10349
10234
10088
10403
10269
10182
10164
10330
10629
10241
10163
10084
10216
10198
10222
10376
10235
10374
10235
10387
10270
10449
10337
10404
10355
10423
10686
10568
10313
10154
10311
10383
10572
10566
10464
10432
10566
10558
10415
10505
10505
10378
10458
10156
10199
10217
9936
9970
10066
10171
10050
9848
9862
10217
9863
9947
10302
10080
10162
10057
10305
10303
10270
10335
10454
10368
10144
10178
10266
10292
10274
10317
10291
10217
10259
10153
10097
10170
9927
10048
9973
9872
9776
9677
9680
9491
9652
9611
9623
9668
9645
9819
10024
9824
9756
9838
9840
9847
9642
9761
9797
9759
9598
9798
9741
9726
9781
9735
9721
9662
9791
9546
9652
9645
9775
9748
9821
9930
9914
9910
9911
9769
9898
9643
9751
9647
9707
9769
9938
9837
9759
9848
9679
9927
9982
9809
9711
9626
9570
9564
9498
9596
9565
9600
9410
9479
9399
9407
9479
9399
9450
9501
9300
9332
9360
9221
9162
9086
9182
9276
9056
9009
8967
8798
8673
8710
8629
8502
8277
8443
8478
8498
8386
8347
8283
8391
8427
8290
8510
8418
8287
8406
8347
8398
8118
8069
8080
8106
8062
7862
7888
7852
7788
7841
7847
7899
8007
7805
7796
7778
7921
7914
7874
7825
7908
7964
7929
7857
7674
7694
7730
7621
7612
7630
7623
7716
7720
7949
8080
7853
7933
7695
7838
7789
7903
8049
7938
8122
7981
8093
8158
8102
8169
7997
8136
8180
8285
8225
8334
8534
8351
8447
8524
8606
8741
8684
8646
8873
9028
8966
9095
9134
9009
9218
9046
9205
9535
9240
9558
9637
9806
9693
9871
9795
9837
9783
9712
9703
9550
9462
9481
9599
9534
9534
9642
9618
9614
9792
9900
9963
10230
10237
10209
10153
10074
9844
9749
9746
9783
9704
9805
9875
10143
9933
10173
9987
9884
9982
10086
10098
9872
9976
9904
10018
9849
10074
9972
10112
10081
9827
10006
9876
9879
10102
9928
9852
10231
10135
10010
10172
10095
10445
10080
10292
10115
10249
10366
10120
10305
10133
10111
10111
10062
10117
10184
10189
9923
10012
9920
9894
9988
9976
9893
9864
9805
9683
9771
9708
9783
9777
9884
9830
9970
9905
9974
9832
10136
10173
10294
10384
10274
10219
10122
10374
10169
10157
10199
10277
10073
10125
10289
10183
10224
10102
9928
9900
9962
9845
9791
9901
9745
9901
9803
9747
9707
9727
9711
9511
9604
9575
9446
9479
9463
9652
9599
9646
9724
9689
9577
9725
9811
9773
9688
9706
9450
9465
9433
9377
9215
9024
9131
9061
9027
8985
9045
9000
9006
8942
8852
8839
8758
8800
8783
8852
8727
8665
8708
8668
8643
8666
8600
8609
8595
8533
8516
8487
8548
8402
8393
8349
8346
8289
8286
8149
8091
8205
8256
8174
8082
8224
8186
8163
8094
8160
8194
8180
8174
8154
8163
8137
8148
8156
8248
8225
8161
8204
8092
8156
8251
8195
8179
8170
8179
8248
8208
8203
8183
8099
8154
8130
8200
8153
8159
8117
8173
8139
8136
8142
8138
8163
8161
8219
8156
8165
8126
8169
8147
8121
8128
8127
8162
8153
8222
8160
8150
8177
8210
8209
8168
8139
8185
8184
8148
8169
8175
8196
8169
8182
8176
8157
8143
8170
8166
