0.0259646 0.0830992
0.0255597 0.0819172
0.0252576 0.0818985
0.0256148 0.0848529
0.0254055 0.0857836
0.0253862 0.0864469
0.024839 0.0838241
0.025138 0.0852128
0.0245612 0.0834963
0.0249774 0.0844415
0.0254836 0.0855112
0.0251719 0.0843382
0.02526 0.0847907
0.0255158 0.0855753
0.0262198 0.0880277
0.0253955 0.0865196
0.0255797 0.0869597
0.0249272 0.0851497
0.0261039 0.0885828
0.0257164 0.0873779
0.0248297 0.0846989
0.0254122 0.0869533
0.025158 0.0856184
0.0248722 0.0832435
0.0248778 0.0830925
0.0242949 0.0798037
0.0244575 0.078968
0.0258542 0.0828348
0.0262286 0.0839121
0.0270398 0.0861538
0.0274059 0.0867011
0.0275604 0.0882119
0.0270026 0.0856897
0.027358 0.0861554
0.0267441 0.0860308
0.0269185 0.085778
0.0278659 0.0887519
0.0275268 0.0877367
0.0272101 0.0871199
0.0268222 0.0860004
0.0275431 0.0886589
0.0279655 0.0901497
0.0272276 0.0877622
0.0267693 0.0858653
0.0262624 0.0847446
0.0271083 0.0875367
0.0273252 0.0888453
0.0271699 0.0881981
0.025696 0.0832457
0.0257844 0.0834958
0.0256443 0.0831182
0.0254981 0.08297
0.0253852 0.082987
0.026517 0.0870703
0.0258349 0.0844069
0.0262779 0.0863675
0.0267667 0.0870235
0.0268816 0.0876122
0.0263426 0.0845785
0.0264894 0.0855404
0.0266463 0.0859939
0.0265968 0.0866583
0.0265397 0.0859195
0.0263658 0.0858951
0.026997 0.0880613
0.0259724 0.084907
0.026375 0.0863193
0.0264267 0.0859801
0.0259026 0.0853624
0.026218 0.0870526
0.0265263 0.0885786
0.0264405 0.0879137
0.0264098 0.0875866
0.0257712 0.0862489
0.0260838 0.0871872
0.0259373 0.0870566
0.0256167 0.0854185
0.0259013 0.0869973
0.0247906 0.0832254
0.0261565 0.0882714
0.0258528 0.0880784
0.0257379 0.0879971
0.0264911 0.0906493
0.0261764 0.090431
0.0253156 0.0884394
0.0258189 0.091423
0.0248935 0.0871933
0.0249346 0.0869823
0.0250353 0.0863851
0.0241296 0.0828867
0.0245081 0.0857739
0.0240111 0.0843797
0.0237186 0.0829603
0.0229267 0.0802887
0.0232216 0.0805508
0.0238495 0.0838498
0.0228802 0.0808702
0.0234647 0.0836678
0.0232776 0.0830741
0.0237257 0.0846061
0.0242703 0.0862199
0.023771 0.084422
0.0243361 0.0862304
0.0242082 0.0866201
0.0238626 0.0855904
0.0239988 0.0866329
0.024047 0.0869065
0.0240776 0.0866064
0.0247089 0.0873451
0.0247843 0.0882997
0.0245774 0.0871372
0.0243622 0.0855263
0.0239882 0.0845166
0.0247445 0.0870831
0.0243334 0.0862574
0.0241927 0.085046
0.0234662 0.0840782
0.0234778 0.0843557
0.0233363 0.0836548
0.0238181 0.0850307
0.0234742 0.0837357
0.023512 0.0840691
0.0228761 0.0821263
0.0244372 0.0880177
0.0247034 0.088649
0.0243763 0.0879263
0.0244704 0.088132
0.0251323 0.0906257
0.0242457 0.0875924
0.024024 0.086386
0.0234433 0.0841412
0.0235433 0.0839224
0.0238966 0.085658
0.024382 0.0880257
0.0248875 0.0902441
0.0242082 0.087691
0.0242407 0.0879808
0.0243492 0.087907
0.0244994 0.0889792
0.0236061 0.0859645
0.0241149 0.0874438
0.0240641 0.0869135
0.0240276 0.0863419
0.0239508 0.0864395
0.0238972 0.0857772
0.0235804 0.0852554
0.0241368 0.0868214
0.0236906 0.0851728
0.0241066 0.0874779
0.024047 0.0876257
0.0241355 0.0882784
0.0232156 0.0848032
0.0231717 0.0842443
0.0237074 0.0866677
0.0231376 0.0842809
0.0230093 0.0830166
0.0222203 0.0799362
0.0234932 0.0851096
0.0225629 0.0817687
0.023404 0.0844768
0.0243867 0.088354
0.0235911 0.0857165
0.0233019 0.0847899
0.0233759 0.0844672
0.0232484 0.0836317
0.0232975 0.0849869
0.0225374 0.0813528
0.023017 0.0835111
0.0235279 0.0857428
0.0226832 0.0824529
0.0228677 0.0830134
0.0224083 0.0818349
0.0223388 0.0811018
0.0232075 0.0841185
0.0234995 0.0852151
0.0229755 0.0827034
0.0218764 0.0791137
0.0230711 0.0838218
0.0222847 0.081448
0.022044 0.0806266
0.0220002 0.0803435
0.0218462 0.0795341
0.0227015 0.0828094
0.0232724 0.0851963
0.0216994 0.0788448
0.021981 0.0797046
0.0225103 0.0822537
0.0222782 0.0803997
0.0221088 0.0797625
0.0218157 0.0791648
0.0223334 0.0813014
0.0223355 0.0812791
0.023295 0.0845824
0.0230473 0.0831435
0.023054 0.0832259
0.0229455 0.0838942
0.0225274 0.0825561
0.022902 0.0851246
0.0225119 0.0827976
0.022017 0.0813431
0.0221007 0.0817761
0.02262 0.0837561
0.0226748 0.0835588
0.0229449 0.0844335
0.0227831 0.0832374
0.0227468 0.0832186
0.0223698 0.0826561
0.0226734 0.0841638
0.0223194 0.082748
0.022409 0.083735
0.0222878 0.0830171
0.0224865 0.0828695
0.0221129 0.0823886
0.022599 0.0835717
0.0228571 0.084594
0.0229221 0.0856653
0.0230536 0.0856699
0.0225373 0.0830644
0.0231486 0.0849663
0.0219621 0.0806737
0.0224651 0.0829596
0.0232165 0.0858578
0.0218068 0.0807175
0.0223913 0.0826808
0.0213714 0.0795287
0.0225421 0.0837461
0.0217582 0.0806614
0.0211017 0.0770759
0.0213737 0.0785808
0.0210364 0.0779601
0.0206642 0.0766033
0.0209272 0.0771409
0.0210526 0.07786
0.0211473 0.0785775
0.0200758 0.0738203
0.0202725 0.075199
0.0196604 0.0724505
0.0200075 0.0734775
0.0203271 0.0754804
0.0207061 0.0766026
0.0208554 0.0772962
0.0211079 0.0785255
0.0213641 0.0802248
0.0217495 0.0813583
0.0205614 0.0768571
0.0209339 0.0780874
0.0210119 0.078436
0.0215508 0.0808898
0.0216001 0.0815816
0.0213699 0.0801559
0.0210568 0.0781686
0.0211265 0.0794924
0.0201976 0.0761449
0.0206288 0.0781225
0.0199992 0.0745491
0.0210434 0.0782313
0.0209132 0.0776825
0.0216878 0.0809642
0.0206488 0.0759523
0.0205916 0.0767564
0.0212431 0.0790529
0.0209789 0.078547
0.0205345 0.0768813
0.0195209 0.0728989
0.0205863 0.0772695
0.0209361 0.0786482
0.0211811 0.0796592
0.0200337 0.0747497
0.0197979 0.0743169
0.0201189 0.0753249
0.0198957 0.0750078
0.0200725 0.0758995
0.0199684 0.0758724
0.0197291 0.0761312
0.0198978 0.0772815
0.0198278 0.076404
0.0208363 0.0819672
0.0192791 0.0753997
0.0189377 0.0739839
0.0192698 0.0768469
0.0187134 0.074374
0.0190114 0.0761085
0.0195965 0.0789277
0.0192324 0.0773854
0.0188226 0.0761745
0.0191754 0.0782915
0.0181417 0.0737733
0.0183772 0.0757009
0.0181397 0.0752448
0.0185503 0.0765881
0.0191026 0.0792011
0.0180453 0.075806
0.0182824 0.0773732
0.0179725 0.0769839
0.0183817 0.0793002
0.017801 0.0779887
0.0186547 0.0811076
0.0181171 0.0793265
0.0181449 0.080047
0.0183043 0.080622
0.017367 0.0768113
0.0173006 0.0762673
0.0168767 0.0749198
0.0178712 0.0784438
0.0178692 0.0792395
0.0177841 0.079864
0.017912 0.0807442
0.0179465 0.0811063
0.0177254 0.0804114
0.018395 0.0837682
0.018514 0.0839362
0.0188277 0.0849057
0.0170255 0.0781441
0.0176725 0.0809872
0.0182152 0.08431
0.0184559 0.0855513
0.018335 0.0858726
0.0186569 0.0879598
0.018481 0.087546
0.0184635 0.0889565
0.0180527 0.0860992
0.0171806 0.0817401
0.0177928 0.0848799
0.0184943 0.0890155
0.017939 0.0860817
0.018482 0.0889694
0.0170274 0.0824062
0.0174403 0.085155
0.0182226 0.0876845
0.0183576 0.0895374
0.0175154 0.0859958
0.0173342 0.0857717
0.0175829 0.0866808
0.0175003 0.0866801
0.0175378 0.0873816
0.0172298 0.0869029
0.0171743 0.0860467
0.0181937 0.0904747
0.0175238 0.0877282
0.0185986 0.0939487
0.0183933 0.0906155
0.0185503 0.0935311
0.0179217 0.0914931
0.0185593 0.0947325
0.0176937 0.0890864
0.0186163 0.0945553
0.0179401 0.0908244
0.0173883 0.0881443
0.0177063 0.0886308
0.0177098 0.0888502
0.0177818 0.0899296
0.0179032 0.0906924
0.0171197 0.0879294
0.0176484 0.0918389
0.0179284 0.0908714
0.0181862 0.093275
0.0187481 0.0956848
0.0185155 0.0950586
0.0183712 0.0945649
0.0179963 0.0929106
0.018559 0.0954182
0.0185678 0.0951432
0.01839 0.0945237
0.0184312 0.094555
0.0181325 0.0935396
0.0178931 0.0929447
0.0175596 0.0911684
0.0180255 0.0933249
0.0171615 0.0894653
0.0171236 0.088444
0.0173088 0.0902015
0.0172059 0.0905681
0.0172572 0.0904124
0.0169722 0.0890572
0.0169812 0.0896323
0.0176521 0.0928663
0.0167501 0.0871136
0.0169827 0.0895506
0.0168751 0.0889317
0.0169564 0.0892742
0.0167295 0.0888817
0.0171213 0.0902126
0.0171245 0.0905559
0.0174798 0.0924388
0.0175214 0.0938691
0.0173746 0.091672
0.0172769 0.0922341
0.0169429 0.0910386
0.0172628 0.0931691
0.0172306 0.0932648
0.0180052 0.0973412
0.0188085 0.100338
0.0179707 0.0958071
0.0182607 0.0986567
0.0179742 0.0972681
0.0185612 0.100731
0.0190112 0.104521
0.0179583 0.0984028
0.0182988 0.100663
0.019015 0.10568
0.0192733 0.107147
0.0194842 0.108408
0.018455 0.102309
0.0189369 0.106711
0.0191536 0.10619
0.0195114 0.108723
0.0182739 0.102414
0.018716 0.104281
0.0193345 0.109225
0.0189132 0.107689
0.0190443 0.108199
0.0194571 0.110711
0.0190361 0.106622
0.018699 0.106073
0.0176657 0.101777
0.0179435 0.102229
0.0183965 0.106243
0.0181145 0.103723
0.0182172 0.103589
0.0179441 0.102513
0.0182482 0.105064
0.0188629 0.108261
0.018842 0.108385
0.0193216 0.11234
0.0196082 0.114293
0.0201275 0.118513
0.01952 0.115995
0.0195312 0.11472
0.0192533 0.113233
0.0178241 0.104377
0.0189049 0.111967
0.0188966 0.112913
0.0195103 0.116996
0.0182622 0.110514
0.0188609 0.114096
0.0201224 0.121768
0.0192723 0.115586
0.0192818 0.11878
0.0205643 0.130106
0.0192423 0.120421
0.0193351 0.121638
0.0205518 0.129041
0.0210509 0.132283
0.0211361 0.132645
0.0211312 0.133114
0.021159 0.13391
0.0215574 0.13745
0.0222241 0.140916
0.0221498 0.14089
0.0221568 0.140512
0.0227191 0.145349
0.0225575 0.144728
0.0238456 0.153731
0.023514 0.15103
0.0233375 0.150272
0.0234951 0.150352
0.0232982 0.148368
0.0235183 0.149712
0.0235896 0.1463
0.0233491 0.144889
0.0238598 0.149834
0.0235237 0.146248
0.0244088 0.149167
0.0244566 0.147777
0.0249378 0.151167
0.0243458 0.149022
0.0258665 0.160891
0.0255563 0.160032
0.0254358 0.159589
0.0243353 0.1545
0.0246711 0.157533
0.0244811 0.156335
0.0246971 0.156271
0.0243081 0.155366
0.0252342 0.161435
0.0249386 0.159171
0.0254501 0.161687
0.0251783 0.160898
0.0265277 0.168179
0.0271811 0.171774
0.0268874 0.168196
0.0273202 0.169487
0.0267015 0.165145
0.0264583 0.162183
0.0269205 0.163677
0.0275822 0.167912
0.0277891 0.166882
0.0283999 0.16518
0.0280217 0.164368
0.0288271 0.168358
0.0283029 0.164055
0.0289141 0.171363
0.0288428 0.167468
0.0299457 0.171322
0.0296852 0.170698
0.0298333 0.170271
0.0284999 0.162085
0.0289356 0.165689
0.028423 0.161183
0.0281886 0.156627
0.0277502 0.153379
0.0283779 0.157016
0.029474 0.163765
0.0296143 0.163285
0.0311582 0.170679
0.031922 0.172499
0.031429 0.170218
0.0304719 0.166549
0.0308827 0.168521
0.0307825 0.168471
0.0302828 0.163303
0.0318552 0.171274
0.0317781 0.169505
0.0316256 0.168416
0.0310753 0.16296
0.0304571 0.159608
0.0313302 0.161442
0.030923 0.159366
0.0300358 0.156898
0.0289378 0.15143
0.0278247 0.144522
0.0287407 0.147451
0.0267624 0.136763
0.0270547 0.137404
0.0275837 0.141263
0.0278359 0.143423
0.0287003 0.145785
0.0288501 0.145735
0.0273768 0.140916
0.0285144 0.144888
0.029299 0.145723
0.0288631 0.142515
0.0273272 0.133664
0.0262824 0.130425
0.027647 0.138883
0.027196 0.137611
0.0271473 0.138515
0.026597 0.140434
0.0260581 0.135826
0.0265755 0.136718
0.0263244 0.138129
0.0273585 0.143366
0.0266325 0.139319
0.0268249 0.140021
0.0275674 0.142481
0.0284413 0.145764
0.0284389 0.148057
0.027995 0.148231
0.028175 0.147357
0.0279386 0.146264
0.0283105 0.146106
0.0300826 0.15483
0.0295279 0.151174
0.0289073 0.152446
0.0262586 0.146404
0.0271218 0.151199
0.0267608 0.146866
0.0275175 0.148289
0.0262968 0.14284
0.026359 0.144554
0.026356 0.141901
0.0276381 0.149465
0.0276872 0.151497
0.0277717 0.156197
0.026612 0.144666
0.0268933 0.147982
0.0273852 0.149584
0.0287956 0.157654
0.0285061 0.158521
0.0280035 0.154388
0.029031 0.159018
0.028525 0.154523
0.0285309 0.156057
0.0284906 0.153596
0.0286046 0.156236
0.0280424 0.149345
0.0279829 0.149358
0.0276282 0.145405
0.0267904 0.141679
0.027093 0.142951
0.0269236 0.141314
0.0254658 0.134045
0.0252708 0.130855
0.0248921 0.129333
0.0251737 0.130271
0.0255808 0.131088
0.02505 0.128602
0.0249834 0.128216
0.0255947 0.131652
0.0253378 0.128302
0.0244364 0.123528
0.0251439 0.130534
0.024976 0.128071
0.0244071 0.123023
0.0252424 0.124793
0.0251229 0.123951
0.0254728 0.127277
0.0250343 0.125718
0.0255759 0.126779
0.0260895 0.128711
0.0250507 0.123698
0.0248786 0.123851
0.0259575 0.128862
0.0260292 0.129239
0.0261755 0.127583
0.0257411 0.12565
0.0250145 0.122646
0.0252797 0.127322
0.0255967 0.127344
0.0248754 0.12181
0.024859 0.122642
0.0243478 0.118975
0.0253939 0.12217
0.0244682 0.118255
0.0238591 0.112363
0.0242615 0.115279
0.0246388 0.115811
0.0250375 0.119633
0.024312 0.116065
0.0244223 0.114875
0.0238663 0.111791
0.0239466 0.11234
0.0237604 0.111014
0.0231463 0.109041
0.0234401 0.109415
0.023973 0.112225
0.0241335 0.114744
0.024815 0.118416
0.0249387 0.120032
0.0242552 0.117725
0.0237365 0.115428
0.0242526 0.117701
0.0234757 0.116749
0.0243621 0.120979
0.0238861 0.118011
0.0230627 0.115393
0.0228829 0.114119
0.0214984 0.108549
0.0228812 0.114232
0.0226927 0.113497
0.0224536 0.113323
0.0227244 0.11572
0.0227781 0.113886
0.0219787 0.107491
0.0224272 0.11133
0.0226587 0.112802
0.0227544 0.114433
0.0224507 0.113295
0.0227079 0.113
0.0225814 0.111434
0.0219171 0.110192
0.0223151 0.11081
0.0221114 0.110599
0.0230385 0.116208
0.022879 0.114307
0.0226474 0.111549
0.0229073 0.111134
0.0227263 0.113817
0.0220414 0.108851
0.0222573 0.10896
0.0223006 0.109697
0.0226977 0.111111
0.022245 0.109747
0.0220194 0.109801
0.0230137 0.115191
0.0225826 0.112565
0.0223716 0.110186
0.0227686 0.11183
0.0232378 0.11659
0.0231833 0.113672
0.0229919 0.112824
0.0232992 0.114832
0.023813 0.114678
0.0235752 0.112777
0.0236678 0.114213
0.0234465 0.112729
0.0239882 0.115206
0.0236478 0.114147
0.023493 0.113371
0.0232914 0.110702
0.0235242 0.112997
0.0236174 0.114312
0.0235737 0.113508
0.0233514 0.110879
0.0225503 0.106581
0.0224128 0.106052
0.0225992 0.106385
0.022712 0.106053
0.0235895 0.110859
0.0233377 0.109053
0.0228998 0.107206
0.0234368 0.109039
0.0245674 0.115328
0.0259276 0.119338
0.02508 0.116548
0.0256037 0.119846
0.0259251 0.1209
0.026419 0.122964
0.0272896 0.128391
0.0267641 0.124414
0.0266714 0.124803
0.0268655 0.124878
0.0269002 0.126585
0.027462 0.127672
0.0268766 0.126463
0.0265781 0.125934
0.0270208 0.129309
0.0259329 0.120569
0.0261335 0.12038
0.0259073 0.12141
0.0259795 0.120626
0.0256253 0.119036
0.0260864 0.120549
0.0263147 0.122605
0.0270407 0.124866
0.0265008 0.124103
0.0260288 0.121536
0.0258693 0.120102
0.0263353 0.122265
0.0257045 0.120678
0.0258325 0.12156
0.025902 0.122508
0.0261933 0.122538
0.0271683 0.125354
0.0268572 0.125939
0.0275011 0.129994
0.0284595 0.135909
0.0272996 0.130786
0.0281473 0.134064
0.027508 0.130079
0.0277018 0.131193
0.0277449 0.131156
0.0273467 0.12908
0.0267549 0.126987
0.0262948 0.124602
0.0266571 0.126121
0.0264226 0.125287
0.0265156 0.125474
0.0273811 0.128046
0.0275894 0.129875
0.0272616 0.127551
0.0274941 0.12942
0.0284075 0.13309
0.0282607 0.129615
0.0274808 0.128324
0.0265789 0.121751
0.0278437 0.128493
0.026948 0.12609
0.0251983 0.114486
0.025939 0.119778
0.0255618 0.119426
0.0255923 0.119343
0.0259883 0.119264
0.0258521 0.115251
0.0248016 0.114735
0.0252272 0.11719
0.0240406 0.112753
0.0244904 0.113254
0.0252267 0.117572
0.024828 0.114752
0.0248615 0.113338
0.0246405 0.114021
0.0246655 0.1123
0.0246848 0.113434
0.0247026 0.111967
0.0245683 0.112756
0.0243223 0.110345
0.023657 0.107188
0.0242035 0.109669
0.0246801 0.112313
0.0258475 0.117624
0.0249656 0.110518
0.0247393 0.110428
0.025691 0.117619
0.0241987 0.112271
0.0247904 0.113277
0.025549 0.116537
0.0256664 0.11521
0.0265833 0.119534
0.0273871 0.123567
0.025776 0.116373
0.0256286 0.114708
0.0253606 0.113563
0.025647 0.116275
0.0239651 0.107853
0.0243219 0.108996
0.024355 0.110522
0.0239735 0.109199
0.0246773 0.115597
0.024333 0.113835
0.0235383 0.109621
0.024144 0.115539
0.0240567 0.114142
0.0235269 0.111464
0.02376 0.111199
0.0235118 0.111144
0.0237734 0.114643
0.0245478 0.117927
0.0246297 0.114417
0.0243522 0.117104
0.0244082 0.116417
0.0235227 0.108426
0.0245196 0.115079
0.0244496 0.113659
0.0247934 0.116635
0.024624 0.112955
0.0243799 0.111812
0.0241647 0.111198
0.0241183 0.110111
0.0242811 0.110006
0.0242563 0.110725
0.0239906 0.112283
0.0241093 0.112498
0.0224154 0.103253
0.0233918 0.107268
0.0235448 0.108818
0.023429 0.107977
0.0237921 0.110485
0.0232092 0.108838
0.0231133 0.10732
0.0227858 0.107259
0.0230021 0.108151
0.02228 0.104425
0.0215853 0.102952
0.0223334 0.105693
0.0221221 0.105385
0.0229353 0.110413
0.021936 0.107304
0.0225188 0.110881
0.0229686 0.112397
0.0227798 0.113265
0.0220022 0.10775
0.0222682 0.109666
0.0221952 0.109841
0.0230567 0.113364
0.0227826 0.112597
0.0224792 0.108667
0.0217487 0.103651
0.0212476 0.103115
0.0219822 0.106806
0.022637 0.108965
0.0222903 0.108028
0.0227645 0.110186
0.022046 0.109002
0.023247 0.113206
0.0227975 0.112279
0.0227339 0.111692
0.0224183 0.11169
0.0216185 0.105328
0.0223315 0.109537
0.0225638 0.11094
0.022456 0.110009
0.0223288 0.109502
0.0216681 0.106368
0.0217007 0.10681
0.0218372 0.106833
0.0217396 0.108108
0.0225942 0.111583
0.0225685 0.110213
0.0225305 0.109668
0.0231725 0.112844
0.023248 0.112107
0.0232013 0.110675
0.0225878 0.108029
0.0223502 0.107265
0.0220999 0.106145
0.022558 0.109428
0.0230862 0.110628
0.0233108 0.114591
0.0230818 0.112604
0.0232893 0.113921
0.022498 0.109612
0.0227273 0.110247
0.0225594 0.107567
0.0223183 0.107553
0.0234202 0.114049
0.0229642 0.110479
0.0225391 0.110549
0.0212432 0.102347
0.0209973 0.09998
0.0217869 0.106025
0.0219967 0.107816
0.0227411 0.112716
0.0230129 0.11442
0.0224439 0.112192
0.0228016 0.11455
0.022618 0.112234
0.0230713 0.114898
0.0219773 0.110312
0.0213291 0.108395
0.0221478 0.111615
0.0218465 0.111076
0.0219344 0.111619
0.0214221 0.107395
0.021681 0.110331
0.0216207 0.108783
0.0224146 0.112304
0.0222381 0.113871
0.0213607 0.109408
0.0217218 0.110897
0.0205524 0.106604
0.0213513 0.111439
0.0225417 0.117874
0.0221924 0.115117
0.0211972 0.108991
0.0208219 0.10932
0.0211812 0.111666
0.0219576 0.116204
0.0214124 0.115935
0.0216639 0.118413
0.0207508 0.113662
0.0200008 0.110326
0.0194291 0.108798
0.0196725 0.113205
0.0178796 0.101149
0.0186333 0.105331
0.018723 0.106143
0.0194792 0.111138
0.0189778 0.108901
0.0188973 0.109743
0.0200591 0.114885
0.0200767 0.114869
0.0198503 0.115199
0.020056 0.114454
0.0195326 0.111309
0.0195276 0.114637
0.019669 0.113371
0.0194479 0.113095
0.018636 0.106692
0.0185948 0.110126
0.0184459 0.110794
0.0174484 0.10396
0.0173657 0.10338
0.0176584 0.105681
0.0189545 0.116637
0.0185254 0.113337
0.0177099 0.108889
0.0180743 0.111839
0.0183331 0.112996
0.0182864 0.113037
0.0180706 0.111027
0.0174853 0.105907
0.0184431 0.114926
0.0182418 0.113391
0.0185415 0.115325
0.0189662 0.115894
0.0191777 0.11764
0.01827 0.112903
0.0180186 0.111821
0.0174547 0.107233
0.0174516 0.106228
0.0178931 0.109724
0.0175096 0.108438
0.0163254 0.103075
0.016627 0.104367
0.0164641 0.102846
0.0168379 0.106679
0.0172546 0.109432
0.0181333 0.11481
0.0188386 0.119376
0.0189317 0.118326
0.0200957 0.12513
0.0197797 0.120393
0.0202485 0.121411
0.0198633 0.122883
0.0202294 0.124921
0.0194848 0.122287
0.0191133 0.118525
0.0188989 0.116575
0.0189833 0.116285
0.0189323 0.112312
0.0182891 0.110859
0.0191047 0.113765
0.0191078 0.115274
0.0191199 0.114296
0.0194706 0.115224
0.0197163 0.117872
0.0195254 0.115926
0.019641 0.11892
0.0191743 0.114061
0.0184108 0.108313
0.0190638 0.111285
0.018414 0.108328
0.0193499 0.112791
0.019159 0.108273
0.0191019 0.109208
0.0185525 0.104179
0.0199537 0.111215
0.019554 0.108297
0.0193845 0.105709
0.0191482 0.105251
0.0191126 0.10502
0.0188205 0.101206
0.0181967 0.095813
0.0191278 0.101606
0.0184971 0.0966465
0.0188771 0.0978761
0.0196586 0.102786
0.0207892 0.106531
0.0208673 0.108998
0.0220989 0.113308
0.0221745 0.110435
0.0223256 0.114286
0.0228629 0.113413
0.0240531 0.118087
0.0235622 0.113808
0.022626 0.110492
0.0241368 0.115794
0.0235975 0.11414
0.02484 0.119549
0.0241395 0.117142
0.0231822 0.113159
0.023721 0.115737
0.023319 0.116021
0.0224446 0.112344
0.0234784 0.116971
0.0228775 0.11397
0.0222811 0.111181
0.0223851 0.113384
0.0223534 0.109936
0.0230254 0.114265
0.0231396 0.114625
0.0232842 0.113154
0.0234827 0.112828
0.0248186 0.118438
0.0240736 0.112219
0.0229545 0.10677
0.0230117 0.107356
0.0218208 0.101842
0.0214725 0.101151
0.020645 0.0990451
0.0199941 0.0972407
0.0201984 0.0986046
0.020205 0.0981294
0.0215607 0.105317
0.0221912 0.106986
0.0224712 0.108253
0.022637 0.105689
0.0235177 0.112051
0.0238463 0.110783
0.0239526 0.112947
0.0240507 0.114326
0.0232347 0.110399
0.0233532 0.110054
0.0227771 0.106952
0.0238591 0.11487
0.0230597 0.110465
0.0233221 0.111571
0.0238589 0.113596
0.0238285 0.115545
0.0235376 0.111078
0.023598 0.112415
0.0229232 0.107793
0.0232047 0.10991
0.0236406 0.114277
0.0222166 0.106236
0.0228048 0.10966
0.0224248 0.107804
0.0225157 0.105821
0.0225752 0.108078
0.0228703 0.109927
0.0240708 0.11211
0.0241616 0.113172
0.0237466 0.113187
0.0245238 0.114039
0.0240261 0.113026
0.0239733 0.10943
0.0242122 0.114484
0.0242385 0.112417
0.0245619 0.115571
0.024695 0.113962
0.0241258 0.110747
0.0243742 0.113538
0.0246862 0.114896
0.0254475 0.120103
0.0260021 0.12254
0.0247241 0.116111
0.0251108 0.117074
0.0252186 0.117426
0.0250489 0.116948
0.02544 0.118461
0.0256572 0.122644
0.0250546 0.118058
0.0252932 0.120665
0.0256188 0.122498
0.0251952 0.119543
0.0257478 0.12089
0.0252908 0.121096
0.0256769 0.122871
0.0246676 0.119021
0.0247854 0.121657
0.0249281 0.120663
0.024361 0.11918
0.0244939 0.118471
0.0248252 0.120589
0.0240753 0.115439
0.0241847 0.117091
0.0249296 0.118957
0.0242821 0.115598
0.0240574 0.114899
0.0255991 0.122559
0.0237505 0.110596
0.0247613 0.115207
0.0267499 0.121916
0.027046 0.122689
0.0260141 0.119038
0.025017 0.115373
0.0238206 0.110848
0.0233609 0.107673
0.024126 0.111024
0.0246637 0.113715
0.0242733 0.111187
0.0239701 0.109662
0.0230502 0.107416
0.0239264 0.11121
0.0236717 0.108465
0.0232815 0.107532
0.022924 0.105927
0.0221013 0.103346
0.0236717 0.112409
0.022502 0.107071
0.021775 0.103393
0.0222729 0.106247
0.0226687 0.108773
0.0214852 0.10201
0.0211919 0.102104
0.02133 0.102212
0.0211787 0.101908
0.0206262 0.100031
0.0220211 0.107036
0.0216992 0.105685
0.021058 0.101534
0.0222665 0.110504
0.0219642 0.107559
0.023139 0.113525
0.0224511 0.111899
0.0231723 0.114991
0.0235635 0.116876
0.0224679 0.109718
0.0228569 0.111887
0.0222731 0.108853
0.0230915 0.111888
0.0228829 0.111054
0.0230192 0.111517
0.0222005 0.107558
0.0219966 0.106003
0.0221976 0.106723
0.0225413 0.110343
0.0221988 0.108284
0.021437 0.107407
0.0228691 0.114633
0.0215056 0.108237
0.0217689 0.110163
0.0206976 0.106565
0.0203643 0.107048
0.0198745 0.103713
0.019534 0.102527
0.0186809 0.09815
0.018522 0.0978297
0.0182477 0.0962963
0.0186889 0.0995556
0.0185956 0.098712
0.0195698 0.10378
0.0195276 0.105174
0.0196833 0.105894
0.0196544 0.106874
0.0205428 0.111477
0.0203515 0.110099
0.0200881 0.108676
0.0198362 0.108514
0.0194783 0.107213
0.0194535 0.106109
0.0186776 0.102561
0.0183971 0.101932
0.0185014 0.101777
0.01829 0.101512
0.0182691 0.101173
0.0184366 0.102269
0.0178329 0.0999648
0.0181333 0.101339
0.0177593 0.0996819
0.017311 0.0973327
0.0176781 0.100333
0.0172414 0.0987728
0.0177865 0.101809
0.0180806 0.103882
0.0175677 0.10146
0.018018 0.104272
0.0184993 0.109584
0.0186229 0.110246
0.0183962 0.107617
0.0185459 0.107679
0.0195453 0.115488
0.0189731 0.112843
0.0193704 0.113205
0.0186729 0.109699
0.0193057 0.113439
0.019046 0.112676
0.0195292 0.114583
0.019152 0.111911
0.0192582 0.113814
0.0193995 0.114142
0.0190308 0.112215
0.0190164 0.112214
0.0190534 0.112695
0.0188593 0.111561
0.0186017 0.109735
0.0194209 0.113361
0.0186578 0.109179
0.0188887 0.111261
0.0189956 0.112262
0.0189167 0.11221
0.0189546 0.11182
0.0192602 0.112714
0.0188738 0.111531
0.0191241 0.112972
0.0186645 0.110404
0.018836 0.111505
0.0190943 0.111906
0.0186641 0.109893
0.0187571 0.110569
0.0189017 0.11084
0.018816 0.111372
0.0187054 0.110253
0.0189037 0.111685
0.0188219 0.11
0.01864 0.110144
0.0186014 0.109572
0.0187755 0.111494
0.0184602 0.109017
0.0183076 0.108244
0.0185597 0.109636
0.0182825 0.107836
0.0186119 0.109732
0.0185656 0.110131
0.018386 0.10832
0.0182433 0.107069
0.0185447 0.109245
0.0182862 0.107655
0.0179575 0.106571
0.0183246 0.107969
0.0186002 0.109734
0.0176933 0.105406
0.0181086 0.106791
0.0178938 0.106066
0.0181137 0.106101
0.0177253 0.105115
0.0171399 0.100219
0.0170706 0.100735
0.017011 0.100736
0.0174612 0.103339
0.0172236 0.101583
0.0176701 0.104398
0.0171746 0.101494
0.017053 0.100872
0.0172672 0.101527
0.0172368 0.102273
0.0174063 0.10297
0.0168963 0.0995226
0.0171163 0.101284
0.0171891 0.101025
0.0172829 0.102705
0.0173724 0.102298
0.0173736 0.10225
0.0171007 0.101263
0.0175858 0.103893
0.0173579 0.102203
0.0171343 0.101029
