45562
44132
44066
45052
45935
46482
46419
46742
46944
46522
46736
46679
46833
46873
46606
46780
46795
47017
46813
46624
46839
46946
46665
46558
46226
45524
45303
44983
44684
44527
44151
44339
44218
44265
44421
44319
44427
44938
45167
45783
46037
46307
46093
46135
46302
46222
46404
46154
46194
46501
46443
46278
46405
46423
46410
46579
46401
46463
46199
46698
46498
46547
46421
46841
46857
46742
46673
46506
46559
46571
46633
46217
46460
46680
46619
46651
46376
46600
46671
46757
46610
46857
46695
46645
46809
46981
46960
47003
46734
46789
46964
47020
46883
47063
46853
47087
47115
47092
47041
47164
46971
47032
46885
47174
47145
47044
47116
47347
47068
47167
46913
46958
46898
47162
47178
47039
47302
47151
47394
47149
47286
47380
47342
47223
47200
47382
47159
47429
47431
47411
47391
47402
47287
47125
47092
47174
46987
46901
47389
47403
47564
47415
47279
47347
47244
47497
47438
47234
47207
47116
47399
47425
47558
47327
47412
47459
47389
47418
47290
47086
47567
47518
47464
47271
47229
47430
47388
47617
47518
47480
47272
47527
47451
47700
47533
47616
47494
47722
47656
47632
47636
47514
47574
47653
47559
47632
47667
47670
47402
47443
47776
47682
47478
47511
47584
47809
47542
47725
47486
47645
47917
47436
47674
47941
47623
47831
47743
47677
48030
48061
48098
47673
47981
47834
47950
47945
47845
47965
47951
47764
47763
47854
47875
48099
48008
47999
47982
47816
47769
48107
48151
48167
47975
48375
47769
47996
48168
47882
48310
47957
48141
48039
48118
48139
47954
48056
47830
48258
48333
48105
47918
48328
48075
48088
47952
48091
48534
48322
48090
48175
48251
48239
48309
48256
48333
48242
48109
48069
48086
48114
48151
48026
48126
48355
48347
47963
48473
48187
48158
48314
48094
48392
48376
48200
48240
48656
48066
48484
48292
48355
48161
48600
48462
48741
48581
48705
48674
48628
48774
49005
48713
48611
48410
48402
48743
48864
48459
48366
48518
48872
48882
48758
48868
48833
48970
48765
49032
48829
48915
49124
48857
48776
48840
48988
48888
49183
49156
49139
48566
49135
49328
49209
48968
49085
48923
49101
49085
48918
49076
49251
48822
48948
49270
49032
48718
48882
48885
49171
49135
48956
48814
48874
48891
49353
48861
49268
48965
49040
49153
49010
48925
48848
48994
48993
49028
49181
49147
49097
49238
48763
48877
49111
48907
49198
49231
49116
48955
49050
49185
49185
49075
48828
48994
49028
49197
49037
49083
49047
49065
49505
49208
48914
49080
49067
49126
48973
49129
49058
48965
49119
49239
49168
48984
48952
48816
48997
48977
48942
48928
48802
48991
49031
48802
49040
48965
48820
49031
48911
48800
48874
48772
48561
48774
48909
48653
48789
48668
48640
48667
48698
48453
48633
48231
48406
48407
48205
48100
48284
48482
48175
47944
48171
47884
48022
47844
47592
47501
47606
47585
47525
47317
47523
47514
47376
47263
47329
47214
47495
47097
47111
47318
47144
47319
47022
46997
47236
47204
47190
46981
47051
47424
46975
46969
47227
47079
46835
46994
47263
46819
47018
47048
46925
46739
46715
46433
46443
46457
46303
46357
46033
45861
46275
45904
45883
46353
46190
45930
45895
46019
46118
46378
46057
46278
46464
45959
46175
46263
46469
46110
46520
46495
46680
46982
46671
46693
47017
47175
46826
46611
46479
46793
46589
47081
46831
46803
46810
46341
46135
46207
46117
45121
45352
45376
45734
45864
45742
45824
45757
45859
45493
45661
45580
45621
45741
45162
44583
44622
44758
44827
44562
43800
43846
44060
44314
45585
45351
45178
45353
45747
45715
45834
45951
45689
46018
46370
46480
46631
46778
47218
47744
47742
48028
47948
48051
48174
47963
48208
48103
48077
48315
48099
48300
48198
48409
48225
48083
48463
48272
48135
48110
48084
47964
48006
47814
47856
48203
48012
48094
48405
48027
47863
48194
48040
48023
47640
47900
48172
48260
48014
48160
48393
48259
48240
48185
48074
48513
47892
47968
48289
47907
48227
47940
47937
47783
47696
47637
47693
47834
47717
47866
47943
48036
48220
47697
47894
48043
47896
47957
47987
47989
47921
47878
47853
47728
47799
47752
47771
47749
48001
47517
47999
47636
47713
47833
47773
47511
47714
47918
47819
47535
47936
47714
47831
47776
47841
47603
47918
47829
47724
47448
47756
47684
47411
47550
47533
47555
47565
47700
47461
47743
47823
47719
47765
47706
47760
47696
47922
47596
47606
47434
47293
47660
47502
47247
47488
47454
47483
47428
47344
47601
47579
47533
47509
47411
47439
47558
47482
47353
47487
47477
47499
47414
47496
47426
47373
47659
47678
47508
47313
47657
47537
47448
47264
47261
47436
47089
47225
47400
47358
47368
47506
47324
47428
47767
47614
47492
47535
47406
47405
47192
47466
47392
47417
47451
47415
47406
47228
47202
47265
47419
47571
47397
47406
47385
47376
47211
47295
47243
47529
47245
47302
47361
47232
47033
47080
47134
47405
46836
47142
47123
47432
47305
47172
47215
47110
47115
47360
47455
47511
47212
47098
47291
47278
47218
47277
47077
47095
47636
47574
47713
47582
47548
47305
47690
47601
47508
47490
47377
47463
47429
47443
47486
47309
47240
47311
47271
47252
47259
47184
47362
47328
47477
47492
47289
47196
47484
47548
47789
47912
47635
47793
47474
47666
47347
47552
47509
47525
47821
47649
47369
47191
47268
47332
47623
47535
47668
47466
47773
47676
47402
47356
47689
47662
47673
47533
48251
47946
47818
47737
47780
47820
47916
47741
47720
47556
47900
47471
47667
47101
47580
47470
47359
47368
47415
47561
47602
47389
47431
47403
47570
47189
47293
47388
47386
47405
47523
47378
47473
47827
47530
47735
47598
47711
47582
47808
47716
47617
47635
48186
47822
47770
47788
47870
47521
47830
47547
47603
47621
47798
47786
47829
47819
47512
47629
47695
47546
47495
47455
47636
47406
47709
47598
47609
47630
47764
47925
48176
47846
47898
48102
48058
48215
48110
48564
47971
48649
48452
48540
48079
48078
48466
48142
48256
48249
48379
48258
48278
48190
48328
48506
48532
48498
48636
48460
48378
48402
48546
48659
48561
48583
48477
48622
48659
48452
48295
48287
48284
48277
48309
48305
48226
48070
48383
48448
48582
48988
48294
48605
48045
48411
47749
48116
48365
48148
48379
48278
48437
48501
48419
48398
48124
48364
48387
48579
48228
47744
47433
47510
47663
47667
47733
47508
47714
47536
47627
47521
47359
47104
47236
47251
47197
47487
47300
47413
47312
47364
47335
47355
47378
47343
47474
47407
47342
47515
47361
47235
47820
47574
48291
47420
47730
47624
47586
47567
47545
47687
47616
47628
47386
47456
47227
47414
47578
47513
47401
47271
47572
47356
47326
47261
47093
46984
47429
47531
47416
47529
47789
47380
47697
47758
47541
47504
47550
47749
47503
47847
47490
47492
47478
47530
47354
47651
47472
47712
47301
47490
47678
47662
47734
47594
47297
47584
47140
47962
47824
47650
47484
46912
47108
47547
47445
47433
47177
47325
47309
47390
46839
47369
47202
47309
47528
47296
47494
47318
47492
47393
47592
47574
47154
47636
47072
47199
47332
46916
47105
47013
47128
47102
47815
46796
46830
46718
47017
46941
47061
47145
47033
47243
47237
47145
47107
47302
46963
46981
47009
46952
47445
47170
47270
47182
47375
46823
47201
47031
46977
47080
47039
46937
47134
46988
47142
47117
47022
46396
47116
47280
46987
47424
47345
47348
47444
47476
47453
47445
47436
47649
47558
47428
47457
47732
47943
47807
47420
47676
47553
47623
47754
47515
47889
47741
47694
47498
47597
47888
47672
47731
47676
47677
47833
47592
47637
48062
47686
48082
47789
47952
47872
47952
48272
47898
47999
47935
48298
48068
48063
48091
47965
47884
47877
47880
48343
48094
48080
48169
48128
48199
48114
48144
48130
48071
48485
48000
48115
48286
48427
48316
48327
48418
48339
48328
48355
47985
47938
48061
48033
47923
48176
48061
48201
48266
48122
48061
48024
47980
48423
48080
48237
48046
48069
48225
48132
48064
48380
47933
48173
47809
48349
48075
48153
48263
48393
48422
48500
48269
48144
48126
48559
48201
48117
48375
48170
48545
48180
48119
48302
48107
48105
48149
