1993
1927
1902
1950
1973
1954
1948
1957
1940
1957
1984
1980
1982
1985
1988
1989
2009
2005
2031
2023
1975
1982
1956
1928
1939
1871
1874
1917
1922
1913
1848
1915
1900
1876
1887
1894
1940
2018
2007
1990
2079
2095
2049
2063
1999
2038
2051
2077
2008
2033
1984
1951
1943
2049
2026
2014
2004
2008
1983
2026
2037
2027
2018
1993
2019
1979
1975
1973
1966
1953
1989
1972
1949
1962
1954
1925
1907
1938
1876
1938
1937
1938
1965
1964
1930
1946
1959
1962
1980
1947
1944
1947
1883
1878
1894
1908
1878
1908
1908
1915
1919
1946
1954
1982
1927
1927
1980
2045
2040
2038
2009
2037
2007
2066
2027
2006
2011
2006
2020
2010
2001
2046
2034
2064
2090
2063
2046
2095
2040
2063
2027
2030
2015
2016
2053
2048
2019
2043
2051
2016
2045
2042
2060
2036
2067
2067
2061
2035
2046
2061
2068
2037
2002
2054
2023
1987
2007
1996
1978
2007
2050
2035
2035
2017
2002
2035
1995
2028
2033
2030
2004
2023
2037
2110
2102
2083
2039
2101
2074
2051
2043
2061
2094
2138
2064
2056
2137
2071
2078
2072
2079
2093
2123
2087
2144
2162
2088
2148
2105
2145
2131
2071
2138
2163
2151
2183
2150
2189
2140
2136
2166
2152
2188
2150
2159
2164
2217
2155
2208
2150
2196
2241
2182
2181
2172
2194
2190
2120
2208
2190
2229
2195
2171
2186
2136
2166
2117
2129
2163
2127
2156
2166
2220
2157
2133
2164
2119
2189
2214
2169
2179
2228
2199
2259
2228
2226
2226
2229
2216
2167
2202
2216
2201
2153
2149
2185
2168
2178
2144
2150
2114
2124
2093
2113
2093
2070
2185
2048
2061
2097
2027
2063
2099
2072
2058
2067
1999
2039
2010
2051
2036
1970
2019
2037
2035
2012
2041
2029
2013
2027
2017
2014
1984
1980
2024
2032
2046
1975
1997
2061
2091
2071
2024
2064
2046
2095
2141
2114
2090
2165
2110
2060
2108
2159
2135
2162
2144
2139
2121
2147
2177
2144
2173
2135
2128
2117
2162
2168
2178
2241
2217
2234
2221
2251
2248
2269
2202
2215
2249
2261
2239
2243
2230
2304
2259
2291
2329
2301
2300
2263
2270
2291
2289
2281
2243
2261
2263
2247
2237
2193
2223
2238
2261
2237
2272
2284
2237
2252
2266
2271
2265
2294
2284
2291
2274
2258
2240
2269
2300
2295
2332
2300
2315
2305
2304
2294
2327
2288
2324
2333
2387
2351
2295
2385
2333
2364
2247
2304
2319
2354
2396
2384
2353
2332
2366
2320
2367
2364
2334
2339
2303
2323
2330
2371
2344
2358
2328
2298
2363
2284
2333
2345
2309
2323
2287
2329
2290
2356
2355
2327
2361
2387
2370
2388
2335
2349
2305
2374
2335
2320
2313
2317
2349
2348
2304
2306
2331
2319
2254
2269
2279
2227
2284
2247
2261
2236
2280
2298
2231
2212
2243
2233
2221
2154
2244
2202
2251
2252
2270
2303
2209
2243
2247
2155
2190
2170
2175
2163
2146
2161
2123
2128
2119
2160
2172
2178
2099
2113
2092
2083
2075
2085
2153
2152
2186
2257
2247
2191
2199
2176
2158
2233
2209
2184
2116
2141
2219
2146
2135
2089
2058
2062
1992
1959
1979
1958
1924
1984
2016
2019
2096
2137
2158
2176
2261
2219
2173
2147
2045
2022
1992
2033
1977
2001
1964
1996
2009
1956
2029
1958
1969
2049
2067
2062
1989
1984
1958
1990
1958
1974
1985
2045
1983
1987
1974
1970
1963
1998
1992
1994
2040
2005
2026
2012
2050
2019
2036
1998
2009
2004
1968
1914
1899
1876
1904
1879
1863
1846
1866
1855
1837
1888
1879
1850
1875
1866
1843
1826
1925
1931
1926
1901
1952
1951
1951
1963
1905
1916
1950
1905
1913
1909
1935
1906
1862
1903
1927
1966
1895
1908
1985
1983
2007
1936
1969
1993
2053
2096
2068
2105
2089
2107
2058
2080
2092
2077
2076
2064
2035
2046
2063
2066
2076
2073
2063
2041
2056
2071
2058
2048
2082
2043
2005
2099
2053
2083
2119
2161
2119
2113
2118
2130
2117
2068
2068
2079
2087
2139
2108
2125
2142
2107
2153
2183
2179
2188
2185
2182
2178
2188
2201
2143
2159
2173
2115
2109
2079
2055
2079
2052
2041
2095
2142
2215
2162
2191
2213
2226
2255
2203
2219
2223
2229
2194
2166
2159
2138
2101
2128
2099
2112
2079
2080
2071
2156
2096
2096
2087
2110
2072
2048
2036
2093
2092
2107
2099
2161
2119
2131
2108
2113
2108
2094
2095
2074
2081
2095
2086
2107
2113
2097
2129
2149
2181
2190
2192
2187
2192
2065
2142
2127
2124
2159
2150
2087
2127
2063
2099
2163
2143
2158
2149
2117
2136
2095
2077
2065
2007
2065
2129
2140
2113
2133
2241
2205
2243
2266
2247
2316
2336
2241
2223
2202
2196
2102
2121
2127
2137
2160
2148
2107
2119
2127
2066
2096
2082
2060
2100
2081
2068
2028
1974
2079
2105
2107
2109
2107
2100
2068
2104
2089
2058
2063
1976
2074
2088
2086
2094
2061
2057
1993
1985
1935
1925
1942
1939
1959
1978
1954
1962
1929
1862
1912
1897
1932
1929
1876
1891
1879
1867
1909
1867
1938
1924
1956
1969
1949
1938
1874
1921
1956
1954
1888
1856
1859
1851
1870
1889
1890
1862
1912
1918
1907
1903
1928
1929
1910
1922
1947
1949
1966
1901
1962
1929
1857
1891
1858
1845
1778
1724
1768
1723
1762
1765
1764
1795
1769
1763
1799
1706
1731
1719
1744
1710
1760
1718
1764
1778
1730
1712
1643
1684
1722
1715
1708
1731
1746
1764
1740
1717
1724
1695
1628
1617
1527
1594
1606
1581
1563
1551
1583
1601
1612
1618
1588
1561
1539
1530
1469
1470
1495
1417
1408
1400
1491
1478
1434
1471
1460
1441
1412
1374
1397
1365
1361
1386
1420
1369
1387
1385
1430
1460
1442
1383
1373
1364
1387
1382
1430
1433
1449
1499
1473
1510
1526
1562
1495
1496
1470
1501
1477
1477
1487
1505
1493
1541
1553
1586
1625
1587
1584
1627
1616
1653
1624
1586
1578
1641
1640
1642
1619
1584
1583
1582
1649
1650
1681
1691
1767
1780
1782
1831
1783
1845
1879
1892
1844
1877
1871
1907
1879
1826
1873
1896
1846
1881
1888
1814
1866
1827
1876
1905
1887
1878
1932
1928
1880
1900
1855
1883
1858
1855
1869
1929
1949
1947
1970
1979
1993
1993
2012
2027
2006
1989
1988
2028
2003
1981
2036
1990
1961
2001
1937
1969
1983
1929
1930
1934
1937
1953
1935
2046
2065
2069
2044
2050
2047
2050
2030
2029
2064
2074
2131
2211
2186
2191
2174
2141
2147
2164
2158
2155
2155
2185
2229
2191
2206
2229
2222
2183
2191
2171
2178
2162
2146
2113
2138
2224
2121
2139
2200
2112
2191
2255
2340
2227
2209
2119
2119
2117
2121
2139
2065
2040
2059
2077
2046
2021
2023
2078
2029
2013
2004
1962
1970
1954
1982
1972
1940
1991
1999
1950
2031
1986
2022
1978
1999
2015
1982
2003
1975
1984
1969
1948
1934
1903
1898
1922
1898
1900
1922
1859
1890
1851
1808
1794
1785
1726
1694
1704
1687
1662
1680
1674
1675
1666
1700
1687
1667
1671
1633
1630
1560
1546
1594
1568
1552
1568
1561
1559
1535
1547
1527
1517
1541
1550
1547
1514
1580
1566
1562
1582
1625
1586
1598
1569
1603
1571
1605
1597
1604
1559
1520
1579
1550
1539
1534
1597
1517
1549
1589
1546
1565
1578
1575
1584
1576
1586
1588
1558
1560
1580
1572
1576
1586
1580
1565
1561
1544
1540
1538
1557
1534
1541
1554
1541
1518
1537
1533
1511
1543
1576
1499
1527
1498
1524
1502
1492
1493
1475
1534
1531
1528
1486
1491
1509
1503
1535
1478
1497
1514
1516
1519
1511
1489
1520
1489
1511
