14192
13724
13532
13537
13558
13615
13704
13746
13773
13706
13888
13875
13909
13939
13850
13694
13718
13721
13752
13675
13678
13687
13665
13869
13803
13810
13990
14009
13940
13943
13915
13819
13901
14018
13791
13885
13915
14067
14066
14235
14264
14338
14271
14348
14324
14282
14236
14185
14230
14327
14289
14190
14160
14107
14165
14136
14242
14225
14345
14421
14375
14254
14302
14345
14331
14257
14227
14262
14095
13986
13931
13856
13989
13912
13926
13874
13873
13839
13872
13823
13655
13657
13606
13473
13371
13244
13379
13440
13511
13580
13389
13349
13375
13412
13471
13357
13295
13180
13145
13194
13194
13211
13204
13148
13115
13004
13005
13127
13275
13205
13206
13341
13274
13365
13276
13337
13165
13085
13190
13179
13222
13202
13154
13078
13120
13102
13048
13122
13096
13149
13172
13260
13163
13026
12953
12987
12916
12964
13023
12979
13079
13090
13122
13080
13130
13107
13157
13109
12980
12897
12918
12951
13060
12911
12980
13120
13137
13056
13018
13001
13089
13035
13013
13042
13087
12963
13091
13091
13008
13025
12990
12993
13040
13125
13077
13190
13100
13087
12999
12977
13014
13005
13004
12989
13054
13105
13005
13167
13092
13044
13086
13071
13037
13138
13148
13042
12948
12799
12872
12850
12912
12785
12901
12980
12996
13036
12884
12814
12904
12822
12883
12899
12842
12902
12913
12797
12836
12979
13027
12971
12891
12897
12900
12979
12859
12887
12901
13040
12952
12935
12944
13032
12930
12978
12958
12904
13037
12998
12961
12926
12947
12870
12769
12825
12784
12848
12770
12805
12749
12783
12863
12805
12707
12654
12820
12889
13022
12897
13027
12878
12920
12832
12847
12882
12844
12795
12753
12844
12773
12814
12730
12662
12622
12485
12407
12412
12281
12270
12293
12062
12056
12047
11973
11943
11884
11874
11774
11720
11602
11670
11571
11533
11413
11338
11233
11071
11146
11071
11023
11093
10988
10993
10863
10995
10951
10848
10718
10676
10654
10698
10754
10766
10625
10617
10547
10485
10433
10325
10294
10164
10210
10211
10199
10142
10153
10186
10128
10031
10053
10042
10004
9919
9902
9884
9796
9712
9764
9797
9773
9719
9876
9685
9631
9587
9647
9603
9632
9669
9790
9726
9618
9621
9492
9460
9611
9572
9565
9527
9529
9469
9488
9502
9503
9525
9480
9449
9438
9459
9429
9417
9350
9302
9305
9351
9299
9314
9380
9280
9313
9311
9207
9244
9241
9259
9159
9277
9168
9104
9069
9127
9080
9143
9175
9060
9046
9002
8914
8935
8878
8810
8830
8814
8814
8667
8787
8775
8721
8753
8645
8550
8592
8594
8693
8625
8471
8547
8468
8513
8563
8539
8455
8439
8452
8389
8320
8264
8168
8269
8255
8307
8167
8118
8019
7974
7978
7951
8002
7819
7652
7688
7610
7654
7609
7633
7575
7506
7444
7499
7460
7479
7381
7394
7361
7361
7327
7385
7398
7445
7577
7579
7517
7571
7717
7768
7742
7703
7579
7523
7483
7401
7420
7347
7412
7373
7347
7322
7387
7380
7375
7431
7513
7550
7535
7613
7626
7617
7719
7945
7888
7874
7901
7795
7894
8011
8056
8085
8059
8006
8101
8292
8381
8320
8317
8414
8377
8528
8527
8499
8435
8489
8608
8669
8794
8749
8889
8951
9131
9062
8906
8873
8993
9058
9187
9199
9115
9062
9103
9095
8955
9053
9038
9155
9256
9174
9084
8992
8949
8628
8749
8805
8667
8662
8690
8716
8701
8668
8538
8428
8524
8474
8464
8491
8575
8373
8150
8091
8202
8381
8381
8312
8482
8468
8327
8160
8497
8413
8499
8498
8452
8629
8692
8840
8742
8883
8802
8983
8985
9080
9048
9106
9115
9113
9271
9269
9282
9348
9406
9372
9314
9468
9469
9194
9334
9461
9643
9728
9581
9522
9737
9701
9642
9652
9650
9643
9747
9768
9790
9540
9623
9814
9777
9836
9977
9908
10161
10187
10160
9994
10076
10156
10239
10186
10213
10106
10178
10146
9985
9982
9872
9823
9813
9858
9656
9568
9650
9546
9571
9454
9549
9544
9448
9361
9536
9724
9594
9511
9436
9437
9607
9590
9504
9565
9482
9440
9532
9609
9786
9518
9632
9678
9691
9693
9665
9531
9514
9492
9684
9688
9467
9635
9693
9635
9790
9902
9821
9836
9861
9853
9784
10014
9883
9801
9883
9994
10052
10027
10123
10167
10074
10094
10064
10161
10061
10211
10169
10078
10114
10139
10010
10182
10125
10170
10068
10158
10026
9998
9878
10126
10252
10092
10201
10153
10234
10141
10206
10126
10161
10190
10144
10099
10072
9996
10068
10198
10071
9902
9847
9860
9919
9997
9983
9979
10008
10032
10018
9994
9970
9967
10080
9958
10112
10022
10088
10308
10114
10315
10169
10031
10363
10220
10117
10093
10262
10579
10181
10097
10045
10171
10145
10149
10302
10175
10336
10148
10335
10224
10380
10297
10363
10321
10372
10639
10520
10262
10120
10274
10316
10522
10524
10414
10399
10518
10502
10375
10468
10449
10341
10404
10066
10170
10160
9899
9938
10000
10126
10002
9785
9831
10161
9812
9907
10248
10046
10113
10009
10255
10235
10209
10274
10419
10280
10070
10135
10201
10245
10243
10254
10235
10167
10197
10083
10055
10134
9888
10013
9927
9792
9687
9629
9640
9464
9610
9584
9589
9613
9597
9777
9987
9777
9712
9789
9795
9794
9570
9726
9759
9723
9547
9751
9687
9677
9747
9678
9667
9625
9744
9500
9609
9602
9746
9717
9797
9898
9887
9871
9878
9736
9863
9608
9714
9605
9665
9719
9911
9796
9721
9780
9641
9881
9955
9755
9674
9585
9541
9531
9459
9557
9529
9558
9368
9444
9375
9371
9441
9354
9400
9462
9258
9308
9316
9188
9136
9053
9143
9242
9016
8963
8919
8764
8647
8685
8581
8449
8260
8418
8436
8470
8357
8315
8256
8363
8390
8266
8482
8388
8262
8382
8327
8375
8108
8036
8056
8076
8034
7836
7857
7802
7763
7811
7820
7880
7992
7776
7775
7757
7902
7893
7843
7806
7886
7935
7903
7827
7648
7666
7703
7584
7574
7603
7601
7695
7698
7927
8033
7824
7904
7675
7816
7768
7882
8020
7912
8082
7953
8078
8112
8074
8141
7969
8118
8161
8256
8188
8302
8494
8324
8403
8492
8566
8694
8649
8625
8846
8974
8909
9041
9089
8974
9197
8999
9156
9483
9202
9515
9602
9753
9646
9830
9738
9797
9754
9674
9674
9489
9429
9451
9558
9500
9481
9597
9586
9580
9751
9852
9891
10176
10188
10183
10050
10001
9805
9723
9696
9706
9652
9757
9831
10094
9884
10143
9950
9853
9942
10046
10049
9837
9925
9834
9946
9809
10045
9907
10064
10033
9780
9966
9832
9810
10060
9864
9815
10174
10082
9958
10117
10036
10384
10037
10253
10080
10204
10320
10093
10254
10110
10061
10062
10005
10041
10139
10136
9871
9971
9878
9844
9908
9930
9856
9830
9735
9626
9726
9649
9733
9711
9829
9764
9908
9866
9912
9780
10103
10137
10242
10306
10196
10162
10077
10311
10136
10104
10147
10207
10026
10076
10243
10137
10171
10066
9876
9872
9929
9823
9758
9859
9709
9851
9756
9714
9660
9671
9665
9450
9539
9515
9390
9415
9412
9612
9537
9587
9681
9632
9536
9683
9754
9722
9646
9655
9390
9422
9378
9333
9177
8990
9090
9026
8996
8975
9000
8977
8974
8922
8807
8813
8725
8776
8758
8821
8677
8641
8682
8635
8614
8621
8578
8585
8554
8508
8496
8461
8491
8360
8375
8327
8316
8267
8263
8133
8077
8183
8212
8158
8052
8202
8154
8127
8061
8131
8161
8154
8148
8116
8138
8104
8117
8127
8214
8192
8131
8175
8076
8129
8212
8162
8141
8130
8146
8215
8180
8172
8146
8057
8108
8093
8162
8118
8120
8076
8136
8099
8104
8107
8105
8122
8135
8179
8125
8136
8099
8140
8119
8095
8094
8096
8132
8111
8178
8128
8119
8132
8163
8165
8134
8115
8155
8142
8112
8135
8138
8163
8133
8147
8141
8118
8107
8132
8126
