0.0445343 0.140431
0.0444696 0.140411
0.0439494 0.140556
0.0440618 0.14405
0.0437191 0.145523
0.0427496 0.143518
0.0426968 0.142148
0.0425805 0.142369
0.0420305 0.140855
0.0427975 0.142784
0.0431839 0.142857
0.0431617 0.142703
0.0430551 0.142498
0.0430735 0.142406
0.0433682 0.143538
0.0432589 0.145246
0.0436901 0.14645
0.0434133 0.146126
0.0441483 0.147688
0.0441703 0.147934
0.0429096 0.144392
0.0429404 0.144809
0.0426302 0.143139
0.0421071 0.139015
0.0426745 0.140477
0.0418017 0.135482
0.0420774 0.133953
0.0433426 0.136841
0.0437474 0.137877
0.0436579 0.137201
0.0424701 0.132806
0.0438757 0.138577
0.0436661 0.136681
0.0430275 0.133828
0.043159 0.136828
0.0434224 0.136406
0.0443682 0.139418
0.0457006 0.143456
0.0452139 0.142684
0.0442016 0.139796
0.0459691 0.145752
0.0460369 0.146115
0.0452328 0.143578
0.0455338 0.143783
0.0439157 0.139556
0.0448533 0.142697
0.0449574 0.144071
0.0458185 0.146422
0.0442554 0.14111
0.0445179 0.1419
0.0434611 0.138848
0.0428725 0.137491
0.0425723 0.137218
0.0449293 0.145247
0.0444464 0.143029
0.0439844 0.142473
0.0439098 0.140711
0.0439349 0.14116
0.0436467 0.138236
0.0441308 0.14049
0.0445733 0.141704
0.0442983 0.142206
0.0442204 0.141099
0.0432481 0.138933
0.0437932 0.140883
0.0430433 0.138809
0.0430012 0.138821
0.0431144 0.13834
0.0429267 0.139482
0.0426056 0.13964
0.0433513 0.142775
0.0433721 0.142321
0.0426123 0.139324
0.0427256 0.141029
0.0425884 0.140313
0.0419061 0.138749
0.041768 0.137461
0.0422508 0.140039
0.0408252 0.135236
0.042092 0.140201
0.0422207 0.141853
0.0420163 0.141905
0.0427481 0.144422
0.0427868 0.145773
0.0418982 0.144342
0.0420775 0.146934
0.0424302 0.146424
0.0424556 0.145982
0.0431147 0.146547
0.0423528 0.143373
0.0421044 0.145194
0.042141 0.145854
0.0408354 0.140785
0.0405931 0.140024
0.0411319 0.140598
0.0412077 0.142846
0.0405484 0.141256
0.0412193 0.144765
0.0412737 0.14515
0.0413 0.145142
0.041544 0.145445
0.0421176 0.147301
0.0424119 0.147985
0.0427764 0.150745
0.0415813 0.146931
0.0416685 0.148185
0.0427932 0.152249
0.0440334 0.155786
0.0441644 0.153672
0.0440192 0.154335
0.0436199 0.152128
0.0442201 0.152687
0.0436153 0.151198
0.0446577 0.154583
0.0437806 0.152682
0.0434472 0.150409
0.0433396 0.152754
0.0433711 0.153305
0.0434596 0.153146
0.0434482 0.152515
0.0431296 0.151339
0.0440493 0.154977
0.0438447 0.15463
0.0445663 0.157822
0.0451638 0.159299
0.0443904 0.157457
0.0442216 0.156806
0.0450286 0.159656
0.0438323 0.155773
0.044378 0.156894
0.0436148 0.153887
0.0436672 0.153092
0.0434249 0.153081
0.0435816 0.154767
0.0444266 0.158496
0.0442639 0.157696
0.0437894 0.156318
0.044413 0.15759
0.0441085 0.157491
0.0433492 0.155328
0.0438221 0.156358
0.0439008 0.155997
0.0444397 0.156988
0.0438368 0.155657
0.0446378 0.157426
0.0444039 0.157702
0.0443016 0.156647
0.0439354 0.155237
0.044191 0.157627
0.044622 0.159805
0.044497 0.160087
0.0438168 0.157285
0.042908 0.153292
0.044272 0.159089
0.0435185 0.155855
0.0426725 0.151448
0.0432217 0.152775
0.0428915 0.15288
0.0426486 0.151943
0.0434594 0.154373
0.0439188 0.15662
0.0436658 0.156118
0.0437305 0.156382
0.0435083 0.154654
0.0432164 0.152976
0.0437634 0.156985
0.0429392 0.152395
0.0434401 0.154916
0.0436238 0.156288
0.0436306 0.155854
0.0432372 0.154273
0.0434409 0.155699
0.043831 0.156212
0.0451849 0.160762
0.0451577 0.16074
0.0446737 0.157923
0.0438551 0.155649
0.0449681 0.160541
0.0444645 0.159551
0.0439836 0.158049
0.0438027 0.156985
0.0443312 0.158478
0.0449742 0.161027
0.0458562 0.164601
0.0443613 0.158112
0.0440984 0.156887
0.0458554 0.164321
0.044384 0.157287
0.0448115 0.158723
0.0446494 0.158847
0.0444573 0.158872
0.0448622 0.160125
0.0456942 0.162844
0.0448634 0.158852
0.0460709 0.163067
0.0462519 0.165772
0.0448791 0.16126
0.0460253 0.167826
0.0453175 0.163533
0.0460805 0.166926
0.0454904 0.16504
0.0445971 0.161987
0.0458631 0.165724
0.046141 0.166641
0.0462014 0.165512
0.0467092 0.167459
0.046077 0.166874
0.0470055 0.170829
0.0455688 0.16584
0.0454449 0.166589
0.0460812 0.168129
0.0461872 0.166835
0.0466983 0.170378
0.0459746 0.166641
0.0460469 0.167196
0.0461604 0.169102
0.0474417 0.172717
0.0459576 0.166037
0.0471261 0.169494
0.046075 0.165754
0.047084 0.170351
0.0479625 0.173761
0.0466868 0.169147
0.0464092 0.168041
0.0463489 0.168909
0.0467934 0.170249
0.0467589 0.169754
0.0453913 0.162577
0.0474003 0.170476
0.0466662 0.169308
0.0475094 0.172203
0.046722 0.168432
0.046375 0.167904
0.0463018 0.168439
0.0458448 0.16484
0.0462791 0.167855
0.0450445 0.162384
0.0455781 0.163794
0.0458953 0.166885
0.0454264 0.164552
0.0458831 0.166525
0.0461962 0.168298
0.0473085 0.173859
0.0458653 0.168187
0.0455701 0.166849
0.0461427 0.168431
0.0453592 0.165936
0.0464667 0.170949
0.0469436 0.173661
0.0461843 0.169678
0.0466116 0.169401
0.0472825 0.173995
0.04694 0.173054
0.0482476 0.178521
0.0477262 0.173791
0.047486 0.172705
0.0470384 0.170941
0.0472837 0.172831
0.0472827 0.170108
0.0461064 0.168271
0.0467774 0.170433
0.0471139 0.172693
0.0467304 0.171324
0.0457647 0.167132
0.0455499 0.167315
0.0464232 0.17077
0.0461669 0.169999
0.0464848 0.169573
0.0457201 0.167854
0.045811 0.167785
0.0449835 0.166064
0.0453207 0.167746
0.0445376 0.165822
0.0447707 0.169243
0.0443282 0.168695
0.0441892 0.166774
0.0461965 0.177917
0.0435115 0.166911
0.0438427 0.167656
0.044477 0.173852
0.043158 0.168132
0.0436623 0.171246
0.0444468 0.175311
0.0440336 0.173491
0.0437035 0.173174
0.0434956 0.174078
0.0425872 0.169781
0.043075 0.173976
0.0426227 0.173246
0.0434525 0.17575
0.0432777 0.175957
0.0414676 0.170814
0.0426588 0.176904
0.0428121 0.179661
0.0428972 0.181163
0.0423045 0.181736
0.0429314 0.183115
0.0427338 0.183272
0.0422491 0.182618
0.0423394 0.182728
0.0424256 0.183564
0.0424554 0.183207
0.0419956 0.182638
0.041872 0.180082
0.0425299 0.184823
0.0425987 0.187316
0.0432732 0.190894
0.041791 0.184994
0.0421477 0.187441
0.0431985 0.192653
0.0438402 0.194439
0.0435038 0.192365
0.0424532 0.190494
0.0433322 0.194405
0.042789 0.193989
0.0440404 0.199809
0.0448002 0.205214
0.0443875 0.204746
0.0437889 0.203031
0.0452304 0.213007
0.0443007 0.20666
0.0433192 0.201743
0.0442848 0.206687
0.0452289 0.212877
0.0448247 0.210283
0.0451074 0.212252
0.0448076 0.21169
0.0446957 0.213239
0.044813 0.210982
0.0448319 0.213802
0.04534 0.217613
0.0447431 0.216151
0.0455976 0.219451
0.0446569 0.216006
0.0446562 0.217232
0.0442609 0.217978
0.0452623 0.221426
0.045508 0.221292
0.0456049 0.222859
0.0467596 0.230579
0.0466707 0.224484
0.0469111 0.230666
0.0463365 0.230609
0.0471997 0.234797
0.0474943 0.233026
0.0477453 0.23628
0.0462994 0.228613
0.0463283 0.229083
0.0470936 0.229724
0.0475379 0.23247
0.0471935 0.232793
0.0472151 0.233136
0.0469493 0.234935
0.0480801 0.243552
0.0475799 0.235043
0.0478558 0.239344
0.0489759 0.243492
0.0482927 0.241524
0.0481615 0.241368
0.0475131 0.23899
0.0477262 0.23925
0.0482682 0.241107
0.0480822 0.240871
0.0479051 0.239475
0.0470487 0.236603
0.0473013 0.239285
0.0473956 0.239775
0.0470724 0.237552
0.0467542 0.237247
0.0462609 0.232877
0.0468 0.237754
0.0469005 0.240593
0.04761 0.242988
0.0468031 0.239226
0.0475364 0.244327
0.0478836 0.245222
0.0470571 0.238486
0.0472801 0.242672
0.0474565 0.243316
0.0475622 0.243905
0.0475531 0.246008
0.0484273 0.248161
0.0480347 0.247159
0.0481363 0.247435
0.0475882 0.24828
0.0474061 0.243398
0.046969 0.244328
0.0476591 0.249231
0.0483072 0.253611
0.0477498 0.251452
0.0488254 0.256828
0.0483864 0.251559
0.0485865 0.252316
0.0483654 0.254415
0.0482968 0.254698
0.0482054 0.254832
0.0487473 0.26105
0.0480158 0.256072
0.0488882 0.261771
0.0488894 0.264813
0.0499362 0.270328
0.0492098 0.266735
0.0482214 0.260381
0.0502169 0.275182
0.0492007 0.265506
0.0496753 0.269402
0.0471811 0.257654
0.0484502 0.263224
0.0487646 0.268248
0.0496929 0.275322
0.0504124 0.278864
0.050083 0.277403
0.0496644 0.270678
0.0489659 0.270377
0.0498483 0.279306
0.0489699 0.27144
0.0497624 0.279523
0.0498387 0.277693
0.0492873 0.272568
0.0493335 0.27392
0.0486286 0.272383
0.0492641 0.27527
0.0491945 0.275674
0.0499337 0.282632
0.0495948 0.281731
0.0497332 0.285334
0.0492282 0.285015
0.0485917 0.277905
0.0500201 0.286251
0.0483059 0.274949
0.0496003 0.285662
0.0496748 0.288864
0.0492713 0.287941
0.0494603 0.291322
0.0486254 0.286663
0.0497161 0.292919
0.0489976 0.286178
0.0502785 0.301317
0.0499745 0.307763
0.0497488 0.30268
0.0507633 0.31025
0.0510326 0.311863
0.0509436 0.311473
0.0511908 0.312852
0.0501935 0.308251
0.0507892 0.31295
0.0498702 0.309645
0.0512854 0.316576
0.0504276 0.313003
0.0501535 0.310202
0.0501964 0.313372
0.050067 0.313362
0.0507365 0.319114
0.0508864 0.318978
0.0500195 0.314453
0.0499837 0.312255
0.0506926 0.315085
0.050094 0.311484
0.049049 0.297479
0.0493884 0.29938
0.0493632 0.303179
0.0483857 0.294149
0.0494479 0.29597
0.0489276 0.289264
0.0492507 0.292043
0.0484507 0.290277
0.0494095 0.300831
0.0498503 0.305463
0.0485581 0.298142
0.0481037 0.298879
0.0483916 0.302291
0.0486577 0.303934
0.0483794 0.299649
0.0466022 0.292147
0.0487582 0.305431
0.0480776 0.300738
0.0489998 0.304725
0.0487435 0.305149
0.0495731 0.307797
0.0500728 0.309918
0.0479134 0.294024
0.0487991 0.297086
0.0491255 0.298208
0.0470565 0.283068
0.0481393 0.287175
0.0476358 0.284889
0.0477256 0.281772
0.0475855 0.272247
0.0471545 0.272059
0.0478108 0.274448
0.0471401 0.2687
0.0467847 0.272996
0.0469751 0.268432
0.0478968 0.269629
0.0476765 0.269613
0.0479841 0.269388
0.0464998 0.260454
0.0468411 0.263927
0.0462474 0.25824
0.0459468 0.251206
0.0455144 0.247584
0.0460478 0.250601
0.0473301 0.258867
0.0471021 0.255764
0.0483575 0.260953
0.0497224 0.264658
0.0494172 0.263516
0.0479494 0.257795
0.0485056 0.260699
0.0475358 0.256332
0.0471746 0.250697
0.0486132 0.257584
0.0477456 0.251194
0.0475165 0.249629
0.045972 0.238047
0.0462339 0.239191
0.0477883 0.243018
0.0465227 0.236813
0.0465385 0.239726
0.0456762 0.235433
0.0447032 0.228845
0.044957 0.227644
0.0429783 0.216828
0.0424587 0.212958
0.0429145 0.217115
0.0424223 0.216067
0.0420574 0.211359
0.0436217 0.218142
0.0443506 0.225126
0.0444586 0.22302
0.0472636 0.23191
0.0479966 0.233424
0.0485402 0.233146
0.0486148 0.237192
0.0503889 0.248899
0.0495678 0.246775
0.0484018 0.24282
0.0478952 0.248841
0.0454354 0.233741
0.0452551 0.229642
0.0443939 0.229837
0.0453855 0.234703
0.0440714 0.227503
0.0444993 0.229578
0.0441914 0.225721
0.0455136 0.230272
0.0457819 0.235301
0.044399 0.232084
0.0460498 0.238034
0.0446532 0.23106
0.0457152 0.232632
0.047523 0.241314
0.0477433 0.24105
0.0473664 0.246268
0.0444043 0.244049
0.0444873 0.245211
0.0440703 0.238722
0.0446078 0.237442
0.0435188 0.233624
0.0439194 0.237488
0.0440553 0.234025
0.0452674 0.241497
0.0440951 0.238141
0.0438544 0.243505
0.043261 0.232317
0.0430507 0.234161
0.042725 0.230968
0.0433152 0.235114
0.0427725 0.235684
0.0423471 0.231081
0.0433231 0.234699
0.0423058 0.22681
0.042842 0.231755
0.0424401 0.2265
0.0431561 0.232902
0.0426949 0.224758
0.0428442 0.2266
0.0421217 0.220044
0.0424233 0.222038
0.0420832 0.220075
0.0414962 0.215908
0.0401966 0.21003
0.0399646 0.204832
0.0392978 0.202395
0.0400547 0.205128
0.0396129 0.201006
0.0389635 0.198065
0.0387555 0.19697
0.0392834 0.200344
0.039074 0.195923
0.0387373 0.194001
0.0399306 0.205351
0.0397033 0.201307
0.0392523 0.19554
0.0397338 0.194442
0.0392446 0.191817
0.0388884 0.19236
0.0384648 0.191766
0.0403412 0.1977
0.0407823 0.199052
0.0408605 0.199751
0.0400278 0.196954
0.041238 0.20228
0.0412282 0.202323
0.0415672 0.200164
0.0416154 0.200962
0.0401289 0.194586
0.0402826 0.200839
0.0412323 0.20264
0.040145 0.19411
0.0401191 0.195663
0.0401683 0.194083
0.0407111 0.193946
0.0401618 0.19237
0.0393167 0.18325
0.0398225 0.186807
0.0408739 0.189665
0.0416499 0.196718
0.0398377 0.188071
0.0404503 0.187869
0.0418838 0.193867
0.0420974 0.194679
0.0426395 0.196514
0.0412327 0.191569
0.0420322 0.193456
0.0425982 0.196432
0.043876 0.205608
0.044667 0.209978
0.0441512 0.209481
0.0448617 0.214293
0.0444544 0.212881
0.0447403 0.213735
0.043515 0.213132
0.0444644 0.217391
0.0445618 0.216788
0.044122 0.217578
0.0442493 0.216905
0.043986 0.21832
0.0432519 0.213111
0.0435023 0.214376
0.0439553 0.218353
0.0440512 0.220703
0.0442956 0.217701
0.0443859 0.213184
0.0440737 0.21503
0.0436176 0.214594
0.0439297 0.217889
0.0442995 0.219455
0.0437565 0.214219
0.0440033 0.213556
0.0443271 0.219066
0.0437886 0.213591
0.0428758 0.211453
0.044816 0.222352
0.0438553 0.21538
0.0447918 0.216776
0.0453864 0.216534
0.0461299 0.227043
0.0453223 0.219996
0.0454604 0.21833
0.0451724 0.218553
0.0456425 0.219746
0.0452563 0.219038
0.0442258 0.216976
0.0441183 0.217364
0.0446147 0.219027
0.0444961 0.21551
0.0457256 0.220789
0.045115 0.222668
0.0457747 0.22055
0.0458555 0.220984
0.0451294 0.218682
0.0464139 0.219918
0.0469584 0.220461
0.0468814 0.221871
0.047072 0.222448
0.046968 0.22158
0.0467779 0.221455
0.0469417 0.222608
0.0468854 0.218494
0.0470832 0.222706
0.0458857 0.218651
0.0461996 0.218456
0.0465839 0.21743
0.0452678 0.210406
0.0452032 0.210332
0.0443038 0.205374
0.0440779 0.202125
0.0445659 0.206373
0.0441395 0.203289
0.0440488 0.202802
0.0448781 0.20618
0.0460378 0.212901
0.0478846 0.216923
0.0464776 0.212607
0.0471406 0.217404
0.0475904 0.218806
0.0479173 0.219548
0.048619 0.225275
0.0472017 0.216362
0.0475884 0.21916
0.0477172 0.218584
0.0478758 0.221395
0.0471635 0.215987
0.0465326 0.216038
0.0462679 0.215943
0.0458533 0.216441
0.0452022 0.207486
0.0456652 0.207569
0.0450352 0.207987
0.0453015 0.207039
0.0446617 0.204767
0.0445826 0.203244
0.0444392 0.20422
0.0463676 0.211248
0.0447615 0.206992
0.0447643 0.206279
0.0447374 0.204809
0.0454262 0.208005
0.044264 0.205169
0.0438384 0.203336
0.0436526 0.203681
0.045099 0.207886
0.0450348 0.205138
0.0452117 0.209215
0.0453495 0.211977
0.0465652 0.219458
0.0454965 0.214909
0.0457689 0.21484
0.045272 0.210863
0.0452375 0.21166
0.0453051 0.211244
0.0449057 0.209233
0.0446219 0.208832
0.0443238 0.207027
0.044583 0.208225
0.0448647 0.21013
0.0447861 0.209291
0.0452185 0.209028
0.0455574 0.212191
0.0449392 0.207377
0.0457201 0.212433
0.046101 0.213025
0.0467915 0.211583
0.0470684 0.216532
0.0471662 0.212506
0.0471784 0.215065
0.0473618 0.218523
0.0445129 0.199267
0.0460576 0.209589
0.0455851 0.21024
0.0456912 0.210443
0.0464511 0.210388
0.0462764 0.203233
0.0449165 0.20499
0.0459643 0.210657
0.0444909 0.205376
0.0453338 0.206371
0.0464512 0.213208
0.0463101 0.211154
0.0465889 0.209474
0.0463356 0.211204
0.0457433 0.204818
0.0463763 0.210485
0.0453974 0.202709
0.0449421 0.203149
0.0444153 0.19894
0.0436903 0.194911
0.0446796 0.199267
0.0461252 0.206278
0.0460037 0.206325
0.0455653 0.198609
0.0461628 0.202757
0.0485201 0.218378
0.0478879 0.217885
0.0487185 0.218318
0.0489375 0.219659
0.0483996 0.213553
0.0498515 0.220068
0.0505967 0.224313
0.0486423 0.215501
0.0480337 0.211352
0.0475851 0.209674
0.0474985 0.211663
0.0453917 0.200802
0.0460077 0.202986
0.0461238 0.205686
0.0458181 0.205402
0.0463639 0.214584
0.0459701 0.211209
0.0452194 0.207382
0.0454946 0.214062
0.0459237 0.214027
0.0441963 0.2066
0.0449438 0.206992
0.0447328 0.208158
0.0442449 0.210526
0.0452196 0.21361
0.0447037 0.204803
0.0444578 0.210762
0.0435445 0.204704
0.0423342 0.192623
0.0448157 0.206948
0.0454742 0.208148
0.045432 0.210511
0.0455252 0.205656
0.0455105 0.205862
0.0453554 0.205701
0.0447096 0.201285
0.045337 0.201939
0.0450342 0.20321
0.0442029 0.204369
0.0442951 0.203552
0.042611 0.193706
0.0448665 0.20244
0.0448897 0.203847
0.044787 0.203433
0.044713 0.204592
0.0438856 0.202715
0.0440669 0.201726
0.0425046 0.197659
0.0426139 0.197414
0.0413523 0.190941
0.0414478 0.19468
0.0416095 0.193948
0.0415907 0.195326
0.0419882 0.200061
0.042182 0.204191
0.0417807 0.202929
0.0421981 0.203527
0.0416298 0.203825
0.0400896 0.193757
0.0411413 0.199499
0.0405489 0.197831
0.0413713 0.200978
0.0411959 0.201
0.0402083 0.191879
0.0403018 0.189346
0.040141 0.192186
0.0400842 0.192236
0.041037 0.195015
0.0398208 0.190607
0.0414023 0.197876
0.0411111 0.201045
0.0419005 0.20111
0.0415559 0.201762
0.0413915 0.200453
0.0412762 0.202996
0.0399616 0.192185
0.0409368 0.198307
0.0416676 0.202129
0.0415409 0.200472
0.0402396 0.195082
0.0395752 0.191993
0.0397826 0.193143
0.0393035 0.189963
0.0401004 0.196842
0.0403159 0.196587
0.0408437 0.196834
0.0397948 0.191053
0.040979 0.196769
0.0412101 0.195774
0.0409579 0.192665
0.0408518 0.192475
0.0412883 0.19532
0.0412841 0.195282
0.0410329 0.196179
0.0412411 0.19487
0.0418161 0.202644
0.0417175 0.200638
0.042442 0.204685
0.0409204 0.196689
0.0421908 0.201873
0.0414607 0.194632
0.0398447 0.189567
0.0404535 0.194527
0.0398644 0.18998
0.0395092 0.19137
0.0377775 0.179941
0.0368345 0.173179
0.0376114 0.18124
0.0367205 0.178106
0.0374623 0.183829
0.0376236 0.184991
0.0374387 0.18508
0.0381842 0.189766
0.0376985 0.1851
0.0375338 0.185014
0.0379168 0.188219
0.0361931 0.182109
0.0367539 0.183291
0.0364867 0.18336
0.0369679 0.186106
0.0365158 0.181125
0.0373618 0.188155
0.0366647 0.182766
0.0376071 0.18643
0.0379088 0.19205
0.0367389 0.185862
0.0363389 0.18377
0.0348322 0.17882
0.0357113 0.184326
0.036747 0.190213
0.0365119 0.187575
0.036342 0.184808
0.0369832 0.191992
0.0373436 0.194801
0.0377463 0.19778
0.0370876 0.198539
0.036754 0.198566
0.0367004 0.198503
0.0361754 0.197529
0.0347077 0.192686
0.0344409 0.195763
0.0324266 0.181397
0.033754 0.188952
0.0338305 0.18961
0.0334979 0.189183
0.0330836 0.187974
0.0326802 0.187863
0.0333692 0.189286
0.0336472 0.190822
0.0339705 0.195016
0.0337646 0.190757
0.0335587 0.189318
0.0324951 0.188937
0.0321523 0.183608
0.0319056 0.18374
0.0309224 0.175403
0.0309461 0.181302
0.0312337 0.186038
0.0297908 0.175894
0.0295265 0.174344
0.0293495 0.174259
0.0311892 0.190276
0.0310022 0.188113
0.0300635 0.183799
0.0309099 0.189489
0.0305734 0.186916
0.0300509 0.184271
0.0294185 0.179188
0.0286417 0.171922
0.0290219 0.179655
0.0284499 0.175563
0.0284051 0.175454
0.0289148 0.175399
0.0295482 0.179906
0.0284149 0.174551
0.0288664 0.177684
0.0288265 0.175628
0.0298582 0.180214
0.0303964 0.18474
0.0299985 0.184234
0.0288968 0.180832
0.028769 0.179103
0.0285846 0.177074
0.0290715 0.182885
0.0289558 0.182466
0.0299445 0.188084
0.0299904 0.188528
0.0303837 0.188304
0.0315333 0.194726
0.0307728 0.185821
0.0315115 0.187975
0.0317778 0.195041
0.0322614 0.197621
0.0313155 0.194788
0.031142 0.191402
0.0309584 0.189238
0.0313826 0.190434
0.0313083 0.184165
0.0310823 0.186678
0.0311075 0.183989
0.0316422 0.189237
0.0312271 0.184823
0.0323217 0.189965
0.0324631 0.192346
0.0331369 0.194816
0.034035 0.203915
0.0332433 0.195492
0.0333994 0.194094
0.0341384 0.197069
0.0339054 0.197362
0.0345339 0.199109
0.0341693 0.191194
0.0336945 0.190533
0.0337648 0.18779
0.0350514 0.193241
0.0349271 0.191455
0.0349741 0.188866
0.0344263 0.187189
0.033823 0.183652
0.0336601 0.178951
0.0337897 0.176287
0.0351682 0.185094
0.0352941 0.182502
0.0360947 0.184949
0.0364919 0.188433
0.0380401 0.192128
0.038315 0.1978
0.0383572 0.194626
0.0392002 0.193082
0.038284 0.193762
0.0395481 0.193904
0.040347 0.195688
0.0406113 0.193992
0.0396031 0.191167
0.0402608 0.190946
0.0401287 0.192134
0.0409122 0.194651
0.0402003 0.192639
0.0391174 0.188753
0.0402 0.193612
0.0405761 0.19981
0.0396324 0.195779
0.0404838 0.199027
0.040148 0.197531
0.0387441 0.190947
0.0392792 0.196815
0.0391615 0.190372
0.0399548 0.195702
0.0406869 0.198852
0.0403145 0.193519
0.0401231 0.190621
0.0412882 0.195329
0.0411026 0.189465
0.0401461 0.184531
0.0405775 0.186585
0.0398368 0.184577
0.0404147 0.188281
0.0400915 0.189495
0.0398865 0.190785
0.0400471 0.19276
0.0414447 0.198743
0.0419374 0.201927
0.0419856 0.199549
0.0422104 0.200387
0.0426059 0.196057
0.04291 0.201639
0.0429572 0.19649
0.0435413 0.202211
0.043982 0.205724
0.0431166 0.20177
0.0426348 0.197989
0.0427453 0.197831
0.0434867 0.20616
0.0427188 0.201814
0.0425985 0.201444
0.0435052 0.204705
0.0424253 0.202875
0.0419923 0.195221
0.0429178 0.201978
0.0414749 0.192468
0.0419937 0.196252
0.0425144 0.202761
0.0410592 0.193558
0.0413781 0.196298
0.0414817 0.197146
0.0415576 0.192545
0.041865 0.197993
0.0416111 0.197147
0.0437628 0.201101
0.0443571 0.20482
0.0442321 0.207773
0.0440356 0.202036
0.0440094 0.204265
0.0437636 0.19713
0.0438353 0.204244
0.0433196 0.197991
0.0434159 0.20129
0.0444818 0.202274
0.0444511 0.200969
0.0461675 0.211136
0.0471077 0.215623
0.0466546 0.216222
0.0469185 0.217772
0.0467688 0.21606
0.0465951 0.213993
0.0465232 0.213823
0.0464637 0.213433
0.0464146 0.212904
0.0463491 0.218316
0.046641 0.216127
0.0471545 0.221199
0.0481509 0.226432
0.047227 0.221134
0.048125 0.222155
0.0481031 0.226157
0.0481036 0.226043
0.0471562 0.224242
0.0471031 0.227613
0.0468858 0.223216
0.0468659 0.225723
0.0466803 0.222131
0.0461257 0.220987
0.0455182 0.214976
0.0458749 0.218968
0.047791 0.224465
0.045931 0.214981
0.045859 0.215799
0.0477462 0.224949
0.0457064 0.209047
0.0473085 0.216139
0.0491114 0.220172
0.0508265 0.227052
0.0484036 0.218419
0.0479196 0.217378
0.0459603 0.210281
0.0452652 0.205509
0.0462146 0.20886
0.0462454 0.209917
0.0467919 0.210801
0.0448143 0.202312
0.0443642 0.203471
0.0446367 0.204347
0.0449723 0.202773
0.0443991 0.201835
0.0436454 0.198702
0.043733 0.200974
0.0449949 0.210409
0.0439768 0.205531
0.0434595 0.202739
0.0435605 0.204011
0.0425744 0.201066
0.0427805 0.199817
0.0424847 0.201257
0.0426466 0.201198
0.0426868 0.202132
0.0418961 0.199712
0.0430673 0.206108
0.0430782 0.2067
0.0425216 0.201759
0.0439411 0.214921
0.0431008 0.208198
0.0439164 0.212507
0.0428519 0.21065
0.0433341 0.212321
0.0437777 0.214088
0.0428902 0.206201
0.0434877 0.210024
0.0427332 0.206008
0.0429242 0.204938
0.0426846 0.204423
0.0427981 0.204279
0.0418361 0.199731
0.0409979 0.195099
0.0411428 0.195227
0.0412703 0.199254
0.040819 0.196582
0.0408928 0.202343
0.0412384 0.203991
0.0398602 0.19823
0.0405614 0.202507
0.0397415 0.2017
0.0388033 0.201112
0.0383317 0.19736
0.0382211 0.197762
0.0370482 0.191863
0.0363192 0.188747
0.0363334 0.189333
0.0357779 0.187925
0.0353361 0.185202
0.035999 0.188299
0.0356679 0.190076
0.0357799 0.19006
0.0355277 0.190946
0.0361433 0.19371
0.0360509 0.192624
0.0353298 0.188981
0.0355403 0.192578
0.0347521 0.188983
0.034835 0.187745
0.0332438 0.18066
0.0327383 0.179475
0.0339438 0.184897
0.0333362 0.182793
0.0330248 0.18078
0.0333702 0.183306
0.0331247 0.183474
0.0332438 0.183498
0.0326957 0.181421
0.0326737 0.182193
0.032488 0.182655
0.0320083 0.181134
0.032719 0.185061
0.032791 0.186388
0.0327991 0.18713
0.0320071 0.183226
0.0332037 0.19427
0.0331611 0.193884
0.0330093 0.190884
0.0334872 0.192645
0.0341265 0.199191
0.0334642 0.19697
0.0337159 0.194831
0.0330873 0.192421
0.0338987 0.197244
0.0332663 0.194889
0.0339992 0.197393
0.0338347 0.195687
0.033648 0.196713
0.0328432 0.191335
0.0320169 0.187284
0.0332379 0.194028
0.032635 0.191264
0.032353 0.189602
0.0323117 0.188754
0.0336338 0.194424
0.0319294 0.185181
0.0326587 0.190505
0.0332309 0.194373
0.0326422 0.191431
0.0329737 0.192521
0.0331248 0.192158
0.0329732 0.192967
0.0332382 0.194571
0.0330724 0.19385
0.0332188 0.194697
0.0333096 0.193305
0.0326817 0.190465
0.032703 0.190896
0.0333953 0.19396
0.0332572 0.19511
0.0332602 0.194376
0.0334917 0.195972
0.0334427 0.19358
0.0329411 0.192781
0.0329367 0.192241
0.0324629 0.191184
0.0323414 0.189282
0.0324028 0.1899
0.0328509 0.192127
0.0323847 0.189219
0.0325573 0.19013
0.0325322 0.191332
0.0324948 0.189428
0.0318914 0.185597
0.0324262 0.189169
0.0323315 0.188422
0.031757 0.186566
0.0325041 0.189558
0.0332616 0.194113
0.0314012 0.185176
0.0323011 0.188658
0.0315123 0.18503
0.0323217 0.187408
0.0314858 0.185181
0.0314721 0.182441
0.0314435 0.183686
0.0309815 0.181673
0.0321566 0.188637
0.0320796 0.187554
0.0319471 0.18714
0.0312106 0.18269
0.0314067 0.183734
0.0318032 0.18504
0.0313825 0.184598
0.0323124 0.189226
0.0311473 0.181684
0.0313797 0.183952
0.0318844 0.185471
0.0316704 0.186401
0.0319803 0.186449
0.0318481 0.185604
0.0312559 0.18342
0.0320452 0.187492
0.0313797 0.183104
0.0318353 0.185946
