44752
43333
43277
44256
45129
45708
45624
45960
46157
45727
45943
45874
46034
46084
45840
45979
45983
46184
46004
45800
46027
46157
45883
45788
45437
44759
44537
44229
43934
43818
43513
43646
43512
43600
43722
43618
43725
44157
44389
45021
45226
45507
45299
45307
45519
45437
45621
45331
45373
45667
45650
45507
45640
45605
45583
45789
45639
45704
45433
45909
45700
45758
45635
46083
46103
45977
45929
45762
45799
45839
45881
45467
45738
45921
45881
45936
45657
45869
45952
46042
45878
46125
45967
45902
46064
46248
46170
46213
45924
45971
46171
46202
46112
46264
46047
46302
46315
46289
46228
46368
46192
46204
46072
46334
46343
46246
46269
46442
46191
46298
46057
46065
46016
46263
46299
46171
46401
46252
46480
46262
46395
46448
46391
46313
46276
46474
46267
46526
46541
46487
46475
46488
46402
46258
46211
46268
46107
46000
46499
46506
46666
46514
46355
46445
46306
46550
46522
46318
46299
46188
46475
46489
46658
46395
46486
46564
46435
46536
46379
46181
46677
46604
46535
46359
46325
46500
46461
46685
46603
46527
46349
46569
46474
46697
46548
46627
46494
46722
46644
46631
46641
46491
46560
46624
46527
46623
46603
46661
46372
46406
46764
46654
46461
46519
46537
46744
46525
46670
46450
46549
46845
46438
46617
46878
46557
46736
46661
46569
46962
47002
47004
46593
46854
46765
46887
46880
46731
46891
46853
46663
46640
46724
46737
46995
46862
46887
46836
46705
46582
46929
46917
46980
46814
47212
46592
46803
46998
46711
47129
46823
46989
46887
46926
47029
46807
46898
46716
47109
47163
46964
46748
47121
46847
46821
46683
46877
47323
47141
46867
47000
47074
47035
47100
47045
47179
47067
46960
46854
46894
46932
46995
46866
46994
47196
47216
46844
47298
47068
47009
47148
46967
47249
47225
47055
47090
47522
46939
47336
47158
47201
47045
47507
47329
47580
47439
47560
47541
47480
47646
47875
47542
47438
47243
47287
47590
47701
47281
47259
47381
47710
47696
47605
47676
47632
47816
47570
47790
47626
47729
47866
47629
47554
47601
47735
47630
47930
47849
47857
47330
47890
48015
47918
47656
47809
47653
47830
47766
47640
47758
47926
47503
47622
47932
47691
47332
47523
47560
47811
47756
47562
47443
47506
47498
47920
47478
47873
47554
47647
47756
47629
47563
47464
47606
47615
47674
47800
47747
47735
47846
47405
47500
47718
47490
47796
47795
47699
47538
47631
47749
47748
47631
47370
47549
47594
47785
47631
47691
47609
47612
48063
47762
47534
47647
47658
47705
47588
47736
47651
47537
47720
47801
47775
47593
47494
47418
47589
47625
47554
47555
47371
47528
47601
47378
47625
47464
47376
47566
47433
47355
47412
47359
47154
47363
47483
47263
47413
47290
47292
47241
47282
47036
47207
46863
46967
47033
46846
46737
46859
47124
46775
46510
46774
46522
46649
46520
46250
46220
46290
46304
46258
46079
46278
46298
46142
46062
46135
45983
46293
45954
45942
46168
46026
46190
45925
45908
46150
46145
46098
45945
45984
46351
45892
45908
46221
46023
45801
45939
46201
45791
45993
46104
45964
45740
45796
45493
45554
45573
45455
45510
45199
45036
45485
45109
45097
45557
45390
45140
45110
45235
45335
45590
45279
45489
45688
45205
45392
45470
45694
45335
45776
45745
45934
46266
45963
46028
46308
46434
46128
45876
45735
46037
45866
46349
46139
46115
46155
45747
45482
45456
45413
44347
44524
44458
44760
44871
44767
44895
44827
45009
44680
44871
44794
44859
44967
44443
43855
43882
44055
44061
43849
43071
43116
43294
43533
44793
44597
44429
44611
44992
44946
45057
45176
44971
45309
45630
45760
45945
46127
46572
47087
47088
47393
47290
47408
47502
47289
47521
47434
47356
47620
47426
47616
47517
47738
47535
47434
47814
47632
47501
47474
47422
47282
47326
47131
47189
47548
47392
47472
47718
47349
47136
47492
47335
47322
46936
47170
47472
47564
47293
47453
47683
47525
47530
47458
47359
47787
47145
47203
47568
47169
47393
47105
47069
46953
46845
46786
46791
46925
46839
46922
46992
47094
47294
46779
46946
47074
46916
46924
47050
47032
46934
46900
46867
46704
46808
46793
46802
46750
47033
46542
46969
46656
46763
46836
46813
46504
46688
46846
46754
46480
46887
46667
46778
46760
46874
46599
46903
46779
46725
46423
46712
46688
46387
46488
46479
46482
46521
46646
46398
46667
46747
46703
46732
46647
46722
46656
46926
46622
46650
46489
46335
46682
46527
46257
46517
46478
46501
46455
46381
46672
46629
46587
46558
46519
46548
46663
46627
46480
46600
46608
46621
46550
46655
46603
46498
46826
46823
46650
46449
46810
46717
46641
46409
46453
46603
46285
46408
46575
46560
46563
46709
46529
46631
46950
46792
46677
46696
46577
46596
46381
46663
46566
46615
46611
46528
46474
46356
46282
46391
46507
46660
46486
46479
46460
46464
46275
46369
46301
46565
46275
46320
46379
46280
46058
46148
46215
46493
45937
46218
46157
46518
46373
46206
46187
46045
46040
46304
46426
46458
46169
46071
46280
46275
46233
46308
46101
46115
46641
46588
46726
46595
46577
46316
46746
46636
46543
46559
46440
46551
46516
46573
46629
46390
46290
46377
46326
46297
46301
46254
46408
46387
46558
46574
46373
46226
46514
46576
46832
46963
46679
46889
46581
46793
46444
46672
46621
46656
46892
46768
46495
46337
46446
46474
46783
46699
46825
46657
46921
46810
46577
46519
46885
46809
46800
46682
47382
47087
46952
46895
46926
46943
47038
46919
46898
46729
47095
46633
46855
46274
46790
46658
46542
46560
46583
46696
46725
46548
46604
46561
46719
46322
46456
46503
46526
46606
46745
46608
46698
47065
46804
47007
46922
47034
46912
47117
47009
46925
46971
47446
47136
47097
47113
47176
46829
47107
46857
46906
46902
47089
47112
47169
47156
46861
46971
46998
46805
46755
46733
46916
46716
46975
46855
46906
46950
47091
47224
47472
47197
47244
47460
47439
47582
47453
47920
47320
48038
47866
47954
47506
47502
47865
47565
47686
47701
47805
47674
47699
47590
47754
47952
47997
47972
48136
47979
47914
47934
48057
48179
48049
48046
47893
48032
48069
47860
47725
47718
47710
47728
47755
47782
47690
47537
47867
47919
48021
48417
47740
48038
47483
47829
47176
47519
47802
47563
47811
47677
47839
47862
47745
47739
47426
47659
47662
47866
47528
47070
46735
46817
46955
46949
47028
46832
47029
46819
46889
46750
46572
46339
46451
46457
46458
46709
46573
46652
46571
46588
46562
46621
46625
46612
46741
46680
46592
46727
46578
46463
47026
46820
47506
46653
46953
46821
46807
46806
46793
46907
46829
46824
46565
46592
46344
46507
46670
46544
46474
46373
46671
46449
46446
46395
46209
46087
46525
46652
46508
46635
46888
46504
46799
46906
46699
46624
46703
46888
46643
46981
46643
46623
46610
46650
46502
46752
46554
46776
46417
46581
46774
46766
46861
46734
46401
46658
46158
46935
46855
46698
46484
45949
46149
46574
46494
46495
46204
46337
46292
46393
45839
46338
46192
46293
46515
46304
46473
46315
46525
46421
46605
46536
46178
46643
46077
46208
46313
45916
46039
46009
46098
46105
46813
45808
45864
45713
46079
45983
46128
46184
46082
46305
46258
46183
46138
46319
46005
46084
46049
45993
46475
46197
46305
46230
46404
45859
46221
46078
46042
46159
46130
46028
46211
46059
46217
46221
46129
45516
46228
46417
46132
46571
46498
46463
46607
46638
46596
46576
46594
46802
46702
46588
46642
46899
47152
47034
46668
46933
46814
46893
47035
46795
47184
47017
46990
46792
46926
47223
46960
47036
46995
46988
47125
46896
46948
47347
47002
47394
47098
47269
47166
47302
47585
47224
47320
47242
47617
47394
47396
47420
47288
47225
47207
47200
47670
47468
47475
47506
47495
47569
47475
47482
47511
47430
47817
47362
47462
47638
47766
47656
47653
47744
47674
47672
47702
47312
47268
47384
47355
47245
47509
47394
47562
47617
47465
47396
47368
47332
47768
47423
47599
47400
47415
47580
47471
47382
47737
47274
47537
47151
47704
47407
47482
47609
47704
47725
47829
47612
47474
47448
47893
47505
47452
47706
47484
47868
47498
47444
47639
47433
47451
47463
