10.8799   285.278   296.157 0.155427   0.0458474
12.6927   318.921   331.614 0.163425   0.0515164
11.5796   314.333   325.913 0.165423   0.0507562
11.3083   319.772   331.08 0.154908   0.0509083
11.7155   307.298   319.013 0.159757   0.0488058
11.708   319.416   331.124 0.163367   0.0510086
10.9147   312.975   323.89 0.148836   0.0498766
10.4307   345.735   356.166 0.153392   0.055802
11.361   389.746   401.107 0.156704   0.0647123
12.1497   387.054   399.203 0.164186   0.0646879
10.877   436.426   447.303 0.16138   0.0718941
10.7965   547.923   558.719 0.169225   0.0919241
11.2119   469.279   480.491 0.161323   0.0780602
7.6309   533.116   540.747 0.157881   0.092131
11.2334   502.996   514.229 0.168164   0.0875384
10.0979   559.857   569.955 0.176768   0.103911
9.05622   421.458   430.514 0.161718   0.0730658
11.206   411.873   423.079 0.16788   0.0709606
9.93052   589.927   599.858 0.171957   0.110717
10.41   538.725   549.135 0.169072   0.0975523
9.46532   524.874   534.34 0.165333   0.0924441
9.48042   453.276   462.756 0.160007   0.0779863
9.99367   425.393   435.386 0.168669   0.0723365
11.5648   438.966   450.531 0.167607   0.0739149
12.4286   445.351   457.779 0.164255   0.0752409
12.7019   507.524   520.226 0.171184   0.0849299
12.1038   472.427   484.531 0.165352   0.0778041
12.6817   456.285   468.966 0.166318   0.0746753
11.3647   466.128   477.493 0.164706   0.0776039
12.532   454.572   467.104 0.174056   0.0769887
11.3934   475.718   487.112 0.168375   0.0827288
8.72802   586.477   595.205 0.15828   0.10826
11.4176   473.399   484.817 0.180278   0.0853177
15.5278   444.624   460.152 0.16091   0.0648542
14.8999   495.536   510.436 0.165923   0.0730125
14.5112   488.889   503.4 0.156035   0.0719942
13.7794   431.372   445.151 0.160693   0.063836
14.2358   503.838   518.074 0.158176   0.0758535
15.8684   467.26   483.128 0.165988   0.0715734
14.8352   468.819   483.654 0.164106   0.0745791
13.4915   474.218   487.71 0.153313   0.0758789
13.1   471.249   484.349 0.15268   0.0762021
13.5499   489.689   503.239 0.160829   0.0773112
11.4159   457.543   468.959 0.151539   0.073051
14.1094   455.69   469.799 0.166385   0.0734368
12.9742   471.152   484.126 0.147854   0.0749049
13.3703   488.751   502.121 0.155107   0.0803788
12.3565   507.932   520.289 0.158417   0.0851664
13.745   521.492   535.237 0.165105   0.0882837
11.6378   540.55   552.188 0.158877   0.0912283
16.8048   444.544   461.349 0.159287   0.0658633
15.5458   449.887   465.433 0.154942   0.0674291
17.0309   446.854   463.885 0.169462   0.066506
14.7623   448.896   463.658 0.16267   0.0673815
15.937   451.087   467.024 0.169904   0.0680516
15.5165   459.865   475.382 0.16121   0.0693953
16.0523   454.442   470.494 0.156608   0.0690012
16.2403   481.455   497.695 0.156157   0.0730695
15.0235   466.113   481.137 0.151753   0.0710885
13.1258   503.781   516.907 0.154786   0.0781201
14.5113   517.463   531.974 0.162744   0.0808052
14.8817   502.609   517.491 0.158316   0.078504
13.9147   500.031   513.945 0.152073   0.0778349
14.5454   494.922   509.467 0.161317   0.0766331
14.9796   514.518   529.497 0.158514   0.0805738
14.0948   525.006   539.101 0.154888   0.0845921
14.2197   518.502   532.722 0.157559   0.0833203
16.7669   450.076   466.843 0.145168   0.0661925
17.5255   452.151   469.676 0.152396   0.0669085
18.4038   445.237   463.641 0.157298   0.0655789
18.1024   440.687   458.79 0.153151   0.065229
16.1455   449.017   465.163 0.147448   0.0662879
18.8455   478.688   497.533 0.148098   0.0716197
16.2446   494.682   510.927 0.149033   0.0744611
16.474   516.152   532.626 0.155415   0.076897
18.8247   514.424   533.249 0.159531   0.0791909
15.9292   527.494   543.423 0.15063   0.0801419
14.0132   540.232   554.245 0.137835   0.0829935
15.3969   535.637   551.034 0.141256   0.0811572
17.382   516.771   534.153 0.156948   0.0789808
15.4961   540.181   555.677 0.146189   0.0839208
15.3563   544.595   559.951 0.158312   0.083704
14.2857   542.848   557.134 0.16197   0.0841495
13.7619   554.772   568.533 0.156682   0.0854788
18.7555   464.803   483.559 0.156731   0.0688733
16.0632   468.453   484.516 0.150687   0.0697684
16.7598   442.095   458.855 0.149308   0.0648305
18.0376   462.565   480.602 0.149379   0.067872
19.2575   501.674   520.932 0.157849   0.0740151
16.7332   480.442   497.175 0.149071   0.0715795
18.4805   481.2   499.68 0.157147   0.0719282
17.3721   501.665   519.037 0.154076   0.0768747
17.8805   516.351   534.231 0.157122   0.0775604
16.0361   518.571   534.608 0.153701   0.0781177
15.2591   532.595   547.855 0.156103   0.0811512
13.8735   532.2   546.073 0.150799   0.0804261
15.4388   520.831   536.27 0.155164   0.0798881
17.6778   525.448   543.126 0.149812   0.0809402
16.6523   527.135   543.787 0.153713   0.0818702
18.7217   414.695   433.416 0.149475   0.0622151
20.921   423.334   444.255 0.162178   0.0637335
20.4942   411.02   431.514 0.151809   0.0632046
19.6469   424.377   444.024 0.151519   0.0654667
21.1248   450.492   471.617 0.155329   0.0687109
20.7507   436.877   457.628 0.155786   0.0680579
18.2862   445.675   463.961 0.14629   0.0700013
17.9404   456.654   474.595 0.15178   0.072196
18.6734   467.346   486.019 0.154752   0.0732096
18.9071   470.694   489.601 0.16023   0.0744848
18.6714   470.601   489.272 0.161891   0.0749364
18.0747   438.815   456.889 0.151888   0.0696347
20.3568   460.245   480.602 0.159038   0.0733715
18.503   453.74   472.243 0.153871   0.0721654
19.2909   459.957   479.248 0.156836   0.0728126
21.8615   419.783   441.645 0.153414   0.0643889
21.0351   432.51   453.545 0.150036   0.0669251
19.6137   467.128   486.742 0.153953   0.0727863
17.753   461.938   479.691 0.149724   0.0719066
21.4077   442.24   463.648 0.159759   0.0688847
23.0184   445.704   468.723 0.156057   0.0710928
21.7345   415.831   437.566 0.155247   0.066912
19.4325   419.477   438.91 0.154635   0.0677195
20.1802   436.328   456.509 0.156133   0.0707034
21.9209   447.195   469.116 0.157988   0.0734733
20.3576   455.704   476.062 0.156082   0.0765118
21.4214   448.522   469.943 0.154854   0.0743653
17.957   466.314   484.271 0.151664   0.0745149
19.804   395.548   415.352 0.137847   0.0612668
21.8832   417.781   439.664 0.151967   0.0649098
23.171   457.7   480.871 0.148723   0.0717871
21.3254   445.549   466.875 0.147683   0.0700395
20.4927   456.053   476.545 0.15293   0.0727976
20.3635   475.112   495.476 0.154269   0.0768243
20.1095   468.911   489.02 0.159853   0.0777398
19.5737   467.255   486.829 0.153821   0.0792293
20.9482   468.402   489.351 0.157505   0.0802494
18.3621   488.593   506.955 0.150818   0.0840445
18.6736   474.615   493.289 0.161676   0.0830872
18.2171   363.014   381.232 0.145156   0.0619338
19.451   372.997   392.448 0.155297   0.0640833
18.1032   387.295   405.398 0.154464   0.0682025
14.9345   403.814   418.749 0.153647   0.071054
14.5346   411.085   425.62 0.150878   0.0730018
17.1138   395.985   413.099 0.159942   0.0717754
14.4795   395.37   409.849 0.159115   0.0728524
16.8215   398.722   415.544 0.159445   0.0754156
15.876   373.934   389.81 0.155647   0.0722419
15.2212   389.359   404.58 0.144734   0.0758689
14.5425   347.548   362.091 0.140056   0.066055
17.0007   340.344   357.345 0.154318   0.0659177
15.2438   361.784   377.028 0.15068   0.0701381
16.9892   325.947   342.936 0.156582   0.0640714
16.4156   318.545   334.96 0.151436   0.0640858
16.1731   328.465   344.638 0.158871   0.0650425
17.099   329.747   346.846 0.154602   0.0666882
15.7441   313.71   329.454 0.157126   0.0649961
15.6781   308.479   324.157 0.153206   0.065213
14.4659   306.793   321.259 0.152273   0.0670659
15.9131   264.445   280.359 0.143039   0.056581
15.4181   277.651   293.069 0.14712   0.0603405
15.4395   288.333   303.773 0.147043   0.0643709
17.7965   313.486   331.282 0.15276   0.0695193
17.9347   322.949   340.884 0.152961   0.0727405
17.5702   292.398   309.968 0.160825   0.0677749
15.503   296.544   312.047 0.146025   0.069313
14.0112   287.373   301.384 0.155968   0.0685663
14.4637   278.193   292.657 0.158941   0.0670507
16.1684   280.652   296.82 0.15487   0.0687097
15.0677   256.475   271.543 0.158274   0.0612931
15.3892   249.948   265.337 0.154278   0.061015
15.1373   248.707   263.844 0.153522   0.0611224
14.1147   249.477   263.592 0.150798   0.0620591
14.0897   265.783   279.873 0.150118   0.0651155
14.5382   254.68   269.218 0.153033   0.0642928
14.9976   259.513   274.511 0.155301   0.0669045
13.8289   261.356   275.185 0.157505   0.0672904
14.7514   260.039   274.79 0.158108   0.0682768
15.1186   260.228   275.346 0.153644   0.0683048
13.9626   263.157   277.119 0.158187   0.0702575
15.2484   237.485   252.734 0.155914   0.0628534
16.5943   242.642   259.236 0.157186   0.0645446
16.6827   258.811   275.494 0.166827   0.0692256
15.3579   262.649   278.007 0.163134   0.0712779
14.2988   264.452   278.751 0.162857   0.0724408
16.5606   270.814   287.375 0.162359   0.0743791
12.0884   258.699   270.788 0.155264   0.0715288
15.0751   251.769   266.845 0.162974   0.0691421
14.9784   253.153   268.131 0.161306   0.0699455
16.42   245.574   261.994 0.172842   0.070159
12.9767   227.259   240.235 0.156346   0.0629176
13.6858   230.259   243.945 0.15552   0.0641808
11.3676   238.735   250.103 0.148015   0.0688792
13.1916   229.025   242.217 0.155982   0.0660042
12.4549   228.348   240.803 0.155298   0.0676869
13.6219   221.622   235.244 0.156274   0.0659852
13.6705   218.596   232.266 0.153947   0.0652563
13.4213   206.613   220.034 0.164678   0.0645313
12.1963   204.328   216.524 0.146943   0.0654372
12.7212   206.963   219.685 0.167385   0.0655943
12.8749   185.803   198.678 0.156059   0.0574796
14.0505   192.084   206.134 0.150676   0.0602002
13.0816   196.819   209.901 0.155271   0.0633292
12.8778   194.893   207.771 0.159379   0.062316
12.0813   196.699   208.78 0.150182   0.0637023
13.4865   201.212   214.698 0.152605   0.0645867
12.6246   190.852   203.476 0.159301   0.0631854
13.1704   190.955   204.126 0.157918   0.0641479
13.7339   195.509   209.243 0.159697   0.065651
12.6495   178.738   191.387 0.150589   0.0573936
13.8461   176.313   190.16 0.163376   0.0575764
13.7637   181.263   195.027 0.160043   0.0606354
14.2471   186.993   201.24 0.164897   0.0635252
10.7316   193.582   204.314 0.155782   0.0667423
12.7095   192.662   205.371 0.159068   0.0678721
11.2294   197.162   208.392 0.164232   0.0690224
10.3763   207.585   217.961 0.147998   0.0727574
11.9222   177.766   189.688 0.152198   0.0598181
11.544   175.822   187.366 0.152901   0.0612672
10.0367   188.237   198.273 0.149483   0.0675375
10.7294   188.868   199.597 0.18063   0.0704783
10.8675   187.514   198.382 0.147656   0.0707147
10.2167   191.526   201.743 0.163206   0.0760508
9.47839   186.776   196.254 0.15093   0.0768689
10.311   185.595   195.906 0.158632   0.0799404
12.2257   159.171   171.397 0.158091   0.0641993
11.5655   153.177   164.742 0.165222   0.0656003
11.9688   179.276   191.245 0.16525   0.0775991
11.065   179.13   190.195 0.160363   0.0790612
9.11309   182.061   191.174 0.158686   0.0845729
8.50262   184.255   192.758 0.155157   0.0861167
7.3477   183.028   190.376 0.156334   0.0851125
9.78902   151.004   160.793 0.157887   0.0660822
10.6212   148.681   159.302 0.15393   0.0690385
10.4487   154.014   164.462 0.158795   0.0718414
9.88469   160.142   170.026 0.157902   0.0763888
10.2956   161.46   171.755 0.176496   0.0799207
9.03689   156.491   165.527 0.168914   0.0781021
9.9844   160.861   170.846 0.164691   0.0820878
9.43237   165.583   175.016 0.163253   0.0848178
10.3147   140.754   151.069 0.174333   0.0637234
9.79409   148.927   158.721 0.161886   0.0685509
10.2574   155.888   166.145 0.157322   0.0714624
9.10176   161.621   170.722 0.148861   0.0740263
10.3908   158.425   168.815 0.156488   0.0733787
9.90279   169.707   179.61 0.164772   0.0813905
10.249   164.456   174.705 0.168016   0.0794155
11.6394   175.207   186.846 0.171672   0.0827774
10.1179   162.385   172.503 0.152377   0.065058
10.9081   176.763   187.671 0.157631   0.0704686
9.34495   195.862   205.207 0.154718   0.0782197
10.7862   193.086   203.872 0.150505   0.0793106
12.1535   196.496   208.649 0.170376   0.0830967
11.7251   208.141   219.866 0.163988   0.0854919
10.8054   196.259   207.065 0.157908   0.0839997
9.8505   221.064   230.915 0.161484   0.0917089
10.7957   189.953   200.749 0.165361   0.0649444
9.23149   218.939   228.17 0.162669   0.0733586
9.71595   229.969   239.685 0.166369   0.0811695
9.8899   239.018   248.908 0.151919   0.0868747
8.20922   237.331   245.541 0.147251   0.0858575
9.27534   239.822   249.097 0.151744   0.0875862
7.8592   246.888   254.747 0.162979   0.0910093
9.8009   222.421   232.222 0.151658   0.072048
9.86946   240.332   250.202 0.155018   0.0760064
10.8316   262.92   273.751 0.153037   0.0811759
11.1975   267.46   278.658 0.158054   0.0832113
10.2776   274.52   284.798 0.158466   0.0881043
10.8789   263.061   273.94 0.161468   0.0842435
10.648   269.866   280.514 0.163145   0.0865113
10.5236   293.456   303.979 0.168647   0.0933622
12.1232   257.168   269.292 0.166071   0.0813419
10.6977   264.322   275.02 0.159966   0.0852892
13.1553   218.717   231.872 0.153992   0.0632809
9.8643   243.257   253.121 0.155752   0.0688625
10.5291   256.554   267.083 0.149881   0.0743851
9.75849   253.444   263.203 0.150054   0.078589
9.26196   272.745   282.007 0.163721   0.0846621
7.71525   286.55   294.265 0.151279   0.0884843
7.77569   267.528   275.304 0.155307   0.080466
10.5475   252.684   263.231 0.162771   0.0794062
8.55722   265.176   273.734 0.169786   0.0835938
12.2978   196.588   208.886 0.158341   0.0560852
11.673   220.718   232.391 0.152588   0.0628857
14.6259   265.797   280.423 0.167728   0.0734978
11.5808   289.334   300.914 0.169806   0.0794741
10.57   273.366   283.936 0.157291   0.0751666
10.8181   283.034   293.852 0.155656   0.0762398
10.938   283.32   294.258 0.151078   0.0774606
11.4238   293.133   304.557 0.16227   0.0786006
9.28328   313.387   322.67 0.156284   0.0819355
8.99989   325.733   334.733 0.153582   0.0853464
10.7851   245.366   256.152 0.146403   0.0596394
10.5369   265.748   276.284 0.158848   0.0643638
9.4952   253.255   262.75 0.154394   0.0605402
10.3091   257.908   268.217 0.156793   0.0625344
10.5919   287.431   298.023 0.155764   0.0693005
10.7617   298.379   309.141 0.153739   0.0719298
9.14211   316.528   325.67 0.153006   0.0752027
11.4234   378.227   389.65 0.158293   0.0931249
13.8223   257.348   271.171 0.148361   0.0613124
14.635   281.592   296.227 0.151501   0.0685306
14.5423   297.823   312.366 0.158068   0.0725231
12.8824   268.478   281.361 0.154743   0.0673596
10.8724   280.751   291.624 0.146079   0.0694929
14.3157   295.842   310.157 0.154264   0.0725778
12.5698   300.936   313.506 0.151901   0.0742091
13.1408   300.58   313.721 0.153694   0.0756589
13.8567   289.994   303.851 0.146245   0.0740111
14.3517   319.798   334.15 0.145703   0.0807639
13.4272   312.439   325.867 0.14241   0.0792418
15.8795   242.318   258.197 0.14649   0.0572233
16.4432   253.499   269.942 0.145515   0.0610105
17.1431   235.657   252.8 0.151262   0.0588946
15.8773   247.791   263.668 0.151573   0.0609646
15.818   241.506   257.324 0.153573   0.0609986
15.7715   249.783   265.555 0.152235   0.0646438
17.2887   243.344   260.633 0.150555   0.0637555
16.8624   231.587   248.449 0.149888   0.0609159
15.2719   239.677   254.949 0.140755   0.0633815
16.4152   229.455   245.87 0.14991   0.0619772
15.0683   234.826   249.894 0.151549   0.0637222
14.8187   224.612   239.431 0.149382   0.0626464
16.3796   210.259   226.639 0.141938   0.0539651
15.2389   222.924   238.163 0.144216   0.0573069
15.9786   233.47   249.449 0.151098   0.0607639
15.1732   251.244   266.417 0.137314   0.0648623
13.6078   252.2   265.807 0.136624   0.0640946
14.8294   258.455   273.285 0.150095   0.0661079
17.1947   269.564   286.759 0.153524   0.0687371
15.6646   273.21   288.875 0.147316   0.0695841
15.2111   262.163   277.375 0.150904   0.0688057
14.5073   276.809   291.317 0.151381   0.0718301
15.4922   231.187   246.68 0.148393   0.0560672
16.7665   236.524   253.291 0.143548   0.0560006
16.1242   268.694   284.818 0.149529   0.0648029
16.5677   252.159   268.727 0.14899   0.0604466
12.7151   249.763   262.478 0.140966   0.0605193
14.9183   268.125   283.044 0.139424   0.0650853
16.1377   292.388   308.526 0.142308   0.0697491
19.1384   248.72   267.859 0.143538   0.0572363
20.0988   257   277.099 0.143222   0.0585777
17.6557   260.354   278.01 0.144325   0.059437
19.3711   269.232   288.603 0.145102   0.0604438
20.2866   290.546   310.832 0.148983   0.0660707
20.1679   285.909   306.077 0.151411   0.0656567
22.1327   252.275   274.408 0.139199   0.0559592
21.8312   256.342   278.173 0.144386   0.0575921
22.5663   255.13   277.697 0.145401   0.0586371
23.6086   262.332   285.941 0.153969   0.0597499
21.8499   256.481   278.331 0.147435   0.0598779
23.4806   278.342   301.823 0.156091   0.0649421
20.1592   239.684   259.844 0.141171   0.0542518
17.4391   265.479   282.918 0.140638   0.0584595
20.1143   280.94   301.054 0.14558   0.0622054
23.3597   296.5   319.86 0.151097   0.0660299
18.2214   303.366   321.588 0.143929   0.0678338
19.6544   308.787   328.441 0.147556   0.0697287
19.9101   249.33   269.24 0.142418   0.0545007
19.9498   266.808   286.757 0.142702   0.059057
19.3046   286.756   306.061 0.141529   0.0642462
21.2199   330.334   351.554 0.146344   0.074056
19.8889   317.228   337.117 0.154657   0.0726122
19.3811   279.984   299.365 0.145723   0.0645534
19.5579   280.003   299.56 0.143597   0.0638605
21.2118   264.534   285.746 0.146121   0.0603707
19.5444   267.537   287.081 0.14769   0.0603693
19.9898   277.956   297.946 0.144331   0.0619367
20.0949   283.367   303.462 0.145264   0.0625535
19.601   274.283   293.884 0.147376   0.0610331
18.4946   286   304.495 0.140465   0.0645964
19.5667   289.37   308.937 0.144511   0.0655276
19.9761   270.028   290.005 0.142686   0.0617095
18.4592   272.546   291.005 0.137073   0.0608996
19.5249   240.431   259.956 0.130689   0.0545962
21.2611   318.482   339.743 0.149276   0.0723987
22.6912   350.092   372.783 0.153665   0.0801584
16.7   233.66   250.36 0.145534   0.0550112
21.1851   218.009   239.194 0.140858   0.0495273
23.527   219.267   242.794 0.144116   0.0507504
22.3456   222.912   245.258 0.14529   0.0520993
20.737   226.808   247.545 0.143261   0.0522118
20.0208   236.36   256.381 0.1455   0.0533858
21.7798   211.972   233.751 0.143288   0.0485209
24.1676   291.392   315.56 0.154921   0.0657503
23.2814   314.725   338.006 0.160783   0.0709287
24.8507   239.869   264.719 0.152459   0.0549376
21.7106   241.306   263.016 0.14744   0.0542199
23.1999   257.107   280.306 0.15213   0.0569639
24.3329   235.919   260.252 0.142715   0.0506726
23.4675   246.586   270.054 0.142877   0.0529809
20.7173   255.062   275.779 0.144674   0.0552058
21.1984   261.537   282.735 0.146398   0.0576606
20.7977   261.167   281.965 0.14698   0.058502
24.2687   250.342   274.611 0.150738   0.0547974
23.1445   265.019   288.163 0.157446   0.0597337
20.1971   257.923   278.12 0.153883   0.0581203
21.5954   264.099   285.694 0.156262   0.0619484
21.1524   261.337   282.489 0.150551   0.0568031
21.8718   264.879   286.751 0.151887   0.0600143
23.6859   288.884   312.57 0.15624   0.06446
21.2508   271.465   292.716 0.152884   0.0615567
22.1543   252.787   274.941 0.147532   0.0558871
21.9932   284.528   306.521 0.141663   0.0624239
24.0682   284.948   309.017 0.144294   0.0637811
20.1152   286.032   306.148 0.142157   0.0649004
20.4514   312.983   333.435 0.151942   0.0700187
19.7206   323.644   343.365 0.14046   0.0727356
19.0582   315.418   334.476 0.144655   0.0716532
19.8396   311.603   331.443 0.144393   0.0714981
20.2129   311.257   331.47 0.156689   0.0717871
19.7554   306.04   325.796 0.149662   0.0711143
19.6383   259.165   278.803 0.144134   0.0600614
19.0815   249.253   268.334 0.148148   0.0593883
18.4016   254.724   273.126 0.1484   0.0613438
16.8728   261.248   278.121 0.148224   0.0630806
19.7892   257.971   277.76 0.144183   0.0609644
19.3034   269.181   288.484 0.140901   0.0638399
19.0297   275.27   294.3 0.150235   0.065302
18.1398   280.799   298.939 0.142087   0.0665848
18.9806   244.009   262.99 0.147136   0.0572725
17.6241   244.879   262.503 0.147605   0.0578582
19.3943   243.091   262.485 0.144089   0.0569594
20.5374   254.393   274.93 0.154649   0.0621957
20.0714   251.292   271.364 0.145868   0.0618033
20.1663   257.519   277.685 0.149936   0.0623797
17.1878   226.237   243.425 0.155546   0.0546236
18.3818   222.7   241.082 0.15223   0.055467
17.6324   222.787   240.42 0.150383   0.0557352
20.7241   257.466   278.19 0.154493   0.0652852
18.3968   274.613   293.01 0.148876   0.0686018
17.9088   224.306   242.215 0.144717   0.0545525
18.9094   218.3   237.21 0.149566   0.0547825
18.748   224.614   243.362 0.137348   0.0557286
18.9712   227.506   246.477 0.139238   0.0565724
18.1943   274.887   293.081 0.153816   0.0665149
19.4045   266.787   286.192 0.146055   0.0635662
18.0183   229.379   247.397 0.136244   0.0534652
18.6961   235.042   253.738 0.138695   0.0538271
19.0375   246.387   265.425 0.14577   0.0576857
16.6765   246.11   262.787 0.135032   0.0591861
18.8843   227.235   246.119 0.139625   0.0537134
14.3183   236.144   250.463 0.12083   0.0556201
17.6451   236.536   254.181 0.131484   0.0555353
19.667   238.657   258.324 0.14461   0.0562922
17.5623   244.016   261.578 0.145544   0.0584236
18.1278   246.961   265.088 0.145722   0.059846
17.1547   265.833   282.988 0.140843   0.0628358
16.3081   263.783   280.091 0.129429   0.0639411
14.2119   258.72   272.932 0.130186   0.0637321
15.8744   253.495   269.37 0.131688   0.0626829
17.1786   273.778   290.957 0.140664   0.0679056
16.5766   224.649   241.226 0.135504   0.05709
15.2109   210.956   226.167 0.135088   0.05624
15.4672   214.281   229.748 0.132198   0.0593795
15.6035   205.007   220.611 0.134513   0.0591456
13.6751   205.179   218.854 0.133633   0.059118
14.2443   194.723   208.967 0.124638   0.0562342
15.021   202.979   218 0.146546   0.0589569
12.4888   212.572   225.061 0.135503   0.0604901
16.9351   192.995   209.93 0.13996   0.0545769
14.7955   210.055   224.851 0.140109   0.0582065
17.118   206.051   223.169 0.136944   0.0564911
15.8613   217.353   233.214 0.137526   0.0598465
17.8456   202.778   220.624 0.146076   0.0561117
13.8872   212.909   226.797 0.131012   0.0589287
15.676   197.78   213.456 0.143441   0.056444
13.5835   193.131   206.714 0.138607   0.0560584
14.3616   204.509   218.87 0.131758   0.0603499
13.6496   202.689   216.338 0.13732   0.0611983
15.4335   199.325   214.759 0.140304   0.0612178
13.8297   203.592   217.421 0.137991   0.0634704
14.1504   206.948   221.098 0.132743   0.0625144
15.2201   195.699   210.919 0.142244   0.0594078
14.3508   198.371   212.722 0.136674   0.0589062
13.5044   195.124   208.628 0.131293   0.0588456
14.1893   198.377   212.566 0.142606   0.0590145
12.7885   193.433   206.221 0.137807   0.0565196
15.6076   209.256   224.863 0.143982   0.0610609
15.3276   217.297   232.625 0.14062   0.0626308
13.9125   212.334   226.246 0.139474   0.0585063
16.7867   195.695   212.482 0.138733   0.0551098
14.4135   193.645   208.058 0.138326   0.0557187
15.4807   194.486   209.966 0.139466   0.0554722
17.2295   200.564   217.793 0.140363   0.0553356
17.5241   202.234   219.758 0.149142   0.0559044
20.3569   202.551   222.908 0.145406   0.0561368
19.6519   198.682   218.334 0.150244   0.0561599
17.1964   187.209   204.405 0.138457   0.0529526
16.624   192.571   209.195 0.141843   0.0531905
17.3008   195.204   212.505 0.144414   0.0545293
13.0586   201.393   214.452 0.136883   0.0553978
13.323   204.87   218.193 0.138062   0.056451
15.4374   194.6   210.038 0.138328   0.0539477
13.0773   206.911   219.989 0.139368   0.0562845
14.8524   204.506   219.359 0.139132   0.0574174
16.1768   212.198   228.374 0.147062   0.0581125
17.24   202.475   219.715 0.138141   0.0542624
20.6317   209.994   230.625 0.146117   0.0557693
19.2661   215.024   234.29 0.14752   0.0557953
18.1042   226.324   244.429 0.145532   0.0567485
19.0276   228.369   247.397 0.138282   0.0543374
19.2152   236.723   255.939 0.147999   0.0561266
20.0755   251.597   271.672 0.144255   0.0581615
15.9027   255.627   271.53 0.136387   0.0598742
18.6114   241.528   260.14 0.143903   0.0569553
18.9998   237.264   256.264 0.14634   0.0572595
18.6286   251.642   270.271 0.144408   0.0599229
20.2419   260.436   280.678 0.140244   0.0624098
22.0997   252.937   275.037 0.147701   0.0597378
23.1606   262.453   285.613 0.150199   0.0608685
23.9318   271.805   295.736 0.147031   0.0626913
21.4328   284.009   305.441 0.145012   0.0628755
19.9235   271.255   291.178 0.141704   0.0613754
21.7355   243.692   265.427 0.144743   0.0572226
21.445   241.524   262.969 0.151234   0.0570762
18.8024   235.434   254.236 0.141798   0.0577894
18.6332   241.087   259.72 0.143333   0.0584701
20.8025   229.837   250.639 0.141273   0.0554391
20.2108   229.554   249.765 0.144363   0.0556036
22.4012   244.148   266.549 0.146797   0.0582554
18.0494   247.35   265.399 0.143477   0.0582109
23.5176   233.467   256.985 0.149413   0.0548251
22.8876   256.357   279.245 0.14463   0.0592083
23.1267   249.757   272.884 0.14768   0.05666
18.6633   258.964   277.627 0.142034   0.0581158
23.4811   246.238   269.719 0.147494   0.0559886
22.0181   336.862   358.88 0.150423   0.0784198
20.5738   343.582   364.156 0.141193   0.0784689
22.4845   241.402   263.887 0.142457   0.0551839
22.426   240.024   262.45 0.138006   0.0534753
21.5083   248.097   269.605 0.140945   0.0549934
22.8928   281.201   304.093 0.141314   0.0614592
23.1671   289.809   312.976 0.144643   0.0641075
22.9914   270.427   293.418 0.146286   0.0595108
24.5679   255.139   279.707 0.143253   0.0564862
23.3326   251.179   274.512 0.145829   0.0567816
24.6883   255.678   280.367 0.144039   0.0590836
20.2415   260.06   280.301 0.133872   0.0592391
22.5879   249.477   272.065 0.139604   0.055789
22.5863   253.271   275.857 0.13994   0.0572596
19.7758   246.404   266.18 0.132724   0.0566133
18.3916   276.258   294.649 0.13691   0.0626506
20.1385   245.873   266.012 0.146356   0.0568598
19.5004   236.755   256.256 0.141308   0.0548807
23.2256   243.702   266.927 0.143812   0.0561331
20.5283   245.506   266.034 0.142558   0.0560209
19.1855   243.406   262.592 0.145125   0.0557147
22.9147   252.974   275.888 0.142919   0.0586107
20.1753   255.546   275.721 0.14275   0.0588138
21.158   401.973   423.131 0.153566   0.0936345
23.2022   401.231   424.433 0.155719   0.0940819
24.2082   275.518   299.726 0.146717   0.0653072
23.1742   294.509   317.683 0.143177   0.0701713
23.4951   232.279   255.774 0.142827   0.0555669
22.4024   227.271   249.674 0.141937   0.0544907
24.78   227.665   252.445 0.1475   0.0560447
23.8212   227.162   250.983 0.154433   0.0552135
22.8572   219.801   242.658 0.147943   0.0537718
20.9414   214.2   235.142 0.143927   0.0529696
21.4282   207.05   228.478 0.140605   0.0519338
23.3   204.94   228.24 0.151956   0.0506901
21.238   195.352   216.59 0.142537   0.0485889
24.475   188.433   212.908 0.152587   0.0479743
25.5261   202.313   227.84 0.149275   0.0512402
23.4132   197.087   220.501 0.143112   0.0510272
22.0387   208.802   230.841 0.139133   0.0540629
20.2996   220.827   241.127 0.140239   0.0564956
21.4471   226.205   247.652 0.131255   0.0560578
21.5464   211.306   232.852 0.136197   0.0520868
21.8442   253.876   275.72 0.142241   0.0615287
21.1346   271.106   292.24 0.145923   0.0650731
22.5875   291.307   313.895 0.148439   0.0704094
22.9329   283.074   306.007 0.148674   0.0694361
22.6378   262.668   285.305 0.146999   0.0673063
18.7407   291.913   310.654 0.144855   0.0759547
19.1052   251.487   270.593 0.145425   0.0690733
17.6798   213.712   231.391 0.140316   0.05889
18.4892   222.491   240.98 0.148309   0.0611267
19.1832   225.724   244.907 0.156119   0.0611947
18.1313   225.235   243.366 0.152151   0.0622253
17.7592   197.418   215.177 0.147584   0.0543252
17.1674   198.873   216.04 0.140717   0.0546739
15.8107   185.645   201.456 0.144831   0.0515085
16.8733   182.634   199.508 0.150207   0.051616
16.9572   181.246   198.203 0.147134   0.0521571
15.8723   185.227   201.1 0.142034   0.0533681
16.9283   180.179   197.107 0.144193   0.052795
16.4805   177.702   194.183 0.143934   0.0516126
16.7242   175.258   191.982 0.143248   0.0515388
15.9114   181.559   197.471 0.141645   0.0533528
14.7687   179.097   193.866 0.136242   0.0526509
17.9317   187.197   205.128 0.142996   0.0555579
16.2403   185.31   201.551 0.138569   0.0549002
15.6509   186.637   202.287 0.135154   0.054877
17.5909   189.902   207.493 0.146185   0.056642
17.5263   197.281   214.807 0.140211   0.0583808
15.5516   189.979   205.531 0.137422   0.0571252
15.4343   188.027   203.461 0.132597   0.0571823
17.318   184.285   201.603 0.135297   0.0557325
17.4151   176.635   194.05 0.147585   0.0539344
15.7014   175.192   190.893 0.138035   0.0534733
16.2196   175.615   191.835 0.142904   0.0532288
16.8318   180.67   197.502 0.137216   0.0538083
16.2809   179.42   195.701 0.137199   0.0542656
16.7603   179.724   196.484 0.147021   0.0540036
17.3033   180.177   197.481 0.139825   0.0542621
19.4585   180.982   200.441 0.148538   0.0544021
15.4315   178.664   194.095 0.133799   0.0537659
17.9759   175.344   193.32 0.144675   0.0523844
17.4611   172.238   189.699 0.147975   0.0519603
17.8098   179.08   196.889 0.145584   0.0535792
16.9212   173.441   190.362 0.142996   0.0524095
16.9282   174.126   191.054 0.139902   0.0530613
17.7691   175.809   193.579 0.141305   0.0532514
16.8843   174.348   191.233 0.143088   0.0523831
17.4744   174.427   191.901 0.141838   0.0525509
17.0865   176.67   193.757 0.146039   0.0530064
15.766   179.876   195.642 0.137096   0.0535025
15.4626   176.888   192.351 0.14451   0.0532755
16.0478   172.262   188.31 0.136287   0.0522243
15.6235   170.753   186.376 0.142032   0.0518795
15.2837   172.283   187.567 0.133677   0.0520492
17.0669   176.039   193.106 0.138756   0.0528911
15.8786   173.416   189.295 0.138678   0.0524748
17.218   178.879   196.097 0.145916   0.0532696
16.6435   177.689   194.333 0.145358   0.0532482
16.1116   175.455   191.567 0.140713   0.0526181
15.624   180.216   195.84 0.143012   0.053568
16.1271   177.513   193.64 0.141777   0.0528746
16.8748   176.997   193.872 0.143983   0.0530662
17.5997   173.463   191.062 0.145854   0.0526549
16.3315   178.071   194.402 0.145817   0.0530683
