569         569
554         83
538         70
553         77
563         70
574         73
576         73
605         71
569         73
575         68
558         72
541         74
546         67
551         63
577         69
554         48
565         66
551         57
570         56
589         66
599         57
573         61
582         57
576         59
557         59
568         69
562         75
560         74
573         73
562         76
576         69
589         72
573         67
550         55
564         63
564         96
546         89
559         93
544         85
532         90
539         95
542         90
523         88
503         85
535         84
527         75
524         84
540         87
537         86
515         78
518         83
494         73
509         105
517         100
552         100
557         90
533         93
541         96
537         102
555         104
546         99
539         84
563         89
540         94
537         91
528         90
532         94
550         91
533         90
538         115
559         115
556         117
538         118
582         109
575         127
561         109
544         106
550         118
539         105
527         101
540         109
544         110
546         106
534         97
537         88
542         87
530         119
539         106
508         112
538         120
522         122
526         112
524         117
542         112
537         113
547         104
535         97
541         92
535         99
548         118
537         108
550         125
558         129
540         135
534         129
544         136
551         133
534         125
534         118
547         120
533         118
535         115
533         119
557         128
565         120
562         123
563         142
544         140
541         127
541         118
559         134
535         147
562         140
532         125
547         129
522         138
545         130
551         138
544         118
525         143
544         144
576         155
530         144
529         134
542         132
531         125
546         127
550         133
553         121
532         115
534         125
526         125
515         117
495         97
506         96
494         107
473         91
491         105
485         102
457         105
446         103
449         110
465         101
471         108
448         108
446         101
454         110
444         100
453         102
431         95
417         111
430         104
428         105
421         116
430         117
411         109
422         106
387         89
371         91
387         104
408         95
388         99
381         98
390         93
385         93
382         95
385         96
384         87
385         93
390         98
363         88
378         97
370         105
376         100
361         94
357         87
351         102
360         77
352         92
367         92
366         95
354         83
356         88
338         76
367         84
353         80
350         87
358         88
379         81
356         83
367         76
342         82
362         93
360         84
341         80
343         80
347         88
341         79
346         83
347         86
327         84
337         84
340         86
338         86
327         68
327         79
325         68
303         70
302         78
310         75
287         67
283         59
293         73
284         62
280         62
275         65
280         77
273         70
248         72
248         69
248         57
254         54
268         47
261         62
251         69
247         65
248         62
248         58
245         53
245         60
244         57
254         59
257         60
264         65
234         61
240         66
224         60
230         61
234         67
247         66
262         69
267         60
271         71
281         71
285         71
294         68
307         61
296         65
312         56
337         58
323         65
351         55
353         61
363         48
375         64
414         63
439         70
492         70
471         64
441         67
442         65
424         62
428         73
422         66
445         85
424         63
430         70
406         65
388         56
418         51
403         50
425         64
430         50
423         77
437         76
445         87
443         68
437         67
430         69
431         72
439         70
430         59
427         58
410         73
421         66
415         61
413         65
421         68
422         70
432         59
416         72
426         93
426         96
429         92
420         83
400         74
443         92
422         82
429         85
429         94
450         98
441         94
468         108
486         113
488         113
456         104
450         103
447         103
455         114
435         112
445         108
444         109
435         99
422         99
457         115
464         105
475         105
451         110
471         99
471         98
504         112
507         106
470         100
470         95
491         104
523         116
514         107
501         111
494         90
531         107
539         113
522         133
571         140
543         122
574         133
559         136
556         133
569         159
581         151
588         155
566         153
570         148
593         150
586         142
560         124
522         138
545         154
539         126
524         133
539         139
525         139
537         136
548         145
534         128
542         133
531         136
529         145
528         132
558         138
543         138
541         133
529         131
529         135
517         140
505         134
530         149
519         142
525         147
485         114
511         150
536         163
526         153
509         144
536         137
501         152
531         156
526         144
523         163
537         147
549         152
522         170
521         164
512         143
508         144
497         141
501         161
526         147
491         131
508         138
511         140
507         144
524         151
516         139
536         150
523         155
523         166
523         141
517         134
528         140
507         131
495         137
493         129
494         132
487         136
486         128
466         124
453         113
485         137
494         137
492         126
511         127
477         129
468         119
483         134
481         132
494         137
476         134
486         110
470         120
480         117
505         134
476         123
482         123
483         126
495         136
507         136
494         118
489         132
500         132
481         134
490         130
480         123
481         135
461         118
486         134
501         136
481         120
477         124
475         121
490         126
443         109
485         120
476         122
446         122
433         112
409         117
378         116
360         102
400         114
385         102
374         92
409         121
395         105
392         125
412         115
421         122
372         106
403         109
369         98
373         109
363         99
380         110
379         100
381         106
374         107
365         105
368         102
359         99
342         92
355         108
365         109
391         99
388         121
360         104
379         111
382         122
388         117
396         140
406         130
422         124
406         117
408         119
383         95
401         96
388         111
379         93
385         106
403         110
419         124
444         141
446         130
456         124
501         137
469         129
481         139
487         116
475         129
473         129
492         129
481         144
492         149
515         154
525         162
505         147
499         140
479         150
488         141
469         132
490         130
498         147
494         140
506         152
484         125
500         157
536         158
463         156
470         131
499         159
468         146
467         145
498         157
517         162
512         152
537         162
552         160
531         157
523         171
533         160
536         171
511         151
535         161
534         161
521         149
512         134
510         137
535         138
527         161
502         144
504         132
500         160
532         141
523         137
549         149
553         165
492         161
514         164
493         157
500         168
522         154
474         154
450         145
468         152
474         153
458         149
458         160
482         171
470         163
473         158
477         144
489         163
485         158
493         153
480         144
474         152
479         154
461         154
415         129
401         131
407         126
393         124
392         122
388         119
402         120
394         122
388         109
378         112
355         115
350         111
364         117
362         114
383         116
382         112
378         108
374         125
386         117
368         115
371         120
372         125
376         113
389         116
390         128
376         118
379         113
379         113
375         122
387         118
376         114
383         123
380         131
388         115
375         124
377         118
392         122
368         118
387         121
384         125
375         118
375         123
362         117
379         115
382         107
363         117
369         110
375         114
373         123
382         114
377         118
353         114
371         114
352         109
369         113
378         117
369         120
374         112
