9620       9620
9198       6319
9099       6222
9188       6190
9217       6193
9306       6281
9323       6296
9272       6262
9243       6275
9189       6195
9101       6022
9082       5983
9301       6070
9506       5960
9509       6011
9403       5786
9370       5746
9284       5387
9378       5768
9504       5804
9644       5328
9524       5522
9558       5677
9513       5812
9543       5880
9535       5938
9427       5919
9562       5975
9671       6072
9711       6110
9753       6006
9707       5904
9624       5750
9627       5417
9549       5548
9375       6855
9421       6787
9441       6790
9435       6757
9397       6642
9250       6528
9102       6286
9003       6249
8943       6184
9013       6334
8986       6263
8897       6205
8942       6290
8823       6080
8732       5964
8748       5907
8695       5925
8675       6749
8614       6672
8786       6719
8749       6662
8710       6628
8755       6626
8723       6586
8708       6589
8651       6556
8532       6448
8579       6403
8568       6402
8602       6424
8701       6458
8658       6385
8537       6206
8516       6223
8571       6799
8555       6757
8616       6789
8623       6756
8644       6773
8509       6683
8487       6643
8572       6712
8457       6496
8539       6582
8420       6509
8526       6600
8478       6543
8473       6436
8497       6506
8500       6451
8510       6490
8427       6748
8454       6714
8488       6819
8512       6815
8503       6778
8475       6712
8438       6690
8319       6525
8467       6657
8455       6638
8385       6563
8418       6617
8361       6519
8340       6491
8305       6438
8252       6665
8261       6642
8127       6503
8114       6482
8224       6556
8066       6419
8030       6366
8020       6325
8088       6383
8003       6319
7997       6280
7991       6301
8052       6272
8054       6287
8082       6317
8082       6519
8107       6462
8065       6417
8073       6424
8031       6420
7847       6269
7812       6214
7842       6194
7832       6171
7800       6086
7708       5956
7830       6031
8110       6258
8114       6456
8099       6436
8114       6375
8056       6361
7953       6264
7869       6184
7757       6031
7634       5897
7496       5836
7430       5813
7407       5712
7295       5861
7210       5820
7163       5678
7196       5683
7085       5631
6989       5517
6900       5427
6747       5287
6632       5176
6596       5132
6546       5261
6436       5163
6433       5158
6324       5087
6197       4970
6289       5050
6193       4944
6045       4826
5930       4730
5742       4574
5763       4673
5685       4601
5591       4479
5585       4509
5538       4439
5419       4314
5341       4278
5257       4191
5202       4149
5153       4084
5221       4184
5115       4096
5087       4069
5020       4020
5093       4081
4939       3961
4892       3878
4936       3884
4862       3808
4875       3809
4815       3745
4817       3778
4786       3759
4770       3738
4746       3684
4700       3650
4743       3641
4672       3616
4699       3641
4670       3619
4600       3500
4632       3612
4573       3587
4518       3466
4411       3469
4412       3373
4414       3358
4331       3349
4165       3201
4148       3122
4147       3155
4144       3232
4117       3190
4083       3107
4059       3127
4021       3087
4071       3115
3974       3020
3930       2976
3943       2978
3962       3114
3929       3062
3865       2989
3816       2943
3802       2900
3743       2838
3776       2856
3783       2853
3804       2971
3648       2869
3594       2787
3522       2679
3517       2651
3387       2518
3346       2429
3222       2321
3176       2479
3047       2335
3022       2310
3026       2265
2970       2152
2969       2139
2987       2150
2932       2285
2826       2153
2839       2143
2863       2096
2823       2020
2841       2003
2809       1959
2911       1952
2926       2208
2934       2172
3021       2181
3133       2183
3122       2159
3156       2085
3197       2070
3254       2116
3345       2496
3467       2508
3455       2504
3517       2434
3539       2364
3557       2434
3579       2336
3753       2410
3895       2924
4000       2984
3907       2833
3890       2751
4022       2764
4121       2738
4111       2712
4043       3087
4135       3162
4256       3238
4253       3214
4227       3115
4243       3122
4271       3119
4332       3143
4331       3161
4252       3099
4253       3456
4331       3532
4312       3449
4091       3224
4105       3221
4163       3238
4204       3324
4085       3182
4094       3172
4167       3505
4236       3509
4365       3616
4413       3640
4427       3636
4541       3712
4504       3657
4628       3729
4766       3824
4804       3816
4850       4114
4892       4128
4957       4183
4886       4124
4985       4147
5012       4148
5079       4209
5014       4061
5036       4197
4994       4109
5036       4106
4924       3985
5045       4040
5112       4076
5152       4055
5097       3972
5077       3918
5142       3959
5131       3942
5121       4234
5042       4155
4912       4001
4884       4064
4751       3959
4701       3864
4646       3816
4674       3801
4634       3781
4615       3702
4583       3685
4546       3585
4617       3896
4594       3890
4579       3842
4621       3873
4698       3934
4683       3909
4722       3921
4777       3926
4750       3810
4841       3853
4820       4123
4914       4223
4879       4146
4935       4171
4924       4127
4954       4119
4976       4192
5003       4345
5111       4387
5132       4380
5163       4454
5131       4397
5156       4354
5190       4508
5159       4451
5076       4351
5140       4390
5090       4283
5095       4286
5142       4418
5261       4541
5295       4516
5307       4490
5313       4472
5345       4428
5350       4574
5295       4517
5290       4463
5316       4460
5183       4368
5163       4337
5195       4384
5191       4381
5250       4431
5292       4487
5346       4530
5324       4494
5234       4427
5191       4416
5153       4375
5247       4475
5136       4403
5191       4399
5198       4367
4990       4247
5075       4401
5040       4320
5020       4278
5036       4344
5163       4427
5096       4368
5213       4431
5229       4437
5146       4366
5293       4450
5368       4513
5398       4655
5447       4654
5420       4620
5325       4535
5243       4464
5272       4568
5160       4436
5188       4437
5059       4263
5290       4600
5152       4413
5294       4481
5191       4410
5261       4523
5290       4558
5231       4467
5203       4407
5295       4470
5281       4449
5232       4402
5218       4358
5212       4335
5198       4303
5076       4315
4982       4197
4891       4152
4973       4141
4984       4231
5080       4216
5094       4215
5079       4217
5070       4260
5061       4232
5051       4267
4946       4090
4959       4066
5005       4128
4945       4141
4873       4015
4836       3997
4835       3943
4913       4003
4952       4111
4804       3984
4884       4030
4870       4021
5018       4132
5044       4197
5144       4290
5248       4366
5144       4271
5074       4158
5053       4230
5045       4245
5123       4259
5089       4239
5055       4176
4993       4126
5071       4230
4963       4125
4876       4059
4902       4044
4895       4031
4740       3935
4562       3751
4426       3608
4268       3466
4226       3470
4220       3462
4138       3442
4259       3514
4229       3536
4293       3608
4326       3647
4337       3631
4262       3613
4242       3613
4107       3504
4039       3445
4012       3388
3960       3312
3904       3256
3859       3207
3981       3310
3919       3294
4004       3367
4009       3315
4009       3361
4022       3422
4048       3427
4072       3469
4217       3629
4142       3551
4089       3475
4140       3506
4266       3624
4257       3617
4261       3608
4211       3537
4169       3535
4277       3620
4240       3579
4345       3635
4345       3629
4321       3607
4391       3676
4367       3561
4409       3651
4486       3731
4576       3765
4679       3853
4815       3988
5036       4202
5062       4217
5176       4325
5159       4269
5084       4240
4944       4143
5013       4199
4981       4173
5015       4234
5127       4311
5192       4335
5338       4517
5288       4419
5085       4258
4994       4231
4850       4074
4918       4123
4907       4145
4950       4128
5052       4191
5083       4249
5045       4258
5121       4329
5194       4408
5257       4456
5161       4398
5103       4295
5193       4378
5109       4374
5243       4488
5262       4511
5392       4575
5308       4520
5322       4544
5249       4516
5218       4423
5164       4327
5213       4390
5230       4471
5179       4423
5089       4352
5161       4409
5074       4324
5027       4314
5063       4341
5065       4382
5114       4368
5066       4316
5101       4345
5259       4293
5255       4264
5095       4218
5071       4197
4986       4180
4999       4170
4892       4062
4931       4114
4917       4087
4874       4043
4824       3986
4840       4043
4840       4020
4701       3927
4735       3948
4596       3862
4655       3862
4716       3908
4829       4035
4834       4056
4929       4126
4962       4166
4971       4137
4906       4076
4710       3902
4694       3843
4436       3640
4400       3629
4442       3639
4494       3688
4422       3619
4413       3634
4439       3637
4403       3604
4353       3538
4256       3475
4246       3470
4228       3412
4199       3443
4164       3400
4133       3403
4158       3401
4107       3369
4096       3375
4091       3401
4073       3352
4071       3379
4030       3325
4023       3288
4047       3306
4021       3275
4005       3276
4016       3299
4055       3357
4059       3306
4008       3328
4031       3320
4044       3326
4043       3323
4035       3347
4004       3314
4017       3342
4021       3309
3991       3281
4018       3301
4032       3328
4042       3319
4047       3333
4055       3362
4057       3320
4008       3298
4031       3291
4012       3310
4040       3328
4019       3304
4054       3358
4022       3337
4039       3334
4037       3364
4043       3357
4039       3335
4021       3294
4037       3355
