0
72
26
33
21
24
19
28
23
37
31
36
46
45
36
47
57
103
31
72
107
91
31
37
28
32
23
47
34
30
53
37
61
61
58
35
49
32
26
25
35
37
38
53
27
24
37
25
39
63
30
54
51
23
54
38
50
38
39
30
37
32
49
27
36
39
46
27
28
30
49
28
60
36
49
66
37
37
37
21
30
27
43
33
36
50
23
70
27
53
27
45
42
36
57
23
29
42
26
39
46
28
31
19
28
30
36
28
44
30
27
32
22
42
36
45
42
41
32
53
30
38
32
30
32
52
51
44
69
48
28
48
44
52
44
36
45
79
34
35
49
49
39
61
47
43
20
25
47
40
41
44
45
22
37
37
40
34
21
21
22
30
25
41
28
27
38
40
26
32
30
21
27
30
41
26
43
30
54
29
150
29
42
16
36
25
32
29
30
29
23
23
32
25
32
27
33
27
37
30
25
21
20
30
42
36
33
18
26
19
15
16
25
19
29
36
28
42
38
19
31
23
44
23
21
36
25
16
26
28
32
20
29
40
20
19
16
41
21
33
32
22
21
22
27
21
137
20
31
29
27
19
28
26
38
29
30
27
24
25
47
36
28
33
34
46
39
53
37
39
121
45
49
35
34
31
29
132
34
40
143
148
27
36
28
30
23
30
52
22
24
31
31
35
35
25
28
33
33
22
40
41
41
27
20
36
25
19
30
24
38
62
29
32
20
21
25
29
41
25
33
19
40
30
40
16
44
25
24
27
28
26
29
58
27
78
35
33
31
31
34
28
36
37
24
31
24
26
26
32
45
26
42
30
26
34
28
30
33
33
32
32
41
29
28
25
30
19
25
21
32
33
28
38
30
33
46
46
28
33
29
27
27
26
21
34
32
33
29
32
55
35
28
37
31
32
35
25
35
23
27
34
35
37
22
36
26
32
50
28
34
40
40
22
32
26
30
29
27
43
31
34
35
34
40
48
27
29
38
35
34
47
35
55
32
31
37
51
33
37
54
54
29
40
37
36
31
26
27
34
39
62
48
30
25
39
44
43
47
26
46
28
34
26
36
31
30
29
27
30
29
22
47
28
32
34
31
30
28
43
27
25
20
26
23
28
31
30
23
34
33
24
23
30
23
28
34
35
31
32
24
35
29
43
38
31
44
43
48
46
54
39
176
42
40
40
33
36
25
29
36
35
35
39
31
35
34
31
47
41
44
30
35
33
45
43
40
32
38
35
32
38
35
41
39
23
43
39
31
33
33
50
58
33
37
40
34
27
23
42
40
30
38
28
41
43
37
33
22
28
37
40
56
33
35
40
51
52
37
37
33
37
45
47
28
43
26
38
30
22
24
45
25
31
37
25
30
35
35
66
37
32
20
20
23
21
21
24
25
20
21
30
20
20
44
22
30
29
31
20
23
21
17
17
23
25
20
17
15
26
25
29
20
22
