3.39228
3.38707
3.77438
3.73026
3.77959
3.75551
3.64002
3.75687
3.62835
3.67255
3.68116
3.55588
3.55059
3.57744
3.53494
3.57458
3.50621
3.59676
3.72663
3.63572
3.59506
3.66738
3.79255
3.87942
3.66486
3.54112
3.49209
3.46651
3.3622
3.44623
3.38579
3.47262
3.59679
3.58919
3.55073
3.56955
3.52378
3.63776
3.5828
3.58068
3.55021
3.49711
3.61533
3.49685
3.55666
3.58066
3.55865
3.54906
3.49403
3.47675
3.52205
3.59028
3.56562
3.52641
3.50823
3.45219
3.44313
3.4794
3.43582
3.35809
3.28229
3.34148
3.35541
3.52471
3.42373
3.43693
3.45535
3.44549
3.49827
3.60048
3.47021
3.46539
3.4788
3.37478
3.47165
3.49093
3.5909
3.57744
3.53213
3.7216
3.68713
3.87789
3.85786
3.89825
3.86235
3.99448
3.9267
3.94441
3.85666
3.9938
3.83074
3.84405
3.76619
3.84843
4.12081
4.04925
4.08464
3.91732
4.13213
4.03118
4.05286
4.14541
4.20106
4.10622
4.26976
4.24721
4.06834
4.17767
4.31247
4.19061
4.0118
4.15988
4.23338
4.12391
4.15828
4.17546
4.34007
4.41425
4.53387
4.25335
4.50373
4.52949
4.66479
4.73646
4.72531
4.78988
4.7213
4.59725
4.68038
4.45089
4.54135
4.35931
4.43903
4.57671
4.56401
4.75717
4.732
4.64209
5.18879
4.67449
4.64391
4.89912
4.83423
4.68566
4.70843
4.66049
4.94062
4.79815
4.95995
4.94019
5.0098
5.00004
4.89776
4.99065
5.14933
4.96484
5.04683
5.19929
5.2167
5.25099
5.1607
5.60212
5.48326
5.84125
5.1943
5.12485
5.06987
5.17945
5.10788
5.02759
4.74663
4.90851
5.03579
5.15373
5.17585
5.07163
4.99779
5.02825
5.19132
5.14086
5.08932
4.97403
5.00022
5.1216
5.22909
4.99931
5.04842
4.90563
5.01844
5.2063
4.93502
5.11327
4.97694
5.00596
4.89772
5.00129
5.27618
4.86964
5.15584
4.85226
5.06113
5.05899
5.01367
5.0003
5.15042
5.06091
5.13293
5.17306
5.43728
5.33563
5.38113
5.28793
5.31352
5.13599
5.36223
5.58749
5.31323
5.64196
5.62374
5.43187
5.49536
5.37508
5.58482
5.37888
5.46634
5.46834
5.17862
5.1664
5.41377
5.39977
5.48492
5.24556
5.3962
5.60479
5.56304
5.47008
5.55185
5.56765
5.56954
5.46997
5.48885
5.64465
5.69814
5.83139
5.62482
5.81539
5.81284
5.90644
5.59802
6.09787
6.1274
6.12451
6.52721
6.34828
5.99961
6.12931
5.76911
5.57107
5.61936
5.69514
5.61723
5.3527
5.21458
5.18758
4.9696
5.394
5.33703
5.35416
5.43542
5.39372
5.34464
5.70533
5.76245
5.79157
6.01117
5.89526
6.10158
6.11612
5.92588
5.95335
5.81896
5.92506
5.81552
5.95465
5.9532
6.05359
6.0281
6.19677
6.30508
6.33743
6.29895
6.31202
6.47735
6.27567
6.70947
6.3783
6.77958
7.00316
7.21178
6.33923
6.42275
6.63679
6.56699
6.70981
6.785
6.94966
6.53223
7.06544
7.38547
7.39785
7.7548
7.34456
7.4286
7.69216
7.4597
8.12972
7.75014
8.08603
8.45668
8.39306
8.86423
8.81925
8.42401
8.67826
9.02212
8.86132
8.56556
8.58658
8.49433
8.01256
8.97226
9.4167
9.40952
9.44774
9.82179
9.46089
9.61703
9.40794
9.68337
10.4048
9.12201
9.72081
10.0245
10.1182
10.3319
9.48076
10.4266
10.7565
10.5987
11.8411
11.0284
11.1529
10.2211
10.5222
10.3639
10.685
10.4753
10.6428
10.9808
11.0449
10.9272
11.0353
11.5639
11.3658
11.0503
11.6781
11.4673
11.4189
11.5241
11.5959
10.9972
10.9769
11.4347
10.7217
10.5379
11.9527
11.098
11.8266
11.4952
12.3874
11.6366
11.5216
12.3052
11.7729
11.5861
12.306
12.7696
12.9658
13.002
13.395
13.6914
14.315
14.7624
15.358
15.2452
15.0949
16.0937
17.0219
16.8088
16.7484
16.6377
17.503
17.1057
17.277
17.5215
17.3213
16.7609
17.4982
17.8181
16.4334
16.2449
17.0201
16.7697
17.6588
17.8658
17.7909
18.5089
17.8942
18.1129
17.7433
17.1263
17.7993
22.5362
17.9779
17.6651
18.5076
18.3352
17.2726
18.1981
18.0012
18.2973
17.6959
18.2407
17.667
18.112
17.8538
16.8483
17.5705
17.2904
17.3433
19.0217
18.783
19.1116
19.931
19.9856
19.3152
18.9895
19.2759
20.6854
21.4198
22.5935
22.2642
21.9377
21.7286
23.6608
24.3194
25.3787
25.3879
24.2763
25.5336
25.8637
25.9504
25.9945
26.2699
26.4154
25.724
25.5292
26.838
26.8253
27.497
28.5682
27.5782
28.3976
27.0459
27.1932
27.4288
26.1457
27.7266
26.1467
26.1355
26.4561
25.8633
24.8616
25.0309
23.969
24.7238
24.6932
27.0899
23.4862
23.161
23.4422
26.8663
22.3926
22.3932
22.247
21.6306
22.4206
22.16
19.8235
20.1622
20.9961
19.707
18.8838
21.1109
22.0134
22.3327
18.8695
18.6165
18.3788
18.3216
17.1605
18.7803
16.2125
16.3844
15.6876
14.6199
13.982
15.0997
13.4412
13.2402
13.2983
13.0688
13.0732
12.4372
11.8284
11.6439
11.7044
11.2322
11.2327
11.0375
10.7341
10.38
10.045
9.45364
9.4421
9.4668
9.56537
9.48738
9.44837
8.56992
8.45298
8.9976
8.71502
8.5812
8.36989
8.10864
8.08793
7.76704
7.88178
7.99526
8.18307
7.66499
8.05969
7.53667
7.80313
7.19062
8.33931
7.79071
8.16535
8.03863
8.12365
7.9889
8.14631
8.14154
8.48193
8.29517
8.31364
8.07003
8.09083
7.94646
7.87861
7.74352
8.01318
7.8003
7.89578
7.73212
7.79203
7.5549
7.71564
7.44848
7.42566
7.31014
7.23594
7.26165
6.98346
7.09526
6.72445
6.66291
6.80984
6.81964
6.55737
6.87366
6.48742
6.43179
6.47709
6.43838
6.53442
6.57705
6.43153
6.4778
6.28272
6.49932
6.54463
6.63196
6.84448
6.87706
6.9902
6.91804
6.8626
8.71026
7.05997
6.89179
6.88031
6.89464
6.94671
6.93152
6.94435
6.89305
6.76886
6.73315
6.84826
6.94937
6.77682
8.00984
6.68169
6.61973
6.84297
6.55666
6.81419
7.06049
7.10271
9.06177
7.37663
7.36538
7.53319
7.79703
7.56824
7.77121
7.84923
7.90062
8.0108
8.2008
8.01798
8.13278
7.97822
7.95514
8.12253
7.97075
8.08926
7.98309
7.97284
8.1675
8.1746
8.03947
7.99162
8.62369
7.84089
7.74742
7.48867
7.31291
7.07721
7.05672
7.13002
7.23619
6.97168
6.75001
6.53663
6.45822
6.19995
6.25714
6.20892
6.24854
6.28309
6.29491
6.04844
6.02165
5.90829
5.87959
5.90216
5.96894
6.04564
6.01865
5.95716
6.10862
5.93925
5.81395
5.74328
5.66322
5.63529
5.67881
5.65411
5.58496
5.6417
5.55716
5.70267
5.65818
5.69488
5.64774
5.62138
5.63947
5.90933
5.68194
5.64754
5.80057
5.73046
5.63165
5.7176
5.75336
5.80271
5.78252
5.7994
5.81434
5.8057
5.83569
5.79217
5.65981
5.94136
5.63321
5.74545
5.6459
5.62757
5.79721
5.66604
5.67991
5.6994
5.6706
5.7334
5.67454
5.67396
5.77535
6.05152
5.7031
5.73273
5.7169
5.73571
5.61839
5.6665
5.70636
5.73525
5.73271
5.58152
5.63989
5.89143
5.84012
5.90001
5.9035
5.85261
5.9015
5.68673
5.70967
5.9339
5.8078
5.8276
5.88478
5.90714
5.8255
6.04075
6.39471
6.22674
6.79058
7.0329
7.40397
7.41394
7.51764
7.64248
7.54346
7.55367
7.5562
7.40165
7.35239
7.36717
6.99345
6.92534
6.50951
6.70734
6.75941
6.61843
6.50868
6.38261
6.29516
6.24228
6.16296
6.05946
6.06695
6.05551
6.10813
6.08098
6.08538
6.0384
6.07187
6.14131
6.10251
5.91963
5.81015
5.84997
5.90683
5.92499
5.81955
5.76429
5.95432
6.00499
5.93403
5.80148
5.69311
5.82998
5.96263
5.99472
6.07297
5.88829
5.94089
5.98733
5.96029
6.1021
6.08951
5.9653
5.95098
5.92687
6.31558
6.30365
6.10928
6.04243
6.0253
6.20058
6.04589
6.19196
6.0468
6.19487
6.42734
6.29605
6.26319
6.3541
6.04255
6.13495
6.21368
6.17246
6.11754
6.17349
6.33744
6.60085
6.43084
6.5011
6.43062
6.49546
6.65604
6.60793
6.6612
6.56828
6.52
6.67104
6.87287
6.92045
6.87913
7.04129
7.0609
7.12018
7.49791
7.38097
7.2708
7.6437
8.87228
8.42694
8.90007
8.96656
8.93034
8.89667
9.05807
9.0672
9.06227
9.22638
8.86891
8.51118
8.46194
7.99048
7.91414
7.51805
7.42716
7.40391
7.19782
7.13769
7.01737
7.18454
7.14297
7.25897
7.1981
7.30084
7.53997
7.32432
7.15283
7.32124
7.2367
7.20598
6.94839
6.92733
6.91399
7.05693
6.96582
7.09808
6.94665
7.06011
7.21296
7.12921
7.54335
7.1764
7.30021
7.14495
7.39867
7.36546
7.40871
7.59782
8.1543
8.67935
9.15486
9.83374
10.2446
10.5085
10.9004
10.1694
10.1566
10.2857
9.31407
9.80619
9.61417
8.78529
8.57922
8.68642
8.35053
8.1258
7.99258
7.99778
7.94564
8.06233
8.04587
7.88015
8.12503
8.10883
8.25
8.2941
8.88825
8.84764
9.28436
9.37349
9.4088
9.47268
10.0531
9.56739
9.60687
9.53411
9.87093
9.83968
9.64584
9.33451
9.3818
9.18192
9.09714
9.08257
8.8868
8.7438
8.20725
8.16087
8.21437
7.82252
7.70814
7.88958
7.67034
7.84307
7.82453
8.00882
7.67322
7.78517
7.51395
7.62326
7.76132
7.72001
7.83754
7.57073
7.47964
7.71835
7.64316
7.89738
9.11059
8.05984
7.86232
7.87688
7.96853
8.14402
7.86912
8.22399
8.57665
8.12426
9.02597
8.89978
8.72365
9.35421
10.1828
10.3814
10.4174
11.3756
10.1456
9.94883
9.31688
8.9552
9.04996
8.21056
8.00328
7.06977
7.40977
7.32563
6.9633
6.94554
7.05479
7.04428
7.38846
6.82659
7.04376
6.82831
6.70156
6.74011
6.65872
6.66861
6.5978
6.71629
6.67796
6.78617
6.82164
6.77205
6.67633
6.60024
6.54644
6.44896
6.69057
6.83662
6.82969
7.10245
7.90502
7.70552
8.31215
8.76404
9.14644
8.59314
8.83918
8.61063
8.20743
8.0412
7.56793
7.1304
7.16082
6.9784
6.95782
6.77756
6.76014
6.64507
6.67142
6.41013
6.36112
6.33488
6.3397
6.22265
6.23221
6.19646
6.40698
6.36481
6.25061
6.08133
6.10554
6.26336
6.15657
6.16742
6.04654
6.09883
5.85178
5.98256
5.8566
5.92669
6.04732
6.07399
6.00589
5.98191
5.86087
5.95302
5.93654
5.78722
6.03397
5.89047
5.87576
5.83429
5.98576
6.04804
6.13661
5.97248
6.04867
5.98067
5.96884
6.04121
6.03171
6.07735
6.12375
6.30676
6.2242
5.96466
6.23071
6.0796
6.06623
6.32936
6.36938
6.44609
6.75914
6.87026
6.97538
8.05448
8.11941
8.16444
8.11943
8.3328
8.38465
8.30425
8.33808
8.2293
8.30739
8.31145
8.43219
8.50431
8.27314
8.50368
8.29876
8.63435
8.78815
8.77538
8.65463
8.86785
9.02675
8.75919
8.83027
9.03735
9.18711
9.46214
9.22496
8.87761
13.6576
8.38066
7.83051
7.27377
7.17502
6.7953
7.05681
6.87418
7.10185
7.04943
7.021
7.12661
7.5499
7.98502
8.45353
9.20235
8.88687
9.46541
10.0247
9.90528
10.1221
9.86212
10.0087
9.40808
9.69309
10.307
9.15758
9.36664
9.62693
8.85631
9.38203
9.10558
9.12174
8.94011
9.16793
9.15781
9.09613
9.76985
9.59568
9.90406
9.59668
10.003
10.5659
9.86946
10.2978
14.1441
10.5114
10.687
10.3461
10.4364
10.2715
10.6491
10.1789
10.8055
10.6776
10.5735
10.6403
11.1099
10.5016
10.5218
10.3055
10.116
10.1046
9.98307
10.0093
10.1743
10.1128
10.0755
10.3107
10.0982
10.639
10.3282
10.3091
10.2783
10.7848
10.8862
10.3668
10.3384
10.7362
10.329
10.6522
10.9087
10.9535
10.5751
10.8946
10.6079
10.9127
11.0282
10.7465
15.2095
10.7805
10.8119
10.7906
10.9138
10.7164
10.9994
10.6968
10.8578
10.6945
10.5437
10.6537
10.8217
10.9533
10.6553
10.7109
10.8875
10.5754
10.8304
10.8515
10.6315
10.9279
10.6441
10.9578
10.8733
10.6406
10.7565
10.7254
10.8504
10.5469
10.4817
10.8163
10.7983
10.8825
10.6709
10.4423
11.2936
10.6709
10.695
10.5829
10.8093
10.7352
10.6558
