3.43963
3.43426
3.82678
3.78198
3.83193
3.80754
3.69058
3.80901
3.67874
3.72352
3.73224
3.60526
3.5999
3.62715
3.58398
3.62423
3.55492
3.64664
3.7783
3.68624
3.64491
3.7183
3.84527
3.93329
3.71581
3.59037
3.54076
3.51474
3.40899
3.49427
3.43307
3.5212
3.64701
3.63942
3.60046
3.6196
3.57318
3.68882
3.63304
3.63102
3.60003
3.54623
3.66603
3.54595
3.60661
3.6309
3.60869
3.59889
3.54308
3.52563
3.57151
3.64058
3.61563
3.57585
3.55731
3.50055
3.49139
3.52807
3.48387
3.40506
3.3281
3.38811
3.40224
3.57389
3.47133
3.48468
3.50339
3.49337
3.54694
3.65062
3.51857
3.51368
3.52734
3.42182
3.52008
3.53955
3.64097
3.62726
3.58137
3.77338
3.73844
3.93173
3.91144
3.95236
3.91601
4.04985
3.98113
3.999
3.91004
4.04913
3.8838
3.8973
3.8183
3.90168
4.17784
4.10532
4.14116
3.97152
4.18935
4.08696
4.10899
4.20266
4.25917
4.16291
4.3288
4.30582
4.12449
4.23533
4.37192
4.24846
4.06716
4.21738
4.29177
4.18085
4.21561
4.23299
4.39984
4.47515
4.59634
4.31204
4.56592
4.59205
4.72915
4.80173
4.79041
4.85583
4.78637
4.66062
4.74484
4.51219
4.60392
4.4193
4.50009
4.63969
4.62688
4.82267
4.79719
4.70607
5.26033
4.73889
4.70781
4.96655
4.90075
4.75012
4.77327
4.72464
5.00861
4.86411
5.02822
5.00823
5.07875
5.06888
4.96501
5.05926
5.22008
5.03304
5.11616
5.27071
5.28839
5.32324
5.2317
5.67905
5.55853
5.92146
5.26562
5.19518
5.13948
5.25053
5.17797
5.09654
4.81168
4.97582
5.1048
5.22433
5.24678
5.14112
5.06626
5.09725
5.2624
5.21127
5.15912
5.04212
5.06868
5.19187
5.30074
5.06784
5.1176
4.97279
5.08715
5.27768
5.00271
5.18333
5.04524
5.07469
4.9648
5.06989
5.34845
4.93648
5.2265
4.91873
5.13044
5.12824
5.08228
5.0687
5.22086
5.13007
5.20299
5.24371
5.51148
5.40838
5.45448
5.35985
5.38598
5.20597
5.43526
5.66365
5.38558
5.7187
5.70027
5.50571
5.57013
5.44827
5.66078
5.45211
5.54075
5.54263
5.24897
5.23655
5.48731
5.47316
5.55948
5.31682
5.46961
5.68102
5.63849
5.54439
5.62728
5.64345
5.64539
5.5443
5.56345
5.72127
5.77542
5.91054
5.70111
5.8943
5.89174
5.98676
5.67395
6.18064
6.21048
6.20759
6.61567
6.43431
6.08097
6.21256
5.84726
5.64647
5.69535
5.77221
5.69311
5.42504
5.28511
5.25785
5.03686
5.46697
5.40929
5.42669
5.50905
5.46683
5.41702
5.78259
5.84067
5.87006
6.09261
5.97511
6.18412
6.19884
6.00616
6.03386
5.89778
6.00521
5.89421
6.03525
6.03374
6.13556
6.10958
6.28054
6.39014
6.42295
6.38388
6.39718
6.56461
6.36027
6.79979
6.46422
6.87096
7.09754
7.30884
6.42447
6.50911
6.72604
6.65523
6.79998
6.87612
7.04295
6.61991
7.16048
7.48462
7.4972
7.85889
7.44296
7.5281
7.79513
7.55947
8.23853
7.85384
8.19411
8.56967
8.50527
8.98282
8.9371
8.53649
8.79425
9.1427
8.97981
8.6801
8.70124
8.60777
8.11963
9.09208
9.54236
9.53512
9.57369
9.95277
9.58721
9.74514
9.53336
9.81243
10.5435
9.24354
9.85037
10.1583
10.2531
10.4697
9.60718
10.5656
10.9
10.7401
11.9989
11.1756
11.3016
10.3575
10.6627
10.5022
10.8276
10.6149
10.7847
11.1273
11.192
11.0727
11.1824
11.7182
11.5174
11.1977
11.8337
11.62
11.571
11.6778
11.7506
11.144
11.1233
11.5871
10.8646
10.6783
12.1121
11.2461
11.9845
11.6485
12.5524
11.7916
11.6754
12.4693
11.9299
11.7406
12.4698
12.9395
13.1383
13.175
13.5737
13.8738
14.5058
14.9592
15.5626
15.4482
15.2961
16.3082
17.249
17.0332
16.9715
16.8591
17.7362
17.334
17.5073
17.7551
17.5524
16.9844
17.7314
18.056
16.6529
16.4623
17.2476
16.994
17.8949
18.1047
18.029
18.7564
18.1335
18.3553
17.9806
17.3557
18.0381
22.8386
18.2191
17.9023
18.7558
18.5813
17.5047
18.4427
18.2434
18.5435
17.9342
18.4866
17.9054
18.3562
18.0953
17.0762
17.8086
17.5247
17.5785
19.2795
19.0377
19.3712
20.2022
20.258
19.5787
19.2489
19.5399
20.9684
21.7132
22.9029
22.5695
22.2386
22.0266
23.9851
24.6534
25.7271
25.7368
24.6104
25.8855
26.2198
26.3076
26.3524
26.6315
26.7795
26.079
25.8819
27.2086
27.1957
27.8765
28.9624
27.9581
28.7895
27.4197
27.5689
27.8074
26.5071
28.1096
26.5075
26.4963
26.8219
26.2205
25.205
25.3779
24.3026
25.0686
25.0376
27.4682
23.8145
23.4844
23.7707
27.2436
22.7071
22.7074
22.5589
21.9332
22.7345
22.4704
20.102
20.4452
21.2905
19.9832
19.148
21.4055
22.3206
22.645
19.1326
18.8761
18.6353
18.5771
17.3995
19.0407
16.4362
16.6094
15.9035
14.8211
14.1747
15.3074
13.627
13.4237
13.4823
13.2497
13.254
12.608
11.9914
11.8047
11.8662
11.3884
11.3894
11.1911
10.8832
10.5254
10.1857
9.58544
9.57249
9.59719
9.69656
9.61761
9.57862
8.68825
8.56983
9.12199
8.8359
8.7003
8.48623
8.22161
8.20048
7.87482
7.99119
8.10627
8.29675
7.77174
8.17174
7.64139
7.91136
7.29002
8.45398
7.89776
8.27704
8.14851
8.23494
8.09826
8.25771
8.25275
8.59767
8.40798
8.42645
8.1796
8.20069
8.05423
7.98554
7.84854
8.12148
7.90564
8.00243
7.83628
7.89694
7.65635
7.81925
7.54852
7.52547
7.40842
7.33334
7.3594
7.07745
7.19078
6.81493
6.75259
6.90142
6.91138
6.64555
6.96613
6.57476
6.51841
6.56442
6.52515
6.6225
6.66566
6.51826
6.56506
6.36733
6.58687
6.63279
6.72121
6.93667
6.96978
7.08444
7.01136
6.95517
8.82764
7.15504
6.98466
6.97303
6.9874
7.04022
7.02493
7.03807
6.98613
6.86009
6.82384
6.94067
7.04318
6.86849
8.11827
6.77231
6.70974
6.93604
6.64576
6.90674
7.15636
7.19913
9.18474
7.47659
7.4651
7.6353
7.90279
7.67083
7.87662
7.95568
8.00799
8.11972
8.31227
8.12685
8.24334
8.08669
8.06342
8.23307
8.07915
8.19924
8.09164
8.08114
8.27857
8.2859
8.14894
8.10049
8.74119
7.94776
7.85295
7.59056
7.41256
7.17366
7.1528
7.22713
7.33483
7.06675
6.84192
6.6257
6.54606
6.28428
6.34232
6.29362
6.33384
6.36891
6.38091
6.13109
6.10396
5.98901
5.95987
5.98271
6.05048
6.1282
6.10082
6.03839
6.19178
6.02004
5.89294
5.82133
5.74019
5.71197
5.75631
5.73143
5.66126
5.71874
5.63295
5.78052
5.73537
5.77264
5.72484
5.69803
5.71638
5.98992
5.75943
5.72476
5.87977
5.8088
5.70872
5.7957
5.83201
5.882
5.86155
5.87864
5.89381
5.88504
5.91538
5.87123
5.737
6.02254
5.71007
5.82377
5.72295
5.70454
5.87646
5.74342
5.75748
5.7772
5.74799
5.81169
5.75188
5.75124
5.85396
6.13391
5.78073
5.81083
5.7948
5.8138
5.69488
5.74374
5.78427
5.8135
5.81088
5.65773
5.71687
5.97181
5.91985
5.98039
5.98402
5.93258
5.98223
5.7647
5.78795
6.01504
5.88707
5.90713
5.96539
5.98795
5.9054
6.12353
6.48234
6.31192
6.88339
7.12914
7.50529
7.51559
7.62093
7.7478
7.64723
7.65777
7.66045
7.50394
7.45371
7.46843
7.0894
7.02053
6.59908
6.79955
6.85241
6.70946
6.59826
6.4701
6.38127
6.32781
6.24772
6.14285
6.1504
6.13875
6.19215
6.16457
6.16882
6.12118
6.15507
6.2251
6.18577
6.0005
5.8896
5.92988
5.98751
6.00589
5.89934
5.8433
6.03585
6.08704
6.01546
5.88097
5.77108
5.90997
6.0446
6.07702
6.15628
5.96902
6.02226
6.06933
6.04183
6.18562
6.17278
6.04696
6.0323
6.00783
6.40193
6.38969
6.19265
6.12492
6.10758
6.28532
6.12858
6.27679
6.12965
6.27962
6.51507
6.38221
6.34904
6.44135
6.12567
6.21916
6.29886
6.25687
6.20109
6.25789
6.42408
6.69104
6.51881
6.59008
6.51857
6.58413
6.74691
6.69804
6.75176
6.65743
6.6085
6.76174
6.96629
7.0146
6.97269
7.13693
7.1569
7.2171
7.60025
7.48171
7.3703
7.74853
8.99402
8.5427
9.0222
9.0894
9.05272
9.01861
9.18219
9.19125
9.18628
9.35255
8.99029
8.62783
8.57807
8.10007
8.02275
7.62117
7.52901
7.50546
7.29639
7.2355
7.1133
7.28278
7.24067
7.35827
7.29646
7.40053
7.64292
7.42423
7.25044
7.42114
7.33531
7.30418
7.04311
7.02163
7.00811
7.15306
7.06065
7.1949
7.0413
7.15651
7.31142
7.22639
7.64626
7.27428
7.40002
7.24282
7.50006
7.46641
7.5102
7.70177
8.26577
8.79794
9.27994
9.96826
10.3846
10.6521
11.0492
10.3074
10.2945
10.4257
9.44058
9.93951
9.7447
8.90474
8.69533
8.80359
8.4632
8.23534
8.10006
8.10537
8.05295
8.17141
8.15458
7.987
8.23489
8.21846
8.36165
8.40629
9.00827
8.96723
9.40976
9.49965
9.53534
9.60022
10.1885
9.69615
9.73616
9.66213
10.0034
9.97211
9.77584
9.46025
9.50819
9.30561
9.21968
9.20517
9.00706
8.86224
8.31845
8.27134
8.32548
7.92834
7.8126
7.9965
7.77402
7.94895
7.93018
8.1171
7.77688
7.89045
7.61574
7.72672
7.86682
7.82484
7.9439
7.67347
7.58087
7.82275
7.74633
8.00391
9.23327
8.16884
7.96892
7.98351
8.07651
8.25432
7.97584
8.33616
8.69397
8.23516
9.1494
9.02209
8.8434
9.48274
10.3224
10.5237
10.5606
11.5318
10.2851
10.0859
9.44525
9.07851
9.17457
8.32341
8.11332
7.16691
7.51171
7.42656
7.05931
7.0411
7.15164
7.14085
7.48988
6.92029
7.1403
6.92178
6.79318
6.83238
6.74962
6.75948
6.68764
6.8079
6.76906
6.87888
6.91508
6.8647
6.76756
6.69057
6.63596
6.53729
6.78217
6.93024
6.9233
7.19983
8.01346
7.81131
8.42631
8.8843
9.27158
8.71079
8.96035
8.72903
8.32041
8.15164
7.67205
7.22836
7.25884
7.07382
7.05264
6.86997
6.85229
6.73583
6.76237
6.49762
6.44821
6.4215
6.42633
6.30751
6.31754
6.28141
6.49469
6.45177
6.33612
6.16422
6.18876
6.34895
6.24102
6.25188
6.12901
6.18202
5.93164
6.06432
5.9368
6.00798
6.13044
6.15762
6.0885
6.06444
5.94178
6.03526
6.01813
5.86661
6.11655
5.97117
5.9564
5.91428
6.06764
6.13062
6.22051
6.05425
6.13162
6.06283
6.05061
6.12382
6.11423
6.16052
6.20766
6.39324
6.30944
6.04608
6.31582
6.1628
6.14919
6.41618
6.457
6.53466
6.85197
6.96475
7.0715
8.16545
8.23166
8.27737
8.2317
8.448
8.50058
8.41902
8.45317
8.34282
8.42213
8.42592
8.54854
8.6217
8.38743
8.6213
8.41354
8.75374
8.90971
8.89679
8.77429
8.99038
9.15142
8.88012
8.95214
9.16226
9.31393
9.59267
9.35221
9.00031
13.8461
8.49623
7.93844
7.37421
7.27394
6.88924
7.15438
6.96911
7.19998
7.14677
7.11788
7.22488
7.65402
8.0949
8.56975
9.32886
9.00902
9.59558
10.1629
10.0414
10.2612
9.9975
10.1459
9.53687
9.82542
10.4478
9.28292
9.49507
9.75883
8.97765
9.51065
9.23036
9.24669
9.06247
9.29333
9.28309
9.22066
9.90347
9.72683
10.0396
9.72792
10.1399
10.7105
10.0046
10.4386
14.3374
10.655
10.833
10.4872
10.5786
10.4115
10.7943
10.3175
10.9525
10.823
10.7172
10.7849
11.2608
10.6441
10.6644
10.4452
10.2533
10.2418
10.1186
10.1451
10.3123
10.2501
10.2123
10.4506
10.2353
10.7834
10.4683
10.4493
10.4179
10.9312
11.0341
10.5077
10.4787
10.8821
10.4692
10.7968
11.0567
11.1022
10.7187
11.0426
10.7519
11.0608
11.178
10.8924
15.4156
10.9267
10.9585
10.9368
11.0618
10.8618
11.1487
10.8421
11.005
10.8393
10.6867
10.7981
10.9686
11.1017
10.7996
10.8563
11.0352
10.7186
10.9774
10.9985
10.7758
11.0758
10.7886
11.1063
11.0208
10.7848
10.9023
10.8707
10.9975
10.6897
10.6238
10.9628
10.9447
11.0299
10.8157
10.5837
11.4466
10.8156
10.8399
10.7263
10.9559
10.8806
10.8003
