60.711   68.4846   129.196 0.103957   0.0723022
62.9464   70.8167   133.763 0.111278   0.0743093
63.025   70.2592   133.284 0.110765   0.0742698
61.5807   72.5186   134.099 0.10689   0.074446
65.2214   70.4198   135.641 0.109432   0.0724733
64.3467   69.5227   133.869 0.11099   0.0742367
67.0146   71.1094   138.124 0.113344   0.0742269
62.5097   72.2206   134.73 0.10843   0.0773033
62.0983   72.8074   134.906 0.108881   0.0803466
65.2482   75.0509   140.299 0.116723   0.0816214
66.8111   81.1359   147.947 0.118911   0.085923
69.5381   82.4368   151.975 0.121305   0.0905277
70.0667   74.0606   144.127 0.125287   0.0873871
70.398   77.0515   147.449 0.126323   0.0913551
67.3071   76.3235   143.631 0.122756   0.0876409
72.9165   74.719   147.635 0.124388   0.0905684
70.6487   71.6707   142.319 0.120028   0.086979
73.9522   68.9455   142.898 0.123692   0.0852889
73.278   70.0932   143.371 0.121792   0.085237
74.3419   70.4147   144.757 0.124944   0.0879909
74.1446   68.6824   142.827 0.1267   0.086393
73.8296   72.0042   145.834 0.123875   0.0890589
71.8766   67.442   139.319 0.124721   0.0844326
72.8725   71.3201   144.193 0.124611   0.0846228
70.2276   74.429   144.657 0.124297   0.0891864
69.1951   74.4199   143.615 0.12228   0.0889526
72.0063   79.6194   151.626 0.123666   0.0908482
72.3734   81.6871   154.06 0.12275   0.0925947
78.7405   76.7459   155.486 0.124985   0.0937641
72.6813   67.8278   140.509 0.122579   0.0853037
71.848   66.8649   138.713 0.1265   0.0880689
71.368   67.252   138.62 0.120675   0.0897673
69.3096   72.6483   141.958 0.12445   0.0944098
72.022   71.54   143.562 0.130553   0.0951963
62.0559   87.9875   150.043 0.103319   0.0803631
58.4908   87.7991   146.29 0.0987811   0.078061
54.7332   87.4651   142.198 0.101924   0.080706
59.6009   86.0073   145.608 0.106367   0.0813564
67.8247   87.6254   155.45 0.117141   0.0821232
66.3142   95.5583   161.872 0.115893   0.0884799
62.6769   90.9236   153.6 0.111832   0.0868646
62.371   86.2659   148.637 0.109989   0.0834966
66.3235   90.6812   157.005 0.11094   0.0859809
70.3669   83.7145   154.081 0.115318   0.0833145
70.9516   85.3257   156.277 0.117574   0.0848818
70.8859   83.9659   154.852 0.118896   0.0873068
67.914   82.999   150.913 0.116491   0.0880026
69.5964   88.4407   158.037 0.120906   0.0945511
70.0298   88.5226   158.552 0.120326   0.0962988
65.1166   89.2799   154.396 0.119136   0.0976347
55.9697   100.832   156.802 0.0969004   0.084153
59.4078   98.9947   158.403 0.0983573   0.0841911
60.264   97.6798   157.944 0.101114   0.0838213
65.2084   94.3084   159.517 0.105907   0.083385
62.6142   95.9925   158.607 0.105234   0.0846068
62.3405   96.4348   158.775 0.104096   0.0847639
64.4879   99.7627   164.251 0.105132   0.0871594
67.4313   101.651   169.082 0.106303   0.088804
65.4165   96.816   162.232 0.107372   0.0847714
64.9684   99.2747   164.243 0.111396   0.0858365
68.9461   97.8672   166.813 0.108776   0.0866209
72.8336   103.286   176.119 0.11287   0.0899926
70.0102   106.229   176.24 0.111826   0.0913749
71.8764   99.5795   171.456 0.113414   0.088584
67.8605   109.715   177.575 0.112501   0.0955372
72.6155   104.393   177.008 0.117615   0.0941662
69.9241   97.8814   167.806 0.114818   0.092254
56.4505   107.197   163.647 0.0955169   0.0863794
58.5689   104.758   163.327 0.096831   0.0835393
58.4344   108.481   166.915 0.0952687   0.0859038
58.692   100.692   159.384 0.0970115   0.0800729
63.2366   104.193   167.43 0.102407   0.0811263
61.2825   105.91   167.193 0.10218   0.085154
61.2917   109.822   171.114 0.103855   0.0892744
60.5753   116.252   176.827 0.103666   0.0922026
61.4705   115.822   177.292 0.104827   0.0934349
60.6404   113.439   174.079 0.104618   0.0924044
61.3423   114.03   175.372 0.105581   0.0927828
62.7437   119.321   182.065 0.109282   0.0959065
68.2345   107.559   175.794 0.110555   0.0911675
68.0349   114.326   182.361 0.110498   0.0966995
64.8112   117.506   182.317 0.111666   0.0984799
66.8973   111.261   178.158 0.114382   0.0948628
66.7803   109.971   176.751 0.11471   0.0935124
58.2672   116.497   174.764 0.0955722   0.0888609
60.4935   114.652   175.145 0.0962966   0.087829
61.2118   113.451   174.663 0.0989282   0.0860943
63.3112   112.523   175.834 0.10167   0.0858393
61.4662   117.514   178.98 0.0993687   0.0902475
66.8981   116.397   183.295 0.105252   0.0874245
67.3981   105.771   173.169 0.105833   0.0828279
69.9076   116.117   186.024 0.106372   0.0916469
66.5273   108.801   175.328 0.102705   0.0866078
65.0814   115.195   180.276 0.103761   0.0903095
66.7385   112.091   178.829 0.103857   0.0897587
69.6127   115.631   185.244 0.109454   0.0906792
71.3457   111.309   182.655 0.109522   0.0880013
73.9181   114.149   188.067 0.110816   0.0896575
74.0014   107.696   181.697 0.110947   0.0874864
59.0949   110.652   169.747 0.0892672   0.0802407
64.0366   114.194   178.231 0.0954346   0.0830605
66.1655   113.706   179.871 0.100049   0.0825949
67.1718   109.464   176.635 0.102835   0.0819952
69.3105   115.259   184.57 0.103045   0.0857502
71.5463   110.573   182.119 0.103615   0.0845467
66.5357   113.776   180.311 0.0986445   0.0885587
70.2558   108.527   178.783 0.0991963   0.0861837
71.6765   112.036   183.713 0.101286   0.0875055
74.1882   107.692   181.88 0.102248   0.0867783
72.9654   111.796   184.762 0.106132   0.0876318
73.7917   107.369   181.16 0.106451   0.0842504
76.6059   105.125   181.731 0.105116   0.0835502
74.3321   109.029   183.361 0.109184   0.0861889
77.6938   107.249   184.943 0.109428   0.0836687
78.7697   114.056   192.826 0.108685   0.0896844
54.8433   110.916   165.76 0.0833959   0.0832863
63.4711   111.91   175.381 0.0923664   0.0861401
61.1109   107.578   168.689 0.0904262   0.0839269
60.6284   112.975   173.604 0.0925154   0.0847315
66.8059   108.299   175.105 0.0994431   0.0853153
64.5152   97.5885   162.104 0.0987377   0.0787703
62.8076   107.549   170.357 0.0952043   0.0852598
67.6594   108.305   175.965 0.098581   0.0889449
62.7228   101.757   164.48 0.0939433   0.0859917
65.0166   102.624   167.641 0.096823   0.0862932
64.6862   100.09   164.776 0.0952669   0.0855713
63.6179   107.437   171.055 0.0974986   0.08673
64.0298   103.894   167.923 0.0937708   0.0855466
53.7233   109.721   163.445 0.0834645   0.0819224
57.8031   112.169   169.972 0.0909426   0.0880721
55.6499   114.978   170.628 0.0927885   0.0891128
59.573   109.36   168.933 0.0929584   0.086159
61.0597   115.23   176.289 0.0972289   0.0899997
65.9687   103.98   169.949 0.10344   0.0890241
66.7937   99.4364   166.23 0.10489   0.0879501
67.295   101.606   168.901 0.106699   0.0891201
72.6171   102.524   175.141 0.109413   0.0918645
71.9751   103.647   175.622 0.109171   0.0916768
56.4519   95.633   152.085 0.0857064   0.0803301
62.1646   103.421   165.586 0.0919764   0.0867445
60.9932   101.047   162.04 0.0945582   0.0883096
61.5962   105.042   166.638 0.0981352   0.0930855
65.6507   103.859   169.51 0.10216   0.0928557
65.3906   98.0066   163.397 0.101696   0.0902871
68.3968   98.8953   167.292 0.101993   0.0934738
70.742   101.22   171.962 0.105036   0.0939073
64.2051   88.5607   152.766 0.102564   0.0864127
69.3967   87.9146   157.311 0.107404   0.0876079
51.8297   88.0478   139.877 0.0874615   0.0830796
53.9587   90.1588   144.117 0.0878567   0.0854181
53.4131   90.6697   144.083 0.0892201   0.088487
55.2283   84.8964   140.125 0.0964181   0.0856501
56.3305   82.6115   138.942 0.0974295   0.0846573
56.7646   81.7071   138.472 0.0963745   0.0823246
58.492   80.8208   139.313 0.0993314   0.0821111
63.8266   78.7011   142.528 0.103307   0.0826258
64.0383   74.2171   138.255 0.10079   0.0820903
63.3283   69.2809   132.609 0.103189   0.0812748
45.2191   68.2751   113.494 0.078213   0.076469
52.2183   73.204   125.422 0.0851015   0.081628
56.5443   73.1045   129.649 0.0894689   0.0872831
56.1389   80.0915   136.23 0.0901685   0.0927414
51.0731   76.3291   127.402 0.0897776   0.0937349
54.8578   67.6606   122.518 0.0935143   0.0830956
51.637   62.7211   114.358 0.0888178   0.0839479
53.4009   60.8985   114.299 0.0921871   0.0825705
55.757   59.9591   115.716 0.0948835   0.0815165
60.53   62.4764   123.006 0.0981355   0.0885436
47.0808   57.7007   104.781 0.0841587   0.0792903
50.3653   54.8804   105.246 0.0888054   0.0767558
52.3029   53.0594   105.362 0.0863717   0.0739904
54.7411   55.5548   110.296 0.0875858   0.0796485
53.0654   51.1787   104.244 0.0905604   0.0773599
50.0468   51.6206   101.667 0.0877809   0.0793797
52.7707   55.0161   107.787 0.0931932   0.0827465
48.7026   54.3379   103.04 0.0910198   0.0821578
53.7806   52.5654   106.346 0.0914119   0.0810985
53.9905   49.6994   103.69 0.0932479   0.0796891
51.1065   55.4281   106.535 0.0910105   0.0859108
49.5091   47.0212   96.5303 0.0827912   0.0779787
44.6351   50.2034   94.8385 0.0831709   0.08351
44.0693   52.2385   96.3077 0.0845769   0.0880259
47.554   53.3875   100.941 0.0897245   0.0915999
49.8792   56.8153   106.695 0.0923262   0.0969544
51.4985   55.2716   106.77 0.0941041   0.091585
50.0507   53.5087   103.559 0.0905178   0.0910786
47.7835   52.2455   100.029 0.0893428   0.088558
46.983   49.2801   96.2631 0.0906231   0.08571
49.3019   50.2946   99.5965 0.0935439   0.0860338
38.8394   52.114   90.9534 0.0746577   0.0842904
44.2788   45.612   89.8909 0.0823792   0.0778805
43.4226   50.6623   94.0848 0.0840592   0.0883277
45.5244   45.6306   91.155 0.0861299   0.0814833
47.5176   47.1808   94.6984 0.0909524   0.0876063
49.6486   42.3533   92.002 0.0866922   0.0845826
48.64   46.3252   94.9652 0.0911181   0.0923617
56.5672   38.7727   95.3399 0.0984633   0.081799
50.2616   43.451   93.7126 0.0927812   0.0907119
50.4964   44.5237   95.0201 0.0909143   0.0902594
44.0515   44.1157   88.1672 0.0791818   0.0871279
44.8871   47.7274   92.6145 0.0808242   0.0903186
44.9175   45.0688   89.9863 0.0851248   0.0862285
47.6194   39.5206   87.1401 0.0877885   0.0786115
53.4285   41.1064   94.5349 0.0938371   0.0824188
48.8691   41.3048   90.174 0.0918195   0.0811858
48.8439   41.686   90.5299 0.0913538   0.0848283
53.0009   40.4688   93.4697 0.0962123   0.0830342
55.4729   35.2943   90.7672 0.100464   0.0762022
40.9407   38.1108   79.0515 0.0801117   0.0792773
45.3454   37.1193   82.4647 0.0889125   0.0818282
45.792   39.877   85.669 0.0927232   0.0841033
45.4087   38.1271   83.5357 0.0955541   0.082558
49.0703   39.3256   88.396 0.0971754   0.0835767
51.2193   38.0363   89.2556 0.101548   0.0834692
50.2807   39.9874   90.2681 0.106302   0.0875636
51.05   36.6306   87.6806 0.107542   0.0851347
42.7027   36.2266   78.9293 0.0884343   0.07818
48.1953   34.8164   83.0117 0.0965596   0.0776069
46.5613   36.4654   83.0267 0.101799   0.0803884
50.9273   34.3994   85.3266 0.108417   0.0819814
51.9804   34.4588   86.4392 0.112398   0.0812006
54.9053   32.7241   87.6294 0.115219   0.0856653
55.0411   34.0898   89.1309 0.112186   0.0863034
57.2103   27.8628   85.0731 0.110873   0.0809966
37.24   30.1434   67.3834 0.0846108   0.0767333
38.4079   26.7297   65.1376 0.090772   0.0748206
42.7363   26.9615   69.6977 0.0984631   0.080474
46.9011   26.4235   73.3246 0.106231   0.083884
48.8584   24.7378   73.5962 0.108301   0.0792879
49.9506   27.2305   77.1811 0.112594   0.0870996
48.5084   25.9304   74.4388 0.110741   0.08389
47.9679   23.5656   71.5336 0.110381   0.0833001
41.8632   22.1692   64.0324 0.087349   0.0748826
43.6202   24.7345   68.3547 0.0955187   0.0816769
47.2096   22.6341   69.8437 0.103106   0.075858
47.3437   23.2389   70.5826 0.106211   0.0785099
51.2429   24.2497   75.4926 0.110642   0.0827837
51.3365   23.1917   74.5282 0.113232   0.0841042
49.4161   21.0652   70.4813 0.112694   0.0757105
40.2664   24.0878   64.3541 0.0862697   0.0693672
39.1608   23.4368   62.5976 0.0892792   0.0757654
44.9183   25.9249   70.8432 0.0976931   0.0780253
44.6553   28.9812   73.6365 0.102971   0.0881157
48.9791   26.5529   75.5319 0.106031   0.088235
51.9876   25.1397   77.1273 0.113452   0.0853059
54.1815   28.8695   83.0509 0.113795   0.0964272
56.6236   24.5351   81.1587 0.12015   0.0855965
41.9604   25.8028   67.7632 0.0863145   0.0752343
44.2647   28.7418   73.0066 0.0947312   0.0837873
54.9039   28.9599   83.8638 0.107549   0.0891347
53.733   27.6796   81.4126 0.111572   0.0845437
59.9936   25.5396   85.5331 0.117938   0.0790851
57.7474   27.3851   85.1325 0.113998   0.0860355
57.5035   26.143   83.6465 0.119517   0.0845596
58.4467   28.4143   86.861 0.120949   0.089101
44.4482   34.9469   79.3951 0.0914258   0.0864666
50.6239   33.6715   84.2954 0.100777   0.0894726
48.8038   34.1828   82.9866 0.0983287   0.0857069
53.9169   32.0879   86.0048 0.106485   0.0908147
54.8043   32.7871   87.5914 0.117282   0.0959891
48.6872   31.6899   80.3771 0.114129   0.0954514
53.993   33.2653   87.2583 0.11579   0.100509
44.1263   35.1738   79.3002 0.087212   0.0925627
53.7819   34.4185   88.2005 0.101494   0.0878174
57.4447   39.2346   96.6793 0.110897   0.0921126
61.9865   41.6662   103.653 0.115961   0.0945202
62.0382   38.0821   100.12 0.118138   0.08799
57.5958   41.3536   98.9494 0.116147   0.0938078
53.6312   39.3199   92.951 0.117458   0.0932929
55.6491   41.731   97.3801 0.113108   0.0935149
53.6613   39.2114   92.8727 0.110497   0.0898178
51.173   40.7714   91.9444 0.10835   0.0925633
54.1519   41.4031   95.555 0.100332   0.0768924
52.0699   49.9293   101.999 0.103615   0.0845352
53.1988   48.9976   102.196 0.106584   0.0813745
48.9759   52.6982   101.674 0.108525   0.0932004
51.1917   49.413   100.605 0.115435   0.0888723
56.6662   50.743   107.409 0.124915   0.0908929
53.6757   50.1479   103.824 0.118802   0.0899266
53.5676   44.9642   98.5318 0.119673   0.084617
51.8051   47.7048   99.5099 0.11798   0.0887201
43.5694   52.0109   95.5803 0.0845071   0.0741801
47.7032   52.0285   99.7317 0.0889764   0.07528
53.8104   58.7447   112.555 0.0976526   0.0826047
56.1497   63.2429   119.393 0.100759   0.0877642
59.3774   65.4858   124.863 0.102599   0.0905835
63.5605   61.3649   124.925 0.106129   0.0874144
68.7982   61.7037   130.502 0.114302   0.0862506
71.5097   65.5937   137.103 0.118492   0.0886401
69.3819   63.2122   132.594 0.11986   0.0870178
71.9286   61.3713   133.3 0.125039   0.085864
46.7368   58.3187   105.055 0.0879945   0.0692237
52.8026   58.2687   111.071 0.0946001   0.0710738
58.7431   63.2412   121.984 0.105117   0.0747238
58.8392   56.5719   115.411 0.0993234   0.0714803
58.3428   65.1593   123.502 0.104933   0.0800483
52.0702   62.2529   114.323 0.0973517   0.0773008
58.3037   66.5869   124.891 0.104067   0.0789646
57.7749   64.8951   122.67 0.109215   0.0823159
43.2458   67.9856   111.231 0.082783   0.0757078
40.8493   65.8273   106.677 0.0800338   0.0741048
47.4525   72.097   119.549 0.0894992   0.0858706
47.1473   57.5143   104.662 0.085453   0.0722119
45.2712   58.4493   103.721 0.0854818   0.0728522
49.1967   59.3455   108.542 0.0898347   0.0746057
56.7447   62.1672   118.912 0.105278   0.08059
55.0873   56.8356   111.923 0.100701   0.0774629
54.5754   55.1811   109.756 0.100776   0.0754974
58.3447   60.7668   119.111 0.101076   0.0828036
63.4   60.6176   124.018 0.112611   0.081121
53.2695   56.6985   109.968 0.0894451   0.0692101
59.2689   56.7036   115.973 0.0942122   0.0709061
62.6284   54.6338   117.262 0.0979973   0.0720922
60.9099   52.6313   113.541 0.101112   0.0707284
59.7093   52.5994   112.309 0.101288   0.0721776
59.3889   49.6165   109.005 0.0984074   0.0706662
61.7705   50.015   111.786 0.0994427   0.0678272
58.3611   51.3508   109.712 0.101604   0.0712414
60.3221   46.0713   106.393 0.0995031   0.0657254
58.4781   47.9352   106.413 0.0976534   0.06843
54.4254   53.1687   107.594 0.0944522   0.0736408
57.1073   48.2447   105.352 0.0957641   0.070602
46.5483   48.9486   95.4969 0.0788454   0.0676903
48.5524   51.275   99.8274 0.0785977   0.070134
53.365   55.5384   108.903 0.0878437   0.0746818
59.4143   56.4686   115.883 0.0979625   0.0767236
63.7111   51.8449   115.556 0.0974623   0.0709136
72.6432   55.3252   127.968 0.106531   0.074302
63.9373   59.0259   122.963 0.101327   0.0774473
63.0424   59.9294   122.972 0.103206   0.0804819
62.2767   56.2023   118.479 0.106202   0.0772221
58.2184   58.314   116.532 0.101704   0.07989
58.2866   53.905   112.192 0.0883666   0.0666839
64.1368   59.6976   123.834 0.0962293   0.0730693
62.809   59.6478   122.457 0.0996968   0.0734398
66.0926   58.5421   124.635 0.10014   0.0713059
70.132   58.1235   128.255 0.102361   0.0707467
70.745   61.3076   132.053 0.105401   0.0745835
68.8363   59.6215   128.458 0.104409   0.0739416
57.9593   62.5136   120.473 0.0852552   0.071841
59.3464   68.7752   128.122 0.0871459   0.0750672
57.5497   69.5828   127.132 0.0863332   0.075355
62.111   64.29   126.401 0.0939246   0.0713428
64.765   69.4042   134.169 0.0963287   0.0779823
68.1927   69.8914   138.084 0.0948571   0.0784914
59.4949   66.9381   126.433 0.0828812   0.0703377
63.8727   64.9567   128.829 0.0845549   0.0690074
71.2189   62.1939   133.413 0.0925683   0.0671327
72.7256   63.7136   136.439 0.0963678   0.0712016
71.9325   61.1874   133.12 0.0955659   0.071514
72.7309   64.9174   137.648 0.0958527   0.0737465
58.4606   63.4353   121.896 0.0803227   0.0680715
60.985   67.3227   128.308 0.0878023   0.0720359
60.5058   70.1097   130.616 0.0860313   0.0752331
63.3993   73.1785   136.578 0.093152   0.0802747
72.9721   67.8675   140.84 0.0971112   0.0761579
69.4396   68.9425   138.382 0.0970843   0.0770845
52.5118   69.0209   121.533 0.0784149   0.0735482
57.6787   68.8754   126.554 0.0853055   0.0713101
63.5965   75.634   139.23 0.0923361   0.0783366
69.0782   78.0714   147.15 0.0992788   0.0800459
73.3687   79.5575   152.926 0.104638   0.0836713
65.9684   75.597   141.565 0.0979486   0.0798489
62.6939   72.1832   134.877 0.0921156   0.0759823
65.0453   68.5198   133.565 0.0920452   0.0730748
62.6824   72.5736   135.256 0.0889869   0.0752994
64.9135   74.456   139.369 0.0914189   0.0772498
60.3795   67.732   128.111 0.0868674   0.0729326
55.9706   71.2571   127.228 0.083459   0.0733303
60.0463   69.5788   129.625 0.0848296   0.0768892
61.6482   71.3194   132.968 0.0885496   0.0778937
61.0873   69.3223   130.41 0.0869364   0.0765428
55.3892   69.0769   124.466 0.0886416   0.0722335
49.5574   62.8526   112.41 0.0784826   0.0653202
66.9571   83.0235   149.981 0.103297   0.0883229
71.4949   84.9133   156.408 0.108779   0.094165
48.1664   59.0143   107.181 0.0751387   0.064302
49.479   62.7278   112.207 0.074817   0.0652169
54.3258   59.7804   114.106 0.0789333   0.0679902
51.456   57.1924   108.648 0.0785288   0.0652881
53.4617   64.8515   118.313 0.0825982   0.0670646
53.9078   63.2594   117.167 0.0803554   0.0640364
47.6813   67.2035   114.885 0.0762902   0.0683935
56.4411   67.9021   124.343 0.0849468   0.073351
54.3388   61.5021   115.841 0.0814593   0.0642185
59.4679   64.481   123.949 0.0880028   0.0679373
59.5412   63.7206   123.262 0.0859676   0.0664725
60.3434   66.1916   126.535 0.0855206   0.0663198
51.0311   66.1865   117.218 0.0759844   0.0666531
59.5574   71.8091   131.366 0.0858176   0.0706783
56.7866   68.8873   125.674 0.0882465   0.0703291
56.4158   68.525   124.941 0.0873581   0.0712318
53.8732   74.4015   128.275 0.0848396   0.0739724
49.4864   70.1215   119.608 0.077234   0.0702784
58.6212   73.6002   132.221 0.0880638   0.0745192
55.0075   72.304   127.311 0.0883796   0.0776961
53.534   69.8004   123.334 0.0871274   0.0745306
46.986   66.021   113.007 0.0777563   0.0697093
51.6354   73.0246   124.66 0.0858088   0.0781429
54.988   64.3808   119.369 0.0885809   0.0676814
54.9474   64.0431   118.99 0.0891231   0.0676273
45.8879   67.7827   113.671 0.0762258   0.0706622
53.4789   72.6843   126.163 0.0874156   0.0736748
59.52   69.8674   129.387 0.0919275   0.0757343
59.319   73.3488   132.668 0.0955794   0.0809813
59.1684   68.4786   127.647 0.0969391   0.077523
63.1179   73.1788   136.297 0.0997438   0.0837286
61.5   68.0588   129.559 0.101731   0.0777193
61.4203   70.4802   131.9 0.100337   0.0796708
60.6878   74.5007   135.189 0.106704   0.0829283
60.7521   74.434   135.186 0.106359   0.0824297
47.0752   70.1285   117.204 0.0826606   0.0780506
48.9095   69.3874   118.297 0.0895505   0.077687
50.0651   65.8101   115.875 0.0920314   0.0773357
50.0892   67.7161   117.805 0.0941173   0.0799482
57.0439   66.334   123.378 0.098863   0.075767
60.9076   65.3823   126.29 0.0999468   0.0751377
58.1557   63.1934   121.349 0.100965   0.0744766
59.4265   66.9117   126.338 0.103028   0.0761398
46.8162   62.7945   109.611 0.0824035   0.071271
49.7504   58.5992   108.35 0.0868093   0.0667797
51.3605   55.2709   106.631 0.0877528   0.0661927
52.8812   61.617   114.498 0.0907442   0.0732554
58.6368   59.0594   117.696 0.0992162   0.0695144
56.6002   59.6492   116.249 0.098538   0.0709603
43.5601   57.0004   100.56 0.0814918   0.0683075
46.1417   52.644   98.7856 0.0842491   0.0657639
46.6612   50.2241   96.8852 0.0865966   0.065015
54.7709   60.1436   114.914 0.0987931   0.077725
49.3229   56.8104   106.133 0.0908396   0.0708476
42.2527   60.2286   102.481 0.0795221   0.0726813
41.9547   56.7469   98.7016 0.0784877   0.0678666
46.7367   55.9246   102.661 0.0827931   0.0698184
48.2388   58.2576   106.496 0.085936   0.0706153
52.0466   60.6578   112.704 0.0944584   0.0719206
50.4858   62.5441   113.03 0.0885715   0.0739487
48.9023   63.4111   112.313 0.0848998   0.0718946
44.2057   63.0391   107.245 0.0837002   0.0695029
46.1283   56.5536   102.682 0.0859177   0.0670861
46.8838   61.3618   108.246 0.0874752   0.0721168
44.0554   57.7495   101.805 0.0791177   0.0705697
44.7037   53.251   97.9547 0.0813124   0.0677397
47.635   53.7314   101.366 0.0869007   0.0669262
49.8787   54.0081   103.887 0.0907357   0.0663956
48.1043   58.6683   106.773 0.0905675   0.0705511
48.4479   59.3299   107.778 0.0928833   0.0729137
44.4089   56.719   101.128 0.0896998   0.0722765
48.4533   60.2692   108.723 0.092527   0.0747912
44.2786   61.3561   105.635 0.0905261   0.0774332
49.3971   59.9507   109.348 0.0942333   0.0755237
49.5438   63.105   112.649 0.0965766   0.078611
39.4986   58.0783   97.5769 0.0772589   0.0735517
42.4137   56.3489   98.7626 0.0855806   0.0738711
38.6987   52.5832   91.2819 0.0785336   0.0761965
39.8194   52.2225   92.0419 0.0887637   0.0779673
30.9131   50.8397   81.7529 0.0723114   0.0783556
34.7905   52.5471   87.3376 0.0809081   0.0762381
37.5849   52.4333   90.0182 0.087204   0.0769946
36.9307   47.5736   84.5042 0.0844819   0.0703305
33.287   50.0007   83.2878 0.0817863   0.0685176
32.7999   52.1751   84.975 0.0798885   0.0721789
34.8613   52.5107   87.3719 0.0845737   0.0726691
35.79   56.4164   92.2064 0.0884796   0.0748104
35.3891   54.9527   90.3418 0.085029   0.0742604
31.9287   58.2933   90.222 0.0842075   0.0765339
36.5974   55.1482   91.7456 0.0906624   0.0745582
33.5826   54.277   87.8596 0.0883289   0.0750512
35.452   51.9726   87.4247 0.0939874   0.0763293
36.8616   58.8378   95.6994 0.0975605   0.0791363
39.5905   55.0575   94.6479 0.0974735   0.0828971
36.6949   56.3891   93.084 0.0948924   0.0830351
34.3065   54.8911   89.1976 0.0884189   0.0803676
32.7385   51.1625   83.901 0.0826592   0.07779
32.3901   52.2994   84.6895 0.0873834   0.0782925
34.8313   52.2571   87.0884 0.0906728   0.0779624
36.3796   55.48   91.8597 0.0941259   0.0777903
34.7311   55.2227   89.9538 0.0917355   0.0762745
34.8094   57.4698   92.2792 0.0868064   0.0787797
34.6721   54.357   89.0291 0.0880323   0.0731166
40.2638   59.5501   99.814 0.0969279   0.0772575
37.5338   55.9489   93.4827 0.0896331   0.0750236
36.049   55.0763   91.1253 0.0876678   0.0736708
35.4959   55.2266   90.7225 0.0856871   0.0719565
36.5653   57.2037   93.769 0.0859686   0.0741941
36.9599   56.2846   93.2445 0.0832117   0.0709172
33.487   49.591   83.0779 0.0776359   0.0675687
42.3362   55.7578   98.0941 0.0882312   0.0750105
35.7988   52.1182   87.917 0.0764866   0.0670486
35.7325   56.4428   92.1753 0.0830437   0.0709717
39.8414   55.4079   95.2493 0.0860505   0.0710723
36.474   56.2193   92.6933 0.0827826   0.0722057
37.0545   53.2484   90.3029 0.0845221   0.0700453
33.5383   48.6835   82.2219 0.0761831   0.0654613
33.9292   52.5204   86.4496 0.078232   0.068765
37.8989   50.5501   88.449 0.0866459   0.0721114
39.5199   53.47   92.9899 0.081366   0.0755163
35.6687   49.5671   85.2358 0.0754094   0.0693408
34.2892   52.555   86.8442 0.0724931   0.0698034
41.531   57.0771   98.6081 0.0834515   0.0709473
44.7225   60.9796   105.702 0.0872464   0.072855
51.0803   62.3153   113.396 0.0898036   0.0714952
48.9598   61.3724   110.332 0.0884892   0.0680188
48.7254   63.0257   111.751 0.0905466   0.071286
45.9419   64.3098   110.252 0.0870844   0.0736747
44.2432   60.2377   104.481 0.0820534   0.0729093
44.6887   62.0464   106.735 0.0872826   0.0715851
47.531   63.4922   111.023 0.0895403   0.0738998
43.5066   64.9178   108.424 0.0826948   0.076135
47.1603   70.2564   117.417 0.085347   0.078662
49.8623   66.3006   116.163 0.0944362   0.0751878
56.1442   73.043   129.187 0.0984294   0.0798808
51.5271   77.1831   128.71 0.0923757   0.0790972
51.2729   74.1246   125.397 0.0933252   0.0765671
43.5197   63.8589   107.379 0.0810171   0.0707709
45.0531   62.1212   107.174 0.0873799   0.0708177
45.9953   57.6563   103.652 0.0824288   0.0701171
44.1091   60.9519   105.061 0.0821398   0.074241
43.1877   65.4628   108.651 0.0806996   0.0757379
44.5737   53.8186   98.3923 0.0787197   0.0647792
50.1667   58.0123   108.179 0.0857305   0.0698383
44.2554   60.8783   105.134 0.0797754   0.0675581
45.266   65.1782   110.444 0.0782924   0.0711293
48.4841   65.7396   114.224 0.0848515   0.0728498
45.1861   62.6375   107.824 0.0826827   0.0685405
47.2217   63.7936   111.015 0.0843621   0.0707835
39.949   70.112   110.061 0.0732434   0.0731204
53.1397   76.8525   129.992 0.0953545   0.0864761
44.2521   77.0294   121.282 0.0817969   0.0812118
37.1134   66.5759   103.689 0.0722989   0.0686822
40.8087   73.5986   114.407 0.0710643   0.0716811
38.6501   75.3664   114.017 0.0727601   0.0712482
41.2136   77.3209   118.534 0.0756444   0.0753126
48.2789   77.2225   125.501 0.0831535   0.0745823
43.501   72.7676   116.269 0.0745519   0.0716745
46.2338   76.4808   122.715 0.0803717   0.0774097
46.1924   69.8523   116.045 0.0782039   0.0702504
47.4842   77.4122   124.896 0.0833544   0.0775673
49.5202   71.3305   120.851 0.0843616   0.0730658
49.4499   73.1769   122.627 0.0828307   0.077354
44.6371   68.7422   113.379 0.0740497   0.0706497
50.4297   64.9869   115.417 0.0788992   0.0690983
44.8368   66.9917   111.829 0.0751246   0.0695055
45.3247   64.2517   109.576 0.0760993   0.0678047
43.7841   60.5047   104.289 0.0708272   0.0650207
42.1804   62.3064   104.487 0.0706303   0.0662975
41.3588   63.0203   104.379 0.0700997   0.0670001
39.9504   62.1295   102.08 0.0685256   0.0646845
43.0002   68.2202   111.22 0.0769062   0.0712761
46.1929   69.5282   115.721 0.0783926   0.0746411
66.8486   80.7054   147.554 0.110676   0.095312
74.1445   85.5835   159.728 0.111286   0.0982871
48.5323   71.2729   119.805 0.0817042   0.0784771
48.5931   67.8482   116.441 0.0865994   0.0779529
33.0956   59.0479   92.1435 0.0656746   0.0670364
37.9339   58.1811   96.115 0.0699285   0.0648932
45.229   65.325   110.554 0.0824444   0.0755552
43.1889   65.5097   108.699 0.0780052   0.0747685
36.3871   59.3842   95.7713 0.0753746   0.0703813
37.1218   53.3875   90.5093 0.0728491   0.0633303
37.737   50.7697   88.5067 0.0696468   0.0625628
38.4603   52.9358   91.3962 0.0724846   0.0645559
30.1604   52.1297   82.2901 0.0582668   0.064607
33.5976   53.5015   87.0991 0.0686015   0.0653454
37.3895   56.5737   93.9632 0.0724602   0.0681776
35.8821   51.064   86.9462 0.0678992   0.0639407
40.1611   49.106   89.2671 0.0774116   0.0639235
41.0431   56.5674   97.6105 0.079295   0.0708332
41.7832   61.1952   102.978 0.0806314   0.0707623
36.2814   56.6121   92.8935 0.0713198   0.0654259
37.6424   63.0269   100.669 0.0701411   0.0673964
43.4037   73.2072   116.611 0.0859479   0.0793789
50.5179   74.6263   125.144 0.0996015   0.0873436
56.5857   79.7338   136.32 0.103779   0.0922312
51.6418   68.7366   120.378 0.0993876   0.083176
54.0368   71.8546   125.891 0.10513   0.0914698
37.4922   62.7344   100.227 0.0861147   0.0868897
35.4225   58.8095   94.2321 0.0805668   0.0778362
37.0626   55.5178   92.5804 0.0862122   0.0777487
37.0037   55.662   92.6657 0.0856171   0.0773693
33.4699   61.6713   95.1412 0.0844915   0.0812035
32.1504   47.6282   79.7786 0.0735932   0.0653844
31.1537   49.6125   80.7662 0.0750691   0.0697197
29.7026   48.2846   77.9872 0.0744692   0.0660012
27.6975   48.2063   75.9038 0.0738164   0.064716
26.4349   47.3465   73.7814 0.0721701   0.0658112
24.9536   46.4241   71.3777 0.0707703   0.0659902
25.0487   47.6357   72.6844 0.0689232   0.0688235
27.4252   44.9351   72.3602 0.0736575   0.0658228
28.5369   42.6159   71.1528 0.0765748   0.0642289
28.2675   42.3514   70.619 0.0765539   0.0662517
28.8825   43.8039   72.6864 0.0793476   0.0666117
31.4037   44.2135   75.6172 0.0852783   0.0693544
35.2607   44.771   80.0317 0.0932411   0.0707469
28.6822   50.2292   78.9114 0.0816575   0.0745793
38.1868   54.2828   92.4696 0.0921643   0.082959
33.93   56.9358   90.8658 0.0950419   0.0852333
30.2749   49.9376   80.2125 0.089465   0.077591
33.1456   48.9519   82.0974 0.0884669   0.0757769
32.759   46.3129   79.0719 0.0847881   0.0716313
30.7714   46.8356   77.607 0.0899749   0.0727543
32.1324   45.6883   77.8207 0.0869619   0.0710549
28.3328   48.3068   76.6396 0.0843238   0.0742611
23.1252   45.6854   68.8106 0.0729502   0.0685349
26.9249   47.8863   74.8112 0.0725412   0.0710128
24.7412   47.5035   72.2447 0.0724638   0.0718506
25.841   45.4784   71.3194 0.0735513   0.0689414
26.136   47.3297   73.4657 0.0738667   0.0720297
26.0593   49.6989   75.7582 0.0748399   0.0749833
27.4534   51.6844   79.1378 0.0733067   0.0769113
25.7452   49.8419   75.5871 0.0722399   0.0755269
27.0103   50.9535   77.9637 0.0745317   0.0778391
29.0641   52.3861   81.4502 0.0760842   0.0768125
27.3315   51.6116   78.943 0.0751277   0.0775648
26.0262   51.0697   77.0959 0.0762273   0.0742446
29.5429   50.8421   80.3849 0.0806081   0.074933
30.0599   49.6915   79.7514 0.0829621   0.0756531
28.5387   50.6409   79.1796 0.0802213   0.0759518
32.15   51.3122   83.4622 0.0822671   0.074974
30.9958   52.117   83.1128 0.0842277   0.0773938
28.5217   49.8169   78.3385 0.0830083   0.0768068
29.2269   51.3252   80.5521 0.0800642   0.0768592
27.5392   50.7172   78.2564 0.0768178   0.0771951
27.5734   49.867   77.4404 0.0734964   0.0729761
27.1191   51.5104   78.6295 0.0744418   0.075836
27.2472   50.3507   77.5979 0.0762693   0.0756017
26.0235   49.712   75.7355 0.0736168   0.0759542
26.0419   51.0142   77.0562 0.0732543   0.077119
27.071   48.4575   75.5285 0.0756174   0.0729782
28.9589   47.8817   76.8406 0.0767124   0.0714652
29.9967   50.5127   80.5095 0.0771124   0.0732865
27.3204   52.6612   79.9816 0.072532   0.0777606
28.7034   51.8668   80.5702 0.0759099   0.0761766
