1367         1367
1271         570
1290         584
1273         565
1299         569
1306         576
1329         596
1361         579
1352         591
1366         576
1311         570
1294         559
1309         561
1292         573
1296         559
1239         557
1267         548
1288         586
1328         588
1367         597
1398         601
1363         595
1344         585
1376         596
1323         576
1334         584
1305         565
1273         565
1302         582
1325         589
1385         630
1378         592
1317         567
1339         591
1310         556
1337         551
1303         600
1292         592
1216         537
1264         560
1263         579
1271         572
1255         560
1253         567
1295         597
1301         610
1280         603
1285         596
1259         583
1263         575
1242         582
1237         546
1228         577
1301         604
1330         596
1313         615
1297         595
1322         598
1325         613
1334         634
1338         609
1317         583
1369         633
1349         645
1352         626
1337         633
1321         603
1346         617
1318         609
1346         591
1351         604
1360         613
1317         605
1375         617
1327         599
1344         590
1310         584
1290         586
1270         579
1277         581
1324         574
1334         617
1304         615
1273         580
1326         584
1308         582
1317         609
1365         628
1325         618
1327         622
1349         618
1353         635
1352         636
1394         657
1417         647
1369         627
1396         642
1372         636
1395         651
1408         667
1424         667
1398         662
1455         671
1435         661
1419         653
1421         672
1457         690
1433         674
1455         708
1488         707
1490         725
1445         687
1445         693
1476         728
1441         680
1494         710
1510         724
1444         657
1427         687
1448         675
1471         655
1513         671
1463         653
1432         659
1498         686
1474         667
1492         671
1509         679
1496         652
1484         682
1514         643
1513         635
1448         599
1486         640
1459         628
1425         637
1440         636
1427         630
1488         663
1422         659
1405         658
1404         675
1376         645
1329         627
1329         642
1326         643
1319         670
1339         673
1332         626
1298         646
1289         592
1265         614
1319         598
1300         572
1262         578
1297         589
1277         588
1308         617
1343         635
1299         613
1319         578
1363         613
1335         632
1334         622
1312         568
1298         586
1312         581
1292         579
1270         587
1307         616
1331         559
1305         567
1329         605
1346         625
1336         585
1339         570
1305         566
1302         535
1367         588
1350         579
1320         561
1318         598
1247         536
1291         521
1230         530
1260         540
1243         547
1279         552
1249         534
1278         518
1275         527
1253         520
1263         537
1213         516
1242         528
1241         522
1270         572
1248         533
1306         574
1255         541
1279         555
1223         556
1249         555
1187         527
1202         542
1250         569
1233         532
1200         534
1177         550
1175         552
1144         511
1159         510
1128         493
1103         475
1147         504
1104         504
1080         473
1060         474
1060         482
1080         499
1042         457
1041         469
1013         462
1024         476
1025         490
1065         516
1052         440
1029         423
1026         434
1006         441
1027         451
1045         443
1029         438
1028         434
1028         479
1001         456
1039         457
1001         445
1031         463
1014         453
1024         438
1041         466
1008         438
1032         459
978         433
1008         461
989         458
986         476
990         471
984         486
993         467
1053         510
1044         481
1073         508
1080         506
1056         481
1052         483
1070         486
1095         502
1090         496
1074         506
1059         467
1030         426
1051         466
1081         505
1136         529
1149         518
1246         534
1199         525
1151         495
1131         456
1076         492
1074         485
1094         472
1104         539
1059         502
1086         499
1045         451
1007         443
1054         453
1040         451
1045         447
1078         439
1065         515
1065         536
1084         551
1078         557
1077         578
1120         598
1091         601
1111         603
1079         578
1051         575
1022         531
1028         558
1018         558
1068         592
1062         556
1040         534
1051         560
1032         529
1060         522
1067         510
1045         530
1070         551
1037         529
1068         547
1042         539
1120         547
1088         541
1149         577
1108         563
1163         595
1212         629
1198         639
1158         602
1143         589
1123         603
1166         621
1102         574
1147         606
1186         598
1154         576
1160         596
1174         590
1165         617
1199         607
1153         606
1226         653
1210         681
1218         631
1225         610
1170         586
1203         572
1217         659
1244         666
1202         630
1255         660
1263         685
1256         671
1283         659
1248         679
1286         681
1258         666
1250         661
1239         672
1298         718
1294         717
1377         755
1393         769
1323         754
1336         752
1373         758
1337         727
1284         694
1261         703
1268         680
1362         751
1289         715
1274         669
1266         676
1267         688
1276         695
1317         701
1280         673
1283         680
1289         706
1298         704
1293         710
1266         695
1264         670
1319         707
1313         696
1294         702
1198         624
1256         631
1254         648
1270         657
1229         641
1265         661
1275         688
1279         655
1267         647
1228         670
1240         625
1283         664
1251         667
1302         675
1314         692
1335         705
1270         671
1265         694
1259         643
1241         645
1265         635
1237         640
1258         665
1215         622
1206         614
1221         604
1224         601
1232         620
1249         616
1249         602
1237         611
1251         647
1207         620
1209         610
1231         632
1178         604
1172         612
1130         568
1153         571
1152         569
1121         546
1107         544
1108         532
1146         577
1138         609
1118         576
1134         576
1149         568
1167         573
1142         585
1138         582
1184         591
1155         574
1109         534
1141         547
1106         538
1137         554
1110         542
1139         531
1133         534
1185         564
1189         561
1175         551
1164         570
1196         576
1101         528
1138         536
1129         535
1119         556
1136         549
1113         548
1120         549
1122         531
1109         521
1122         495
1092         523
1035         489
1129         524
1078         513
1058         511
1046         495
1006         492
934         448
898         427
892         430
884         431
896         437
907         407
902         410
875         412
886         404
906         416
834         379
856         403
806         380
807         377
825         377
844         406
815         386
845         388
822         396
835         370
813         384
818         386
799         378
816         401
816         393
840         415
865         418
833         411
841         414
848         425
871         444
901         431
940         479
938         468
886         430
936         463
920         440
894         438
930         440
936         433
913         437
981         485
1008         473
1051         473
1063         497
1075         512
1172         568
1114         553
1151         538
1178         527
1177         539
1127         512
1144         530
1138         526
1134         552
1138         528
1224         570
1147         557
1143         549
1144         537
1120         515
1197         558
1167         537
1183         535
1192         566
1199         585
1187         554
1212         578
1229         571
1161         546
1161         559
1189         545
1143         557
1153         541
1126         513
1233         574
1210         531
1204         544
1238         580
1265         583
1250         575
1279         590
1246         569
1259         587
1259         597
1263         602
1315         639
1270         596
1252         595
1292         618
1268         597
1262         590
1250         583
1226         559
1327         589
1280         604
1392         666
1309         594
1242         561
1233         503
1245         542
1204         548
1219         553
1171         482
1148         509
1174         541
1147         530
1140         517
1114         489
1170         516
1199         528
1219         518
1178         517
1169         518
1176         508
1167         536
1161         505
1125         507
1154         545
1147         519
1089         514
1044         435
1012         439
969         429
971         432
965         396
955         436
960         415
933         398
928         375
891         366
876         352
879         363
874         372
886         372
868         369
867         364
880         368
857         378
823         351
907         414
856         357
864         338
898         374
905         386
861         342
889         369
837         336
831         317
902         371
896         341
870         351
891         353
886         348
876         374
865         356
889         362
876         382
859         363
857         341
863         366
871         362
850         355
866         390
862         368
848         343
846         365
852         358
846         375
867         364
872         357
816         353
847         355
827         358
853         377
871         389
821         376
846         378
