4918       4918
4633       963
4619       947
4684       953
4702       946
4780       974
4758       971
4727       936
4708       958
4721       934
4690       906
4643       919
4726       944
4826       910
4862       847
4801       843
4793       870
4723       825
4765       824
4814       808
4886       822
4865       800
4842       795
4817       808
4827       798
4813       842
4825       834
4835       836
4922       876
4943       882
4993       818
4997       795
4930       759
5014       749
4983       769
4878       751
4892       1094
4905       1124
4877       1083
4882       1057
4810       1067
4749       1080
4639       1046
4567       1033
4624       1054
4606       1004
4576       1005
4502       961
4517       943
4500       935
4481       919
4390       914
4369       1198
4343       1175
4419       1165
4367       1131
4412       1134
4386       1137
4408       1144
4324       1144
4328       1142
4293       1156
4316       1129
4301       1147
4372       1162
4390       1124
4416       1148
4331       1108
4285       1061
4371       1241
4289       1254
4348       1262
4332       1257
4344       1284
4316       1243
4299       1230
4317       1260
4288       1239
4312       1227
4242       1229
4328       1244
4283       1179
4195       1182
4221       1193
4247       1172
4266       1176
4135       1311
4175       1305
4238       1317
4248       1310
4223       1302
4193       1331
4103       1277
4058       1267
4104       1256
4130       1275
4100       1248
4153       1275
4102       1264
4109       1273
4078       1231
4047       1379
3993       1374
3951       1376
3922       1335
3948       1344
3903       1307
3851       1284
3833       1259
3902       1280
3865       1241
3850       1275
3818       1274
3802       1258
3783       1265
3831       1281
3821       1271
3835       1331
3836       1299
3821       1281
3805       1333
3735       1269
3663       1238
3667       1261
3668       1217
3657       1183
3603       1189
3625       1169
3845       1238
3811       1214
3825       1339
3884       1273
3839       1290
3791       1269
3718       1280
3662       1168
3574       1130
3544       1140
3505       1116
3494       1130
3456       1190
3427       1192
3429       1144
3447       1128
3366       1118
3299       1085
3237       1058
3163       1077
3064       1024
3064       1003
3022       1059
2999       1055
2975       1024
2910       991
2838       975
2860       992
2845       984
2732       952
2668       904
2561       852
2527       892
2529       896
2464       837
2488       863
2450       814
2377       814
2311       747
2265       737
2229       735
2223       705
2215       727
2171       715
2195       717
2122       697
2138       661
2078       650
2074       664
2084       661
2081       648
2068       623
2069       645
2037       603
2014       601
2014       593
2007       582
2002       586
2020       603
1969       587
1961       589
1951       574
1933       584
1931       618
1935       585
1893       573
1845       560
1832       538
1750       500
1704       501
1643       474
1618       479
1619       493
1623       506
1621       528
1629       522
1630       502
1586       498
1592       508
1563       491
1563       487
1554       463
1552       480
1498       453
1525       474
1506       461
1517       470
1476       455
1495       456
1506       430
1508       463
1477       448
1499       453
1450       419
1431       424
1371       382
1361       395
1276       344
1285       392
1228       357
1217       335
1195       315
1134       312
1149       312
1141       309
1134       282
1088       296
1057       302
1088       298
1121       296
1130       292
1118       275
1129       278
1159       347
1191       309
1220       332
1251       328
1246       300
1263       294
1276       299
1294       286
1344       342
1364       343
1364       324
1402       327
1416       322
1398       318
1411       309
1465       318
1555       404
1526       376
1523       398
1559       353
1568       341
1649       332
1590       330
1569       380
1618       391
1660       425
1684       440
1716       432
1737       440
1718       421
1750       446
1799       436
1815       440
1785       538
1815       590
1822       602
1738       565
1762       556
1755       558
1767       557
1736       531
1757       537
1799       701
1845       691
1881       711
1914       720
1954       722
1938       702
1908       715
2004       740
2048       726
2080       714
2110       842
2124       819
2152       846
2059       791
2146       814
2141       805
2174       843
2093       788
2139       898
2126       888
2096       839
2047       796
2074       802
2027       795
2070       771
2020       733
2008       730
2068       733
2068       747
2060       819
1997       799
1936       757
1920       744
1859       728
1838       702
1773       737
1812       720
1790       700
1828       700
1820       722
1781       683
1835       723
1860       731
1844       743
1846       736
1853       731
1885       744
1923       762
1952       744
1942       727
1914       729
1967       808
2002       817
1969       812
1987       821
1993       821
1996       822
2016       806
1999       870
2093       916
2091       923
2093       901
2088       890
2114       890
2137       951
2106       941
2083       926
2075       894
2075       855
2097       880
2103       931
2126       934
2161       931
2209       911
2173       891
2206       894
2168       938
2188       965
2213       965
2211       975
2118       950
2153       946
2178       950
2159       937
2161       963
2204       963
2188       928
2185       971
2137       904
2126       915
2118       905
2144       956
2110       962
2138       940
2139       901
2030       917
2083       961
2035       879
1989       876
2067       967
2100       987
2062       982
2087       925
2092       957
2103       949
2142       958
2210       998
2195       993
2242       1016
2241       979
2192       962
2218       1005
2205       997
2192       987
2072       930
2118       936
2163       947
2122       934
2168       951
2147       947
2161       959
2217       986
2152       922
2184       905
2152       883
2142       874
2142       875
2182       884
2251       898
2218       903
2113       898
2144       893
2074       850
2108       847
2109       875
2128       870
2128       848
2165       878
2129       881
2112       877
2079       835
2117       841
2075       849
2084       840
2065       834
2060       800
2059       772
2069       773
2055       801
2071       828
1996       836
2027       801
2047       825
2098       843
2129       845
2176       882
2249       907
2179       843
2196       850
2147       818
2115       786
2177       802
2157       813
2161       831
2144       813
2137       784
2079       805
2075       792
2063       793
2091       802
2068       789
1964       762
1869       690
1801       669
1750       648
1798       689
1798       681
1819       676
1835       729
1838       722
1804       722
1862       754
1819       740
1808       761
1785       739
1770       723
1707       680
1734       743
1650       664
1645       679
1689       683
1645       657
1715       668
1700       670
1779       713
1775       724
1732       729
1733       743
1816       770
1779       745
1785       747
1845       767
1867       771
1883       793
1831       733
1792       743
1811       777
1854       795
1825       779
1864       778
1891       760
1873       743
1899       763
1846       701
1890       708
1851       714
1898       752
1993       804
2067       837
2144       871
2186       902
2193       884
2164       872
2110       826
2122       866
2135       859
2127       852
2166       893
2155       881
2206       914
2287       975
2258       968
2156       902
2088       877
1996       822
2045       821
2077       864
2094       830
2143       830
2116       901
2108       916
2094       902
2132       913
2137       901
2180       958
2140       888
2154       948
2130       969
2181       1026
2153       1057
2248       1026
2265       1035
2200       1015
2175       988
2182       994
2204       998
2116       976
2129       946
2157       973
2090       940
2124       963
2052       947
2054       930
2044       939
2059       940
2092       960
2096       957
2138       931
2204       846
2188       870
2084       908
2061       870
2023       880
2024       896
2031       864
2042       876
2012       843
1980       843
1939       811
1956       820
1977       806
1925       818
1937       829
1898       798
1847       768
1909       798
1994       864
1956       865
2079       935
2108       922
2039       854
2027       864
1959       826
1926       785
1830       722
1851       755
1829       714
1886       719
1892       759
1874       728
1844       711
1879       731
1887       744
1855       719
1829       703
1826       692
1806       682
1775       663
1734       639
1760       657
1728       637
1738       632
1727       673
1753       654
1735       668
1678       643
1722       646
1719       646
1739       643
1704       643
1724       650
1722       666
1725       674
1694       661
1698       659
1686       657
1692       662
1703       672
1701       659
1703       654
1698       682
1690       665
1718       687
1704       678
1699       656
1698       666
1733       684
1713       673
1698       648
1704       667
1688       657
1719       683
1713       679
1700       666
1686       654
1692       661
1704       664
1708       670
1716       689
1692       677
1689       680
