0  1043721
33  2821
19  2737
11  1852
26  2015
48  2735
15  2155
15  2039
15  3050
15  2151
22  2385
21  2391
37  2234
41  4459
14  2253
24  2897
117  2929
18  2435
18  2313
37  5485
12  3185
17  3274
30  3811
48  2307
122  1906
28  2533
123  2150
61  2207
65  3212
32  4322
55  3050
169  3400
173  3093
128  3089
91  7124
32  285322
30  2633
31  2530
15  3276
35  2616
33  2017
27  2073
61  2632
172  1987
36  2366
28  2537
51  2403
121  2031
25  2064
28  2090
22  1998
25  286990
19  2607
21  1902
23  3667
26  2821
36  2426
60  2909
19  1930
22  1984
44  2810
32  2324
21  2499
25  2603
118  2599
31  1825
18  1422
18  2364
15  206970
22  2190
28  2631
52  1936
30  2678
23  2403
29  4133
25  1750
22  2518
18  1657
118  1850
15  2525
27  2182
18  2718
25  2976
20  2422
25  1738
32  242935
11  1741
20  2734
15  2000
26  4226
130  2266
18  2306
32  2220
27  3492
14  1911
34  3068
19  2415
23  3565
26  2118
119  1991
24  233411
16  2497
24  4115
23  2566
40  2641
32  2152
24  2376
16  1655
16  3024
35  2042
39  26248
22  3376
27  2499
33  2709
21  2459
22  2080
15  214207
31  3671
23  3285
112  4011
24  3327
26  3259
36  2616
25  3746
24  4608
24  6560
17  5225
22  2113
19  8605
125  377956
25  3239
21  2511
22  3162
42  3103
23  2778
16  3032
72  1673
38  3023
152  2818
26  229885
27  2300
28  2603
114  3965
32  2538
29  4564
49  1764
25  3053
39  2057
34  2316
39  222508
25  3568
55  2836
28  2650
24  2097
18  2767
20  2072
23  2211
27  2222
45  2797
30  188825
55  4317
17  2239
28  4266
16  1892
75  3106
30  4027
59  7767
41  3744
29  2498
22  561723
27  2872
26  1624
36  1850
81  2160
122  3415
126  2252
29  4479
32  2155
16  3088
24  2379
27  308990
15  2374
74  2350
46  2638
16  3720
17  1954
20  3261
37  1915
64  2677
67  3196
61  296224
73  2792
21  2788
25  2142
30  2220
31  2641
71  2668
40  2919
17  2004
42  4515
35  357897
14  3546
68  2642
15  2195
71  2501
29  2078
46  2407
42  7406
28  2817
21  313928
72  3833
26  2821
23  3004
88  2574
67  2546
27  1812
19  3730
58  534567
17  2476
17  2220
30  3029
61  2642
57  2470
33  1682
17  2132
17  179517
83  3134
23  2248
79  2243
17  2963
54  1999
20  3071
73  5789
56  174590
35  2573
11  2367
17  3544
15  3204
26  2089
17  2323
52  219372
22  1717
76  2403
41  2112
56  1909
56  2897
54  1958
60  2280
21  194725
55  1899
59  3636
21  10888
11  4973
45  2126
60  2911
59  2948
59  239431
15  2771
20  2467
63  4297
15  2330
17  5214
63  2472
62  219819
63  3259
100  1823
56  1918
37  2445
94  4257
57  2869
92  2686
27  3213
68  2593
38  248623
27  2910
86  3796
28  2525
24  2940
90  2540
36  2906
57  5252
40  3098
24  270110
17  1893
67  1830
59  2514
69  1527
99  4361
100  2365
95  4963
21  3129
19  2510
29  197795
103  2806
17  1858
17  2284
79  7528
15  1936
40  2695
43  2229
74  212060
21  2295
29  2594
16  1978
75  3103
74  2673
41  2526
20  3124
103  2907
52  3327
100  11053
13  255376
26  4168
38  3617
32  3119
73  3295
13  3740
40  2847
46  3462
14  3165
72  1802
32  2127
27  3361
23  331734
29  2240
103  3022
17  3317
24  2246
27  4092
28  2326
22  2887
49  1902
14  2125
35  291812
74  3036
13  3166
15  2752
17  2115
40  2551
18  2469
61  196064
25  3846
46  2601
22  2388
29  3689
19  2668
112  296552
26  3445
116  2547
104  1941
20  2394
89  2319
53  220006
81  2024
32  2384
30  2978
17  1624
25  1754
39  310472
41  3269
25  2963
15  3344
47  2251
21  2181
14  2467
18  2997
13  2841
22  3028
122  3306
53  1855
30  1940
38  2664
88  2641
25  2024
104  252545
26  1998
16  3267
24  2960
82  372024
27  2984
18  2032
34  3625
18  2928
105  345143
18  2646
21  2596
86  10186
25  2418
22  2867
122  481945
23  1905
18  2087
14  10806
20  7858
22  231229
87  2265
21  2329
18  2369
78  546170
30  2204
14  2917
79  2381
123  240677
20  2605
39  16548
123  3672
25  2500
82  3393
16  3687
81  1826
37  2881
25  2007
23  439864
26  2607
20  2682
80  1851
16  1831
19  1771
125  2311
34  2548
21  556357
116  2946
41  4783
28  2606
33  5534
21  1770
21  433413
103  4642
64  2210
18  2301
17  2383
74  344486
12  2321
47  25344
24  3709
24  3302
43  482611
36  2171
25  2919
57  2435
38  2828
117  243442
26  2745
38  7667
53  2022
30  2645
30  3239
104  2093
37  3269
18  1930
30  2034
21  2418
20  711225
31  3183
15  2503
81  3612
15  533010
21  3664
17  2333
19  3460
21  222696
12  4583
18  2078
14  2333
20  277813
19  3045
21  3702
14  1720
21  4672
35  2539
24  6157
23  2339
33  2850
16  2610
62  2458
17  2938
18  2906
99  12996
20  611253
22  6296
26  3667
20  2131
17  1907
14  1997
22  2229
14  2840
17  3253
70  2224
18  515536
57  2037
20  3362
23  4669
23  3158
22  255380
110  3412
112  4263
21  3666
61  648804
26  2681
81  6227
19  3114
18  283325
24  4175
31  2658
35  9457
39  478861
24  26878
35  3290
23  3063
28  2843
30  3258
18  3186
24  1928
24  3470
44  311123
22  3397
18  2516
25  2072
15  598963
21  3988
86  3380
27  2219
36  228609
22  2178
23  2799
37  3039
16  428287
26  2713
23  2214
43  2912
28  275217
20  4712
44  2973
28  2008
26  240418
29  1918
16  1727
29  2295
21  2066
18  431518
26  5614
127  1818
25  2901
23  4433
25  2317
47  3360
19  3977
19  3086
20  2846
25  474169
28  3194
27  4030
37  257153
63  2749
32  266162
95  3017
129  3554
25  2295
28  2840
19  2657
30  2847
20  2092
24  598331
26  2774
14  2602
23  2588
40  4318
17  3047
17  3586
16  434116
24  1979
39  2767
27  3388
17  4886
16  2212
17  1737
37  436391
30  6970
27  1828
77  6527
106  2739
40  567132
85  3349
21  3423
24  5714
25  2262
24  2759
36  3204
21  2044
12  3019
18  3211
13  2286
15  1988
13  2755
19  889880
13  2905
11  1798
11  2763
19  4451
18  3877
29  3392
17  3631
11  2696
13  4520
16  3006
17  4289
19  2084
11  1950
53  2371
17  4385
13  2822
43  2296
16  2723
16  2383
15  2880
21  4712
14  3684
20  4687
12  4930
16  3266
20  2469
20  2952
72  3062
11  2947
19  3541
67  3288
14  3561
13  4192
8  5305
17  2130
9  3302
14  3089
24  3198
22  3641
