2132
2053
2047
2091
2108
2104
2074
2086
2074
2105
2113
2119
2119
2122
2142
2135
2162
2162
2174
2147
2123
2133
2091
2060
2053
1994
2016
2063
2061
2055
1978
2073
2024
2018
2037
2019
2070
2156
2137
2116
2211
2228
2185
2203
2123
2173
2191
2216
2133
2163
2114
2104
2094
2186
2163
2150
2132
2138
2118
2149
2151
2144
2140
2119
2146
2103
2110
2099
2083
2080
2099
2124
2083
2089
2080
2039
2023
2069
1997
2052
2065
2073
2084
2074
2044
2085
2084
2104
2100
2079
2063
2068
1993
2003
2016
2055
1997
2055
2017
2038
2061
2089
2086
2106
2085
2086
2135
2180
2179
2210
2169
2181
2175
2240
2198
2175
2150
2181
2201
2166
2175
2235
2199
2257
2263
2235
2218
2268
2223
2246
2196
2187
2198
2171
2228
2225
2185
2190
2214
2186
2231
2215
2234
2220
2209
2232
2231
2188
2214
2241
2244
2201
2173
2218
2181
2183
2155
2178
2145
2188
2241
2212
2186
2204
2163
2195
2178
2227
2241
2210
2204
2206
2217
2280
2264
2244
2212
2261
2246
2215
2204
2216
2259
2303
2233
2230
2305
2256
2247
2253
2235
2269
2280
2288
2312
2331
2241
2314
2305
2313
2305
2250
2306
2333
2320
2335
2322
2356
2316
2330
2341
2323
2358
2327
2355
2346
2411
2347
2395
2311
2373
2421
2354
2370
2344
2360
2362
2316
2374
2380
2411
2351
2362
2377
2321
2329
2307
2293
2329
2291
2318
2358
2408
2324
2305
2321
2313
2358
2394
2358
2350
2383
2396
2403
2410
2372
2404
2414
2376
2333
2382
2389
2355
2313
2321
2328
2324
2335
2319
2298
2272
2270
2241
2259
2256
2225
2325
2219
2218
2223
2175
2219
2264
2203
2217
2222
2184
2223
2186
2220
2223
2166
2208
2195
2221
2184
2232
2232
2203
2238
2205
2200
2154
2135
2199
2201
2204
2175
2170
2242
2263
2235
2186
2237
2224
2259
2292
2271
2248
2318
2274
2237
2302
2326
2313
2341
2313
2323
2314
2365
2362
2323
2361
2327
2341
2337
2370
2357
2384
2436
2403
2406
2421
2441
2455
2464
2394
2413
2450
2457
2427
2430
2407
2477
2440
2461
2487
2486
2489
2433
2467
2472
2454
2465
2437
2465
2468
2421
2438
2383
2414
2452
2446
2413
2460
2465
2421
2431
2458
2461
2460
2485
2480
2508
2525
2469
2494
2488
2489
2494
2569
2548
2525
2506
2511
2526
2517
2509
2543
2544
2605
2580
2529
2601
2584
2602
2491
2555
2547
2585
2620
2652
2611
2610
2621
2620
2659
2654
2639
2604
2593
2593
2641
2676
2616
2638
2582
2576
2608
2599
2593
2625
2609
2608
2587
2627
2582
2659
2659
2624
2655
2673
2652
2666
2644
2634
2604
2637
2604
2579
2585
2585
2615
2602
2575
2576
2558
2569
2531
2548
2531
2466
2536
2471
2514
2480
2523
2544
2495
2482
2496
2500
2466
2448
2501
2459
2517
2522
2526
2542
2464
2477
2479
2399
2424
2407
2405
2373
2347
2335
2331
2336
2305
2355
2364
2364
2287
2290
2303
2290
2273
2279
2354
2343
2401
2473
2429
2388
2387
2351
2311
2400
2361
2361
2277
2323
2389
2329
2299
2252
2202
2222
2150
2118
2116
2104
2081
2119
2162
2204
2279
2358
2390
2400
2485
2430
2396
2327
2243
2207
2156
2211
2164
2168
2129
2177
2197
2148
2218
2144
2212
2255
2266
2294
2170
2195
2130
2172
2164
2154
2153
2207
2163
2153
2146
2147
2141
2159
2173
2153
2204
2170
2189
2161
2206
2162
2169
2164
2162
2143
2110
2035
2046
2039
2066
2040
2018
1993
2027
2038
2019
2055
2024
2033
2031
2030
2046
2007
2073
2116
2113
2065
2095
2123
2106
2122
2080
2079
2112
2063
2089
2063
2077
2065
2016
2042
2086
2130
2056
2071
2129
2134
2178
2088
2113
2123
2207
2246
2241
2281
2260
2282
2259
2275
2266
2261
2275
2237
2249
2265
2262
2256
2271
2260
2265
2241
2252
2236
2243
2228
2272
2241
2206
2283
2244
2281
2341
2331
2320
2303
2309
2345
2330
2276
2270
2293
2313
2362
2296
2339
2332
2340
2354
2381
2378
2390
2391
2386
2383
2378
2397
2350
2355
2375
2303
2281
2265
2238
2291
2231
2220
2275
2331
2381
2355
2379
2383
2426
2410
2394
2373
2411
2414
2376
2347
2321
2309
2270
2284
2257
2259
2237
2243
2230
2306
2269
2257
2238
2260
2218
2198
2182
2249
2247
2278
2239
2320
2247
2274
2226
2265
2253
2271
2218
2222
2232
2232
2228
2246
2265
2252
2273
2310
2329
2327
2355
2336
2350
2227
2289
2278
2260
2302
2288
2230
2287
2226
2279
2333
2319
2332
2329
2272
2277
2252
2212
2213
2183
2218
2288
2339
2333
2359
2440
2395
2405
2432
2399
2465
2494
2427
2400
2384
2376
2295
2298
2339
2353
2375
2361
2335
2342
2350
2279
2312
2274
2246
2299
2260
2249
2218
2179
2279
2314
2339
2326
2325
2317
2275
2312
2314
2285
2289
2204
2272
2289
2295
2337
2267
2273
2249
2232
2168
2165
2191
2155
2191
2205
2206
2196
2179
2115
2142
2114
2139
2156
2120
2122
2092
2096
2111
2078
2139
2150
2145
2173
2156
2111
2079
2106
2145
2132
2073
2031
2018
2029
2040
2045
2040
2010
2048
2042
2044
2068
2067
2071
2052
2070
2096
2085
2080
2034
2095
2067
1982
2022
1976
1957
1916
1845
1895
1862
1879
1883
1885
1916
1883
1885
1922
1856
1881
1861
1887
1845
1913
1857
1880
1909
1855
1829
1777
1799
1842
1851
1845
1852
1863
1892
1878
1886
1875
1860
1792
1772
1689
1744
1750
1732
1716
1718
1771
1776
1783
1802
1765
1731
1683
1687
1635
1649
1649
1596
1611
1611
1673
1652
1601
1619
1601
1569
1550
1519
1520
1506
1501
1519
1537
1533
1512
1503
1576
1611
1601
1523
1518
1531
1559
1562
1575
1585
1619
1649
1649
1675
1715
1742
1694
1662
1653
1688
1661
1640
1660
1673
1661
1709
1718
1756
1784
1769
1766
1813
1796
1835
1800
1759
1753
1828
1821
1832
1781
1744
1744
1761
1809
1816
1801
1832
1899
1912
1921
1964
1940
1972
2008
2010
1958
1974
1963
2030
1979
1951
1984
2010
1976
2012
1993
1938
2033
1970
2011
2065
2012
2009
2046
2028
2002
2035
2002
2020
2018
2022
2033
2091
2114
2113
2157
2146
2188
2187
2203
2230
2189
2220
2201
2253
2228
2214
2254
2232
2220
2215
2205
2210
2203
2191
2177
2183
2160
2189
2157
2271
2284
2300
2291
2308
2265
2248
2242
2260
2270
2296
2314
2408
2422
2422
2395
2335
2366
2380
2360
2387
2377
2399
2465
2425
2436
2434
2448
2387
2413
2381
2375
2374
2348
2313
2350
2431
2342
2378
2435
2355
2412
2484
2530
2426
2407
2347
2319
2337
2321
2321
2290
2256
2266
2309
2309
2265
2266
2314
2262
2251
2241
2195
2204
2179
2219
2184
2150
2199
2213
2126
2224
2167
2179
2142
2135
2172
2155
2183
2172
2155
2152
2117
2095
2071
2056
2076
2045
2032
2081
2008
2033
2015
1967
1959
1945
1916
1851
1878
1866
1827
1844
1835
1860
1843
1879
1880
1860
1857
1804
1823
1774
1749
1784
1765
1753
1766
1735
1740
1733
1720
1710
1693
1704
1723
1698
1689
1762
1722
1737
1735
1783
1738
1743
1717
1766
1730
1777
1763
1736
1724
1694
1744
1708
1711
1700
1739
1682
1710
1725
1699
1701
1704
1702
1702
1731
1743
1739
1699
1709
1719
1724
1725
1714
1716
1730
1720
1691
1699
1667
1687
1679
1690
1702
1700
1664
1687
1690
1636
1696
1732
1663
1671
1641
1676
1634
1650
1661
1632
1683
1679
1679
1643
1642
1664
1637
1664
1646
1663
1674
1665
1682
1664
1639
1665
1657
1656
