14189
13720
13528
13534
13555
13613
13699
13745
13769
13700
13883
13872
13906
13937
13849
13687
13715
13717
13751
13671
13673
13683
13661
13866
13800
13808
13987
14003
13936
13938
13911
13810
13896
14013
13788
13882
13910
14068
14063
14231
14256
14334
14269
14340
14322
14280
14232
14181
14227
14324
14286
14188
14157
14104
14163
14135
14242
14220
14339
14418
14372
14252
14299
14344
14323
14253
14222
14260
14091
13984
13926
13852
13988
13910
13921
13872
13870
13836
13866
13821
13653
13654
13602
13475
13370
13244
13376
13438
13508
13579
13386
13347
13372
13408
13470
13355
13293
13180
13144
13190
13192
13208
13201
13145
13112
13000
13003
13125
13272
13200
13204
13338
13270
13364
13275
13335
13164
13085
13187
13175
13221
13201
13151
13077
13119
13097
13046
13121
13094
13147
13171
13257
13162
13024
12949
12983
12915
12963
13021
12978
13076
13086
13118
13075
13129
13106
13155
13105
12977
12895
12917
12946
13059
12909
12979
13121
13135
13056
13015
12999
13085
13033
13012
13040
13085
12962
13090
13087
13005
13022
12986
12989
13038
13123
13075
13188
13099
13087
12997
12976
13012
13006
13000
12988
13053
13102
13002
13163
13091
13042
13082
13068
13038
13137
13145
13038
12946
12797
12871
12848
12911
12784
12901
12978
12994
13029
12882
12812
12904
12820
12881
12896
12838
12900
12911
12795
12836
12975
13026
12968
12891
12895
12897
12974
12856
12884
12901
13040
12950
12933
12941
13030
12928
12976
12954
12902
13034
12995
12958
12925
12947
12867
12766
12823
12781
12846
12768
12803
12748
12781
12862
12802
12704
12653
12818
12888
13019
12895
13025
12877
12923
12830
12842
12880
12843
12795
12751
12841
12770
12812
12727
12660
12621
12481
12404
12411
12280
12268
12290
12060
12055
12047
11973
11942
11882
11873
11769
11717
11600
11670
11571
11532
11411
11337
11233
11068
11145
11066
11021
11094
10987
10990
10861
10993
10950
10847
10717
10674
10652
10696
10753
10764
10623
10617
10544
10482
10432
10324
10292
10161
10207
10211
10199
10141
10153
10184
10126
10030
10050
10042
10004
9918
9901
9881
9796
9711
9762
9796
9772
9720
9874
9684
9631
9586
9645
9603
9632
9667
9789
9724
9617
9620
9492
9458
9610
9572
9564
9525
9529
9469
9487
9499
9503
9525
9480
9448
9436
9458
9428
9416
9349
9300
9304
9349
9299
9312
9380
9277
9312
9307
9206
9244
9241
9258
9158
9275
9166
9098
9068
9123
9079
9141
9172
9059
9046
9001
8910
8934
8877
8810
8828
8811
8814
8665
8785
8774
8720
8752
8640
8548
8592
8592
8692
8623
8468
8545
8467
8510
8563
8535
8453
8438
8449
8388
8319
8262
8168
8268
8254
8306
8165
8114
8017
7974
7977
7951
8002
7817
7651
7685
7610
7651
7609
7632
7571
7505
7444
7496
7455
7478
7380
7394
7358
7361
7326
7382
7397
7442
7575
7576
7513
7571
7717
7765
7740
7702
7578
7520
7482
7399
7419
7346
7412
7372
7344
7321
7385
7377
7374
7430
7510
7548
7535
7608
7625
7616
7719
7943
7885
7873
7899
7793
7894
8009
8054
8084
8057
8004
8100
8290
8381
8316
8315
8412
8375
8523
8524
8498
8433
8487
8607
8667
8794
8749
8887
8949
9131
9063
8906
8870
8994
9057
9186
9199
9115
9061
9097
9095
8953
9051
9036
9154
9249
9167
9080
8988
8947
8625
8746
8805
8663
8660
8690
8714
8699
8667
8532
8424
8523
8469
8457
8484
8573
8370
8149
8087
8198
8378
8380
8309
8481
8466
8322
8157
8488
8409
8496
8498
8447
8623
8691
8837
8741
8880
8799
8980
8984
9076
9046
9103
9112
9112
9264
9267
9279
9344
9400
9368
9308
9461
9464
9187
9331
9458
9640
9719
9577
9520
9735
9698
9638
9647
9648
9641
9744
9764
9787
9537
9621
9812
9770
9830
9974
9903
10156
10185
10156
9991
10072
10154
10231
10181
10211
10105
10176
10145
9985
9980
9869
9822
9810
9853
9655
9568
9649
9540
9568
9454
9547
9543
9445
9358
9532
9718
9590
9508
9433
9436
9603
9585
9498
9560
9481
9437
9528
9607
9784
9514
9625
9675
9692
9686
9659
9526
9511
9485
9672
9679
9465
9631
9691
9632
9785
9896
9816
9831
9854
9852
9780
10012
9882
9800
9880
9988
10043
10022
10120
10164
10066
10092
10061
10156
10057
10209
10168
10074
10111
10137
10006
10178
10124
10165
10065
10153
10022
9994
9870
10121
10249
10090
10201
10142
10226
10138
10205
10116
10155
10184
10144
10098
10069
9989
10062
10192
10064
9898
9842
9858
9913
9994
9981
9974
10003
10028
10014
9988
9969
9963
10075
9947
10107
10017
10080
10301
10110
10310
10163
10028
10359
10217
10116
10090
10261
10574
10179
10094
10043
10168
10144
10145
10302
10170
10334
10146
10330
10220
10380
10291
10361
10317
10367
10634
10514
10260
10110
10269
10310
10518
10521
10412
10395
10514
10499
10373
10462
10448
10333
10399
10059
10169
10153
9895
9935
9997
10124
9996
9783
9824
10158
9809
9902
10244
10044
10109
10006
10247
10229
10205
10273
10415
10278
10068
10128
10198
10241
10239
10251
10234
10164
10191
10077
10049
10129
9887
10008
9920
9785
9689
9624
9637
9457
9610
9579
9585
9613
9595
9776
9985
9774
9709
9783
9786
9789
9560
9725
9753
9718
9543
9739
9677
9675
9746
9677
9662
9623
9736
9499
9604
9599
9740
9715
9793
9895
9882
9869
9876
9735
9856
9606
9711
9600
9664
9703
9909
9796
9715
9776
9637
9874
9950
9753
9670
9583
9540
9530
9456
9555
9524
9556
9363
9440
9370
9370
9437
9350
9398
9459
9254
9307
9312
9187
9133
9051
9142
9239
9011
8961
8916
8762
8647
8681
8580
8447
8257
8409
8430
8466
8357
8314
8252
8361
8389
8259
8475
8384
8256
8381
8323
8371
8106
8034
8055
8074
8029
7832
7854
7796
7759
7809
7822
7881
7991
7775
7773
7755
7899
7891
7841
7804
7884
7930
7898
7823
7643
7663
7703
7584
7569
7600
7599
7694
7695
7926
8032
7821
7901
7674
7811
7762
7872
8017
7910
8081
7949
8077
8108
8069
8140
7968
8117
8158
8254
8181
8302
8492
8323
8400
8486
8565
8692
8639
8624
8841
8973
8907
9039
9085
8972
9197
8997
9155
9481
9200
9507
9599
9751
9646
9830
9737
9793
9753
9670
9672
9486
9426
9448
9557
9498
9478
9592
9581
9575
9747
9852
9891
10173
10184
10180
10043
9998
9800
9722
9694
9704
9652
9755
9829
10091
9883
10137
9947
9850
9942
10040
10041
9833
9920
9834
9946
9802
10043
9906
10053
10032
9778
9955
9829
9809
10057
9858
9812
10171
10080
9950
10116
10033
10376
10035
10251
10077
10202
10316
10088
10253
10106
10057
10059
10001
10025
10136
10135
9868
9966
9871
9844
9904
9927
9850
9825
9733
9621
9721
9642
9729
9708
9825
9763
9898
9860
9911
9773
10100
10134
10240
10302
10180
10158
10075
10305
10135
10101
10147
10205
10023
10074
10238
10134
10167
10063
9872
9867
9926
9821
9757
9856
9706
9846
9754
9706
9658
9668
9655
9444
9540
9514
9388
9412
9408
9610
9532
9583
9680
9625
9534
9679
9752
9715
9644
9653
9387
9421
9375
9332
9176
8986
9089
9025
8994
8972
8994
8968
8964
8917
8795
8806
8717
8771
8751
8817
8677
8639
8678
8629
8611
8615
8576
8583
8549
8505
8489
8457
8490
8358
8372
8325
8315
8263
8260
8130
8075
8178
8212
8150
8047
8198
8151
8121
8059
8131
8160
8152
8148
8113
8137
8102
8115
8128
8212
8191
8130
8173
8074
8128
8210
8159
8136
8128
8139
8212
8177
8169
8144
8056
8101
8091
8163
8116
8120
8074
8135
8099
8099
8106
8104
8122
8133
8176
8123
8134
8098
8139
8117
8093
8093
8096
8130
8110
8176
8127
8118
8132
8160
8162
8133
8112
8154
8141
8110
8133
8136
8162
8131
8143
8139
8117
8107
8131
8123
