0.0477888 0.150257
0.0475154 0.149636
0.047459 0.151316
0.0473988 0.1545
0.0468507 0.155515
0.0461829 0.154558
0.0455844 0.151398
0.045515 0.151764
0.0450644 0.150628
0.0461835 0.15365
0.0461213 0.152201
0.0463321 0.152754
0.0461686 0.15238
0.0461836 0.152257
0.0468853 0.154668
0.0465822 0.155987
0.0471743 0.157638
0.0469724 0.157615
0.0474041 0.158098
0.047005 0.157048
0.0462739 0.15527
0.0463635 0.155887
0.0457069 0.153063
0.04512 0.148565
0.0452971 0.148768
0.0446725 0.144409
0.0454105 0.144134
0.0467981 0.147326
0.0470602 0.14789
0.047051 0.147439
0.0455939 0.14219
0.0476683 0.150109
0.0466488 0.145653
0.0464356 0.144009
0.0467502 0.147737
0.0464213 0.14544
0.0474825 0.148814
0.0489789 0.153256
0.048284 0.151959
0.0471322 0.148689
0.0490309 0.155093
0.049103 0.155435
0.0483803 0.153129
0.0487745 0.153626
0.0467673 0.148233
0.047967 0.152171
0.048174 0.153949
0.0490352 0.156265
0.0471402 0.149926
0.0474998 0.151005
0.0464411 0.147977
0.0463906 0.148294
0.0460331 0.147913
0.0480778 0.154991
0.0475949 0.152722
0.0470944 0.152105
0.0468458 0.149698
0.0469127 0.150352
0.046757 0.147709
0.0469357 0.14905
0.0471855 0.149666
0.0469753 0.150435
0.0470195 0.149661
0.0461083 0.147727
0.0466765 0.149829
0.045864 0.147548
0.0460759 0.148362
0.0459944 0.147195
0.0455978 0.147825
0.0455023 0.148741
0.0458587 0.150725
0.0468719 0.153335
0.0456758 0.148913
0.0456173 0.15018
0.0454595 0.149415
0.0444983 0.146987
0.0444215 0.145854
0.0452359 0.149537
0.0435731 0.144021
0.0446786 0.14847
0.0451366 0.151249
0.045075 0.151824
0.0454545 0.153213
0.0452918 0.153915
0.0444831 0.15288
0.0452189 0.15743
0.0452601 0.155801
0.0456686 0.156571
0.0458475 0.155463
0.0453544 0.153104
0.0447972 0.154116
0.0448775 0.154941
0.0433242 0.149043
0.0434123 0.149388
0.0438977 0.149666
0.0445239 0.153875
0.0432288 0.150229
0.0445364 0.155918
0.0437347 0.153454
0.0440696 0.154511
0.0447557 0.156231
0.0453529 0.158162
0.0454071 0.158018
0.0455745 0.160213
0.0451445 0.159015
0.0452622 0.160462
0.0462983 0.164193
0.0470771 0.166095
0.0473161 0.16418
0.0479122 0.167424
0.047258 0.164268
0.0474946 0.163518
0.0474394 0.163904
0.0486016 0.167614
0.04765 0.165574
0.0472806 0.163105
0.0464744 0.163324
0.0473338 0.166679
0.0475388 0.166907
0.0469787 0.164402
0.0470565 0.164511
0.0483149 0.169305
0.0475706 0.167212
0.0489376 0.172593
0.0490857 0.172498
0.0482701 0.17065
0.048118 0.170014
0.0489289 0.172853
0.0479529 0.169772
0.0485055 0.170837
0.0474237 0.16673
0.0472038 0.164969
0.0475562 0.166996
0.0470902 0.166692
0.0483969 0.17206
0.0482741 0.171378
0.047561 0.169183
0.0477613 0.168942
0.0477814 0.170033
0.0471771 0.168439
0.0479991 0.170618
0.0477978 0.169265
0.0483749 0.1703
0.0479886 0.16979
0.0478511 0.168253
0.048119 0.170304
0.0481317 0.169593
0.0473952 0.166959
0.0479938 0.17061
0.0487089 0.173788
0.0484676 0.173725
0.0475121 0.170014
0.0467442 0.166399
0.0479765 0.171818
0.0470774 0.168041
0.0470799 0.166375
0.0465573 0.164065
0.0469862 0.16682
0.0464165 0.16481
0.0475652 0.168321
0.0482081 0.171265
0.0476447 0.169723
0.0471283 0.167999
0.0477346 0.169018
0.0468547 0.165304
0.0473673 0.169341
0.0470634 0.166387
0.0479069 0.170169
0.0483026 0.172318
0.0476838 0.169713
0.0477583 0.169721
0.0475575 0.169836
0.0478896 0.170041
0.0490038 0.173741
0.0488078 0.173155
0.0482934 0.170155
0.0477537 0.168868
0.0485589 0.172767
0.0483302 0.172809
0.0476682 0.1707
0.0474182 0.169382
0.0478246 0.170383
0.0486906 0.173769
0.0495706 0.177318
0.0481686 0.171072
0.0480096 0.170203
0.0496393 0.17728
0.0485412 0.17139
0.0486332 0.171645
0.0487399 0.17275
0.0479531 0.170845
0.0488188 0.17363
0.0492398 0.174873
0.0493976 0.174165
0.0498609 0.175884
0.0500483 0.178785
0.0483266 0.173104
0.0497592 0.180824
0.0498378 0.179085
0.0498696 0.180028
0.0493883 0.17853
0.0486392 0.176001
0.0496458 0.178746
0.0499486 0.179766
0.0500129 0.178544
0.0501245 0.179216
0.0499473 0.180252
0.0507737 0.18389
0.049502 0.179479
0.0497778 0.181747
0.0499904 0.181741
0.0500409 0.180133
0.0505098 0.183673
0.0499485 0.180388
0.050438 0.182403
0.0502377 0.183353
0.0518082 0.187831
0.050258 0.180886
0.0513222 0.183863
0.0496968 0.178208
0.0510729 0.184082
0.0520153 0.187747
0.050553 0.182523
0.0506345 0.182673
0.0502035 0.182327
0.0505126 0.183173
0.0506172 0.183087
0.0497968 0.177607
0.0511462 0.18332
0.0509211 0.184025
0.0515887 0.186307
0.0502093 0.18043
0.0506617 0.182704
0.0505519 0.183184
0.050014 0.179172
0.0499357 0.180515
0.0492864 0.176999
0.049262 0.176452
0.0495922 0.179735
0.0491009 0.177253
0.0495014 0.179038
0.0504979 0.18326
0.0515212 0.188626
0.0495924 0.181237
0.0494264 0.180346
0.0496566 0.180679
0.0497184 0.181156
0.0502343 0.184176
0.0509546 0.187794
0.0504115 0.184493
0.0504541 0.182709
0.0507388 0.186143
0.0513612 0.188602
0.0514815 0.189915
0.0518268 0.188017
0.0507586 0.184047
0.0509916 0.184653
0.0514098 0.187204
0.0508703 0.182418
0.0498142 0.181176
0.0507954 0.184323
0.0509795 0.186204
0.050164 0.183383
0.0493335 0.179581
0.0493756 0.180721
0.0496121 0.181946
0.0496539 0.18226
0.0500032 0.181839
0.0496372 0.181598
0.0491194 0.179363
0.0485087 0.178518
0.0485873 0.179305
0.0478376 0.177561
0.0480128 0.180995
0.0479459 0.181877
0.0476558 0.179276
0.0493023 0.189332
0.0473165 0.180877
0.0473406 0.180472
0.0472757 0.184328
0.0464555 0.180423
0.0471195 0.184195
0.0481088 0.189092
0.0469483 0.184475
0.0472396 0.186585
0.0469103 0.187147
0.0467126 0.185572
0.0471454 0.189724
0.0465285 0.188448
0.0472019 0.190231
0.0474412 0.192118
0.0457822 0.187825
0.0468392 0.193498
0.0462865 0.193614
0.0470023 0.197721
0.0460876 0.197326
0.0471383 0.200269
0.0472111 0.201699
0.0464219 0.199891
0.0469537 0.201731
0.0465642 0.200692
0.0465589 0.200182
0.0457587 0.198324
0.0452983 0.194214
0.0463777 0.200822
0.0463056 0.202913
0.0467712 0.205655
0.0462186 0.203766
0.0459668 0.203718
0.0471712 0.209611
0.047618 0.210453
0.0471111 0.207637
0.0460075 0.20578
0.0471354 0.2107
0.0466854 0.210926
0.0476522 0.215512
0.0481118 0.219709
0.0478418 0.219973
0.0472557 0.218422
0.0485821 0.228127
0.047909 0.222788
0.047217 0.219077
0.0485582 0.225708
0.0488984 0.229366
0.048744 0.227814
0.0490252 0.22987
0.0485109 0.228422
0.0487278 0.231605
0.0490909 0.230249
0.0496098 0.235511
0.0493832 0.236106
0.0486604 0.234221
0.0497388 0.238461
0.0488691 0.235502
0.0493465 0.238975
0.0490863 0.240655
0.0498339 0.242778
0.0496723 0.240608
0.0501346 0.243962
0.051036 0.250617
0.0507851 0.243366
0.050706 0.248451
0.0507207 0.251376
0.0513884 0.254642
0.0520955 0.254536
0.0520622 0.256586
0.0505405 0.248547
0.0506794 0.249612
0.0515193 0.250281
0.0518727 0.252674
0.0513596 0.252366
0.0513536 0.252599
0.0508654 0.253582
0.0518776 0.261895
0.0515889 0.253902
0.05159 0.257104
0.0524728 0.260038
0.0523787 0.260997
0.0523262 0.261203
0.0512653 0.256944
0.0520838 0.26004
0.0522809 0.260238
0.0517274 0.258234
0.0519702 0.258793
0.0513269 0.257068
0.0517901 0.260902
0.051912 0.261551
0.0509031 0.255974
0.0511701 0.258591
0.0504712 0.25308
0.0510262 0.258209
0.0516167 0.263656
0.051707 0.262898
0.050672 0.258102
0.0516731 0.264545
0.0518751 0.264712
0.0511256 0.258102
0.0512307 0.262046
0.0516853 0.26396
0.0517473 0.264425
0.0518593 0.267217
0.0526717 0.268823
0.0523726 0.268369
0.0529371 0.270901
0.0531199 0.275715
0.0520666 0.266199
0.052575 0.272093
0.0525005 0.273467
0.0524851 0.274482
0.052106 0.273375
0.0540558 0.282961
0.0538849 0.278744
0.0532285 0.275294
0.0528057 0.276631
0.0528654 0.277581
0.0533407 0.280635
0.0529382 0.282492
0.052899 0.280837
0.0537428 0.286471
0.0535477 0.288763
0.0547464 0.295084
0.0542632 0.292816
0.0534006 0.28693
0.055015 0.300173
0.0547841 0.294138
0.0549513 0.296558
0.0525738 0.285665
0.0540135 0.291933
0.0538171 0.294792
0.0548367 0.30241
0.0553864 0.304935
0.0560286 0.308659
0.0554117 0.300391
0.0551249 0.302679
0.0555191 0.309518
0.0556547 0.306612
0.0562466 0.314043
0.0562968 0.311868
0.0560893 0.308186
0.0552315 0.305097
0.0550893 0.306755
0.0553067 0.3073
0.0561294 0.312581
0.0567214 0.319027
0.0556702 0.314461
0.0559693 0.319293
0.0548941 0.316112
0.0547922 0.311563
0.0554941 0.315968
0.0553367 0.312906
0.0554344 0.317575
0.0559379 0.323515
0.0560316 0.325433
0.0558674 0.327063
0.055357 0.324307
0.0564364 0.330399
0.0555926 0.322669
0.057114 0.340156
0.056792 0.347536
0.0564568 0.341444
0.0574476 0.348883
0.0574987 0.349366
0.0573529 0.348535
0.0574928 0.349319
0.0572158 0.349227
0.0573045 0.350966
0.0567061 0.349812
0.0572925 0.351788
0.0565657 0.349296
0.0560664 0.344878
0.0564324 0.350271
0.0561834 0.349608
0.0568083 0.355395
0.0567033 0.353485
0.0562338 0.351488
0.0561648 0.348957
0.0559052 0.345816
0.0557957 0.345203
0.0554108 0.334125
0.0558001 0.336325
0.0551224 0.336883
0.0538581 0.325717
0.0552048 0.328625
0.0540688 0.318223
0.0550652 0.324806
0.0540234 0.321994
0.0549649 0.332937
0.0554829 0.338298
0.0546179 0.333467
0.0542941 0.335451
0.0541455 0.336433
0.0547945 0.340321
0.0540043 0.332704
0.053302 0.332067
0.0546476 0.34055
0.0539917 0.335883
0.0551091 0.340826
0.0549085 0.341873
0.0554738 0.342555
0.055558 0.342127
0.0537416 0.328096
0.0541658 0.328166
0.0544739 0.328998
0.0526651 0.315326
0.0535584 0.317902
0.0531147 0.316045
0.0530402 0.311569
0.0524478 0.298754
0.0517999 0.297654
0.0518601 0.296583
0.0519987 0.295101
0.0515935 0.299756
0.05131 0.291994
0.0524476 0.294044
0.0521107 0.293519
0.0522963 0.292429
0.0508765 0.283853
0.0509648 0.286107
0.0511505 0.284321
0.0507445 0.276236
0.0500749 0.271209
0.050549 0.27405
0.0519785 0.283103
0.0514979 0.278531
0.0533674 0.286687
0.0547415 0.290156
0.0536345 0.28496
0.052487 0.281007
0.0528717 0.283055
0.0515559 0.277012
0.0506887 0.268502
0.0524395 0.276912
0.0511992 0.268479
0.051566 0.269859
0.0496435 0.256217
0.0503621 0.259582
0.0516384 0.261636
0.050691 0.256979
0.0502931 0.258141
0.0494163 0.25389
0.0479812 0.24483
0.0486151 0.245335
0.0465459 0.234052
0.0460635 0.230242
0.046022 0.232145
0.0457302 0.232204
0.045646 0.228757
0.0467286 0.232985
0.0477157 0.241483
0.0487309 0.243509
0.0516031 0.252213
0.0532244 0.257592
0.0540406 0.258406
0.053889 0.261809
0.0556588 0.273678
0.0545381 0.27036
0.0536354 0.267799
0.05212 0.269797
0.0500547 0.25646
0.0496011 0.250653
0.0482251 0.248875
0.0495562 0.255312
0.048442 0.249022
0.0483929 0.248795
0.0480826 0.244741
0.0498466 0.251183
0.0502815 0.257501
0.0489707 0.254986
0.0505562 0.260237
0.0491034 0.253159
0.0516485 0.261558
0.0525519 0.265794
0.0525815 0.264318
0.052978 0.274074
0.0486416 0.26629
0.0494525 0.271423
0.048128 0.259819
0.048887 0.25925
0.0483187 0.258234
0.0481169 0.259237
0.0479628 0.253862
0.0490292 0.26069
0.048291 0.259913
0.0476929 0.263945
0.0472084 0.252828
0.0471009 0.255322
0.0467804 0.252001
0.0469695 0.25406
0.046841 0.257251
0.0458788 0.249681
0.0469696 0.253596
0.0459473 0.245558
0.046449 0.250429
0.0457267 0.243356
0.0465932 0.25071
0.0458575 0.240757
0.0457711 0.241429
0.0457815 0.238431
0.0458022 0.239001
0.0451338 0.235417
0.044624 0.231563
0.0428466 0.223332
0.0431919 0.220855
0.0428586 0.220028
0.0436113 0.222653
0.0431536 0.218322
0.0423425 0.214681
0.0419711 0.212746
0.0428179 0.21777
0.0430949 0.215411
0.0427392 0.213335
0.0436167 0.223686
0.0428986 0.216911
0.0433032 0.21495
0.0431824 0.210685
0.0428415 0.208869
0.0433576 0.213637
0.0424394 0.210819
0.0435779 0.212943
0.0448647 0.218189
0.0450063 0.219236
0.0436317 0.214056
0.0443931 0.217143
0.0450265 0.220205
0.0450183 0.216133
0.0451384 0.217329
0.0439774 0.212527
0.0438598 0.217993
0.0448113 0.21952
0.0436198 0.210253
0.0439725 0.213818
0.0435499 0.209868
0.0438297 0.208241
0.0436584 0.208523
0.0427073 0.198503
0.0428559 0.200491
0.0443962 0.205396
0.0452816 0.213192
0.0433691 0.20413
0.0440582 0.203959
0.0450592 0.208093
0.0454487 0.209606
0.0464412 0.213299
0.0446144 0.20663
0.0452453 0.207645
0.0455033 0.209266
0.0473229 0.221032
0.0480171 0.22505
0.0480221 0.227075
0.0487956 0.232234
0.0482689 0.230377
0.048637 0.231605
0.0479689 0.233972
0.0488365 0.237772
0.0484478 0.234843
0.0482192 0.237002
0.0486975 0.237772
0.0478492 0.236619
0.0480186 0.235571
0.048384 0.237347
0.0484006 0.239492
0.048298 0.241077
0.0486587 0.23825
0.0485844 0.232558
0.0485989 0.236184
0.0480974 0.235696
0.04832 0.238736
0.0479983 0.236965
0.0478782 0.233573
0.0480566 0.232447
0.0485688 0.239208
0.0482371 0.234414
0.0473777 0.232676
0.0489368 0.24192
0.0481318 0.235516
0.0492593 0.237431
0.0503809 0.239268
0.04994 0.245007
0.0498357 0.241039
0.0497516 0.238036
0.0494475 0.238238
0.0504822 0.242102
0.0500376 0.241226
0.0488916 0.238925
0.0486373 0.238671
0.0494341 0.24175
0.0495533 0.239144
0.0507346 0.244033
0.0493371 0.242578
0.0506178 0.242862
0.0501268 0.240636
0.0503713 0.24294
0.0509678 0.240572
0.0514366 0.240602
0.0513829 0.242258
0.0516422 0.243109
0.0516247 0.242643
0.0513759 0.242184
0.0515879 0.243661
0.0511651 0.237515
0.0514919 0.242562
0.050542 0.239796
0.050606 0.23836
0.0511358 0.237785
0.0494907 0.229314
0.0490706 0.227599
0.0484596 0.223814
0.0481923 0.220189
0.0493346 0.227598
0.0481753 0.221066
0.0480978 0.220654
0.0489226 0.224006
0.0503043 0.231779
0.0516587 0.233226
0.0508376 0.231609
0.0513934 0.236152
0.0514342 0.235684
0.0524484 0.239321
0.0521352 0.240855
0.0515049 0.235213
0.0510597 0.234394
0.0519623 0.237186
0.0520562 0.239841
0.0512765 0.23402
0.0506179 0.234185
0.0499129 0.232239
0.0497029 0.233941
0.0490164 0.224286
0.0491775 0.222851
0.0485899 0.223687
0.0486078 0.221449
0.0482195 0.220568
0.0482449 0.219343
0.0480148 0.219964
0.049754 0.225968
0.0486357 0.224298
0.0483691 0.222255
0.0481301 0.219756
0.0488131 0.222792
0.0475313 0.219647
0.0472008 0.218294
0.0469298 0.21844
0.0486239 0.223514
0.0485334 0.220467
0.049061 0.226351
0.048521 0.226207
0.0501632 0.235724
0.0483777 0.227937
0.0489907 0.229396
0.0479277 0.222734
0.04865 0.226931
0.0485728 0.225887
0.0488871 0.227032
0.0473658 0.221181
0.0476374 0.221889
0.0479732 0.223468
0.0479392 0.223894
0.047981 0.223627
0.0483458 0.222928
0.0489952 0.227707
0.0484218 0.222816
0.0489639 0.226914
0.0497266 0.229167
0.0501259 0.226095
0.0501606 0.230168
0.0508518 0.228419
0.0505551 0.229853
0.0509496 0.234344
0.0481732 0.214982
0.0493745 0.224038
0.0489798 0.225188
0.0487594 0.223984
0.0496806 0.224345
0.0493934 0.21638
0.0481423 0.219078
0.0495934 0.22657
0.0481756 0.221647
0.0494135 0.224135
0.0502856 0.229988
0.0503048 0.228586
0.0505353 0.226364
0.0504123 0.229007
0.0492575 0.219857
0.0495895 0.224423
0.0489661 0.218006
0.0480035 0.216438
0.0477506 0.213198
0.0477044 0.212127
0.0481494 0.214072
0.0497413 0.22177
0.0504976 0.22562
0.0505493 0.219391
0.0513049 0.224368
0.0530573 0.237817
0.0522299 0.236894
0.0524216 0.2342
0.0527114 0.235887
0.0518434 0.228085
0.0532294 0.234293
0.0542044 0.239531
0.0528931 0.233478
0.0520573 0.228267
0.0517215 0.227069
0.0515927 0.229056
0.0497669 0.219365
0.0500392 0.219946
0.0509553 0.226362
0.0506839 0.226272
0.0512151 0.236107
0.05076 0.232176
0.0503591 0.229981
0.0505242 0.236685
0.0509839 0.236537
0.048976 0.227968
0.0498061 0.228368
0.0490604 0.227491
0.0484334 0.229582
0.0497178 0.234019
0.0487363 0.222485
0.0485378 0.229279
0.0478192 0.223995
0.0469369 0.21271
0.0493397 0.226902
0.0502159 0.228905
0.050688 0.23376
0.0504457 0.226993
0.0504568 0.227295
0.0502778 0.227046
0.049406 0.221454
0.0500433 0.221988
0.0501278 0.225141
0.049319 0.226957
0.0493872 0.226007
0.0477625 0.216121
0.0493613 0.221853
0.0494246 0.223557
0.0494964 0.223881
0.0501621 0.228356
0.0484847 0.223042
0.0489206 0.22304
0.0482276 0.223182
0.048172 0.222112
0.0465636 0.214039
0.0468574 0.218974
0.0471964 0.218925
0.046439 0.217238
0.0471954 0.223914
0.0472517 0.227578
0.0474245 0.229219
0.0474698 0.227872
0.0472801 0.230411
0.0457862 0.220083
0.0463195 0.223614
0.0453979 0.220553
0.0460079 0.222511
0.0462681 0.2247
0.0456769 0.216858
0.0454487 0.212519
0.0448956 0.214037
0.0452231 0.215882
0.0455772 0.215782
0.0445216 0.212344
0.0458934 0.218511
0.0461631 0.224895
0.046136 0.220566
0.0460596 0.222803
0.0459898 0.221856
0.0451271 0.221209
0.0445277 0.213472
0.0450568 0.217629
0.0458784 0.221705
0.0454972 0.218756
0.0443574 0.214219
0.043469 0.210205
0.0433326 0.209706
0.0432466 0.208402
0.0439059 0.214759
0.0437911 0.212932
0.0442286 0.212522
0.0430942 0.206365
0.0440222 0.210808
0.0439916 0.208516
0.0440299 0.206569
0.0445517 0.209269
0.0443972 0.209444
0.0444583 0.2097
0.0442184 0.210786
0.0445583 0.210024
0.0451607 0.218197
0.0447588 0.214705
0.0450138 0.216667
0.0439091 0.210472
0.0451801 0.215913
0.0445589 0.208598
0.0426411 0.202327
0.0433775 0.208132
0.0425038 0.202128
0.0420083 0.203071
0.0408294 0.194045
0.0395219 0.185427
0.0404224 0.194299
0.0398008 0.192554
0.0400494 0.196076
0.0402402 0.197379
0.0401098 0.197796
0.0408633 0.202623
0.0402256 0.19707
0.0402356 0.197921
0.0406145 0.20113
0.0395011 0.198227
0.0400665 0.199258
0.0396202 0.198613
0.0401208 0.201387
0.0395126 0.195507
0.040742 0.204599
0.0397491 0.197595
0.0401795 0.198753
0.0408159 0.206289
0.0394983 0.199312
0.038919 0.196413
0.0377804 0.193425
0.0382432 0.196978
0.0394087 0.203513
0.0395217 0.202472
0.0393718 0.199697
0.039671 0.205527
0.039946 0.207901
0.0405965 0.212203
0.0401471 0.214335
0.0405182 0.21811
0.0400436 0.215989
0.0398372 0.216783
0.0383381 0.212146
0.0378673 0.214606
0.0359905 0.200856
0.0370481 0.20688
0.036976 0.206709
0.036815 0.207251
0.0364401 0.206399
0.0363267 0.208192
0.0374807 0.211817
0.0374628 0.211706
0.0377099 0.215886
0.0377493 0.212625
0.0374393 0.21052
0.0361619 0.209666
0.0352668 0.200811
0.0352951 0.202691
0.0345374 0.195317
0.0348456 0.20343
0.0345623 0.205253
0.0336808 0.198138
0.0339279 0.199529
0.0339229 0.200648
0.0351301 0.213611
0.0347789 0.210339
0.0336826 0.205362
0.0341259 0.208661
0.0336253 0.20502
0.0328078 0.200588
0.0323868 0.196676
0.0317603 0.190089
0.0316581 0.195498
0.0314812 0.193748
0.0314188 0.193553
0.0317776 0.192303
0.0320609 0.194779
0.0319275 0.195511
0.03155 0.193747
0.0313595 0.190639
0.0330073 0.198739
0.0336459 0.203976
0.0334168 0.204653
0.0319153 0.199267
0.0319042 0.198095
0.032197 0.198754
0.0327948 0.205564
0.032851 0.206368
0.0330813 0.207237
0.0332773 0.20858
0.0340699 0.210424
0.0347986 0.214295
0.0345768 0.208049
0.0350756 0.208541
0.0358547 0.219281
0.0361134 0.220478
0.0356324 0.220745
0.0347176 0.212777
0.0349471 0.212961
0.0354309 0.214431
0.0353464 0.207185
0.0346313 0.207332
0.0348527 0.20542
0.0352991 0.210467
0.0348635 0.205646
0.0359721 0.210779
0.0360364 0.212914
0.0368196 0.215725
0.03749 0.223896
0.0371975 0.217938
0.0373804 0.216475
0.0381901 0.219651
0.0378249 0.219533
0.0384825 0.221031
0.0380132 0.211964
0.0375077 0.211342
0.0376503 0.20869
0.0392022 0.215414
0.0389319 0.212609
0.0391796 0.210769
0.038002 0.206158
0.0373672 0.202226
0.0372109 0.197263
0.0377573 0.196255
0.0387126 0.203099
0.0389833 0.200907
0.0387712 0.198239
0.0396554 0.204191
0.0409983 0.20648
0.0412736 0.212515
0.0414733 0.209831
0.0421676 0.207151
0.0417959 0.21087
0.0423858 0.207426
0.0432367 0.209188
0.0432537 0.206133
0.0421547 0.202986
0.0424297 0.200814
0.0421851 0.201602
0.0436662 0.207291
0.0424305 0.202912
0.0419074 0.201758
0.0426841 0.205128
0.043121 0.211891
0.0425422 0.209633
0.0434257 0.212955
0.0424757 0.208538
0.0415025 0.204043
0.0429456 0.214497
0.0423565 0.205379
0.0429536 0.209895
0.0442554 0.215666
0.0431001 0.206422
0.0430423 0.203918
0.0438313 0.206855
0.0433269 0.199351
0.042863 0.196583
0.0435863 0.199902
0.0431298 0.199343
0.0434829 0.20204
0.0436948 0.205918
0.043634 0.207982
0.0437148 0.209717
0.0450821 0.215478
0.0456499 0.219022
0.045729 0.216607
0.0464031 0.219453
0.0463679 0.212665
0.0473071 0.22139
0.0473366 0.215744
0.0478726 0.221474
0.0486008 0.226396
0.0472358 0.220177
0.0478232 0.221116
0.0475429 0.219201
0.0485456 0.229126
0.0477466 0.224597
0.0478485 0.225137
0.0483888 0.226624
0.0478313 0.227709
0.0478036 0.221049
0.0477268 0.223602
0.0474857 0.219338
0.0473771 0.220295
0.0474549 0.225302
0.0468974 0.22009
0.0469221 0.221487
0.0470738 0.222551
0.0465648 0.214776
0.0471625 0.222053
0.0466076 0.219833
0.0488104 0.223282
0.0492932 0.226587
0.0494145 0.231156
0.049621 0.226473
0.0498241 0.230041
0.0486511 0.218292
0.0482735 0.224016
0.0480611 0.21871
0.048599 0.224273
0.0491395 0.222505
0.0494444 0.222567
0.0503317 0.229381
0.0515212 0.234858
0.0519531 0.23966
0.052123 0.240827
0.0517692 0.238095
0.0510327 0.233477
0.0515132 0.23601
0.0513396 0.234807
0.0509807 0.232856
0.0515963 0.241893
0.0516941 0.238511
0.0520131 0.243035
0.0535218 0.250406
0.0525358 0.244851
0.0534105 0.245391
0.0527605 0.247107
0.0532568 0.24916
0.0517911 0.245248
0.0521245 0.250806
0.0516553 0.244934
0.0513225 0.246318
0.0514934 0.244013
0.0506876 0.241862
0.0500422 0.23542
0.0506542 0.240705
0.0524725 0.245605
0.0509607 0.237525
0.0512456 0.239935
0.0531172 0.249156
0.0512346 0.233168
0.0523301 0.238011
0.05437 0.242578
0.0551811 0.245583
0.0529579 0.23831
0.0524401 0.236956
0.0511585 0.232953
0.0497501 0.225036
0.0512635 0.230587
0.0508278 0.229779
0.0509763 0.228738
0.0499411 0.2244
0.0492932 0.225082
0.0493456 0.224935
0.0502481 0.225532
0.0503939 0.227847
0.0491739 0.22278
0.0492448 0.225181
0.0503624 0.2344
0.0492757 0.229249
0.0488488 0.226778
0.0489643 0.228185
0.0478725 0.224967
0.0481065 0.22362
0.0476097 0.2245
0.0479908 0.225371
0.0474937 0.223908
0.0466428 0.221512
0.0477815 0.227687
0.0479108 0.228899
0.0465381 0.220197
0.0483184 0.235493
0.0472144 0.227149
0.0474883 0.229031
0.0465703 0.228164
0.0464191 0.226838
0.0473502 0.230867
0.0468092 0.224246
0.0475817 0.229018
0.0471969 0.226651
0.046797 0.222624
0.0468376 0.223584
0.0466845 0.222047
0.0454772 0.216448
0.0447793 0.212367
0.0447209 0.211631
0.044725 0.215263
0.0441199 0.211851
0.0438583 0.21647
0.0448028 0.22089
0.043193 0.214187
0.0437647 0.217853
0.0434155 0.219595
0.0423603 0.218896
0.0420053 0.215535
0.0417902 0.215512
0.0412949 0.213031
0.0398193 0.206309
0.0401926 0.208806
0.0397249 0.208073
0.038981 0.203815
0.0396525 0.206796
0.0392329 0.208641
0.0398893 0.21122
0.0394512 0.211426
0.0401016 0.214229
0.0403416 0.214833
0.039582 0.210956
0.0396532 0.214014
0.0385314 0.20882
0.039121 0.210071
0.0379774 0.205586
0.0371969 0.203112
0.0381441 0.207081
0.0376823 0.205807
0.0374621 0.204241
0.0377431 0.206574
0.0369534 0.203998
0.0372471 0.204971
0.0370695 0.204919
0.0364608 0.202591
0.0365236 0.204594
0.035855 0.202222
0.0363055 0.204685
0.0365848 0.207216
0.0361161 0.205494
0.0358393 0.204479
0.0371706 0.216728
0.0365854 0.213251
0.0368438 0.212399
0.0368451 0.211276
0.0375693 0.218773
0.0367893 0.215981
0.0368881 0.212613
0.0363217 0.210649
0.0374748 0.217461
0.0367569 0.214667
0.0377804 0.218546
0.0374835 0.216054
0.0365182 0.212954
0.0364459 0.211586
0.0358132 0.208801
0.0368391 0.21433
0.0360817 0.210812
0.0360993 0.210844
0.035934 0.209154
0.0367343 0.211763
0.0355257 0.205347
0.0361759 0.210332
0.0361779 0.211061
0.0359889 0.210429
0.0359422 0.209277
0.0358646 0.207552
0.035727 0.208604
0.0358029 0.209194
0.0364436 0.212968
0.0366277 0.214154
0.0365928 0.211763
0.0357451 0.207778
0.0359388 0.209206
0.0364403 0.211076
0.0365905 0.214002
0.0365195 0.212937
0.0362928 0.21184
0.0364262 0.210217
0.0365411 0.213159
0.0364137 0.211823
0.0356638 0.209438
0.0358001 0.208851
0.0352163 0.205828
0.0356916 0.208297
0.0355547 0.207131
0.035818 0.208539
0.0357413 0.209554
0.0359682 0.209025
0.0350663 0.203523
0.0357037 0.207682
0.0357611 0.20777
0.0344748 0.202025
0.0358426 0.208379
0.0366747 0.213379
0.0349568 0.205486
0.0354551 0.206475
0.0346246 0.202693
0.0356603 0.20615
0.0343479 0.20148
0.0349214 0.20181
0.0351059 0.20438
0.0343927 0.201035
0.0353906 0.20696
0.0352902 0.20576
0.0352154 0.205709
0.0346223 0.202016
0.0346977 0.202416
0.0351849 0.204072
0.0342763 0.201081
0.0351233 0.205179
0.0348109 0.202385
0.0349811 0.2044
0.0353732 0.205097
0.0348918 0.204772
0.035534 0.206558
0.0351864 0.204448
0.0345133 0.201922
0.0352098 0.205378
0.0350443 0.203788
0.0349973 0.203866
