1795
1712
1697
1762
1765
1762
1750
1768
1741
1749
1780
1768
1780
1784
1807
1800
1817
1802
1841
1852
1776
1817
1784
1749
1754
1697
1691
1736
1736
1731
1703
1750
1741
1721
1738
1730
1780
1847
1836
1809
1886
1902
1868
1876
1799
1864
1882
1894
1819
1837
1771
1775
1765
1868
1819
1836
1810
1832
1784
1840
1859
1842
1832
1805
1824
1799
1807
1781
1800
1778
1828
1791
1784
1771
1766
1736
1722
1786
1716
1752
1757
1764
1788
1781
1755
1775
1769
1765
1780
1758
1756
1751
1710
1673
1687
1737
1685
1692
1705
1709
1711
1723
1731
1761
1711
1718
1757
1826
1816
1815
1786
1798
1778
1830
1808
1784
1785
1776
1793
1786
1764
1802
1786
1838
1856
1854
1835
1870
1816
1859
1790
1775
1799
1789
1837
1815
1824
1812
1824
1793
1826
1831
1846
1819
1806
1835
1850
1807
1818
1838
1835
1826
1781
1813
1768
1743
1766
1782
1729
1786
1814
1799
1787
1779
1777
1792
1739
1778
1798
1777
1764
1782
1776
1843
1852
1828
1790
1835
1805
1793
1796
1794
1841
1894
1817
1820
1886
1835
1848
1803
1834
1836
1878
1857
1852
1879
1839
1883
1857
1894
1895
1849
1891
1903
1892
1925
1899
1925
1884
1886
1902
1877
1907
1898
1894
1910
1940
1890
1951
1884
1915
1979
1906
1900
1888
1941
1932
1880
1911
1916
1932
1922
1914
1906
1850
1884
1851
1851
1886
1830
1883
1908
1951
1883
1881
1902
1880
1928
1947
1918
1908
1976
1933
1957
1954
1953
1956
1960
1929
1919
1945
1968
1947
1882
1886
1921
1919
1908
1870
1895
1882
1867
1847
1857
1858
1830
1932
1793
1800
1842
1792
1803
1831
1828
1762
1799
1745
1778
1746
1761
1758
1700
1767
1768
1800
1762
1801
1763
1739
1764
1735
1743
1695
1717
1754
1781
1787
1731
1750
1803
1841
1817
1774
1811
1802
1831
1851
1862
1836
1893
1855
1808
1855
1874
1871
1910
1874
1848
1839
1851
1884
1861
1884
1837
1848
1829
1880
1897
1865
1941
1929
1933
1919
1963
1909
1954
1904
1919
1955
1956
1916
1933
1931
1995
1944
2007
2005
2005
1996
1942
1966
1989
1994
1957
1924
1945
1962
1926
1927
1862
1923
1943
1928
1908
1962
1969
1939
1944
1925
1952
1952
1964
1948
1939
1958
1943
1898
1939
1954
1951
1987
1953
1951
1947
1977
1974
2024
1969
1968
1999
2034
2018
1953
2027
1972
2008
1896
1985
1964
2008
2006
2021
1991
1961
1966
1931
1978
1998
1952
1966
1912
1897
1965
1982
1939
1974
1938
1924
1972
1919
1941
1963
1909
1922
1888
1943
1897
1959
1968
1921
1952
2005
1979
2001
1961
1962
1952
1992
1970
1971
2005
1988
2001
2011
1972
1978
1964
1980
1945
1952
1958
1951
1967
1946
1966
1914
1988
2015
1924
1897
1905
1936
1949
1886
1931
1901
1954
1945
1984
1998
1945
1978
1969
1923
1921
1938
1925
1922
1888
1898
1887
1909
1880
1911
1955
1935
1879
1871
1872
1858
1867
1844
1940
1910
1972
2055
2031
1992
1988
1997
1962
2018
2003
1996
1916
1928
2000
1968
1922
1888
1847
1858
1789
1760
1785
1770
1779
1824
1819
1826
1895
1912
1893
1875
1976
1936
1919
1883
1805
1810
1790
1827
1785
1808
1759
1812
1808
1750
1825
1748
1758
1866
1838
1835
1755
1750
1713
1761
1711
1736
1717
1798
1760
1787
1755
1766
1771
1815
1790
1779
1827
1792
1797
1818
1845
1834
1846
1809
1802
1822
1797
1742
1743
1727
1733
1711
1683
1671
1696
1696
1677
1700
1694
1695
1700
1705
1700
1671
1761
1766
1743
1709
1742
1742
1741
1739
1705
1701
1720
1695
1692
1702
1748
1719
1661
1723
1744
1758
1689
1724
1731
1724
1757
1719
1760
1753
1816
1838
1831
1867
1829
1860
1802
1835
1806
1812
1809
1772
1784
1794
1784
1788
1800
1806
1795
1737
1769
1764
1786
1783
1781
1779
1758
1820
1777
1817
1837
1881
1848
1835
1861
1886
1860
1827
1825
1829
1853
1881
1874
1876
1870
1870
1878
1923
1891
1902
1899
1920
1900
1901
1922
1874
1892
1906
1877
1851
1819
1819
1843
1810
1799
1841
1882
1945
1901
1927
1967
1989
2013
1961
1943
1965
1961
1958
1946
1918
1924
1868
1866
1845
1876
1868
1846
1853
1921
1863
1866
1848
1870
1845
1852
1823
1853
1850
1866
1878
1920
1894
1909
1894
1879
1886
1881
1855
1866
1860
1850
1854
1859
1874
1861
1892
1920
1962
1951
1938
1928
1918
1816
1876
1855
1873
1899
1900
1825
1863
1806
1837
1901
1864
1888
1907
1870
1874
1878
1854
1858
1794
1828
1836
1889
1866
1867
1953
1904
1928
1950
1951
2002
2047
1931
1922
1907
1917
1842
1850
1851
1856
1886
1877
1835
1852
1843
1783
1801
1810
1795
1834
1826
1803
1794
1750
1834
1841
1831
1820
1824
1796
1787
1797
1805
1770
1772
1671
1749
1762
1777
1763
1718
1722
1698
1706
1630
1587
1637
1627
1661
1665
1635
1654
1644
1591
1623
1631
1661
1675
1636
1619
1614
1632
1658
1640
1700
1693
1717
1706
1695
1688
1637
1677
1725
1703
1657
1606
1616
1650
1679
1678
1681
1661
1700
1710
1669
1662
1685
1690
1680
1719
1731
1730
1767
1713
1733
1721
1648
1698
1673
1646
1595
1543
1593
1573
1599
1608
1602
1626
1586
1584
1606
1505
1531
1527
1558
1502
1573
1524
1559
1574
1540
1526
1467
1479
1533
1538
1506
1528
1539
1562
1522
1517
1513
1468
1408
1412
1310
1367
1372
1369
1353
1341
1373
1396
1411
1394
1379
1385
1353
1329
1284
1285
1293
1231
1196
1229
1304
1269
1242
1245
1256
1219
1231
1175
1237
1220
1229
1250
1280
1232
1207
1191
1220
1252
1195
1167
1165
1141
1173
1202
1230
1234
1254
1292
1283
1321
1336
1372
1305
1313
1283
1310
1282
1271
1291
1317
1327
1361
1373
1381
1419
1374
1357
1403
1377
1425
1415
1369
1351
1415
1416
1420
1390
1358
1361
1360
1434
1413
1446
1483
1572
1576
1593
1631
1576
1637
1701
1716
1672
1719
1700
1737
1711
1648
1678
1701
1643
1696
1657
1636
1650
1606
1665
1681
1674
1683
1757
1750
1684
1695
1662
1668
1622
1623
1602
1661
1732
1710
1707
1714
1747
1755
1764
1773
1755
1750
1739
1772
1743
1738
1756
1737
1694
1743
1673
1706
1721
1673
1659
1671
1644
1663
1645
1732
1745
1753
1737
1765
1732
1776
1763
1752
1776
1774
1833
1860
1871
1898
1859
1840
1849
1859
1880
1898
1871
1886
1954
1910
1901
1949
1913
1901
1912
1894
1902
1890
1863
1829
1856
1899
1838
1868
1924
1840
1892
1959
2037
1938
1907
1807
1832
1827
1859
1834
1822
1777
1785
1800
1790
1751
1766
1816
1744
1742
1745
1735
1728
1708
1724
1694
1665
1750
1730
1667
1771
1745
1801
1756
1796
1803
1778
1804
1777
1777
1761
1724
1728
1694
1699
1723
1727
1706
1736
1687
1667
1630
1589
1557
1536
1485
1438
1475
1459
1437
1463
1454
1460
1457
1482
1463
1446
1426
1406
1382
1341
1344
1357
1332
1324
1351
1330
1347
1327
1351
1312
1304
1323
1330
1312
1295
1345
1355
1330
1359
1381
1348
1379
1347
1358
1351
1373
1364
1371
1364
1313
1354
1361
1324
1313
1354
1287
1296
1375
1316
1345
1365
1352
1359
1350
1372
1371
1333
1352
1359
1345
1357
1371
1357
1348
1331
1322
1317
1310
1324
1292
1316
1328
1329
1303
1322
1306
1281
1309
1332
1277
1297
1284
1300
1287
1275
1272
1256
1292
1279
1300
1279
1240
1296
1263
1290
1252
1268
1294
1269
1295
1288
1246
1291
1267
1266
