14196
13729
13543
13546
13566
13620
13709
13753
13779
13711
13896
13882
13913
13947
13853
13699
13723
13727
13756
13679
13685
13695
13675
13877
13809
13817
13996
14012
13941
13949
13917
13820
13903
14023
13795
13889
13927
14071
14068
14245
14269
14344
14277
14353
14327
14288
14242
14189
14234
14333
14296
14194
14165
14110
14170
14141
14244
14231
14355
14433
14380
14257
14314
14349
14333
14260
14231
14264
14096
13995
13933
13865
13993
13916
13929
13878
13876
13845
13879
13828
13657
13663
13611
13475
13375
13247
13380
13444
13514
13582
13392
13354
13376
13417
13477
13363
13296
13191
13150
13200
13196
13217
13206
13151
13119
13007
13008
13134
13282
13210
13212
13349
13280
13371
13279
13345
13170
13093
13194
13186
13226
13211
13156
13082
13125
13104
13054
13125
13100
13153
13175
13263
13165
13031
12959
12989
12918
12967
13024
12985
13081
13093
13127
13087
13137
13107
13160
13115
12985
12900
12919
12956
13064
12915
12983
13122
13143
13060
13020
13006
13092
13045
13016
13045
13091
12971
13095
13098
13015
13031
12996
12999
13045
13129
13085
13193
13103
13094
13003
12984
13018
13008
13014
12995
13057
13109
13007
13173
13097
13048
13093
13076
13041
13144
13155
13046
12949
12805
12874
12855
12916
12789
12908
12991
13003
13041
12887
12817
12909
12829
12885
12901
12849
12906
12920
12801
12842
12988
13035
12975
12896
12900
12903
12985
12860
12888
12908
13045
12954
12940
12948
13036
12937
12981
12962
12908
13044
13003
12967
12931
12949
12874
12775
12831
12788
12851
12773
12810
12752
12792
12863
12805
12712
12660
12820
12891
13025
12903
13030
12883
12926
12837
12856
12886
12848
12805
12757
12848
12778
12817
12733
12668
12626
12488
12409
12416
12286
12276
12294
12068
12058
12052
11975
11950
11890
11880
11777
11725
11608
11676
11579
11538
11420
11351
11232
11078
11153
11075
11028
11101
10992
10995
10866
11001
10957
10854
10724
10681
10658
10703
10758
10771
10626
10625
10551
10487
10437
10329
10297
10166
10212
10214
10203
10146
10155
10193
10129
10032
10057
10048
10008
9920
9904
9885
9801
9715
9767
9804
9779
9722
9881
9687
9631
9588
9650
9606
9637
9671
9791
9734
9620
9621
9492
9464
9612
9575
9567
9530
9529
9470
9491
9503
9505
9529
9482
9453
9440
9461
9432
9419
9352
9307
9312
9356
9305
9316
9383
9280
9318
9314
9209
9245
9243
9259
9163
9278
9171
9108
9072
9130
9086
9146
9183
9063
9051
9004
8917
8938
8882
8814
8830
8817
8817
8669
8790
8777
8724
8758
8645
8550
8599
8596
8697
8628
8473
8548
8469
8516
8567
8541
8458
8444
8455
8391
8328
8267
8171
8271
8256
8308
8169
8121
8022
7975
7980
7954
8006
7821
7653
7690
7610
7655
7610
7636
7580
7507
7444
7498
7461
7483
7384
7399
7361
7363
7329
7385
7400
7446
7581
7580
7523
7571
7725
7771
7745
7706
7583
7526
7487
7404
7421
7349
7412
7377
7349
7325
7389
7381
7379
7433
7514
7551
7538
7614
7629
7618
7724
7946
7893
7877
7902
7798
7895
8013
8056
8086
8064
8006
8105
8293
8383
8321
8320
8417
8378
8530
8528
8500
8435
8489
8610
8673
8798
8753
8892
8953
9136
9064
8907
8874
8996
9062
9192
9203
9118
9066
9107
9099
8957
9057
9039
9157
9258
9185
9088
8999
8951
8632
8754
8810
8673
8669
8695
8719
8704
8670
8544
8433
8528
8479
8469
8497
8580
8378
8159
8096
8209
8387
8397
8321
8488
8473
8328
8161
8505
8417
8503
8503
8461
8637
8696
8846
8746
8887
8806
8986
8988
9089
9060
9120
9119
9121
9276
9273
9287
9354
9414
9377
9315
9474
9477
9202
9338
9463
9647
9738
9585
9528
9737
9705
9645
9656
9652
9651
9747
9772
9796
9544
9629
9817
9787
9843
9982
9914
10166
10193
10161
10000
10080
10163
10255
10196
10220
10119
10181
10149
9990
9986
9878
9838
9818
9870
9660
9570
9654
9556
9575
9461
9557
9560
9460
9365
9543
9730
9600
9539
9445
9442
9619
9596
9512
9570
9495
9450
9535
9614
9791
9529
9639
9678
9697
9696
9672
9533
9519
9498
9691
9700
9471
9642
9705
9639
9796
9910
9825
9842
9864
9856
9790
10016
9894
9807
9886
10001
10058
10034
10131
10169
10084
10102
10069
10166
10070
10217
10174
10081
10121
10148
10019
10186
10133
10178
10073
10163
10027
10000
9882
10134
10263
10093
10204
10157
10244
10144
10215
10128
10168
10197
10156
10106
10075
9998
10074
10204
10075
9912
9855
9862
9923
10000
9986
9982
10016
10036
10022
10000
9972
9973
10091
9968
10119
10027
10095
10315
10124
10318
10176
10039
10371
10224
10125
10107
10273
10585
10191
10101
10050
10177
10149
10156
10306
10182
10344
10172
10340
10231
10385
10301
10368
10325
10382
10652
10533
10275
10125
10278
10325
10533
10533
10415
10406
10528
10506
10384
10474
10457
10349
10413
10076
10172
10167
9905
9939
10009
10134
10020
9795
9839
10171
9820
9914
10254
10051
10122
10012
10274
10242
10214
10279
10422
10284
10078
10137
10222
10254
10248
10269
10244
10176
10201
10094
10061
10140
9893
10019
9934
9805
9698
9639
9647
9466
9619
9587
9599
9622
9601
9779
9992
9787
9721
9795
9804
9800
9577
9730
9759
9726
9556
9754
9693
9680
9752
9683
9683
9633
9750
9504
9613
9607
9749
9723
9800
9900
9891
9883
9890
9743
9870
9615
9718
9613
9670
9729
9916
9809
9726
9786
9648
9887
9959
9759
9676
9592
9544
9534
9462
9566
9533
9565
9372
9449
9381
9380
9448
9358
9414
9470
9261
9310
9319
9191
9138
9066
9145
9248
9025
8968
8926
8772
8647
8689
8585
8455
8264
8421
8440
8475
8364
8323
8262
8363
8397
8273
8491
8398
8263
8391
8332
8377
8110
8041
8058
8083
8038
7839
7860
7819
7771
7815
7827
7884
7996
7784
7780
7760
7906
7896
7845
7807
7889
7937
7907
7829
7655
7668
7708
7589
7578
7607
7607
7699
7704
7935
8039
7831
7907
7678
7820
7770
7887
8024
7919
8088
7954
8079
8117
8078
8149
7973
8122
8164
8269
8197
8309
8497
8328
8408
8494
8569
8706
8652
8627
8851
8987
8925
9052
9095
8975
9198
9001
9162
9490
9206
9520
9608
9760
9649
9837
9742
9799
9758
9682
9675
9495
9434
9453
9562
9502
9484
9603
9591
9589
9760
9859
9899
10179
10194
10187
10059
10006
9807
9723
9704
9716
9657
9768
9841
10100
9891
10149
9954
9860
9952
10047
10052
9837
9933
9840
9960
9815
10050
9913
10073
10037
9800
9976
9837
9831
10062
9867
9824
10180
10099
9962
10126
10044
10396
10043
10257
10085
10222
10322
10097
10258
10117
10067
10064
10017
10061
10141
10143
9878
9975
9889
9847
9917
9940
9863
9834
9739
9633
9728
9657
9743
9721
9834
9778
9918
9869
9923
9784
10107
10142
10249
10315
10215
10177
10090
10327
10148
10111
10151
10215
10029
10084
10253
10142
10174
10068
9883
9883
9933
9827
9761
9860
9712
9861
9765
9716
9669
9676
9668
9454
9544
9523
9393
9418
9419
9616
9544
9590
9687
9638
9543
9688
9764
9726
9651
9658
9400
9429
9380
9339
9186
8996
9091
9029
9001
8979
9018
8984
8984
8928
8819
8818
8738
8783
8767
8827
8683
8645
8686
8643
8628
8638
8588
8590
8557
8512
8501
8462
8495
8364
8378
8329
8322
8271
8267
8138
8078
8185
8221
8160
8060
8207
8162
8131
8066
8132
8166
8155
8150
8122
8139
8106
8119
8130
8220
8199
8137
8181
8077
8136
8219
8166
8146
8139
8148
8223
8186
8178
8157
8070
8118
8096
8166
8126
8130
8088
8147
8110
8112
8120
8117
8132
8142
8187
8137
8144
8105
8147
8126
8103
8104
8107
8139
8118
8190
8139
8131
8144
8175
8173
8141
8123
8161
8151
8123
8142
8148
8171
8142
8156
8154
8133
8117
8142
8135
