0.0399333 0.126444
0.0393129 0.1247
0.0390276 0.125305
0.0396454 0.130075
0.0389307 0.130105
0.0383878 0.129369
0.0381913 0.127653
0.0383107 0.128554
0.0375572 0.126352
0.0380755 0.127562
0.0385724 0.128094
0.0383631 0.127359
0.0384981 0.127938
0.0385438 0.127913
0.0392647 0.130441
0.038988 0.131396
0.0393503 0.132405
0.0388471 0.131274
0.0398537 0.133833
0.0402863 0.13539
0.0384199 0.129777
0.0392254 0.132676
0.0387363 0.130457
0.038049 0.126036
0.0384464 0.127019
0.0377673 0.12282
0.0378131 0.12082
0.0390903 0.123894
0.0393472 0.124525
0.0393409 0.124095
0.0390077 0.122368
0.0399443 0.126628
0.0398663 0.125225
0.0393326 0.122727
0.0396161 0.125988
0.039514 0.124559
0.0405606 0.127809
0.0416667 0.131263
0.0412029 0.130509
0.0400204 0.126992
0.0415245 0.132175
0.0416193 0.132599
0.041073 0.13084
0.0412362 0.130704
0.0393491 0.125567
0.0408673 0.130459
0.0411007 0.132144
0.0416136 0.133484
0.0399236 0.127793
0.0400541 0.128166
0.038615 0.123881
0.0388547 0.125053
0.038522 0.124603
0.0407985 0.132388
0.0397248 0.12837
0.0399417 0.129835
0.0394912 0.127071
0.0399303 0.128733
0.0390954 0.124277
0.0399176 0.127486
0.0405205 0.129277
0.0400932 0.1292
0.0399817 0.127987
0.0390093 0.125793
0.0393969 0.127259
0.0389757 0.126157
0.0391999 0.126976
0.0387561 0.12486
0.0391602 0.127696
0.0386404 0.127045
0.0397029 0.131199
0.039235 0.129174
0.0388646 0.127492
0.0384065 0.127264
0.0383338 0.126786
0.0376369 0.12509
0.0375638 0.124099
0.0388084 0.129
0.0372137 0.12364
0.0378991 0.126699
0.0381476 0.128652
0.0381002 0.129108
0.0387483 0.131364
0.038646 0.132171
0.037955 0.131215
0.0382387 0.133993
0.0381579 0.132212
0.0380306 0.131285
0.0385916 0.131715
0.0380849 0.129436
0.0378783 0.131123
0.0377387 0.131122
0.036945 0.127841
0.0360025 0.124693
0.0364725 0.125176
0.0373765 0.129986
0.0362303 0.12673
0.0363832 0.128269
0.0367212 0.129658
0.0366943 0.12947
0.036875 0.129661
0.037112 0.130362
0.0373906 0.131077
0.0378262 0.133906
0.0367491 0.130422
0.036982 0.132083
0.0377914 0.135071
0.0391333 0.139028
0.0391253 0.136726
0.0390146 0.137396
0.0385912 0.13518
0.0388303 0.134692
0.0384474 0.133886
0.0393557 0.136863
0.0388667 0.136155
0.0384541 0.133683
0.0382825 0.135535
0.0382083 0.135645
0.0383882 0.135895
0.0384202 0.135447
0.0378281 0.133374
0.0385933 0.136401
0.0382941 0.135756
0.0394938 0.140498
0.0399054 0.14141
0.0397147 0.141484
0.039481 0.14057
0.0399991 0.142476
0.0388325 0.138626
0.039815 0.141337
0.0383199 0.135863
0.0379736 0.133831
0.0385902 0.13665
0.0384855 0.137288
0.0395675 0.141755
0.0390314 0.139734
0.0393935 0.141198
0.0391945 0.139739
0.0390361 0.140049
0.0383702 0.138082
0.0389464 0.139592
0.0391867 0.139846
0.0396401 0.140626
0.0389825 0.138993
0.0387828 0.137474
0.0392245 0.140002
0.0395866 0.140578
0.0388218 0.137781
0.0390741 0.140008
0.0396027 0.142481
0.0392866 0.142039
0.0391006 0.140939
0.0379914 0.136329
0.0388755 0.140379
0.0378255 0.136178
0.0372372 0.13283
0.0378353 0.134368
0.0381176 0.136447
0.0370807 0.132796
0.0384897 0.137321
0.0386673 0.138558
0.0384073 0.137907
0.0381976 0.137293
0.0381784 0.136374
0.038174 0.135742
0.0383373 0.138154
0.0372241 0.132799
0.0378822 0.135746
0.0383876 0.138148
0.0379863 0.136367
0.037863 0.135734
0.0380688 0.137087
0.0380015 0.136144
0.0392428 0.140376
0.0395743 0.141536
0.0389915 0.138558
0.0382945 0.13661
0.0390525 0.140141
0.0384755 0.138814
0.0382392 0.138093
0.038304 0.137963
0.0383678 0.137915
0.0393267 0.141463
0.0404114 0.145748
0.0388464 0.139159
0.0388399 0.138836
0.0402527 0.144999
0.0391283 0.1393
0.039655 0.141101
0.0386288 0.138182
0.0390138 0.140075
0.0391379 0.14041
0.040209 0.144007
0.0397228 0.141281
0.0395481 0.140783
0.0399558 0.144029
0.0393167 0.142019
0.0401193 0.147052
0.0397662 0.144244
0.0404701 0.147336
0.0402498 0.146717
0.0396271 0.144577
0.0403508 0.146498
0.0403708 0.146486
0.0404135 0.145505
0.0409627 0.147611
0.04048 0.147358
0.0411035 0.150191
0.0399 0.145945
0.0399137 0.147011
0.0402386 0.147614
0.0400486 0.145493
0.0404583 0.148416
0.0403684 0.147063
0.040168 0.146594
0.0405228 0.149207
0.0412696 0.151067
0.0400797 0.145519
0.0414137 0.149674
0.0401458 0.145202
0.0408133 0.148496
0.0421189 0.153411
0.040542 0.147718
0.0401895 0.146323
0.0400458 0.146812
0.0411752 0.150605
0.0410243 0.149675
0.0400469 0.144117
0.0407645 0.147522
0.0405906 0.148068
0.0409201 0.149212
0.0406747 0.147438
0.040662 0.147948
0.0401331 0.14683
0.0394641 0.142725
0.0400127 0.145956
0.039163 0.141904
0.0393922 0.142352
0.039784 0.145446
0.038837 0.14152
0.0398417 0.145417
0.0404709 0.148206
0.0413391 0.15272
0.0398072 0.146754
0.0399711 0.147091
0.0403308 0.148004
0.0400383 0.147185
0.0407009 0.150507
0.04105 0.152682
0.0406227 0.149937
0.0405793 0.148332
0.0417115 0.154315
0.041029 0.152061
0.0415296 0.154581
0.0416125 0.152418
0.041421 0.151501
0.0410985 0.150173
0.0413415 0.151903
0.0409085 0.148043
0.0406155 0.148956
0.0410936 0.150472
0.0416217 0.153307
0.0411159 0.151447
0.0397751 0.14605
0.0397538 0.146793
0.0405865 0.15002
0.040649 0.150427
0.0404889 0.148506
0.0396455 0.146345
0.0401594 0.147851
0.0398501 0.147805
0.0396197 0.147379
0.0390982 0.146285
0.0391343 0.148703
0.0391562 0.14973
0.0388667 0.14739
0.0406301 0.157252
0.0378886 0.146057
0.0380791 0.146413
0.0388583 0.152635
0.0379645 0.148615
0.0379507 0.149602
0.0385531 0.152902
0.0386478 0.152971
0.037184 0.148192
0.0376439 0.151431
0.0369758 0.14817
0.0373553 0.151642
0.0368184 0.150414
0.0370807 0.150822
0.037149 0.151827
0.035582 0.147339
0.0371367 0.154729
0.0369496 0.155757
0.0377564 0.160256
0.0368542 0.159054
0.0376928 0.161481
0.0369246 0.159187
0.0362897 0.15769
0.0366446 0.158905
0.0362789 0.157842
0.036534 0.158527
0.0356602 0.155991
0.0361094 0.156077
0.0366486 0.16008
0.0371413 0.164087
0.0375894 0.166636
0.0364398 0.162063
0.0367431 0.164196
0.0375876 0.168457
0.0383974 0.171128
0.0379657 0.168694
0.0370154 0.166949
0.0378198 0.170447
0.0374948 0.170789
0.0382782 0.174597
0.0384983 0.17735
0.0388905 0.180269
0.0382636 0.178304
0.0393244 0.186209
0.0387395 0.181649
0.0378195 0.177012
0.0387637 0.181809
0.0390254 0.184703
0.0390654 0.184244
0.0396414 0.187384
0.0389451 0.185013
0.0383817 0.184211
0.0386247 0.182858
0.0384136 0.184216
0.0389998 0.188249
0.0386092 0.187601
0.039295 0.190226
0.0381857 0.185837
0.0385538 0.188552
0.0380107 0.188266
0.0391275 0.192485
0.0395942 0.193492
0.0387968 0.190715
0.040248 0.19965
0.0403632 0.195223
0.0403355 0.199546
0.0397852 0.199252
0.0409137 0.204735
0.0400453 0.197824
0.0408462 0.203415
0.0397844 0.197572
0.0398902 0.198428
0.0406868 0.199673
0.0408632 0.200945
0.0401122 0.199168
0.0404258 0.200915
0.0404 0.203434
0.0413652 0.210799
0.0406754 0.202247
0.0416762 0.209608
0.0418773 0.209575
0.0418205 0.210388
0.0415314 0.209466
0.0405005 0.205069
0.0410721 0.207144
0.0416405 0.209302
0.0416275 0.209784
0.0408227 0.205373
0.0400892 0.202911
0.0404231 0.205755
0.0408342 0.207839
0.0400782 0.203573
0.0400158 0.204305
0.0390062 0.197686
0.0402301 0.205624
0.0404682 0.208768
0.0403153 0.207045
0.0396468 0.203933
0.0407858 0.210854
0.0410089 0.211357
0.0405343 0.20665
0.0405515 0.209483
0.0400291 0.206589
0.04061 0.209577
0.0407142 0.211967
0.041174 0.212439
0.0406808 0.210754
0.0404413 0.209418
0.040706 0.213685
0.0405248 0.20942
0.0395145 0.206957
0.0404472 0.21289
0.040744 0.215388
0.0403041 0.213691
0.0413038 0.218688
0.0407886 0.213536
0.0406365 0.212458
0.040549 0.21483
0.0411601 0.218429
0.041204 0.219236
0.0421324 0.226982
0.0410465 0.220295
0.0410916 0.221572
0.041599 0.226798
0.0422395 0.230351
0.0419473 0.228876
0.0407427 0.221504
0.0423598 0.233822
0.0412734 0.224346
0.0418813 0.22878
0.0395198 0.217331
0.0414639 0.22665
0.0409935 0.227183
0.0420814 0.234854
0.0418632 0.233283
0.0421358 0.235109
0.0417051 0.22893
0.0408576 0.227283
0.0410747 0.232031
0.0404271 0.225901
0.041247 0.233558
0.0418 0.234617
0.0408907 0.227851
0.0411426 0.230184
0.0400419 0.226058
0.0398697 0.224657
0.0411708 0.232407
0.0414021 0.236205
0.0406772 0.232829
0.0412997 0.238781
0.040646 0.23718
0.0403642 0.23262
0.0414007 0.238857
0.0402754 0.230982
0.0409252 0.237606
0.041249 0.241719
0.040391 0.237971
0.0405759 0.241003
0.0398044 0.236591
0.0411374 0.24428
0.0402504 0.236947
0.0414551 0.250479
0.041422 0.257154
0.0407155 0.249805
0.0416036 0.256505
0.0425184 0.26192
0.0421845 0.260053
0.0425419 0.262048
0.0418177 0.258707
0.0420696 0.261356
0.0419127 0.262225
0.0426808 0.265671
0.0422122 0.26404
0.0422898 0.263397
0.0432233 0.271533
0.0426545 0.268685
0.0428976 0.271838
0.0432669 0.273122
0.0425055 0.269068
0.0425715 0.26784
0.0423732 0.265405
0.0424601 0.265915
0.0420422 0.256562
0.0421972 0.25752
0.0421175 0.260269
0.0421364 0.257694
0.0422947 0.254628
0.0420975 0.250418
0.0425513 0.253841
0.0411861 0.248378
0.0428107 0.262165
0.0434445 0.267739
0.0415982 0.256979
0.0409728 0.256213
0.0408019 0.256704
0.0419147 0.263437
0.0422044 0.262952
0.0405687 0.255659
0.0416739 0.262757
0.0412347 0.259522
0.0422614 0.264447
0.0418208 0.263514
0.0430584 0.268871
0.0431552 0.268801
0.041947 0.25885
0.042787 0.261952
0.0427876 0.26121
0.0417789 0.252561
0.0419781 0.251802
0.0423273 0.254397
0.0420095 0.249223
0.0420606 0.241883
0.0412515 0.239199
0.0417492 0.240955
0.0416814 0.2388
0.0417688 0.244806
0.0414572 0.238125
0.0421426 0.238487
0.0427098 0.242676
0.0424035 0.239303
0.0414242 0.233011
0.0412551 0.2337
0.0411836 0.230969
0.0407814 0.224044
0.040766 0.222713
0.0405097 0.221608
0.0424489 0.233173
0.041585 0.226922
0.043418 0.235378
0.0450717 0.240914
0.0444556 0.238157
0.0434053 0.234353
0.0436482 0.235685
0.0434556 0.235246
0.042707 0.227875
0.0437279 0.232676
0.0431012 0.227665
0.0432493 0.228036
0.0414467 0.215475
0.0414436 0.215347
0.0428697 0.218914
0.0424999 0.217123
0.0417019 0.215785
0.0411007 0.212756
0.0399369 0.205313
0.0403299 0.205032
0.0384301 0.194626
0.0379818 0.191242
0.0385454 0.195767
0.0381935 0.195235
0.0387649 0.195344
0.0399632 0.200462
0.039844 0.203081
0.0400386 0.201612
0.0425384 0.209647
0.0427272 0.208802
0.0423272 0.204472
0.0416103 0.204137
0.0437594 0.21743
0.0429745 0.215135
0.0425037 0.214389
0.04176 0.218142
0.0398904 0.206191
0.040319 0.205448
0.0397134 0.206388
0.0406 0.210751
0.0396218 0.20529
0.0400354 0.207363
0.0393971 0.202091
0.0411453 0.208997
0.0410135 0.21161
0.0395382 0.207518
0.041229 0.214001
0.0396741 0.206156
0.0406173 0.207581
0.0430957 0.219607
0.0422305 0.214219
0.0419333 0.219026
0.0389766 0.2151
0.0390355 0.216156
0.0383445 0.208673
0.039273 0.209968
0.0378213 0.203763
0.0384207 0.208629
0.037882 0.202286
0.0395835 0.212203
0.0389432 0.211335
0.039267 0.218968
0.0382778 0.206349
0.0384214 0.209813
0.0383857 0.208279
0.0391924 0.213454
0.0382691 0.211559
0.0376094 0.205974
0.038625 0.210097
0.0376423 0.202577
0.0378165 0.205465
0.0381917 0.204568
0.0386736 0.209516
0.0386317 0.204095
0.0386913 0.205385
0.0379858 0.199032
0.0378866 0.198896
0.0381156 0.199781
0.0377545 0.197061
0.0364527 0.190988
0.0365616 0.187904
0.0360641 0.18624
0.0363267 0.186605
0.0359439 0.182916
0.0350669 0.178776
0.034953 0.178202
0.0355772 0.182072
0.0356056 0.179016
0.0352444 0.176955
0.0358121 0.184742
0.0356549 0.181409
0.0358457 0.179119
0.0358922 0.176221
0.0357375 0.175087
0.0357631 0.17736
0.0350851 0.175378
0.0367779 0.180857
0.037168 0.181968
0.0368351 0.180715
0.0358401 0.176988
0.036639 0.180481
0.0366498 0.180499
0.0369278 0.178619
0.0366924 0.177957
0.0357652 0.174051
0.0356014 0.178227
0.036193 0.178627
0.0355622 0.17266
0.0353206 0.172882
0.0356574 0.172915
0.0366326 0.175115
0.0360793 0.173391
0.0349243 0.163388
0.0359205 0.169038
0.0368492 0.171637
0.03708 0.1758
0.035354 0.16756
0.0364074 0.169635
0.0363297 0.168796
0.036399 0.169086
0.037131 0.171918
0.0364427 0.169878
0.0374038 0.172871
0.0372773 0.172726
0.0386153 0.181782
0.0389547 0.184058
0.0388946 0.185361
0.0395886 0.189774
0.0387074 0.18629
0.0392894 0.18845
0.0378969 0.186542
0.0390226 0.191745
0.0382368 0.187073
0.0382771 0.189619
0.0383401 0.188929
0.0375297 0.187295
0.0377159 0.186669
0.037941 0.187657
0.0377862 0.188584
0.037899 0.190924
0.0381817 0.18862
0.0384493 0.185612
0.0381298 0.186979
0.0368813 0.182095
0.0375672 0.187295
0.0374865 0.186825
0.037755 0.185674
0.0380926 0.185807
0.0376772 0.187237
0.0379156 0.185893
0.0373963 0.18515
0.0386289 0.192593
0.0377371 0.186366
0.0388497 0.188995
0.0391101 0.187621
0.0399143 0.197397
0.0392982 0.191721
0.0392446 0.189605
0.0394748 0.191915
0.0402038 0.194513
0.039545 0.192308
0.0388715 0.19165
0.0387334 0.191722
0.0390403 0.192567
0.0393109 0.191208
0.0399898 0.193918
0.0399072 0.197867
0.0401954 0.194565
0.0398008 0.192684
0.0398508 0.194004
0.0402469 0.191711
0.0411354 0.194046
0.0404345 0.192468
0.0406688 0.193253
0.0405709 0.192518
0.0409312 0.194805
0.0407061 0.194076
0.0404864 0.189796
0.040871 0.194259
0.0398961 0.191088
0.0402562 0.191382
0.0406275 0.190581
0.0399702 0.186618
0.0394552 0.184473
0.0385496 0.179548
0.0388194 0.178877
0.0393081 0.182765
0.0387323 0.179172
0.0386242 0.178667
0.0392236 0.181094
0.0402249 0.186892
0.0418037 0.190369
0.0406388 0.186849
0.0412263 0.191152
0.0420776 0.194348
0.0425983 0.195999
0.0431761 0.200918
0.0417999 0.192519
0.0414242 0.19175
0.0419468 0.193063
0.0418784 0.194679
0.0418779 0.19266
0.0416096 0.194076
0.040892 0.1918
0.0410751 0.194697
0.0399889 0.18433
0.039819 0.181818
0.0393709 0.1828
0.0400367 0.183849
0.0399478 0.183913
0.0393696 0.180203
0.0395763 0.18267
0.0411059 0.188057
0.0395886 0.183945
0.0396574 0.183517
0.0394122 0.18123
0.0400523 0.184128
0.0392244 0.182565
0.0394773 0.183821
0.0389081 0.182336
0.0397222 0.183939
0.0396188 0.181301
0.0398343 0.185211
0.0403819 0.189467
0.0411584 0.194825
0.0404701 0.19205
0.0408063 0.192381
0.04049 0.1894
0.0400273 0.188163
0.0403414 0.18894
0.0401546 0.1878
0.0393092 0.184835
0.0397021 0.18619
0.0396605 0.186
0.0394112 0.185519
0.0396078 0.185902
0.0396849 0.184224
0.0401973 0.188002
0.039681 0.183911
0.0404248 0.188691
0.0409871 0.190193
0.0418962 0.190208
0.0417175 0.19271
0.0414741 0.187827
0.0413601 0.189465
0.0411977 0.191055
0.0389365 0.175104
0.0401086 0.18349
0.0395253 0.18321
0.0400753 0.185317
0.0406299 0.184853
0.0406765 0.179499
0.0390575 0.17908
0.0400309 0.184437
0.0387338 0.179701
0.0394519 0.180505
0.0405962 0.187309
0.0400395 0.183537
0.0405237 0.183194
0.0409043 0.187291
0.0401917 0.180781
0.0404577 0.184231
0.0405047 0.181625
0.0399242 0.181214
0.0397859 0.178912
0.0388732 0.174158
0.0393499 0.176312
0.0395264 0.177821
0.04039 0.18195
0.0400257 0.175178
0.0401747 0.177252
0.0420226 0.190073
0.0410823 0.188049
0.0415921 0.187585
0.0418275 0.188862
0.0417576 0.185227
0.0428034 0.190069
0.0440613 0.196543
0.0416334 0.185566
0.0412615 0.182561
0.0409491 0.181515
0.0412152 0.184611
0.0395551 0.175864
0.0398948 0.176915
0.0399 0.178858
0.039555 0.178239
0.0402458 0.187177
0.0399387 0.184526
0.0391533 0.180486
0.0395355 0.186976
0.0395494 0.185431
0.0379128 0.17814
0.0383755 0.177719
0.0386628 0.180639
0.038335 0.183257
0.0392669 0.186401
0.0390121 0.17953
0.0385413 0.183605
0.0383276 0.180956
0.0373509 0.170665
0.0393267 0.182469
0.0395455 0.181881
0.0392472 0.182881
0.0390432 0.177146
0.0391584 0.17809
0.0385366 0.175837
0.0384012 0.17385
0.0384673 0.172424
0.038675 0.175515
0.0377834 0.17563
0.0378107 0.174805
0.0357984 0.163471
0.0375717 0.170568
0.0376174 0.171936
0.0379012 0.173045
0.037381 0.172101
0.0363167 0.168829
0.0366274 0.168807
0.0359868 0.168219
0.0364063 0.169566
0.0346087 0.16075
0.0339233 0.160416
0.0348468 0.16339
0.0346664 0.163781
0.035375 0.169403
0.0352717 0.171685
0.034723 0.169623
0.0353396 0.171452
0.0352623 0.173674
0.0340561 0.165402
0.0347069 0.169292
0.034666 0.169914
0.035363 0.172625
0.0355785 0.174461
0.034885 0.167297
0.0343059 0.16203
0.0342857 0.164913
0.0348629 0.167884
0.0354501 0.16927
0.0348107 0.167279
0.0361341 0.173469
0.0359975 0.176778
0.0365934 0.176465
0.0358065 0.174813
0.0358041 0.174275
0.0357612 0.176643
0.0347322 0.167829
0.0355523 0.173011
0.0365668 0.178202
0.0360126 0.174631
0.0351432 0.171125
0.034063 0.165858
0.0344035 0.167757
0.0348867 0.169231
0.0358577 0.176662
0.0356521 0.174555
0.0361638 0.174977
0.0353472 0.170376
0.0362705 0.174843
0.0365775 0.17449
0.0356639 0.168586
0.0354946 0.168032
0.0358977 0.170495
0.035985 0.17088
0.0359143 0.172431
0.0367253 0.174164
0.0370054 0.180031
0.0368571 0.17802
0.0379828 0.183814
0.036725 0.177146
0.0370838 0.178127
0.0368254 0.173558
0.0352024 0.168009
0.0361754 0.174584
0.0357532 0.170959
0.0350982 0.170605
0.033758 0.161323
0.0328403 0.154935
0.0337629 0.163234
0.0334169 0.162567
0.0338793 0.166701
0.0341626 0.168483
0.033884 0.16803
0.0344652 0.171845
0.0336673 0.165796
0.0335949 0.16616
0.0337119 0.167904
0.0317933 0.160585
0.0323699 0.162028
0.0322799 0.162776
0.0328956 0.166098
0.0319323 0.158975
0.03326 0.168091
0.0323904 0.161887
0.0330921 0.164625
0.033414 0.16996
0.0325726 0.165414
0.0322635 0.163751
0.0309853 0.159613
0.0312282 0.161852
0.0325824 0.169093
0.0326207 0.168179
0.0319068 0.162846
0.0325051 0.169307
0.0327712 0.17161
0.0332801 0.174994
0.0322909 0.173507
0.0323344 0.175437
0.0320646 0.174128
0.0311796 0.170996
0.0298773 0.166529
0.0299438 0.170862
0.0276909 0.155563
0.0288087 0.161967
0.0287595 0.161888
0.0288764 0.163678
0.0285118 0.162562
0.0281309 0.162309
0.0288149 0.164176
0.029213 0.16625
0.0296093 0.170555
0.0289548 0.164174
0.0290139 0.164206
0.0287261 0.167615
0.028157 0.161244
0.0275984 0.159506
0.0269233 0.153277
0.0269465 0.158446
0.0269 0.160801
0.0257796 0.152767
0.0249697 0.147965
0.0256726 0.152899
0.0271712 0.166348
0.0265021 0.16145
0.0259339 0.158844
0.0260373 0.160211
0.0261896 0.160717
0.0253041 0.155743
0.0255511 0.156139
0.0243923 0.146948
0.0256129 0.158916
0.0253512 0.156812
0.0255797 0.158376
0.0260037 0.158108
0.0265577 0.162107
0.0254988 0.157043
0.0250264 0.154605
0.0246891 0.15097
0.0253622 0.15371
0.0259536 0.158341
0.024733 0.152638
0.0242741 0.152449
0.0243048 0.15193
0.0238001 0.148028
0.0244763 0.154566
0.0250898 0.158617
0.025649 0.161693
0.0257185 0.162219
0.0261877 0.162878
0.027061 0.167705
0.0266975 0.161689
0.027459 0.164324
0.0277115 0.170604
0.0282264 0.173517
0.0272272 0.169966
0.0272288 0.167903
0.0269142 0.165122
0.0272803 0.166096
0.027063 0.159771
0.0266317 0.1605
0.026897 0.159619
0.0275806 0.165577
0.0276591 0.164253
0.0284389 0.167673
0.0285928 0.169968
0.0287307 0.169469
0.0295927 0.177976
0.0286537 0.16917
0.0284767 0.166218
0.0293006 0.16967
0.0287468 0.167988
0.0296295 0.171501
0.0296416 0.166529
0.0289509 0.164385
0.0287679 0.16068
0.0300789 0.166588
0.0300134 0.165247
0.0301032 0.163106
0.0294136 0.160656
0.028858 0.157413
0.0288036 0.153768
0.0289109 0.15133
0.0304433 0.160672
0.0300721 0.156098
0.0308928 0.158988
0.0318603 0.165237
0.0337006 0.170907
0.0337755 0.175092
0.0341501 0.17387
0.0347694 0.171865
0.0336896 0.171193
0.0349338 0.171954
0.0363858 0.17704
0.0366949 0.17582
0.035777 0.173282
0.0367473 0.174748
0.0363279 0.174502
0.0371297 0.177263
0.0364749 0.175343
0.0351701 0.170213
0.0358647 0.173437
0.0362517 0.179147
0.0351211 0.174157
0.0363574 0.179414
0.0350636 0.17329
0.03481 0.172174
0.0345752 0.173977
0.0342621 0.167239
0.0353023 0.1736
0.0357317 0.175305
0.0356019 0.171516
0.0358077 0.170707
0.0374084 0.177493
0.0371668 0.171923
0.0358107 0.165195
0.0360416 0.166389
0.0355447 0.165225
0.0356357 0.1667
0.0348218 0.165392
0.0347247 0.166924
0.0341309 0.165087
0.0354824 0.170955
0.0370949 0.179352
0.0366874 0.175061
0.0363702 0.173458
0.0366914 0.169703
0.0374154 0.176625
0.0376343 0.172923
0.0379706 0.177215
0.0382599 0.179817
0.0375192 0.176346
0.0373206 0.174181
0.0371923 0.173
0.0377898 0.180136
0.0369687 0.175476
0.0371789 0.176626
0.037299 0.176305
0.0368328 0.176974
0.0360686 0.168557
0.0371784 0.17583
0.0356208 0.166088
0.0361816 0.169971
0.0366912 0.175612
0.0354172 0.167702
0.0353626 0.168649
0.0356396 0.169973
0.0350511 0.163387
0.0354282 0.168542
0.0351556 0.167447
0.0367994 0.170138
0.0372275 0.172789
0.037225 0.175969
0.0371758 0.171539
0.0376606 0.175727
0.0367814 0.166603
0.0377551 0.17684
0.0374088 0.171883
0.0372679 0.173723
0.0380389 0.173743
0.0377784 0.171866
0.0394567 0.181539
0.0393351 0.181322
0.039665 0.184936
0.0403907 0.188537
0.0397231 0.184718
0.0397838 0.183688
0.0398088 0.183779
0.0396553 0.183315
0.040195 0.18535
0.0405972 0.192144
0.0402469 0.187569
0.0404409 0.190717
0.041961 0.198436
0.0409221 0.192599
0.0411971 0.191247
0.0418079 0.197607
0.0411389 0.194529
0.0408159 0.195195
0.0408599 0.198484
0.0406604 0.194696
0.0406854 0.196956
0.0405693 0.193985
0.0398009 0.191647
0.0391607 0.185987
0.0395845 0.189814
0.0405241 0.19147
0.0395601 0.18624
0.0398175 0.18825
0.0415076 0.196648
0.0395869 0.182052
0.0405904 0.186551
0.0423916 0.191141
0.0439558 0.197479
0.0418593 0.189721
0.0410991 0.187383
0.0389297 0.179088
0.038896 0.177399
0.039633 0.180035
0.0403026 0.183859
0.039854 0.180672
0.0393334 0.178365
0.0384249 0.177186
0.0384682 0.177013
0.0387422 0.175558
0.0386292 0.176494
0.0375953 0.172105
0.0379662 0.175407
0.0391 0.18375
0.0375676 0.176465
0.03739 0.175375
0.0377183 0.177572
0.0374641 0.177748
0.0373291 0.175254
0.0369385 0.175865
0.0368904 0.17483
0.0364497 0.173477
0.035745 0.171367
0.0376579 0.180991
0.0370664 0.178793
0.0361276 0.172424
0.0381016 0.187328
0.0376735 0.182837
0.0389296 0.189121
0.0378603 0.186948
0.0387629 0.190699
0.0389922 0.191422
0.0383066 0.1849
0.0389987 0.189019
0.038285 0.185297
0.0382743 0.183442
0.0380042 0.182714
0.0376913 0.180656
0.0372141 0.178365
0.0363317 0.173494
0.0366709 0.174686
0.0368399 0.178531
0.0370053 0.178815
0.0365647 0.181489
0.0370996 0.184113
0.0360393 0.179851
0.0356052 0.178499
0.0348313 0.177444
0.0339436 0.176634
0.0331002 0.171268
0.032715 0.170119
0.0317111 0.164982
0.0306623 0.160151
0.0312977 0.163562
0.0307936 0.1624
0.0304069 0.159951
0.031204 0.163866
0.0308358 0.164871
0.0310447 0.16557
0.0309329 0.166743
0.0313631 0.168735
0.0311151 0.166876
0.0305031 0.163816
0.0301722 0.164229
0.0297774 0.162637
0.0293793 0.159107
0.0284442 0.155154
0.0283395 0.155772
0.0287518 0.157097
0.0281774 0.1551
0.0280372 0.154133
0.0286199 0.157882
0.0280851 0.15625
0.0285939 0.158452
0.0281406 0.156819
0.0284164 0.159035
0.0277866 0.156863
0.0273909 0.155646
0.0279609 0.158843
0.0280065 0.159817
0.0276787 0.158627
0.0272511 0.156647
0.0281263 0.165274
0.0285654 0.16774
0.0279694 0.162492
0.0286316 0.165308
0.0288544 0.16924
0.0283003 0.167246
0.0289615 0.168027
0.0282734 0.165033
0.0285696 0.167015
0.0284751 0.167493
0.0289424 0.168839
0.0287564 0.167034
0.0286203 0.168118
0.0286176 0.167362
0.0275366 0.16166
0.0283673 0.166359
0.0285421 0.1679
0.027708 0.163074
0.0275285 0.161501
0.0283709 0.16472
0.026958 0.15697
0.0271795 0.159272
0.0286273 0.168072
0.0276517 0.162932
0.0282077 0.165315
0.028526 0.166079
0.0281731 0.165565
0.0283829 0.16683
0.0281961 0.165868
0.0286084 0.168385
0.0286275 0.166727
0.0278306 0.162839
0.0282196 0.165322
0.0285907 0.166605
0.0283188 0.166667
0.0285066 0.167159
0.0288207 0.169343
0.0285877 0.166177
0.0282446 0.165887
0.0279481 0.163715
0.0276662 0.163452
0.0275293 0.161655
0.0274673 0.161529
0.0277982 0.163215
0.0271372 0.159113
0.0276721 0.162129
0.0276701 0.163305
0.0278997 0.163228
0.0272514 0.159155
0.0277644 0.162468
0.0274128 0.160363
0.0267936 0.158051
0.0274395 0.160673
0.0279679 0.163918
0.0266269 0.157596
0.027303 0.160044
0.0268895 0.158382
0.0274406 0.159725
0.0268578 0.158537
0.0267722 0.155678
0.026665 0.156285
0.0262608 0.154471
0.026947 0.158644
0.0266586 0.156453
0.0270512 0.15906
0.0267467 0.157106
0.0259822 0.152653
0.027192 0.158804
0.0262398 0.15495
0.0270157 0.158808
0.0262595 0.153771
0.0264525 0.155621
0.0271256 0.158365
0.0263743 0.155859
0.0271363 0.158779
0.0270208 0.157959
0.0260223 0.153203
0.0270866 0.159049
0.0265769 0.155613
0.0265364 0.155624
