44950
43548
43482
44444
45337
45900
45822
46149
46356
45935
46147
46086
46236
46285
46021
46168
46175
46387
46194
45971
46226
46322
46055
45967
45622
44933
44720
44410
44120
44000
43658
43811
43671
43755
43871
43782
43885
44328
44560
45202
45419
45700
45480
45494
45719
45611
45790
45514
45562
45863
45863
45683
45818
45786
45790
45967
45833
45880
45632
46095
45878
45943
45821
46271
46298
46157
46097
45954
45965
46014
46042
45648
45903
46112
46069
46125
45842
46021
46112
46228
46058
46299
46144
46085
46239
46419
46360
46410
46124
46160
46359
46398
46285
46469
46254
46473
46508
46505
46431
46574
46400
46427
46295
46555
46559
46455
46492
46661
46415
46521
46280
46304
46245
46499
46518
46393
46627
46482
46707
46486
46632
46692
46639
46539
46510
46683
46478
46751
46765
46691
46712
46743
46618
46485
46427
46501
46302
46231
46726
46729
46885
46725
46569
46662
46567
46782
46733
46546
46527
46411
46708
46700
46879
46636
46741
46808
46676
46750
46628
46402
46913
46840
46783
46597
46550
46743
46717
46935
46838
46780
46589
46810
46735
46964
46798
46882
46743
46988
46913
46889
46888
46758
46813
46868
46774
46859
46854
46897
46602
46675
47009
46911
46706
46749
46829
47027
46774
46935
46698
46800
47081
46660
46864
47138
46816
46994
46912
46833
47218
47252
47268
46868
47135
47017
47152
47134
47008
47156
47110
46929
46921
46986
47013
47276
47146
47140
47094
46945
46879
47203
47214
47253
47071
47492
46878
47085
47264
46989
47406
47120
47262
47145
47195
47303
47059
47160
46955
47370
47430
47215
47019
47373
47113
47123
46957
47150
47593
47410
47154
47248
47331
47283
47354
47316
47442
47331
47209
47124
47168
47187
47227
47123
47240
47452
47451
47084
47551
47323
47270
47403
47202
47509
47493
47299
47386
47790
47193
47597
47422
47491
47323
47777
47581
47849
47674
47810
47781
47746
47920
48138
47824
47709
47532
47550
47860
47952
47540
47503
47628
47968
47946
47859
47926
47885
48060
47834
48080
47878
47983
48138
47884
47806
47854
48020
47894
48182
48119
48148
47612
48186
48308
48201
47945
48107
47933
48118
48048
47911
48071
48226
47791
47923
48234
47979
47671
47838
47858
48107
48050
47867
47766
47816
47797
48229
47793
48157
47878
47943
48060
47950
47867
47766
47901
47939
47993
48116
48048
48056
48156
47736
47800
48013
47823
48125
48105
48014
47836
47939
48090
48067
47944
47700
47885
47946
48101
47946
48033
47939
47958
48407
48107
47881
48011
48016
48032
47908
48039
47970
47893
48054
48154
48108
47935
47852
47779
47945
47976
47873
47910
47717
47918
47964
47740
47996
47864
47765
47955
47799
47737
47785
47750
47580
47728
47872
47668
47797
47680
47666
47632
47647
47428
47589
47263
47368
47432
47232
47130
47256
47511
47181
46919
47156
46913
47036
46894
46637
46573
46672
46669
46607
46387
46607
46646
46479
46394
46463
46350
46632
46263
46259
46489
46302
46507
46226
46203
46472
46437
46381
46252
46299
46689
46189
46180
46489
46336
46102
46236
46508
46077
46298
46368
46229
46018
46028
45762
45786
45823
45696
45768
45462
45272
45704
45348
45346
45774
45633
45360
45352
45455
45560
45798
45520
45702
45930
45419
45594
45686
45893
45546
45955
45941
46149
46472
46151
46228
46521
46653
46306
46089
45936
46248
46070
46552
46338
46309
46343
45892
45642
45653
45606
44548
44749
44723
45061
45156
45050
45149
45091
45249
44892
45073
45000
45051
45160
44648
44039
44083
44261
44265
44059
43282
43299
43523
43760
45027
44831
44674
44840
45239
45184
45325
45423
45194
45509
45849
45964
46137
46310
46774
47302
47301
47606
47519
47602
47707
47474
47711
47623
47563
47802
47597
47788
47673
47887
47706
47602
47994
47807
47671
47633
47582
47470
47511
47286
47364
47709
47535
47627
47882
47514
47319
47684
47545
47531
47146
47394
47672
47779
47523
47663
47904
47732
47717
47645
47560
47967
47328
47411
47774
47353
47647
47364
47319
47170
47054
47026
47028
47183
47076
47160
47252
47341
47550
47024
47232
47339
47183
47216
47301
47284
47213
47178
47143
46971
47076
47097
47089
47057
47305
46807
47270
46920
47010
47115
47089
46770
46970
47126
47025
46758
47144
46911
47035
47001
47117
46849
47137
47037
46959
46672
46984
46925
46662
46748
46767
46768
46807
46908
46676
46954
47026
46972
46999
46914
46960
46914
47186
46858
46886
46731
46577
46936
46787
46527
46778
46742
46747
46692
46623
46914
46905
46845
46826
46755
46768
46904
46841
46713
46862
46862
46857
46761
46889
46821
46733
47059
47053
46889
46689
47037
46913
46854
46649
46695
46844
46506
46649
46800
46782
46777
46943
46751
46844
47190
47000
46898
46941
46809
46844
46620
46899
46803
46844
46830
46767
46728
46615
46556
46640
46773
46932
46737
46739
46710
46726
46539
46626
46563
46827
46554
46590
46621
46527
46320
46365
46438
46700
46150
46455
46450
46769
46620
46472
46475
46346
46355
46620
46722
46772
46458
46381
46581
46570
46512
46568
46372
46391
46922
46862
46997
46867
46844
46600
47029
46931
46815
46824
46706
46806
46781
46807
46853
46635
46554
46653
46615
46580
46605
46535
46715
46671
46846
46865
46678
46551
46840
46885
47163
47306
47014
47184
46860
47098
46782
46977
46933
46954
47205
47087
46803
46622
46717
46763
47049
46970
47079
46897
47193
47075
46812
46770
47112
47047
47031
46921
47645
47341
47202
47132
47170
47174
47289
47150
47148
46972
47296
46824
47066
46483
46991
46870
46750
46798
46824
46939
46964
46778
46807
46777
46938
46521
46644
46732
46734
46815
46938
46793
46897
47248
46985
47182
47072
47197
47069
47279
47178
47108
47150
47639
47337
47297
47305
47362
47037
47294
47051
47111
47106
47279
47298
47345
47361
47050
47148
47200
47008
46962
46935
47134
46916
47186
47082
47126
47155
47308
47451
47706
47409
47454
47670
47649
47787
47654
48144
47529
48214
48052
48155
47691
47687
48067
47751
47898
47872
47992
47883
47891
47816
47958
48174
48178
48171
48296
48124
48046
48070
48197
48316
48229
48240
48103
48240
48316
48076
47933
47941
47924
47908
47955
47981
47885
47744
48057
48108
48211
48607
47930
48221
47670
48020
47371
47725
47998
47751
47977
47857
48019
48067
47951
47952
47653
47883
47901
48094
47737
47287
46962
47043
47179
47171
47257
47058
47251
47041
47104
46987
46807
46547
46646
46661
46647
46909
46780
46860
46749
46764
46734
46779
46796
46782
46909
46858
46787
46922
46781
46648
47257
46998
47722
46874
47164
47045
47020
47001
46968
47085
47025
47029
46758
46807
46580
46739
46937
46812
46691
46610
46934
46714
46692
46633
46457
46341
46776
46891
46757
46891
47148
46747
47079
47159
46966
46882
46967
47151
46905
47237
46914
46886
46903
46940
46792
47066
46874
47092
46724
46866
47089
47040
47128
47011
46689
46958
46456
47286
47170
46991
46799
46250
46447
46879
46772
46752
46488
46636
46567
46674
46144
46618
46501
46575
46794
46581
46749
46587
46808
46705
46887
46861
46461
46914
46353
46480
46612
46212
46342
46298
46400
46417
47100
46098
46126
46018
46322
46246
46402
46461
46338
46575
46515
46445
46423
46590
46264
46311
46291
46239
46733
46475
46580
46471
46673
46142
46481
46319
46263
46381
46333
46240
46415
46258
46415
46428
46337
45740
46434
46626
46331
46770
46669
46657
46793
46810
46819
46797
46813
47039
46951
46829
46898
47128
47380
47259
46885
47153
47029
47102
47253
47019
47405
47262
47217
47040
47145
47425
47197
47272
47223
47205
47356
47108
47156
47543
47217
47607
47316
47489
47401
47521
47820
47435
47552
47465
47861
47632
47615
47642
47533
47445
47439
47433
47903
47663
47682
47731
47684
47784
47696
47725
47741
47683
48031
47592
47682
47851
47989
47881
47879
47958
47891
47897
47910
47533
47495
47603
47570
47468
47726
47624
47784
47840
47693
47629
47610
47557
47994
47635
47814
47615
47642
47810
47705
47626
47959
47504
47751
47375
47919
47624
47703
47828
47946
47977
48057
47819
47725
47661
48133
47750
47678
47935
47704
48115
47722
47667
47882
47662
47673
47708
